fips,1967,1968,1969,1970,1971,1972,1973,1974,1975,1976,1977,1978,1979,1980,1981,1982,1983,1984,1985,1986,1987,1988,1989,1990,1991,1992,1993,1994,1995,1996,1997,1998,1999,2000,2001,2002,2003,2004,2005,2006,2007,2008,2009,2010,2011,2012,2013,2014,2015,2016,2017,2018,2019,2020,2021,2022,2023
01,0.000687707799275565,0.0006784144506367059,0.000687707799275565,0.0007155878451921419,0.0007620545883864368,0.0008178146802195908,0.0008735747720527446,0.0009943883043579116,0.0012546020662459632,0.0015241091767728735,0.0018958431223272331,0.002072416746465554,0.002537084178408503,0.003150445188573196,0.0037173394555435942,0.004479394043930031,0.005194981889122173,0.005157808494566737,0.005111341751372442,0.004721021108540365,0.0044329273007357355,0.00430282041979171,0.004405047254819159,0.0044886873925688905,0.004470100695291171,0.004535154135763185,0.0048511279894843905,0.005055581659539289,0.004693141062623788,0.005018408264983853,0.0053901422105382115,0.005092755054094724,0.004953354824511839,0.006124316753008071,0.007834292902558125,0.006161490147563507,0.007806412856641548,0.008763627766444022,0.01053865735646609,0.011152018366630783,0.01053865735646609,0.01136576538532454,0.00934910873069214,0.00880080116099946,0.008280373637223356,0.007527612397475778,0.00750902570019806,0.008271080288584497,0.007351038773337457,0.006765557809089342,0.00732315872742088,0.00723951858967115,0.0070722383141716885,0.0069514247818665215,0.008168853453557048,0.010520070659188372,0.010148336713634012
01001,0.0005204275237761033,0.0005204275237761033,0.0005111341751372442,0.0005576009183315391,0.0006133610101646931,0.0006784144506367059,0.000687707799275565,0.0008178146802195908,0.0009943883043579116,0.0014869357822174377,0.0017006828009111944,0.0019423098655215278,0.002583550921602798,0.003141151839934337,0.0037823928960156075,0.004479394043930031,0.00503699496226157,0.005055581659539289,0.005083461705455865,0.005018408264983853,0.005092755054094724,0.004906888081317545,0.004795367897651236,0.005046288310900429,0.005334382118705058,0.00530650207278848,0.005752582807453712,0.005929156431592033,0.0053901422105382115,0.005752582807453712,0.006486757349923572,0.006180076844841226,0.006207956890757802,0.00714658510328256,0.009665082584413346,0.008326840380417653,0.009367695427969858,0.010139043364995153,0.012685420892042516,0.014711370895313774,0.013995783050121632,0.0144790371793423,0.013884262866455324,0.012397327084237887,0.011486578917629706,0.011672445890406887,0.011477285568990846,0.011133431669353065,0.010389963778244346,0.009906709649023678,0.011189191761186218,0.011049791531603334,0.011031204834325615,0.011086964926158769,0.01117989841254736,0.012564607359737348,0.014190943371537671
01003,0.0005204275237761033,0.0005204275237761033,0.0005111341751372442,0.0005576009183315391,0.0006133610101646931,0.0006784144506367059,0.000687707799275565,0.0008178146802195908,0.0009943883043579116,0.0014869357822174377,0.0017006828009111944,0.0019423098655215278,0.002583550921602798,0.003141151839934337,0.0037823928960156075,0.004479394043930031,0.00503699496226157,0.005055581659539289,0.005083461705455865,0.005018408264983853,0.005092755054094724,0.004906888081317545,0.004795367897651236,0.005046288310900429,0.005334382118705058,0.00530650207278848,0.005752582807453712,0.005929156431592033,0.0053901422105382115,0.005752582807453712,0.006486757349923572,0.006180076844841226,0.006207956890757802,0.00714658510328256,0.009665082584413346,0.008326840380417653,0.009367695427969858,0.010139043364995153,0.012685420892042516,0.014711370895313774,0.013995783050121632,0.0144790371793423,0.013884262866455324,0.012397327084237887,0.011486578917629706,0.011672445890406887,0.011477285568990846,0.011133431669353065,0.010389963778244346,0.009906709649023678,0.011189191761186218,0.011049791531603334,0.011031204834325615,0.011086964926158769,0.01117989841254736,0.012564607359737348,0.014190943371537671
01005,0.0005204275237761033,0.0005204275237761033,0.0005111341751372442,0.0005576009183315391,0.0006133610101646931,0.0006784144506367059,0.000687707799275565,0.0008178146802195908,0.0009943883043579116,0.0014869357822174377,0.0017006828009111944,0.0019423098655215278,0.002583550921602798,0.003141151839934337,0.0037823928960156075,0.004479394043930031,0.00503699496226157,0.005055581659539289,0.005083461705455865,0.005018408264983853,0.005092755054094724,0.004906888081317545,0.004795367897651236,0.005046288310900429,0.005334382118705058,0.00530650207278848,0.005752582807453712,0.005929156431592033,0.0053901422105382115,0.005752582807453712,0.006486757349923572,0.006180076844841226,0.006207956890757802,0.00714658510328256,0.009665082584413346,0.008326840380417653,0.009367695427969858,0.010139043364995153,0.012685420892042516,0.014711370895313774,0.013995783050121632,0.0144790371793423,0.013884262866455324,0.012397327084237887,0.011486578917629706,0.011672445890406887,0.011477285568990846,0.011133431669353065,0.010389963778244346,0.009906709649023678,0.011189191761186218,0.011049791531603334,0.011031204834325615,0.011086964926158769,0.01117989841254736,0.012564607359737348,0.014190943371537671
01007,0.0005204275237761033,0.0005204275237761033,0.0005111341751372442,0.0005576009183315391,0.0006133610101646931,0.0006784144506367059,0.000687707799275565,0.0008178146802195908,0.0009943883043579116,0.0014869357822174377,0.0017006828009111944,0.0019423098655215278,0.002583550921602798,0.003141151839934337,0.0037823928960156075,0.004479394043930031,0.00503699496226157,0.005055581659539289,0.005083461705455865,0.005018408264983853,0.005092755054094724,0.004906888081317545,0.004795367897651236,0.005046288310900429,0.005334382118705058,0.00530650207278848,0.005752582807453712,0.005929156431592033,0.0053901422105382115,0.005752582807453712,0.006486757349923572,0.006180076844841226,0.006207956890757802,0.00714658510328256,0.009665082584413346,0.008326840380417653,0.009367695427969858,0.010139043364995153,0.012685420892042516,0.014711370895313774,0.013995783050121632,0.0144790371793423,0.013884262866455324,0.012397327084237887,0.011486578917629706,0.011672445890406887,0.011477285568990846,0.011133431669353065,0.010389963778244346,0.009906709649023678,0.011189191761186218,0.011049791531603334,0.011031204834325615,0.011086964926158769,0.01117989841254736,0.012564607359737348,0.014190943371537671
01009,0.0005204275237761033,0.0005204275237761033,0.0005111341751372442,0.0005576009183315391,0.0006133610101646931,0.0006784144506367059,0.000687707799275565,0.0008178146802195908,0.0009943883043579116,0.0014869357822174377,0.0017006828009111944,0.0019423098655215278,0.002583550921602798,0.003141151839934337,0.0037823928960156075,0.004479394043930031,0.00503699496226157,0.005055581659539289,0.005083461705455865,0.005018408264983853,0.005092755054094724,0.004906888081317545,0.004795367897651236,0.005046288310900429,0.005334382118705058,0.00530650207278848,0.005752582807453712,0.005929156431592033,0.0053901422105382115,0.005752582807453712,0.006486757349923572,0.006180076844841226,0.006207956890757802,0.00714658510328256,0.009665082584413346,0.008326840380417653,0.009367695427969858,0.010139043364995153,0.012685420892042516,0.014711370895313774,0.013995783050121632,0.0144790371793423,0.013884262866455324,0.012397327084237887,0.011486578917629706,0.011672445890406887,0.011477285568990846,0.011133431669353065,0.010389963778244346,0.009906709649023678,0.011189191761186218,0.011049791531603334,0.011031204834325615,0.011086964926158769,0.01117989841254736,0.012564607359737348,0.014190943371537671
01011,0.0005204275237761033,0.0005204275237761033,0.0005111341751372442,0.0005576009183315391,0.0006133610101646931,0.0006784144506367059,0.000687707799275565,0.0008178146802195908,0.0009943883043579116,0.0014869357822174377,0.0017006828009111944,0.0019423098655215278,0.002583550921602798,0.003141151839934337,0.0037823928960156075,0.004479394043930031,0.00503699496226157,0.005055581659539289,0.005083461705455865,0.005018408264983853,0.005092755054094724,0.004906888081317545,0.004795367897651236,0.005046288310900429,0.005334382118705058,0.00530650207278848,0.005752582807453712,0.005929156431592033,0.0053901422105382115,0.005752582807453712,0.006486757349923572,0.006180076844841226,0.006207956890757802,0.00714658510328256,0.009665082584413346,0.008326840380417653,0.009367695427969858,0.010139043364995153,0.012685420892042516,0.014711370895313774,0.013995783050121632,0.0144790371793423,0.013884262866455324,0.012397327084237887,0.011486578917629706,0.011672445890406887,0.011477285568990846,0.011133431669353065,0.010389963778244346,0.009906709649023678,0.011189191761186218,0.011049791531603334,0.011031204834325615,0.011086964926158769,0.01117989841254736,0.012564607359737348,0.014190943371537671
01013,0.0005204275237761033,0.0005204275237761033,0.0005111341751372442,0.0005576009183315391,0.0006133610101646931,0.0006784144506367059,0.000687707799275565,0.0008178146802195908,0.0009943883043579116,0.0014869357822174377,0.0017006828009111944,0.0019423098655215278,0.002583550921602798,0.003141151839934337,0.0037823928960156075,0.004479394043930031,0.00503699496226157,0.005055581659539289,0.005083461705455865,0.005018408264983853,0.005092755054094724,0.004906888081317545,0.004795367897651236,0.005046288310900429,0.005334382118705058,0.00530650207278848,0.005752582807453712,0.005929156431592033,0.0053901422105382115,0.005752582807453712,0.006486757349923572,0.006180076844841226,0.006207956890757802,0.00714658510328256,0.009665082584413346,0.008326840380417653,0.009367695427969858,0.010139043364995153,0.012685420892042516,0.014711370895313774,0.013995783050121632,0.0144790371793423,0.013884262866455324,0.012397327084237887,0.011486578917629706,0.011672445890406887,0.011477285568990846,0.011133431669353065,0.010389963778244346,0.009906709649023678,0.011189191761186218,0.011049791531603334,0.011031204834325615,0.011086964926158769,0.01117989841254736,0.012564607359737348,0.014190943371537671
01015,0.0005204275237761033,0.0005204275237761033,0.0005111341751372442,0.0005576009183315391,0.0006133610101646931,0.0006784144506367059,0.000687707799275565,0.0008178146802195908,0.0009943883043579116,0.0014869357822174377,0.0017006828009111944,0.0019423098655215278,0.002583550921602798,0.003141151839934337,0.0037823928960156075,0.004479394043930031,0.00503699496226157,0.005055581659539289,0.005083461705455865,0.005018408264983853,0.005092755054094724,0.004906888081317545,0.004795367897651236,0.005046288310900429,0.005334382118705058,0.00530650207278848,0.005752582807453712,0.005929156431592033,0.0053901422105382115,0.005752582807453712,0.006486757349923572,0.006180076844841226,0.006207956890757802,0.00714658510328256,0.009665082584413346,0.008326840380417653,0.009367695427969858,0.010139043364995153,0.012685420892042516,0.014711370895313774,0.013995783050121632,0.0144790371793423,0.013884262866455324,0.012397327084237887,0.011486578917629706,0.011672445890406887,0.011477285568990846,0.011133431669353065,0.010389963778244346,0.009906709649023678,0.011189191761186218,0.011049791531603334,0.011031204834325615,0.011086964926158769,0.01117989841254736,0.012564607359737348,0.014190943371537671
01017,0.0005204275237761033,0.0005204275237761033,0.0005111341751372442,0.0005576009183315391,0.0006133610101646931,0.0006784144506367059,0.000687707799275565,0.0008178146802195908,0.0009943883043579116,0.0014869357822174377,0.0017006828009111944,0.0019423098655215278,0.002583550921602798,0.003141151839934337,0.0037823928960156075,0.004479394043930031,0.00503699496226157,0.005055581659539289,0.005083461705455865,0.005018408264983853,0.005092755054094724,0.004906888081317545,0.004795367897651236,0.005046288310900429,0.005334382118705058,0.00530650207278848,0.005752582807453712,0.005929156431592033,0.0053901422105382115,0.005752582807453712,0.006486757349923572,0.006180076844841226,0.006207956890757802,0.00714658510328256,0.009665082584413346,0.008326840380417653,0.009367695427969858,0.010139043364995153,0.012685420892042516,0.014711370895313774,0.013995783050121632,0.0144790371793423,0.013884262866455324,0.012397327084237887,0.011486578917629706,0.011672445890406887,0.011477285568990846,0.011133431669353065,0.010389963778244346,0.009906709649023678,0.011189191761186218,0.011049791531603334,0.011031204834325615,0.011086964926158769,0.01117989841254736,0.012564607359737348,0.014190943371537671
01019,0.0005204275237761033,0.0005204275237761033,0.0005111341751372442,0.0005576009183315391,0.0006133610101646931,0.0006784144506367059,0.000687707799275565,0.0008178146802195908,0.0009943883043579116,0.0014869357822174377,0.0017006828009111944,0.0019423098655215278,0.002583550921602798,0.003141151839934337,0.0037823928960156075,0.004479394043930031,0.00503699496226157,0.005055581659539289,0.005083461705455865,0.005018408264983853,0.005092755054094724,0.004906888081317545,0.004795367897651236,0.005046288310900429,0.005334382118705058,0.00530650207278848,0.005752582807453712,0.005929156431592033,0.0053901422105382115,0.005752582807453712,0.006486757349923572,0.006180076844841226,0.006207956890757802,0.00714658510328256,0.009665082584413346,0.008326840380417653,0.009367695427969858,0.010139043364995153,0.012685420892042516,0.014711370895313774,0.013995783050121632,0.0144790371793423,0.013884262866455324,0.012397327084237887,0.011486578917629706,0.011672445890406887,0.011477285568990846,0.011133431669353065,0.010389963778244346,0.009906709649023678,0.011189191761186218,0.011049791531603334,0.011031204834325615,0.011086964926158769,0.01117989841254736,0.012564607359737348,0.014190943371537671
01021,0.0005204275237761033,0.0005204275237761033,0.0005111341751372442,0.0005576009183315391,0.0006133610101646931,0.0006784144506367059,0.000687707799275565,0.0008178146802195908,0.0009943883043579116,0.0014869357822174377,0.0017006828009111944,0.0019423098655215278,0.002583550921602798,0.003141151839934337,0.0037823928960156075,0.004479394043930031,0.00503699496226157,0.005055581659539289,0.005083461705455865,0.005018408264983853,0.005092755054094724,0.004906888081317545,0.004795367897651236,0.005046288310900429,0.005334382118705058,0.00530650207278848,0.005752582807453712,0.005929156431592033,0.0053901422105382115,0.005752582807453712,0.006486757349923572,0.006180076844841226,0.006207956890757802,0.00714658510328256,0.009665082584413346,0.008326840380417653,0.009367695427969858,0.010139043364995153,0.012685420892042516,0.014711370895313774,0.013995783050121632,0.0144790371793423,0.013884262866455324,0.012397327084237887,0.011486578917629706,0.011672445890406887,0.011477285568990846,0.011133431669353065,0.010389963778244346,0.009906709649023678,0.011189191761186218,0.011049791531603334,0.011031204834325615,0.011086964926158769,0.01117989841254736,0.012564607359737348,0.014190943371537671
01023,0.0005204275237761033,0.0005204275237761033,0.0005111341751372442,0.0005576009183315391,0.0006133610101646931,0.0006784144506367059,0.000687707799275565,0.0008178146802195908,0.0009943883043579116,0.0014869357822174377,0.0017006828009111944,0.0019423098655215278,0.002583550921602798,0.003141151839934337,0.0037823928960156075,0.004479394043930031,0.00503699496226157,0.005055581659539289,0.005083461705455865,0.005018408264983853,0.005092755054094724,0.004906888081317545,0.004795367897651236,0.005046288310900429,0.005334382118705058,0.00530650207278848,0.005752582807453712,0.005929156431592033,0.0053901422105382115,0.005752582807453712,0.006486757349923572,0.006180076844841226,0.006207956890757802,0.00714658510328256,0.009665082584413346,0.008326840380417653,0.009367695427969858,0.010139043364995153,0.012685420892042516,0.014711370895313774,0.013995783050121632,0.0144790371793423,0.013884262866455324,0.012397327084237887,0.011486578917629706,0.011672445890406887,0.011477285568990846,0.011133431669353065,0.010389963778244346,0.009906709649023678,0.011189191761186218,0.011049791531603334,0.011031204834325615,0.011086964926158769,0.01117989841254736,0.012564607359737348,0.014190943371537671
01025,0.0005204275237761033,0.0005204275237761033,0.0005111341751372442,0.0005576009183315391,0.0006133610101646931,0.0006784144506367059,0.000687707799275565,0.0008178146802195908,0.0009943883043579116,0.0014869357822174377,0.0017006828009111944,0.0019423098655215278,0.002583550921602798,0.003141151839934337,0.0037823928960156075,0.004479394043930031,0.00503699496226157,0.005055581659539289,0.005083461705455865,0.005018408264983853,0.005092755054094724,0.004906888081317545,0.004795367897651236,0.005046288310900429,0.005334382118705058,0.00530650207278848,0.005752582807453712,0.005929156431592033,0.0053901422105382115,0.005752582807453712,0.006486757349923572,0.006180076844841226,0.006207956890757802,0.00714658510328256,0.009665082584413346,0.008326840380417653,0.009367695427969858,0.010139043364995153,0.012685420892042516,0.014711370895313774,0.013995783050121632,0.0144790371793423,0.013884262866455324,0.012397327084237887,0.011486578917629706,0.011672445890406887,0.011477285568990846,0.011133431669353065,0.010389963778244346,0.009906709649023678,0.011189191761186218,0.011049791531603334,0.011031204834325615,0.011086964926158769,0.01117989841254736,0.012564607359737348,0.014190943371537671
01027,0.0005204275237761033,0.0005204275237761033,0.0005111341751372442,0.0005576009183315391,0.0006133610101646931,0.0006784144506367059,0.000687707799275565,0.0008178146802195908,0.0009943883043579116,0.0014869357822174377,0.0017006828009111944,0.0019423098655215278,0.002583550921602798,0.003141151839934337,0.0037823928960156075,0.004479394043930031,0.00503699496226157,0.005055581659539289,0.005083461705455865,0.005018408264983853,0.005092755054094724,0.004906888081317545,0.004795367897651236,0.005046288310900429,0.005334382118705058,0.00530650207278848,0.005752582807453712,0.005929156431592033,0.0053901422105382115,0.005752582807453712,0.006486757349923572,0.006180076844841226,0.006207956890757802,0.00714658510328256,0.009665082584413346,0.008326840380417653,0.009367695427969858,0.010139043364995153,0.012685420892042516,0.014711370895313774,0.013995783050121632,0.0144790371793423,0.013884262866455324,0.012397327084237887,0.011486578917629706,0.011672445890406887,0.011477285568990846,0.011133431669353065,0.010389963778244346,0.009906709649023678,0.011189191761186218,0.011049791531603334,0.011031204834325615,0.011086964926158769,0.01117989841254736,0.012564607359737348,0.014190943371537671
01029,0.0005204275237761033,0.0005204275237761033,0.0005111341751372442,0.0005576009183315391,0.0006133610101646931,0.0006784144506367059,0.000687707799275565,0.0008178146802195908,0.0009943883043579116,0.0014869357822174377,0.0017006828009111944,0.0019423098655215278,0.002583550921602798,0.003141151839934337,0.0037823928960156075,0.004479394043930031,0.00503699496226157,0.005055581659539289,0.005083461705455865,0.005018408264983853,0.005092755054094724,0.004906888081317545,0.004795367897651236,0.005046288310900429,0.005334382118705058,0.00530650207278848,0.005752582807453712,0.005929156431592033,0.0053901422105382115,0.005752582807453712,0.006486757349923572,0.006180076844841226,0.006207956890757802,0.00714658510328256,0.009665082584413346,0.008326840380417653,0.009367695427969858,0.010139043364995153,0.012685420892042516,0.014711370895313774,0.013995783050121632,0.0144790371793423,0.013884262866455324,0.012397327084237887,0.011486578917629706,0.011672445890406887,0.011477285568990846,0.011133431669353065,0.010389963778244346,0.009906709649023678,0.011189191761186218,0.011049791531603334,0.011031204834325615,0.011086964926158769,0.01117989841254736,0.012564607359737348,0.014190943371537671
01031,0.0005204275237761033,0.0005204275237761033,0.0005111341751372442,0.0005576009183315391,0.0006133610101646931,0.0006784144506367059,0.000687707799275565,0.0008178146802195908,0.0009943883043579116,0.0014869357822174377,0.0017006828009111944,0.0019423098655215278,0.002583550921602798,0.003141151839934337,0.0037823928960156075,0.004479394043930031,0.00503699496226157,0.005055581659539289,0.005083461705455865,0.005018408264983853,0.005092755054094724,0.004906888081317545,0.004795367897651236,0.005046288310900429,0.005334382118705058,0.00530650207278848,0.005752582807453712,0.005929156431592033,0.0053901422105382115,0.005752582807453712,0.006486757349923572,0.006180076844841226,0.006207956890757802,0.00714658510328256,0.009665082584413346,0.008326840380417653,0.009367695427969858,0.010139043364995153,0.012685420892042516,0.014711370895313774,0.013995783050121632,0.0144790371793423,0.013884262866455324,0.012397327084237887,0.011486578917629706,0.011672445890406887,0.011477285568990846,0.011133431669353065,0.010389963778244346,0.009906709649023678,0.011189191761186218,0.011049791531603334,0.011031204834325615,0.011086964926158769,0.01117989841254736,0.012564607359737348,0.014190943371537671
01033,0.0005204275237761033,0.0005204275237761033,0.0005111341751372442,0.0005576009183315391,0.0006133610101646931,0.0006784144506367059,0.000687707799275565,0.0008178146802195908,0.0009943883043579116,0.0014869357822174377,0.0017006828009111944,0.0019423098655215278,0.002583550921602798,0.003141151839934337,0.0037823928960156075,0.004479394043930031,0.00503699496226157,0.005055581659539289,0.005083461705455865,0.005018408264983853,0.005092755054094724,0.004906888081317545,0.004795367897651236,0.005046288310900429,0.005334382118705058,0.00530650207278848,0.005752582807453712,0.005929156431592033,0.0053901422105382115,0.005752582807453712,0.006486757349923572,0.006180076844841226,0.006207956890757802,0.00714658510328256,0.009665082584413346,0.008326840380417653,0.009367695427969858,0.010139043364995153,0.012685420892042516,0.014711370895313774,0.013995783050121632,0.0144790371793423,0.013884262866455324,0.012397327084237887,0.011486578917629706,0.011672445890406887,0.011477285568990846,0.011133431669353065,0.010389963778244346,0.009906709649023678,0.011189191761186218,0.011049791531603334,0.011031204834325615,0.011086964926158769,0.01117989841254736,0.012564607359737348,0.014190943371537671
01035,0.0005204275237761033,0.0005204275237761033,0.0005111341751372442,0.0005576009183315391,0.0006133610101646931,0.0006784144506367059,0.000687707799275565,0.0008178146802195908,0.0009943883043579116,0.0014869357822174377,0.0017006828009111944,0.0019423098655215278,0.002583550921602798,0.003141151839934337,0.0037823928960156075,0.004479394043930031,0.00503699496226157,0.005055581659539289,0.005083461705455865,0.005018408264983853,0.005092755054094724,0.004906888081317545,0.004795367897651236,0.005046288310900429,0.005334382118705058,0.00530650207278848,0.005752582807453712,0.005929156431592033,0.0053901422105382115,0.005752582807453712,0.006486757349923572,0.006180076844841226,0.006207956890757802,0.00714658510328256,0.009665082584413346,0.008326840380417653,0.009367695427969858,0.010139043364995153,0.012685420892042516,0.014711370895313774,0.013995783050121632,0.0144790371793423,0.013884262866455324,0.012397327084237887,0.011486578917629706,0.011672445890406887,0.011477285568990846,0.011133431669353065,0.010389963778244346,0.009906709649023678,0.011189191761186218,0.011049791531603334,0.011031204834325615,0.011086964926158769,0.01117989841254736,0.012564607359737348,0.014190943371537671
01037,0.0005204275237761033,0.0005204275237761033,0.0005111341751372442,0.0005576009183315391,0.0006133610101646931,0.0006784144506367059,0.000687707799275565,0.0008178146802195908,0.0009943883043579116,0.0014869357822174377,0.0017006828009111944,0.0019423098655215278,0.002583550921602798,0.003141151839934337,0.0037823928960156075,0.004479394043930031,0.00503699496226157,0.005055581659539289,0.005083461705455865,0.005018408264983853,0.005092755054094724,0.004906888081317545,0.004795367897651236,0.005046288310900429,0.005334382118705058,0.00530650207278848,0.005752582807453712,0.005929156431592033,0.0053901422105382115,0.005752582807453712,0.006486757349923572,0.006180076844841226,0.006207956890757802,0.00714658510328256,0.009665082584413346,0.008326840380417653,0.009367695427969858,0.010139043364995153,0.012685420892042516,0.014711370895313774,0.013995783050121632,0.0144790371793423,0.013884262866455324,0.012397327084237887,0.011486578917629706,0.011672445890406887,0.011477285568990846,0.011133431669353065,0.010389963778244346,0.009906709649023678,0.011189191761186218,0.011049791531603334,0.011031204834325615,0.011086964926158769,0.01117989841254736,0.012564607359737348,0.014190943371537671
01039,0.0005204275237761033,0.0005204275237761033,0.0005111341751372442,0.0005576009183315391,0.0006133610101646931,0.0006784144506367059,0.000687707799275565,0.0008178146802195908,0.0009943883043579116,0.0014869357822174377,0.0017006828009111944,0.0019423098655215278,0.002583550921602798,0.003141151839934337,0.0037823928960156075,0.004479394043930031,0.00503699496226157,0.005055581659539289,0.005083461705455865,0.005018408264983853,0.005092755054094724,0.004906888081317545,0.004795367897651236,0.005046288310900429,0.005334382118705058,0.00530650207278848,0.005752582807453712,0.005929156431592033,0.0053901422105382115,0.005752582807453712,0.006486757349923572,0.006180076844841226,0.006207956890757802,0.00714658510328256,0.009665082584413346,0.008326840380417653,0.009367695427969858,0.010139043364995153,0.012685420892042516,0.014711370895313774,0.013995783050121632,0.0144790371793423,0.013884262866455324,0.012397327084237887,0.011486578917629706,0.011672445890406887,0.011477285568990846,0.011133431669353065,0.010389963778244346,0.009906709649023678,0.011189191761186218,0.011049791531603334,0.011031204834325615,0.011086964926158769,0.01117989841254736,0.012564607359737348,0.014190943371537671
01041,0.0005204275237761033,0.0005204275237761033,0.0005111341751372442,0.0005576009183315391,0.0006133610101646931,0.0006784144506367059,0.000687707799275565,0.0008178146802195908,0.0009943883043579116,0.0014869357822174377,0.0017006828009111944,0.0019423098655215278,0.002583550921602798,0.003141151839934337,0.0037823928960156075,0.004479394043930031,0.00503699496226157,0.005055581659539289,0.005083461705455865,0.005018408264983853,0.005092755054094724,0.004906888081317545,0.004795367897651236,0.005046288310900429,0.005334382118705058,0.00530650207278848,0.005752582807453712,0.005929156431592033,0.0053901422105382115,0.005752582807453712,0.006486757349923572,0.006180076844841226,0.006207956890757802,0.00714658510328256,0.009665082584413346,0.008326840380417653,0.009367695427969858,0.010139043364995153,0.012685420892042516,0.014711370895313774,0.013995783050121632,0.0144790371793423,0.013884262866455324,0.012397327084237887,0.011486578917629706,0.011672445890406887,0.011477285568990846,0.011133431669353065,0.010389963778244346,0.009906709649023678,0.011189191761186218,0.011049791531603334,0.011031204834325615,0.011086964926158769,0.01117989841254736,0.012564607359737348,0.014190943371537671
01043,0.0005204275237761033,0.0005204275237761033,0.0005111341751372442,0.0005576009183315391,0.0006133610101646931,0.0006784144506367059,0.000687707799275565,0.0008178146802195908,0.0009943883043579116,0.0014869357822174377,0.0017006828009111944,0.0019423098655215278,0.002583550921602798,0.003141151839934337,0.0037823928960156075,0.004479394043930031,0.00503699496226157,0.005055581659539289,0.005083461705455865,0.005018408264983853,0.005092755054094724,0.004906888081317545,0.004795367897651236,0.005046288310900429,0.005334382118705058,0.00530650207278848,0.005752582807453712,0.005929156431592033,0.0053901422105382115,0.005752582807453712,0.006486757349923572,0.006180076844841226,0.006207956890757802,0.00714658510328256,0.009665082584413346,0.008326840380417653,0.009367695427969858,0.010139043364995153,0.012685420892042516,0.014711370895313774,0.013995783050121632,0.0144790371793423,0.013884262866455324,0.012397327084237887,0.011486578917629706,0.011672445890406887,0.011477285568990846,0.011133431669353065,0.010389963778244346,0.009906709649023678,0.011189191761186218,0.011049791531603334,0.011031204834325615,0.011086964926158769,0.01117989841254736,0.012564607359737348,0.014190943371537671
01045,0.0005204275237761033,0.0005204275237761033,0.0005111341751372442,0.0005576009183315391,0.0006133610101646931,0.0006784144506367059,0.000687707799275565,0.0008178146802195908,0.0009943883043579116,0.0014869357822174377,0.0017006828009111944,0.0019423098655215278,0.002583550921602798,0.003141151839934337,0.0037823928960156075,0.004479394043930031,0.00503699496226157,0.005055581659539289,0.005083461705455865,0.005018408264983853,0.005092755054094724,0.004906888081317545,0.004795367897651236,0.005046288310900429,0.005334382118705058,0.00530650207278848,0.005752582807453712,0.005929156431592033,0.0053901422105382115,0.005752582807453712,0.006486757349923572,0.006180076844841226,0.006207956890757802,0.00714658510328256,0.009665082584413346,0.008326840380417653,0.009367695427969858,0.010139043364995153,0.012685420892042516,0.014711370895313774,0.013995783050121632,0.0144790371793423,0.013884262866455324,0.012397327084237887,0.011486578917629706,0.011672445890406887,0.011477285568990846,0.011133431669353065,0.010389963778244346,0.009906709649023678,0.011189191761186218,0.011049791531603334,0.011031204834325615,0.011086964926158769,0.01117989841254736,0.012564607359737348,0.014190943371537671
01047,0.0005204275237761033,0.0005204275237761033,0.0005111341751372442,0.0005576009183315391,0.0006133610101646931,0.0006784144506367059,0.000687707799275565,0.0008178146802195908,0.0009943883043579116,0.0014869357822174377,0.0017006828009111944,0.0019423098655215278,0.002583550921602798,0.003141151839934337,0.0037823928960156075,0.004479394043930031,0.00503699496226157,0.005055581659539289,0.005083461705455865,0.005018408264983853,0.005092755054094724,0.004906888081317545,0.004795367897651236,0.005046288310900429,0.005334382118705058,0.00530650207278848,0.005752582807453712,0.005929156431592033,0.0053901422105382115,0.005752582807453712,0.006486757349923572,0.006180076844841226,0.006207956890757802,0.00714658510328256,0.009665082584413346,0.008326840380417653,0.009367695427969858,0.010139043364995153,0.012685420892042516,0.014711370895313774,0.013995783050121632,0.0144790371793423,0.013884262866455324,0.012397327084237887,0.011486578917629706,0.011672445890406887,0.011477285568990846,0.011133431669353065,0.010389963778244346,0.009906709649023678,0.011189191761186218,0.011049791531603334,0.011031204834325615,0.011086964926158769,0.01117989841254736,0.012564607359737348,0.014190943371537671
01049,0.0005204275237761033,0.0005204275237761033,0.0005111341751372442,0.0005576009183315391,0.0006133610101646931,0.0006784144506367059,0.000687707799275565,0.0008178146802195908,0.0009943883043579116,0.0014869357822174377,0.0017006828009111944,0.0019423098655215278,0.002583550921602798,0.003141151839934337,0.0037823928960156075,0.004479394043930031,0.00503699496226157,0.005055581659539289,0.005083461705455865,0.005018408264983853,0.005092755054094724,0.004906888081317545,0.004795367897651236,0.005046288310900429,0.005334382118705058,0.00530650207278848,0.005752582807453712,0.005929156431592033,0.0053901422105382115,0.005752582807453712,0.006486757349923572,0.006180076844841226,0.006207956890757802,0.00714658510328256,0.009665082584413346,0.008326840380417653,0.009367695427969858,0.010139043364995153,0.012685420892042516,0.014711370895313774,0.013995783050121632,0.0144790371793423,0.013884262866455324,0.012397327084237887,0.011486578917629706,0.011672445890406887,0.011477285568990846,0.011133431669353065,0.010389963778244346,0.009906709649023678,0.011189191761186218,0.011049791531603334,0.011031204834325615,0.011086964926158769,0.01117989841254736,0.012564607359737348,0.014190943371537671
01051,0.0005204275237761033,0.0005204275237761033,0.0005111341751372442,0.0005576009183315391,0.0006133610101646931,0.0006784144506367059,0.000687707799275565,0.0008178146802195908,0.0009943883043579116,0.0014869357822174377,0.0017006828009111944,0.0019423098655215278,0.002583550921602798,0.003141151839934337,0.0037823928960156075,0.004479394043930031,0.00503699496226157,0.005055581659539289,0.005083461705455865,0.005018408264983853,0.005092755054094724,0.004906888081317545,0.004795367897651236,0.005046288310900429,0.005334382118705058,0.00530650207278848,0.005752582807453712,0.005929156431592033,0.0053901422105382115,0.005752582807453712,0.006486757349923572,0.006180076844841226,0.006207956890757802,0.00714658510328256,0.009665082584413346,0.008326840380417653,0.009367695427969858,0.010139043364995153,0.012685420892042516,0.014711370895313774,0.013995783050121632,0.0144790371793423,0.013884262866455324,0.012397327084237887,0.011486578917629706,0.011672445890406887,0.011477285568990846,0.011133431669353065,0.010389963778244346,0.009906709649023678,0.011189191761186218,0.011049791531603334,0.011031204834325615,0.011086964926158769,0.01117989841254736,0.012564607359737348,0.014190943371537671
01053,0.0005204275237761033,0.0005204275237761033,0.0005111341751372442,0.0005576009183315391,0.0006133610101646931,0.0006784144506367059,0.000687707799275565,0.0008178146802195908,0.0009943883043579116,0.0014869357822174377,0.0017006828009111944,0.0019423098655215278,0.002583550921602798,0.003141151839934337,0.0037823928960156075,0.004479394043930031,0.00503699496226157,0.005055581659539289,0.005083461705455865,0.005018408264983853,0.005092755054094724,0.004906888081317545,0.004795367897651236,0.005046288310900429,0.005334382118705058,0.00530650207278848,0.005752582807453712,0.005929156431592033,0.0053901422105382115,0.005752582807453712,0.006486757349923572,0.006180076844841226,0.006207956890757802,0.00714658510328256,0.009665082584413346,0.008326840380417653,0.009367695427969858,0.010139043364995153,0.012685420892042516,0.014711370895313774,0.013995783050121632,0.0144790371793423,0.013884262866455324,0.012397327084237887,0.011486578917629706,0.011672445890406887,0.011477285568990846,0.011133431669353065,0.010389963778244346,0.009906709649023678,0.011189191761186218,0.011049791531603334,0.011031204834325615,0.011086964926158769,0.01117989841254736,0.012564607359737348,0.014190943371537671
01055,0.0005204275237761033,0.0005204275237761033,0.0005111341751372442,0.0005576009183315391,0.0006133610101646931,0.0006784144506367059,0.000687707799275565,0.0008178146802195908,0.0009943883043579116,0.0014869357822174377,0.0017006828009111944,0.0019423098655215278,0.002583550921602798,0.003141151839934337,0.0037823928960156075,0.004479394043930031,0.00503699496226157,0.005055581659539289,0.005083461705455865,0.005018408264983853,0.005092755054094724,0.004906888081317545,0.004795367897651236,0.005046288310900429,0.005334382118705058,0.00530650207278848,0.005752582807453712,0.005929156431592033,0.0053901422105382115,0.005752582807453712,0.006486757349923572,0.006180076844841226,0.006207956890757802,0.00714658510328256,0.009665082584413346,0.008326840380417653,0.009367695427969858,0.010139043364995153,0.012685420892042516,0.014711370895313774,0.013995783050121632,0.0144790371793423,0.013884262866455324,0.012397327084237887,0.011486578917629706,0.011672445890406887,0.011477285568990846,0.011133431669353065,0.010389963778244346,0.009906709649023678,0.011189191761186218,0.011049791531603334,0.011031204834325615,0.011086964926158769,0.01117989841254736,0.012564607359737348,0.014190943371537671
01057,0.0005204275237761033,0.0005204275237761033,0.0005111341751372442,0.0005576009183315391,0.0006133610101646931,0.0006784144506367059,0.000687707799275565,0.0008178146802195908,0.0009943883043579116,0.0014869357822174377,0.0017006828009111944,0.0019423098655215278,0.002583550921602798,0.003141151839934337,0.0037823928960156075,0.004479394043930031,0.00503699496226157,0.005055581659539289,0.005083461705455865,0.005018408264983853,0.005092755054094724,0.004906888081317545,0.004795367897651236,0.005046288310900429,0.005334382118705058,0.00530650207278848,0.005752582807453712,0.005929156431592033,0.0053901422105382115,0.005752582807453712,0.006486757349923572,0.006180076844841226,0.006207956890757802,0.00714658510328256,0.009665082584413346,0.008326840380417653,0.009367695427969858,0.010139043364995153,0.012685420892042516,0.014711370895313774,0.013995783050121632,0.0144790371793423,0.013884262866455324,0.012397327084237887,0.011486578917629706,0.011672445890406887,0.011477285568990846,0.011133431669353065,0.010389963778244346,0.009906709649023678,0.011189191761186218,0.011049791531603334,0.011031204834325615,0.011086964926158769,0.01117989841254736,0.012564607359737348,0.014190943371537671
01059,0.0005204275237761033,0.0005204275237761033,0.0005111341751372442,0.0005576009183315391,0.0006133610101646931,0.0006784144506367059,0.000687707799275565,0.0008178146802195908,0.0009943883043579116,0.0014869357822174377,0.0017006828009111944,0.0019423098655215278,0.002583550921602798,0.003141151839934337,0.0037823928960156075,0.004479394043930031,0.00503699496226157,0.005055581659539289,0.005083461705455865,0.005018408264983853,0.005092755054094724,0.004906888081317545,0.004795367897651236,0.005046288310900429,0.005334382118705058,0.00530650207278848,0.005752582807453712,0.005929156431592033,0.0053901422105382115,0.005752582807453712,0.006486757349923572,0.006180076844841226,0.006207956890757802,0.00714658510328256,0.009665082584413346,0.008326840380417653,0.009367695427969858,0.010139043364995153,0.012685420892042516,0.014711370895313774,0.013995783050121632,0.0144790371793423,0.013884262866455324,0.012397327084237887,0.011486578917629706,0.011672445890406887,0.011477285568990846,0.011133431669353065,0.010389963778244346,0.009906709649023678,0.011189191761186218,0.011049791531603334,0.011031204834325615,0.011086964926158769,0.01117989841254736,0.012564607359737348,0.014190943371537671
01061,0.0005204275237761033,0.0005204275237761033,0.0005111341751372442,0.0005576009183315391,0.0006133610101646931,0.0006784144506367059,0.000687707799275565,0.0008178146802195908,0.0009943883043579116,0.0014869357822174377,0.0017006828009111944,0.0019423098655215278,0.002583550921602798,0.003141151839934337,0.0037823928960156075,0.004479394043930031,0.00503699496226157,0.005055581659539289,0.005083461705455865,0.005018408264983853,0.005092755054094724,0.004906888081317545,0.004795367897651236,0.005046288310900429,0.005334382118705058,0.00530650207278848,0.005752582807453712,0.005929156431592033,0.0053901422105382115,0.005752582807453712,0.006486757349923572,0.006180076844841226,0.006207956890757802,0.00714658510328256,0.009665082584413346,0.008326840380417653,0.009367695427969858,0.010139043364995153,0.012685420892042516,0.014711370895313774,0.013995783050121632,0.0144790371793423,0.013884262866455324,0.012397327084237887,0.011486578917629706,0.011672445890406887,0.011477285568990846,0.011133431669353065,0.010389963778244346,0.009906709649023678,0.011189191761186218,0.011049791531603334,0.011031204834325615,0.011086964926158769,0.01117989841254736,0.012564607359737348,0.014190943371537671
01063,0.0005204275237761033,0.0005204275237761033,0.0005111341751372442,0.0005576009183315391,0.0006133610101646931,0.0006784144506367059,0.000687707799275565,0.0008178146802195908,0.0009943883043579116,0.0014869357822174377,0.0017006828009111944,0.0019423098655215278,0.002583550921602798,0.003141151839934337,0.0037823928960156075,0.004479394043930031,0.00503699496226157,0.005055581659539289,0.005083461705455865,0.005018408264983853,0.005092755054094724,0.004906888081317545,0.004795367897651236,0.005046288310900429,0.005334382118705058,0.00530650207278848,0.005752582807453712,0.005929156431592033,0.0053901422105382115,0.005752582807453712,0.006486757349923572,0.006180076844841226,0.006207956890757802,0.00714658510328256,0.009665082584413346,0.008326840380417653,0.009367695427969858,0.010139043364995153,0.012685420892042516,0.014711370895313774,0.013995783050121632,0.0144790371793423,0.013884262866455324,0.012397327084237887,0.011486578917629706,0.011672445890406887,0.011477285568990846,0.011133431669353065,0.010389963778244346,0.009906709649023678,0.011189191761186218,0.011049791531603334,0.011031204834325615,0.011086964926158769,0.01117989841254736,0.012564607359737348,0.014190943371537671
01065,0.0005204275237761033,0.0005204275237761033,0.0005111341751372442,0.0005576009183315391,0.0006133610101646931,0.0006784144506367059,0.000687707799275565,0.0008178146802195908,0.0009943883043579116,0.0014869357822174377,0.0017006828009111944,0.0019423098655215278,0.002583550921602798,0.003141151839934337,0.0037823928960156075,0.004479394043930031,0.00503699496226157,0.005055581659539289,0.005083461705455865,0.005018408264983853,0.005092755054094724,0.004906888081317545,0.004795367897651236,0.005046288310900429,0.005334382118705058,0.00530650207278848,0.005752582807453712,0.005929156431592033,0.0053901422105382115,0.005752582807453712,0.006486757349923572,0.006180076844841226,0.006207956890757802,0.00714658510328256,0.009665082584413346,0.008326840380417653,0.009367695427969858,0.010139043364995153,0.012685420892042516,0.014711370895313774,0.013995783050121632,0.0144790371793423,0.013884262866455324,0.012397327084237887,0.011486578917629706,0.011672445890406887,0.011477285568990846,0.011133431669353065,0.010389963778244346,0.009906709649023678,0.011189191761186218,0.011049791531603334,0.011031204834325615,0.011086964926158769,0.01117989841254736,0.012564607359737348,0.014190943371537671
01067,0.0005204275237761033,0.0005204275237761033,0.0005111341751372442,0.0005576009183315391,0.0006133610101646931,0.0006784144506367059,0.000687707799275565,0.0008178146802195908,0.0009943883043579116,0.0014869357822174377,0.0017006828009111944,0.0019423098655215278,0.002583550921602798,0.003141151839934337,0.0037823928960156075,0.004479394043930031,0.00503699496226157,0.005055581659539289,0.005083461705455865,0.005018408264983853,0.005092755054094724,0.004906888081317545,0.004795367897651236,0.005046288310900429,0.005334382118705058,0.00530650207278848,0.005752582807453712,0.005929156431592033,0.0053901422105382115,0.005752582807453712,0.006486757349923572,0.006180076844841226,0.006207956890757802,0.00714658510328256,0.009665082584413346,0.008326840380417653,0.009367695427969858,0.010139043364995153,0.012685420892042516,0.014711370895313774,0.013995783050121632,0.0144790371793423,0.013884262866455324,0.012397327084237887,0.011486578917629706,0.011672445890406887,0.011477285568990846,0.011133431669353065,0.010389963778244346,0.009906709649023678,0.011189191761186218,0.011049791531603334,0.011031204834325615,0.011086964926158769,0.01117989841254736,0.012564607359737348,0.014190943371537671
01069,0.0005204275237761033,0.0005204275237761033,0.0005111341751372442,0.0005576009183315391,0.0006133610101646931,0.0006784144506367059,0.000687707799275565,0.0008178146802195908,0.0009943883043579116,0.0014869357822174377,0.0017006828009111944,0.0019423098655215278,0.002583550921602798,0.003141151839934337,0.0037823928960156075,0.004479394043930031,0.00503699496226157,0.005055581659539289,0.005083461705455865,0.005018408264983853,0.005092755054094724,0.004906888081317545,0.004795367897651236,0.005046288310900429,0.005334382118705058,0.00530650207278848,0.005752582807453712,0.005929156431592033,0.0053901422105382115,0.005752582807453712,0.006486757349923572,0.006180076844841226,0.006207956890757802,0.00714658510328256,0.009665082584413346,0.008326840380417653,0.009367695427969858,0.010139043364995153,0.012685420892042516,0.014711370895313774,0.013995783050121632,0.0144790371793423,0.013884262866455324,0.012397327084237887,0.011486578917629706,0.011672445890406887,0.011477285568990846,0.011133431669353065,0.010389963778244346,0.009906709649023678,0.011189191761186218,0.011049791531603334,0.011031204834325615,0.011086964926158769,0.01117989841254736,0.012564607359737348,0.014190943371537671
01071,0.0005204275237761033,0.0005204275237761033,0.0005111341751372442,0.0005576009183315391,0.0006133610101646931,0.0006784144506367059,0.000687707799275565,0.0008178146802195908,0.0009943883043579116,0.0014869357822174377,0.0017006828009111944,0.0019423098655215278,0.002583550921602798,0.003141151839934337,0.0037823928960156075,0.004479394043930031,0.00503699496226157,0.005055581659539289,0.005083461705455865,0.005018408264983853,0.005092755054094724,0.004906888081317545,0.004795367897651236,0.005046288310900429,0.005334382118705058,0.00530650207278848,0.005752582807453712,0.005929156431592033,0.0053901422105382115,0.005752582807453712,0.006486757349923572,0.006180076844841226,0.006207956890757802,0.00714658510328256,0.009665082584413346,0.008326840380417653,0.009367695427969858,0.010139043364995153,0.012685420892042516,0.014711370895313774,0.013995783050121632,0.0144790371793423,0.013884262866455324,0.012397327084237887,0.011486578917629706,0.011672445890406887,0.011477285568990846,0.011133431669353065,0.010389963778244346,0.009906709649023678,0.011189191761186218,0.011049791531603334,0.011031204834325615,0.011086964926158769,0.01117989841254736,0.012564607359737348,0.014190943371537671
01073,0.0005204275237761033,0.0005204275237761033,0.0005111341751372442,0.0005576009183315391,0.0006133610101646931,0.0006784144506367059,0.000687707799275565,0.0008178146802195908,0.0009943883043579116,0.0014869357822174377,0.0017006828009111944,0.0019423098655215278,0.002583550921602798,0.003141151839934337,0.0037823928960156075,0.004479394043930031,0.00503699496226157,0.005055581659539289,0.005083461705455865,0.005018408264983853,0.005092755054094724,0.004906888081317545,0.004795367897651236,0.005046288310900429,0.005334382118705058,0.00530650207278848,0.005752582807453712,0.005929156431592033,0.0053901422105382115,0.005752582807453712,0.006486757349923572,0.006180076844841226,0.006207956890757802,0.00714658510328256,0.009665082584413346,0.008326840380417653,0.009367695427969858,0.010139043364995153,0.012685420892042516,0.014711370895313774,0.013995783050121632,0.0144790371793423,0.013884262866455324,0.012397327084237887,0.011486578917629706,0.011672445890406887,0.011477285568990846,0.011133431669353065,0.010389963778244346,0.009906709649023678,0.011189191761186218,0.011049791531603334,0.011031204834325615,0.011086964926158769,0.01117989841254736,0.012564607359737348,0.014190943371537671
01075,0.0005204275237761033,0.0005204275237761033,0.0005111341751372442,0.0005576009183315391,0.0006133610101646931,0.0006784144506367059,0.000687707799275565,0.0008178146802195908,0.0009943883043579116,0.0014869357822174377,0.0017006828009111944,0.0019423098655215278,0.002583550921602798,0.003141151839934337,0.0037823928960156075,0.004479394043930031,0.00503699496226157,0.005055581659539289,0.005083461705455865,0.005018408264983853,0.005092755054094724,0.004906888081317545,0.004795367897651236,0.005046288310900429,0.005334382118705058,0.00530650207278848,0.005752582807453712,0.005929156431592033,0.0053901422105382115,0.005752582807453712,0.006486757349923572,0.006180076844841226,0.006207956890757802,0.00714658510328256,0.009665082584413346,0.008326840380417653,0.009367695427969858,0.010139043364995153,0.012685420892042516,0.014711370895313774,0.013995783050121632,0.0144790371793423,0.013884262866455324,0.012397327084237887,0.011486578917629706,0.011672445890406887,0.011477285568990846,0.011133431669353065,0.010389963778244346,0.009906709649023678,0.011189191761186218,0.011049791531603334,0.011031204834325615,0.011086964926158769,0.01117989841254736,0.012564607359737348,0.014190943371537671
01077,0.0005204275237761033,0.0005204275237761033,0.0005111341751372442,0.0005576009183315391,0.0006133610101646931,0.0006784144506367059,0.000687707799275565,0.0008178146802195908,0.0009943883043579116,0.0014869357822174377,0.0017006828009111944,0.0019423098655215278,0.002583550921602798,0.003141151839934337,0.0037823928960156075,0.004479394043930031,0.00503699496226157,0.005055581659539289,0.005083461705455865,0.005018408264983853,0.005092755054094724,0.004906888081317545,0.004795367897651236,0.005046288310900429,0.005334382118705058,0.00530650207278848,0.005752582807453712,0.005929156431592033,0.0053901422105382115,0.005752582807453712,0.006486757349923572,0.006180076844841226,0.006207956890757802,0.00714658510328256,0.009665082584413346,0.008326840380417653,0.009367695427969858,0.010139043364995153,0.012685420892042516,0.014711370895313774,0.013995783050121632,0.0144790371793423,0.013884262866455324,0.012397327084237887,0.011486578917629706,0.011672445890406887,0.011477285568990846,0.011133431669353065,0.010389963778244346,0.009906709649023678,0.011189191761186218,0.011049791531603334,0.011031204834325615,0.011086964926158769,0.01117989841254736,0.012564607359737348,0.014190943371537671
01079,0.0005204275237761033,0.0005204275237761033,0.0005111341751372442,0.0005576009183315391,0.0006133610101646931,0.0006784144506367059,0.000687707799275565,0.0008178146802195908,0.0009943883043579116,0.0014869357822174377,0.0017006828009111944,0.0019423098655215278,0.002583550921602798,0.003141151839934337,0.0037823928960156075,0.004479394043930031,0.00503699496226157,0.005055581659539289,0.005083461705455865,0.005018408264983853,0.005092755054094724,0.004906888081317545,0.004795367897651236,0.005046288310900429,0.005334382118705058,0.00530650207278848,0.005752582807453712,0.005929156431592033,0.0053901422105382115,0.005752582807453712,0.006486757349923572,0.006180076844841226,0.006207956890757802,0.00714658510328256,0.009665082584413346,0.008326840380417653,0.009367695427969858,0.010139043364995153,0.012685420892042516,0.014711370895313774,0.013995783050121632,0.0144790371793423,0.013884262866455324,0.012397327084237887,0.011486578917629706,0.011672445890406887,0.011477285568990846,0.011133431669353065,0.010389963778244346,0.009906709649023678,0.011189191761186218,0.011049791531603334,0.011031204834325615,0.011086964926158769,0.01117989841254736,0.012564607359737348,0.014190943371537671
01081,0.0005204275237761033,0.0005204275237761033,0.0005111341751372442,0.0005576009183315391,0.0006133610101646931,0.0006784144506367059,0.000687707799275565,0.0008178146802195908,0.0009943883043579116,0.0014869357822174377,0.0017006828009111944,0.0019423098655215278,0.002583550921602798,0.003141151839934337,0.0037823928960156075,0.004479394043930031,0.00503699496226157,0.005055581659539289,0.005083461705455865,0.005018408264983853,0.005092755054094724,0.004906888081317545,0.004795367897651236,0.005046288310900429,0.005334382118705058,0.00530650207278848,0.005752582807453712,0.005929156431592033,0.0053901422105382115,0.005752582807453712,0.006486757349923572,0.006180076844841226,0.006207956890757802,0.00714658510328256,0.009665082584413346,0.008326840380417653,0.009367695427969858,0.010139043364995153,0.012685420892042516,0.014711370895313774,0.013995783050121632,0.0144790371793423,0.013884262866455324,0.012397327084237887,0.011486578917629706,0.011672445890406887,0.011477285568990846,0.011133431669353065,0.010389963778244346,0.009906709649023678,0.011189191761186218,0.011049791531603334,0.011031204834325615,0.011086964926158769,0.01117989841254736,0.012564607359737348,0.014190943371537671
01083,0.0005204275237761033,0.0005204275237761033,0.0005111341751372442,0.0005576009183315391,0.0006133610101646931,0.0006784144506367059,0.000687707799275565,0.0008178146802195908,0.0009943883043579116,0.0014869357822174377,0.0017006828009111944,0.0019423098655215278,0.002583550921602798,0.003141151839934337,0.0037823928960156075,0.004479394043930031,0.00503699496226157,0.005055581659539289,0.005083461705455865,0.005018408264983853,0.005092755054094724,0.004906888081317545,0.004795367897651236,0.005046288310900429,0.005334382118705058,0.00530650207278848,0.005752582807453712,0.005929156431592033,0.0053901422105382115,0.005752582807453712,0.006486757349923572,0.006180076844841226,0.006207956890757802,0.00714658510328256,0.009665082584413346,0.008326840380417653,0.009367695427969858,0.010139043364995153,0.012685420892042516,0.014711370895313774,0.013995783050121632,0.0144790371793423,0.013884262866455324,0.012397327084237887,0.011486578917629706,0.011672445890406887,0.011477285568990846,0.011133431669353065,0.010389963778244346,0.009906709649023678,0.011189191761186218,0.011049791531603334,0.011031204834325615,0.011086964926158769,0.01117989841254736,0.012564607359737348,0.014190943371537671
01085,0.0005204275237761033,0.0005204275237761033,0.0005111341751372442,0.0005576009183315391,0.0006133610101646931,0.0006784144506367059,0.000687707799275565,0.0008178146802195908,0.0009943883043579116,0.0014869357822174377,0.0017006828009111944,0.0019423098655215278,0.002583550921602798,0.003141151839934337,0.0037823928960156075,0.004479394043930031,0.00503699496226157,0.005055581659539289,0.005083461705455865,0.005018408264983853,0.005092755054094724,0.004906888081317545,0.004795367897651236,0.005046288310900429,0.005334382118705058,0.00530650207278848,0.005752582807453712,0.005929156431592033,0.0053901422105382115,0.005752582807453712,0.006486757349923572,0.006180076844841226,0.006207956890757802,0.00714658510328256,0.009665082584413346,0.008326840380417653,0.009367695427969858,0.010139043364995153,0.012685420892042516,0.014711370895313774,0.013995783050121632,0.0144790371793423,0.013884262866455324,0.012397327084237887,0.011486578917629706,0.011672445890406887,0.011477285568990846,0.011133431669353065,0.010389963778244346,0.009906709649023678,0.011189191761186218,0.011049791531603334,0.011031204834325615,0.011086964926158769,0.01117989841254736,0.012564607359737348,0.014190943371537671
01087,0.0005204275237761033,0.0005204275237761033,0.0005111341751372442,0.0005576009183315391,0.0006133610101646931,0.0006784144506367059,0.000687707799275565,0.0008178146802195908,0.0009943883043579116,0.0014869357822174377,0.0017006828009111944,0.0019423098655215278,0.002583550921602798,0.003141151839934337,0.0037823928960156075,0.004479394043930031,0.00503699496226157,0.005055581659539289,0.005083461705455865,0.005018408264983853,0.005092755054094724,0.004906888081317545,0.004795367897651236,0.005046288310900429,0.005334382118705058,0.00530650207278848,0.005752582807453712,0.005929156431592033,0.0053901422105382115,0.005752582807453712,0.006486757349923572,0.006180076844841226,0.006207956890757802,0.00714658510328256,0.009665082584413346,0.008326840380417653,0.009367695427969858,0.010139043364995153,0.012685420892042516,0.014711370895313774,0.013995783050121632,0.0144790371793423,0.013884262866455324,0.012397327084237887,0.011486578917629706,0.011672445890406887,0.011477285568990846,0.011133431669353065,0.010389963778244346,0.009906709649023678,0.011189191761186218,0.011049791531603334,0.011031204834325615,0.011086964926158769,0.01117989841254736,0.012564607359737348,0.014190943371537671
01089,0.0005204275237761033,0.0005204275237761033,0.0005111341751372442,0.0005576009183315391,0.0006133610101646931,0.0006784144506367059,0.000687707799275565,0.0008178146802195908,0.0009943883043579116,0.0014869357822174377,0.0017006828009111944,0.0019423098655215278,0.002583550921602798,0.003141151839934337,0.0037823928960156075,0.004479394043930031,0.00503699496226157,0.005055581659539289,0.005083461705455865,0.005018408264983853,0.005092755054094724,0.004906888081317545,0.004795367897651236,0.005046288310900429,0.005334382118705058,0.00530650207278848,0.005752582807453712,0.005929156431592033,0.0053901422105382115,0.005752582807453712,0.006486757349923572,0.006180076844841226,0.006207956890757802,0.00714658510328256,0.009665082584413346,0.008326840380417653,0.009367695427969858,0.010139043364995153,0.012685420892042516,0.014711370895313774,0.013995783050121632,0.0144790371793423,0.013884262866455324,0.012397327084237887,0.011486578917629706,0.011672445890406887,0.011477285568990846,0.011133431669353065,0.010389963778244346,0.009906709649023678,0.011189191761186218,0.011049791531603334,0.011031204834325615,0.011086964926158769,0.01117989841254736,0.012564607359737348,0.014190943371537671
01091,0.0005204275237761033,0.0005204275237761033,0.0005111341751372442,0.0005576009183315391,0.0006133610101646931,0.0006784144506367059,0.000687707799275565,0.0008178146802195908,0.0009943883043579116,0.0014869357822174377,0.0017006828009111944,0.0019423098655215278,0.002583550921602798,0.003141151839934337,0.0037823928960156075,0.004479394043930031,0.00503699496226157,0.005055581659539289,0.005083461705455865,0.005018408264983853,0.005092755054094724,0.004906888081317545,0.004795367897651236,0.005046288310900429,0.005334382118705058,0.00530650207278848,0.005752582807453712,0.005929156431592033,0.0053901422105382115,0.005752582807453712,0.006486757349923572,0.006180076844841226,0.006207956890757802,0.00714658510328256,0.009665082584413346,0.008326840380417653,0.009367695427969858,0.010139043364995153,0.012685420892042516,0.014711370895313774,0.013995783050121632,0.0144790371793423,0.013884262866455324,0.012397327084237887,0.011486578917629706,0.011672445890406887,0.011477285568990846,0.011133431669353065,0.010389963778244346,0.009906709649023678,0.011189191761186218,0.011049791531603334,0.011031204834325615,0.011086964926158769,0.01117989841254736,0.012564607359737348,0.014190943371537671
01093,0.0005204275237761033,0.0005204275237761033,0.0005111341751372442,0.0005576009183315391,0.0006133610101646931,0.0006784144506367059,0.000687707799275565,0.0008178146802195908,0.0009943883043579116,0.0014869357822174377,0.0017006828009111944,0.0019423098655215278,0.002583550921602798,0.003141151839934337,0.0037823928960156075,0.004479394043930031,0.00503699496226157,0.005055581659539289,0.005083461705455865,0.005018408264983853,0.005092755054094724,0.004906888081317545,0.004795367897651236,0.005046288310900429,0.005334382118705058,0.00530650207278848,0.005752582807453712,0.005929156431592033,0.0053901422105382115,0.005752582807453712,0.006486757349923572,0.006180076844841226,0.006207956890757802,0.00714658510328256,0.009665082584413346,0.008326840380417653,0.009367695427969858,0.010139043364995153,0.012685420892042516,0.014711370895313774,0.013995783050121632,0.0144790371793423,0.013884262866455324,0.012397327084237887,0.011486578917629706,0.011672445890406887,0.011477285568990846,0.011133431669353065,0.010389963778244346,0.009906709649023678,0.011189191761186218,0.011049791531603334,0.011031204834325615,0.011086964926158769,0.01117989841254736,0.012564607359737348,0.014190943371537671
01095,0.0005204275237761033,0.0005204275237761033,0.0005111341751372442,0.0005576009183315391,0.0006133610101646931,0.0006784144506367059,0.000687707799275565,0.0008178146802195908,0.0009943883043579116,0.0014869357822174377,0.0017006828009111944,0.0019423098655215278,0.002583550921602798,0.003141151839934337,0.0037823928960156075,0.004479394043930031,0.00503699496226157,0.005055581659539289,0.005083461705455865,0.005018408264983853,0.005092755054094724,0.004906888081317545,0.004795367897651236,0.005046288310900429,0.005334382118705058,0.00530650207278848,0.005752582807453712,0.005929156431592033,0.0053901422105382115,0.005752582807453712,0.006486757349923572,0.006180076844841226,0.006207956890757802,0.00714658510328256,0.009665082584413346,0.008326840380417653,0.009367695427969858,0.010139043364995153,0.012685420892042516,0.014711370895313774,0.013995783050121632,0.0144790371793423,0.013884262866455324,0.012397327084237887,0.011486578917629706,0.011672445890406887,0.011477285568990846,0.011133431669353065,0.010389963778244346,0.009906709649023678,0.011189191761186218,0.011049791531603334,0.011031204834325615,0.011086964926158769,0.01117989841254736,0.012564607359737348,0.014190943371537671
01097,0.0005204275237761033,0.0005204275237761033,0.0005111341751372442,0.0005576009183315391,0.0006133610101646931,0.0006784144506367059,0.000687707799275565,0.0008178146802195908,0.0009943883043579116,0.0014869357822174377,0.0017006828009111944,0.0019423098655215278,0.002583550921602798,0.003141151839934337,0.0037823928960156075,0.004479394043930031,0.00503699496226157,0.005055581659539289,0.005083461705455865,0.005018408264983853,0.005092755054094724,0.004906888081317545,0.004795367897651236,0.005046288310900429,0.005334382118705058,0.00530650207278848,0.005752582807453712,0.005929156431592033,0.0053901422105382115,0.005752582807453712,0.006486757349923572,0.006180076844841226,0.006207956890757802,0.00714658510328256,0.009665082584413346,0.008326840380417653,0.009367695427969858,0.010139043364995153,0.012685420892042516,0.014711370895313774,0.013995783050121632,0.0144790371793423,0.013884262866455324,0.012397327084237887,0.011486578917629706,0.011672445890406887,0.011477285568990846,0.011133431669353065,0.010389963778244346,0.009906709649023678,0.011189191761186218,0.011049791531603334,0.011031204834325615,0.011086964926158769,0.01117989841254736,0.012564607359737348,0.014190943371537671
01099,0.0005204275237761033,0.0005204275237761033,0.0005111341751372442,0.0005576009183315391,0.0006133610101646931,0.0006784144506367059,0.000687707799275565,0.0008178146802195908,0.0009943883043579116,0.0014869357822174377,0.0017006828009111944,0.0019423098655215278,0.002583550921602798,0.003141151839934337,0.0037823928960156075,0.004479394043930031,0.00503699496226157,0.005055581659539289,0.005083461705455865,0.005018408264983853,0.005092755054094724,0.004906888081317545,0.004795367897651236,0.005046288310900429,0.005334382118705058,0.00530650207278848,0.005752582807453712,0.005929156431592033,0.0053901422105382115,0.005752582807453712,0.006486757349923572,0.006180076844841226,0.006207956890757802,0.00714658510328256,0.009665082584413346,0.008326840380417653,0.009367695427969858,0.010139043364995153,0.012685420892042516,0.014711370895313774,0.013995783050121632,0.0144790371793423,0.013884262866455324,0.012397327084237887,0.011486578917629706,0.011672445890406887,0.011477285568990846,0.011133431669353065,0.010389963778244346,0.009906709649023678,0.011189191761186218,0.011049791531603334,0.011031204834325615,0.011086964926158769,0.01117989841254736,0.012564607359737348,0.014190943371537671
01101,0.0005204275237761033,0.0005204275237761033,0.0005111341751372442,0.0005576009183315391,0.0006133610101646931,0.0006784144506367059,0.000687707799275565,0.0008178146802195908,0.0009943883043579116,0.0014869357822174377,0.0017006828009111944,0.0019423098655215278,0.002583550921602798,0.003141151839934337,0.0037823928960156075,0.004479394043930031,0.00503699496226157,0.005055581659539289,0.005083461705455865,0.005018408264983853,0.005092755054094724,0.004906888081317545,0.004795367897651236,0.005046288310900429,0.005334382118705058,0.00530650207278848,0.005752582807453712,0.005929156431592033,0.0053901422105382115,0.005752582807453712,0.006486757349923572,0.006180076844841226,0.006207956890757802,0.00714658510328256,0.009665082584413346,0.008326840380417653,0.009367695427969858,0.010139043364995153,0.012685420892042516,0.014711370895313774,0.013995783050121632,0.0144790371793423,0.013884262866455324,0.012397327084237887,0.011486578917629706,0.011672445890406887,0.011477285568990846,0.011133431669353065,0.010389963778244346,0.009906709649023678,0.011189191761186218,0.011049791531603334,0.011031204834325615,0.011086964926158769,0.01117989841254736,0.012564607359737348,0.014190943371537671
01103,0.0005204275237761033,0.0005204275237761033,0.0005111341751372442,0.0005576009183315391,0.0006133610101646931,0.0006784144506367059,0.000687707799275565,0.0008178146802195908,0.0009943883043579116,0.0014869357822174377,0.0017006828009111944,0.0019423098655215278,0.002583550921602798,0.003141151839934337,0.0037823928960156075,0.004479394043930031,0.00503699496226157,0.005055581659539289,0.005083461705455865,0.005018408264983853,0.005092755054094724,0.004906888081317545,0.004795367897651236,0.005046288310900429,0.005334382118705058,0.00530650207278848,0.005752582807453712,0.005929156431592033,0.0053901422105382115,0.005752582807453712,0.006486757349923572,0.006180076844841226,0.006207956890757802,0.00714658510328256,0.009665082584413346,0.008326840380417653,0.009367695427969858,0.010139043364995153,0.012685420892042516,0.014711370895313774,0.013995783050121632,0.0144790371793423,0.013884262866455324,0.012397327084237887,0.011486578917629706,0.011672445890406887,0.011477285568990846,0.011133431669353065,0.010389963778244346,0.009906709649023678,0.011189191761186218,0.011049791531603334,0.011031204834325615,0.011086964926158769,0.01117989841254736,0.012564607359737348,0.014190943371537671
01105,0.0005204275237761033,0.0005204275237761033,0.0005111341751372442,0.0005576009183315391,0.0006133610101646931,0.0006784144506367059,0.000687707799275565,0.0008178146802195908,0.0009943883043579116,0.0014869357822174377,0.0017006828009111944,0.0019423098655215278,0.002583550921602798,0.003141151839934337,0.0037823928960156075,0.004479394043930031,0.00503699496226157,0.005055581659539289,0.005083461705455865,0.005018408264983853,0.005092755054094724,0.004906888081317545,0.004795367897651236,0.005046288310900429,0.005334382118705058,0.00530650207278848,0.005752582807453712,0.005929156431592033,0.0053901422105382115,0.005752582807453712,0.006486757349923572,0.006180076844841226,0.006207956890757802,0.00714658510328256,0.009665082584413346,0.008326840380417653,0.009367695427969858,0.010139043364995153,0.012685420892042516,0.014711370895313774,0.013995783050121632,0.0144790371793423,0.013884262866455324,0.012397327084237887,0.011486578917629706,0.011672445890406887,0.011477285568990846,0.011133431669353065,0.010389963778244346,0.009906709649023678,0.011189191761186218,0.011049791531603334,0.011031204834325615,0.011086964926158769,0.01117989841254736,0.012564607359737348,0.014190943371537671
01107,0.0005204275237761033,0.0005204275237761033,0.0005111341751372442,0.0005576009183315391,0.0006133610101646931,0.0006784144506367059,0.000687707799275565,0.0008178146802195908,0.0009943883043579116,0.0014869357822174377,0.0017006828009111944,0.0019423098655215278,0.002583550921602798,0.003141151839934337,0.0037823928960156075,0.004479394043930031,0.00503699496226157,0.005055581659539289,0.005083461705455865,0.005018408264983853,0.005092755054094724,0.004906888081317545,0.004795367897651236,0.005046288310900429,0.005334382118705058,0.00530650207278848,0.005752582807453712,0.005929156431592033,0.0053901422105382115,0.005752582807453712,0.006486757349923572,0.006180076844841226,0.006207956890757802,0.00714658510328256,0.009665082584413346,0.008326840380417653,0.009367695427969858,0.010139043364995153,0.012685420892042516,0.014711370895313774,0.013995783050121632,0.0144790371793423,0.013884262866455324,0.012397327084237887,0.011486578917629706,0.011672445890406887,0.011477285568990846,0.011133431669353065,0.010389963778244346,0.009906709649023678,0.011189191761186218,0.011049791531603334,0.011031204834325615,0.011086964926158769,0.01117989841254736,0.012564607359737348,0.014190943371537671
01109,0.0005204275237761033,0.0005204275237761033,0.0005111341751372442,0.0005576009183315391,0.0006133610101646931,0.0006784144506367059,0.000687707799275565,0.0008178146802195908,0.0009943883043579116,0.0014869357822174377,0.0017006828009111944,0.0019423098655215278,0.002583550921602798,0.003141151839934337,0.0037823928960156075,0.004479394043930031,0.00503699496226157,0.005055581659539289,0.005083461705455865,0.005018408264983853,0.005092755054094724,0.004906888081317545,0.004795367897651236,0.005046288310900429,0.005334382118705058,0.00530650207278848,0.005752582807453712,0.005929156431592033,0.0053901422105382115,0.005752582807453712,0.006486757349923572,0.006180076844841226,0.006207956890757802,0.00714658510328256,0.009665082584413346,0.008326840380417653,0.009367695427969858,0.010139043364995153,0.012685420892042516,0.014711370895313774,0.013995783050121632,0.0144790371793423,0.013884262866455324,0.012397327084237887,0.011486578917629706,0.011672445890406887,0.011477285568990846,0.011133431669353065,0.010389963778244346,0.009906709649023678,0.011189191761186218,0.011049791531603334,0.011031204834325615,0.011086964926158769,0.01117989841254736,0.012564607359737348,0.014190943371537671
01111,0.0005204275237761033,0.0005204275237761033,0.0005111341751372442,0.0005576009183315391,0.0006133610101646931,0.0006784144506367059,0.000687707799275565,0.0008178146802195908,0.0009943883043579116,0.0014869357822174377,0.0017006828009111944,0.0019423098655215278,0.002583550921602798,0.003141151839934337,0.0037823928960156075,0.004479394043930031,0.00503699496226157,0.005055581659539289,0.005083461705455865,0.005018408264983853,0.005092755054094724,0.004906888081317545,0.004795367897651236,0.005046288310900429,0.005334382118705058,0.00530650207278848,0.005752582807453712,0.005929156431592033,0.0053901422105382115,0.005752582807453712,0.006486757349923572,0.006180076844841226,0.006207956890757802,0.00714658510328256,0.009665082584413346,0.008326840380417653,0.009367695427969858,0.010139043364995153,0.012685420892042516,0.014711370895313774,0.013995783050121632,0.0144790371793423,0.013884262866455324,0.012397327084237887,0.011486578917629706,0.011672445890406887,0.011477285568990846,0.011133431669353065,0.010389963778244346,0.009906709649023678,0.011189191761186218,0.011049791531603334,0.011031204834325615,0.011086964926158769,0.01117989841254736,0.012564607359737348,0.014190943371537671
01113,0.0005204275237761033,0.0005204275237761033,0.0005111341751372442,0.0005576009183315391,0.0006133610101646931,0.0006784144506367059,0.000687707799275565,0.0008178146802195908,0.0009943883043579116,0.0014869357822174377,0.0017006828009111944,0.0019423098655215278,0.002583550921602798,0.003141151839934337,0.0037823928960156075,0.004479394043930031,0.00503699496226157,0.005055581659539289,0.005083461705455865,0.005018408264983853,0.005092755054094724,0.004906888081317545,0.004795367897651236,0.005046288310900429,0.005334382118705058,0.00530650207278848,0.005752582807453712,0.005929156431592033,0.0053901422105382115,0.005752582807453712,0.006486757349923572,0.006180076844841226,0.006207956890757802,0.00714658510328256,0.009665082584413346,0.008326840380417653,0.009367695427969858,0.010139043364995153,0.012685420892042516,0.014711370895313774,0.013995783050121632,0.0144790371793423,0.013884262866455324,0.012397327084237887,0.011486578917629706,0.011672445890406887,0.011477285568990846,0.011133431669353065,0.010389963778244346,0.009906709649023678,0.011189191761186218,0.011049791531603334,0.011031204834325615,0.011086964926158769,0.01117989841254736,0.012564607359737348,0.014190943371537671
01115,0.0005204275237761033,0.0005204275237761033,0.0005111341751372442,0.0005576009183315391,0.0006133610101646931,0.0006784144506367059,0.000687707799275565,0.0008178146802195908,0.0009943883043579116,0.0014869357822174377,0.0017006828009111944,0.0019423098655215278,0.002583550921602798,0.003141151839934337,0.0037823928960156075,0.004479394043930031,0.00503699496226157,0.005055581659539289,0.005083461705455865,0.005018408264983853,0.005092755054094724,0.004906888081317545,0.004795367897651236,0.005046288310900429,0.005334382118705058,0.00530650207278848,0.005752582807453712,0.005929156431592033,0.0053901422105382115,0.005752582807453712,0.006486757349923572,0.006180076844841226,0.006207956890757802,0.00714658510328256,0.009665082584413346,0.008326840380417653,0.009367695427969858,0.010139043364995153,0.012685420892042516,0.014711370895313774,0.013995783050121632,0.0144790371793423,0.013884262866455324,0.012397327084237887,0.011486578917629706,0.011672445890406887,0.011477285568990846,0.011133431669353065,0.010389963778244346,0.009906709649023678,0.011189191761186218,0.011049791531603334,0.011031204834325615,0.011086964926158769,0.01117989841254736,0.012564607359737348,0.014190943371537671
01117,0.0005204275237761033,0.0005204275237761033,0.0005111341751372442,0.0005576009183315391,0.0006133610101646931,0.0006784144506367059,0.000687707799275565,0.0008178146802195908,0.0009943883043579116,0.0014869357822174377,0.0017006828009111944,0.0019423098655215278,0.002583550921602798,0.003141151839934337,0.0037823928960156075,0.004479394043930031,0.00503699496226157,0.005055581659539289,0.005083461705455865,0.005018408264983853,0.005092755054094724,0.004906888081317545,0.004795367897651236,0.005046288310900429,0.005334382118705058,0.00530650207278848,0.005752582807453712,0.005929156431592033,0.0053901422105382115,0.005752582807453712,0.006486757349923572,0.006180076844841226,0.006207956890757802,0.00714658510328256,0.009665082584413346,0.008326840380417653,0.009367695427969858,0.010139043364995153,0.012685420892042516,0.014711370895313774,0.013995783050121632,0.0144790371793423,0.013884262866455324,0.012397327084237887,0.011486578917629706,0.011672445890406887,0.011477285568990846,0.011133431669353065,0.010389963778244346,0.009906709649023678,0.011189191761186218,0.011049791531603334,0.011031204834325615,0.011086964926158769,0.01117989841254736,0.012564607359737348,0.014190943371537671
01119,0.0005204275237761033,0.0005204275237761033,0.0005111341751372442,0.0005576009183315391,0.0006133610101646931,0.0006784144506367059,0.000687707799275565,0.0008178146802195908,0.0009943883043579116,0.0014869357822174377,0.0017006828009111944,0.0019423098655215278,0.002583550921602798,0.003141151839934337,0.0037823928960156075,0.004479394043930031,0.00503699496226157,0.005055581659539289,0.005083461705455865,0.005018408264983853,0.005092755054094724,0.004906888081317545,0.004795367897651236,0.005046288310900429,0.005334382118705058,0.00530650207278848,0.005752582807453712,0.005929156431592033,0.0053901422105382115,0.005752582807453712,0.006486757349923572,0.006180076844841226,0.006207956890757802,0.00714658510328256,0.009665082584413346,0.008326840380417653,0.009367695427969858,0.010139043364995153,0.012685420892042516,0.014711370895313774,0.013995783050121632,0.0144790371793423,0.013884262866455324,0.012397327084237887,0.011486578917629706,0.011672445890406887,0.011477285568990846,0.011133431669353065,0.010389963778244346,0.009906709649023678,0.011189191761186218,0.011049791531603334,0.011031204834325615,0.011086964926158769,0.01117989841254736,0.012564607359737348,0.014190943371537671
01121,0.0005204275237761033,0.0005204275237761033,0.0005111341751372442,0.0005576009183315391,0.0006133610101646931,0.0006784144506367059,0.000687707799275565,0.0008178146802195908,0.0009943883043579116,0.0014869357822174377,0.0017006828009111944,0.0019423098655215278,0.002583550921602798,0.003141151839934337,0.0037823928960156075,0.004479394043930031,0.00503699496226157,0.005055581659539289,0.005083461705455865,0.005018408264983853,0.005092755054094724,0.004906888081317545,0.004795367897651236,0.005046288310900429,0.005334382118705058,0.00530650207278848,0.005752582807453712,0.005929156431592033,0.0053901422105382115,0.005752582807453712,0.006486757349923572,0.006180076844841226,0.006207956890757802,0.00714658510328256,0.009665082584413346,0.008326840380417653,0.009367695427969858,0.010139043364995153,0.012685420892042516,0.014711370895313774,0.013995783050121632,0.0144790371793423,0.013884262866455324,0.012397327084237887,0.011486578917629706,0.011672445890406887,0.011477285568990846,0.011133431669353065,0.010389963778244346,0.009906709649023678,0.011189191761186218,0.011049791531603334,0.011031204834325615,0.011086964926158769,0.01117989841254736,0.012564607359737348,0.014190943371537671
01123,0.0005204275237761033,0.0005204275237761033,0.0005111341751372442,0.0005576009183315391,0.0006133610101646931,0.0006784144506367059,0.000687707799275565,0.0008178146802195908,0.0009943883043579116,0.0014869357822174377,0.0017006828009111944,0.0019423098655215278,0.002583550921602798,0.003141151839934337,0.0037823928960156075,0.004479394043930031,0.00503699496226157,0.005055581659539289,0.005083461705455865,0.005018408264983853,0.005092755054094724,0.004906888081317545,0.004795367897651236,0.005046288310900429,0.005334382118705058,0.00530650207278848,0.005752582807453712,0.005929156431592033,0.0053901422105382115,0.005752582807453712,0.006486757349923572,0.006180076844841226,0.006207956890757802,0.00714658510328256,0.009665082584413346,0.008326840380417653,0.009367695427969858,0.010139043364995153,0.012685420892042516,0.014711370895313774,0.013995783050121632,0.0144790371793423,0.013884262866455324,0.012397327084237887,0.011486578917629706,0.011672445890406887,0.011477285568990846,0.011133431669353065,0.010389963778244346,0.009906709649023678,0.011189191761186218,0.011049791531603334,0.011031204834325615,0.011086964926158769,0.01117989841254736,0.012564607359737348,0.014190943371537671
01125,0.0005204275237761033,0.0005204275237761033,0.0005111341751372442,0.0005576009183315391,0.0006133610101646931,0.0006784144506367059,0.000687707799275565,0.0008178146802195908,0.0009943883043579116,0.0014869357822174377,0.0017006828009111944,0.0019423098655215278,0.002583550921602798,0.003141151839934337,0.0037823928960156075,0.004479394043930031,0.00503699496226157,0.005055581659539289,0.005083461705455865,0.005018408264983853,0.005092755054094724,0.004906888081317545,0.004795367897651236,0.005046288310900429,0.005334382118705058,0.00530650207278848,0.005752582807453712,0.005929156431592033,0.0053901422105382115,0.005752582807453712,0.006486757349923572,0.006180076844841226,0.006207956890757802,0.00714658510328256,0.009665082584413346,0.008326840380417653,0.009367695427969858,0.010139043364995153,0.012685420892042516,0.014711370895313774,0.013995783050121632,0.0144790371793423,0.013884262866455324,0.012397327084237887,0.011486578917629706,0.011672445890406887,0.011477285568990846,0.011133431669353065,0.010389963778244346,0.009906709649023678,0.011189191761186218,0.011049791531603334,0.011031204834325615,0.011086964926158769,0.01117989841254736,0.012564607359737348,0.014190943371537671
01127,0.0005204275237761033,0.0005204275237761033,0.0005111341751372442,0.0005576009183315391,0.0006133610101646931,0.0006784144506367059,0.000687707799275565,0.0008178146802195908,0.0009943883043579116,0.0014869357822174377,0.0017006828009111944,0.0019423098655215278,0.002583550921602798,0.003141151839934337,0.0037823928960156075,0.004479394043930031,0.00503699496226157,0.005055581659539289,0.005083461705455865,0.005018408264983853,0.005092755054094724,0.004906888081317545,0.004795367897651236,0.005046288310900429,0.005334382118705058,0.00530650207278848,0.005752582807453712,0.005929156431592033,0.0053901422105382115,0.005752582807453712,0.006486757349923572,0.006180076844841226,0.006207956890757802,0.00714658510328256,0.009665082584413346,0.008326840380417653,0.009367695427969858,0.010139043364995153,0.012685420892042516,0.014711370895313774,0.013995783050121632,0.0144790371793423,0.013884262866455324,0.012397327084237887,0.011486578917629706,0.011672445890406887,0.011477285568990846,0.011133431669353065,0.010389963778244346,0.009906709649023678,0.011189191761186218,0.011049791531603334,0.011031204834325615,0.011086964926158769,0.01117989841254736,0.012564607359737348,0.014190943371537671
01129,0.0005204275237761033,0.0005204275237761033,0.0005111341751372442,0.0005576009183315391,0.0006133610101646931,0.0006784144506367059,0.000687707799275565,0.0008178146802195908,0.0009943883043579116,0.0014869357822174377,0.0017006828009111944,0.0019423098655215278,0.002583550921602798,0.003141151839934337,0.0037823928960156075,0.004479394043930031,0.00503699496226157,0.005055581659539289,0.005083461705455865,0.005018408264983853,0.005092755054094724,0.004906888081317545,0.004795367897651236,0.005046288310900429,0.005334382118705058,0.00530650207278848,0.005752582807453712,0.005929156431592033,0.0053901422105382115,0.005752582807453712,0.006486757349923572,0.006180076844841226,0.006207956890757802,0.00714658510328256,0.009665082584413346,0.008326840380417653,0.009367695427969858,0.010139043364995153,0.012685420892042516,0.014711370895313774,0.013995783050121632,0.0144790371793423,0.013884262866455324,0.012397327084237887,0.011486578917629706,0.011672445890406887,0.011477285568990846,0.011133431669353065,0.010389963778244346,0.009906709649023678,0.011189191761186218,0.011049791531603334,0.011031204834325615,0.011086964926158769,0.01117989841254736,0.012564607359737348,0.014190943371537671
01131,0.0005204275237761033,0.0005204275237761033,0.0005111341751372442,0.0005576009183315391,0.0006133610101646931,0.0006784144506367059,0.000687707799275565,0.0008178146802195908,0.0009943883043579116,0.0014869357822174377,0.0017006828009111944,0.0019423098655215278,0.002583550921602798,0.003141151839934337,0.0037823928960156075,0.004479394043930031,0.00503699496226157,0.005055581659539289,0.005083461705455865,0.005018408264983853,0.005092755054094724,0.004906888081317545,0.004795367897651236,0.005046288310900429,0.005334382118705058,0.00530650207278848,0.005752582807453712,0.005929156431592033,0.0053901422105382115,0.005752582807453712,0.006486757349923572,0.006180076844841226,0.006207956890757802,0.00714658510328256,0.009665082584413346,0.008326840380417653,0.009367695427969858,0.010139043364995153,0.012685420892042516,0.014711370895313774,0.013995783050121632,0.0144790371793423,0.013884262866455324,0.012397327084237887,0.011486578917629706,0.011672445890406887,0.011477285568990846,0.011133431669353065,0.010389963778244346,0.009906709649023678,0.011189191761186218,0.011049791531603334,0.011031204834325615,0.011086964926158769,0.01117989841254736,0.012564607359737348,0.014190943371537671
01133,0.0005204275237761033,0.0005204275237761033,0.0005111341751372442,0.0005576009183315391,0.0006133610101646931,0.0006784144506367059,0.000687707799275565,0.0008178146802195908,0.0009943883043579116,0.0014869357822174377,0.0017006828009111944,0.0019423098655215278,0.002583550921602798,0.003141151839934337,0.0037823928960156075,0.004479394043930031,0.00503699496226157,0.005055581659539289,0.005083461705455865,0.005018408264983853,0.005092755054094724,0.004906888081317545,0.004795367897651236,0.005046288310900429,0.005334382118705058,0.00530650207278848,0.005752582807453712,0.005929156431592033,0.0053901422105382115,0.005752582807453712,0.006486757349923572,0.006180076844841226,0.006207956890757802,0.00714658510328256,0.009665082584413346,0.008326840380417653,0.009367695427969858,0.010139043364995153,0.012685420892042516,0.014711370895313774,0.013995783050121632,0.0144790371793423,0.013884262866455324,0.012397327084237887,0.011486578917629706,0.011672445890406887,0.011477285568990846,0.011133431669353065,0.010389963778244346,0.009906709649023678,0.011189191761186218,0.011049791531603334,0.011031204834325615,0.011086964926158769,0.01117989841254736,0.012564607359737348,0.014190943371537671
04001,0.0004739607805818083,0.0004553740833040903,0.0005390142210538212,0.0005854809642481161,0.0006412410560812699,0.000669121101997847,0.0007155878451921419,0.0007713479370252958,0.0010780284421076424,0.0013289488553568348,0.0016356293604391815,0.002044536700548977,0.0024534440406587723,0.002918111472601722,0.003280552069517222,0.004553740833040903,0.005157808494566737,0.005204275237761032,0.0051763951918444556,0.004312113768430569,0.0042191802820419795,0.004618794273512915,0.004423633952096877,0.004451513998013454,0.004711727759901506,0.004832541292206673,0.0047024344112626465,0.004897594732678685,0.0048790080354009675,0.004665261016707211,0.004934768127234121,0.005576009183315391,0.005733996110175994,0.006217250239396662,0.007304572030143163,0.007824999553919266,0.0072859853328654444,0.007992279829418728,0.009153948409276101,0.011254245201658231,0.011932659652294937,0.01209064657915554,0.011291418596213668,0.009962469740856832,0.009284055290220127,0.00868928097733315,0.008140973407640471,0.00960932249258019,0.00978589611671851,0.008206026848112485,0.00833613372905651,0.008075919967168457,0.0067748511577282,0.006421703909451559,0.0080666266185296,0.010046109878606563,0.011412232128518834
04003,0.0004739607805818083,0.0004553740833040903,0.0005390142210538212,0.0005854809642481161,0.0006412410560812699,0.000669121101997847,0.0007155878451921419,0.0007713479370252958,0.0010780284421076424,0.0013289488553568348,0.0016356293604391815,0.002044536700548977,0.0024534440406587723,0.002918111472601722,0.003280552069517222,0.004553740833040903,0.005157808494566737,0.005204275237761032,0.0051763951918444556,0.004312113768430569,0.0042191802820419795,0.004618794273512915,0.004423633952096877,0.004451513998013454,0.004711727759901506,0.004832541292206673,0.0047024344112626465,0.004897594732678685,0.0048790080354009675,0.004665261016707211,0.004934768127234121,0.005576009183315391,0.005733996110175994,0.006217250239396662,0.007304572030143163,0.007824999553919266,0.0072859853328654444,0.007992279829418728,0.009153948409276101,0.011254245201658231,0.011932659652294937,0.01209064657915554,0.011291418596213668,0.009962469740856832,0.009284055290220127,0.00868928097733315,0.008140973407640471,0.00960932249258019,0.00978589611671851,0.008206026848112485,0.00833613372905651,0.008075919967168457,0.0067748511577282,0.006421703909451559,0.0080666266185296,0.010046109878606563,0.011412232128518834
04005,0.0004739607805818083,0.0004553740833040903,0.0005390142210538212,0.0005854809642481161,0.0006412410560812699,0.000669121101997847,0.0007155878451921419,0.0007713479370252958,0.0010780284421076424,0.0013289488553568348,0.0016356293604391815,0.002044536700548977,0.0024534440406587723,0.002918111472601722,0.003280552069517222,0.004553740833040903,0.005157808494566737,0.005204275237761032,0.0051763951918444556,0.004312113768430569,0.0042191802820419795,0.004618794273512915,0.004423633952096877,0.004451513998013454,0.004711727759901506,0.004832541292206673,0.0047024344112626465,0.004897594732678685,0.0048790080354009675,0.004665261016707211,0.004934768127234121,0.005576009183315391,0.005733996110175994,0.006217250239396662,0.007304572030143163,0.007824999553919266,0.0072859853328654444,0.007992279829418728,0.009153948409276101,0.011254245201658231,0.011932659652294937,0.01209064657915554,0.011291418596213668,0.009962469740856832,0.009284055290220127,0.00868928097733315,0.008140973407640471,0.00960932249258019,0.00978589611671851,0.008206026848112485,0.00833613372905651,0.008075919967168457,0.0067748511577282,0.006421703909451559,0.0080666266185296,0.010046109878606563,0.011412232128518834
04007,0.0004739607805818083,0.0004553740833040903,0.0005390142210538212,0.0005854809642481161,0.0006412410560812699,0.000669121101997847,0.0007155878451921419,0.0007713479370252958,0.0010780284421076424,0.0013289488553568348,0.0016356293604391815,0.002044536700548977,0.0024534440406587723,0.002918111472601722,0.003280552069517222,0.004553740833040903,0.005157808494566737,0.005204275237761032,0.0051763951918444556,0.004312113768430569,0.0042191802820419795,0.004618794273512915,0.004423633952096877,0.004451513998013454,0.004711727759901506,0.004832541292206673,0.0047024344112626465,0.004897594732678685,0.0048790080354009675,0.004665261016707211,0.004934768127234121,0.005576009183315391,0.005733996110175994,0.006217250239396662,0.007304572030143163,0.007824999553919266,0.0072859853328654444,0.007992279829418728,0.009153948409276101,0.011254245201658231,0.011932659652294937,0.01209064657915554,0.011291418596213668,0.009962469740856832,0.009284055290220127,0.00868928097733315,0.008140973407640471,0.00960932249258019,0.00978589611671851,0.008206026848112485,0.00833613372905651,0.008075919967168457,0.0067748511577282,0.006421703909451559,0.0080666266185296,0.010046109878606563,0.011412232128518834
04009,0.0004739607805818083,0.0004553740833040903,0.0005390142210538212,0.0005854809642481161,0.0006412410560812699,0.000669121101997847,0.0007155878451921419,0.0007713479370252958,0.0010780284421076424,0.0013289488553568348,0.0016356293604391815,0.002044536700548977,0.0024534440406587723,0.002918111472601722,0.003280552069517222,0.004553740833040903,0.005157808494566737,0.005204275237761032,0.0051763951918444556,0.004312113768430569,0.0042191802820419795,0.004618794273512915,0.004423633952096877,0.004451513998013454,0.004711727759901506,0.004832541292206673,0.0047024344112626465,0.004897594732678685,0.0048790080354009675,0.004665261016707211,0.004934768127234121,0.005576009183315391,0.005733996110175994,0.006217250239396662,0.007304572030143163,0.007824999553919266,0.0072859853328654444,0.007992279829418728,0.009153948409276101,0.011254245201658231,0.011932659652294937,0.01209064657915554,0.011291418596213668,0.009962469740856832,0.009284055290220127,0.00868928097733315,0.008140973407640471,0.00960932249258019,0.00978589611671851,0.008206026848112485,0.00833613372905651,0.008075919967168457,0.0067748511577282,0.006421703909451559,0.0080666266185296,0.010046109878606563,0.011412232128518834
04011,0.0004739607805818083,0.0004553740833040903,0.0005390142210538212,0.0005854809642481161,0.0006412410560812699,0.000669121101997847,0.0007155878451921419,0.0007713479370252958,0.0010780284421076424,0.0013289488553568348,0.0016356293604391815,0.002044536700548977,0.0024534440406587723,0.002918111472601722,0.003280552069517222,0.004553740833040903,0.005157808494566737,0.005204275237761032,0.0051763951918444556,0.004312113768430569,0.0042191802820419795,0.004618794273512915,0.004423633952096877,0.004451513998013454,0.004711727759901506,0.004832541292206673,0.0047024344112626465,0.004897594732678685,0.0048790080354009675,0.004665261016707211,0.004934768127234121,0.005576009183315391,0.005733996110175994,0.006217250239396662,0.007304572030143163,0.007824999553919266,0.0072859853328654444,0.007992279829418728,0.009153948409276101,0.011254245201658231,0.011932659652294937,0.01209064657915554,0.011291418596213668,0.009962469740856832,0.009284055290220127,0.00868928097733315,0.008140973407640471,0.00960932249258019,0.00978589611671851,0.008206026848112485,0.00833613372905651,0.008075919967168457,0.0067748511577282,0.006421703909451559,0.0080666266185296,0.010046109878606563,0.011412232128518834
04012,0.0004739607805818083,0.0004553740833040903,0.0005390142210538212,0.0005854809642481161,0.0006412410560812699,0.000669121101997847,0.0007155878451921419,0.0007713479370252958,0.0010780284421076424,0.0013289488553568348,0.0016356293604391815,0.002044536700548977,0.0024534440406587723,0.002918111472601722,0.003280552069517222,0.004553740833040903,0.005157808494566737,0.005204275237761032,0.0051763951918444556,0.004312113768430569,0.0042191802820419795,0.004618794273512915,0.004423633952096877,0.004451513998013454,0.004711727759901506,0.004832541292206673,0.0047024344112626465,0.004897594732678685,0.0048790080354009675,0.004665261016707211,0.004934768127234121,0.005576009183315391,0.005733996110175994,0.006217250239396662,0.007304572030143163,0.007824999553919266,0.0072859853328654444,0.007992279829418728,0.009153948409276101,0.011254245201658231,0.011932659652294937,0.01209064657915554,0.011291418596213668,0.009962469740856832,0.009284055290220127,0.00868928097733315,0.008140973407640471,0.00960932249258019,0.00978589611671851,0.008206026848112485,0.00833613372905651,0.008075919967168457,0.0067748511577282,0.006421703909451559,0.0080666266185296,0.010046109878606563,0.011412232128518834
04013,0.0004739607805818083,0.0004553740833040903,0.0005390142210538212,0.0005854809642481161,0.0006412410560812699,0.000669121101997847,0.0007155878451921419,0.0007713479370252958,0.0010780284421076424,0.0013289488553568348,0.0016356293604391815,0.002044536700548977,0.0024534440406587723,0.002918111472601722,0.003280552069517222,0.004553740833040903,0.005157808494566737,0.005204275237761032,0.0051763951918444556,0.004312113768430569,0.0042191802820419795,0.004618794273512915,0.004423633952096877,0.004451513998013454,0.004711727759901506,0.004832541292206673,0.0047024344112626465,0.004897594732678685,0.0048790080354009675,0.004665261016707211,0.004934768127234121,0.005576009183315391,0.005733996110175994,0.006217250239396662,0.007304572030143163,0.007824999553919266,0.0072859853328654444,0.007992279829418728,0.009153948409276101,0.011254245201658231,0.011932659652294937,0.01209064657915554,0.011291418596213668,0.009962469740856832,0.009284055290220127,0.00868928097733315,0.008140973407640471,0.00960932249258019,0.00978589611671851,0.008206026848112485,0.00833613372905651,0.008075919967168457,0.0067748511577282,0.006421703909451559,0.0080666266185296,0.010046109878606563,0.011412232128518834
04015,0.0004739607805818083,0.0004553740833040903,0.0005390142210538212,0.0005854809642481161,0.0006412410560812699,0.000669121101997847,0.0007155878451921419,0.0007713479370252958,0.0010780284421076424,0.0013289488553568348,0.0016356293604391815,0.002044536700548977,0.0024534440406587723,0.002918111472601722,0.003280552069517222,0.004553740833040903,0.005157808494566737,0.005204275237761032,0.0051763951918444556,0.004312113768430569,0.0042191802820419795,0.004618794273512915,0.004423633952096877,0.004451513998013454,0.004711727759901506,0.004832541292206673,0.0047024344112626465,0.004897594732678685,0.0048790080354009675,0.004665261016707211,0.004934768127234121,0.005576009183315391,0.005733996110175994,0.006217250239396662,0.007304572030143163,0.007824999553919266,0.0072859853328654444,0.007992279829418728,0.009153948409276101,0.011254245201658231,0.011932659652294937,0.01209064657915554,0.011291418596213668,0.009962469740856832,0.009284055290220127,0.00868928097733315,0.008140973407640471,0.00960932249258019,0.00978589611671851,0.008206026848112485,0.00833613372905651,0.008075919967168457,0.0067748511577282,0.006421703909451559,0.0080666266185296,0.010046109878606563,0.011412232128518834
04017,0.0004739607805818083,0.0004553740833040903,0.0005390142210538212,0.0005854809642481161,0.0006412410560812699,0.000669121101997847,0.0007155878451921419,0.0007713479370252958,0.0010780284421076424,0.0013289488553568348,0.0016356293604391815,0.002044536700548977,0.0024534440406587723,0.002918111472601722,0.003280552069517222,0.004553740833040903,0.005157808494566737,0.005204275237761032,0.0051763951918444556,0.004312113768430569,0.0042191802820419795,0.004618794273512915,0.004423633952096877,0.004451513998013454,0.004711727759901506,0.004832541292206673,0.0047024344112626465,0.004897594732678685,0.0048790080354009675,0.004665261016707211,0.004934768127234121,0.005576009183315391,0.005733996110175994,0.006217250239396662,0.007304572030143163,0.007824999553919266,0.0072859853328654444,0.007992279829418728,0.009153948409276101,0.011254245201658231,0.011932659652294937,0.01209064657915554,0.011291418596213668,0.009962469740856832,0.009284055290220127,0.00868928097733315,0.008140973407640471,0.00960932249258019,0.00978589611671851,0.008206026848112485,0.00833613372905651,0.008075919967168457,0.0067748511577282,0.006421703909451559,0.0080666266185296,0.010046109878606563,0.011412232128518834
04019,0.0004739607805818083,0.0004553740833040903,0.0005390142210538212,0.0005854809642481161,0.0006412410560812699,0.000669121101997847,0.0007155878451921419,0.0007713479370252958,0.0010780284421076424,0.0013289488553568348,0.0016356293604391815,0.002044536700548977,0.0024534440406587723,0.002918111472601722,0.003280552069517222,0.004553740833040903,0.005157808494566737,0.005204275237761032,0.0051763951918444556,0.004312113768430569,0.0042191802820419795,0.004618794273512915,0.004423633952096877,0.004451513998013454,0.004711727759901506,0.004832541292206673,0.0047024344112626465,0.004897594732678685,0.0048790080354009675,0.004665261016707211,0.004934768127234121,0.005576009183315391,0.005733996110175994,0.006217250239396662,0.007304572030143163,0.007824999553919266,0.0072859853328654444,0.007992279829418728,0.009153948409276101,0.011254245201658231,0.011932659652294937,0.01209064657915554,0.011291418596213668,0.009962469740856832,0.009284055290220127,0.00868928097733315,0.008140973407640471,0.00960932249258019,0.00978589611671851,0.008206026848112485,0.00833613372905651,0.008075919967168457,0.0067748511577282,0.006421703909451559,0.0080666266185296,0.010046109878606563,0.011412232128518834
04021,0.0004739607805818083,0.0004553740833040903,0.0005390142210538212,0.0005854809642481161,0.0006412410560812699,0.000669121101997847,0.0007155878451921419,0.0007713479370252958,0.0010780284421076424,0.0013289488553568348,0.0016356293604391815,0.002044536700548977,0.0024534440406587723,0.002918111472601722,0.003280552069517222,0.004553740833040903,0.005157808494566737,0.005204275237761032,0.0051763951918444556,0.004312113768430569,0.0042191802820419795,0.004618794273512915,0.004423633952096877,0.004451513998013454,0.004711727759901506,0.004832541292206673,0.0047024344112626465,0.004897594732678685,0.0048790080354009675,0.004665261016707211,0.004934768127234121,0.005576009183315391,0.005733996110175994,0.006217250239396662,0.007304572030143163,0.007824999553919266,0.0072859853328654444,0.007992279829418728,0.009153948409276101,0.011254245201658231,0.011932659652294937,0.01209064657915554,0.011291418596213668,0.009962469740856832,0.009284055290220127,0.00868928097733315,0.008140973407640471,0.00960932249258019,0.00978589611671851,0.008206026848112485,0.00833613372905651,0.008075919967168457,0.0067748511577282,0.006421703909451559,0.0080666266185296,0.010046109878606563,0.011412232128518834
04023,0.0004739607805818083,0.0004553740833040903,0.0005390142210538212,0.0005854809642481161,0.0006412410560812699,0.000669121101997847,0.0007155878451921419,0.0007713479370252958,0.0010780284421076424,0.0013289488553568348,0.0016356293604391815,0.002044536700548977,0.0024534440406587723,0.002918111472601722,0.003280552069517222,0.004553740833040903,0.005157808494566737,0.005204275237761032,0.0051763951918444556,0.004312113768430569,0.0042191802820419795,0.004618794273512915,0.004423633952096877,0.004451513998013454,0.004711727759901506,0.004832541292206673,0.0047024344112626465,0.004897594732678685,0.0048790080354009675,0.004665261016707211,0.004934768127234121,0.005576009183315391,0.005733996110175994,0.006217250239396662,0.007304572030143163,0.007824999553919266,0.0072859853328654444,0.007992279829418728,0.009153948409276101,0.011254245201658231,0.011932659652294937,0.01209064657915554,0.011291418596213668,0.009962469740856832,0.009284055290220127,0.00868928097733315,0.008140973407640471,0.00960932249258019,0.00978589611671851,0.008206026848112485,0.00833613372905651,0.008075919967168457,0.0067748511577282,0.006421703909451559,0.0080666266185296,0.010046109878606563,0.011412232128518834
04025,0.0004739607805818083,0.0004553740833040903,0.0005390142210538212,0.0005854809642481161,0.0006412410560812699,0.000669121101997847,0.0007155878451921419,0.0007713479370252958,0.0010780284421076424,0.0013289488553568348,0.0016356293604391815,0.002044536700548977,0.0024534440406587723,0.002918111472601722,0.003280552069517222,0.004553740833040903,0.005157808494566737,0.005204275237761032,0.0051763951918444556,0.004312113768430569,0.0042191802820419795,0.004618794273512915,0.004423633952096877,0.004451513998013454,0.004711727759901506,0.004832541292206673,0.0047024344112626465,0.004897594732678685,0.0048790080354009675,0.004665261016707211,0.004934768127234121,0.005576009183315391,0.005733996110175994,0.006217250239396662,0.007304572030143163,0.007824999553919266,0.0072859853328654444,0.007992279829418728,0.009153948409276101,0.011254245201658231,0.011932659652294937,0.01209064657915554,0.011291418596213668,0.009962469740856832,0.009284055290220127,0.00868928097733315,0.008140973407640471,0.00960932249258019,0.00978589611671851,0.008206026848112485,0.00833613372905651,0.008075919967168457,0.0067748511577282,0.006421703909451559,0.0080666266185296,0.010046109878606563,0.011412232128518834
04027,0.0004739607805818083,0.0004553740833040903,0.0005390142210538212,0.0005854809642481161,0.0006412410560812699,0.000669121101997847,0.0007155878451921419,0.0007713479370252958,0.0010780284421076424,0.0013289488553568348,0.0016356293604391815,0.002044536700548977,0.0024534440406587723,0.002918111472601722,0.003280552069517222,0.004553740833040903,0.005157808494566737,0.005204275237761032,0.0051763951918444556,0.004312113768430569,0.0042191802820419795,0.004618794273512915,0.004423633952096877,0.004451513998013454,0.004711727759901506,0.004832541292206673,0.0047024344112626465,0.004897594732678685,0.0048790080354009675,0.004665261016707211,0.004934768127234121,0.005576009183315391,0.005733996110175994,0.006217250239396662,0.007304572030143163,0.007824999553919266,0.0072859853328654444,0.007992279829418728,0.009153948409276101,0.011254245201658231,0.011932659652294937,0.01209064657915554,0.011291418596213668,0.009962469740856832,0.009284055290220127,0.00868928097733315,0.008140973407640471,0.00960932249258019,0.00978589611671851,0.008206026848112485,0.00833613372905651,0.008075919967168457,0.0067748511577282,0.006421703909451559,0.0080666266185296,0.010046109878606563,0.011412232128518834
05001,0.0004646674319429493,0.0004553740833040903,0.0004553740833040903,0.0004925474778595262,0.0005111341751372442,0.0005297208724149621,0.0005761876156092571,0.0007062944965532829,0.0008271080288584497,0.0009479215611636166,0.0014962291308562967,0.0015055224794951558,0.0012638954148848221,0.0021188834896598485,0.0026207243161582338,0.0033734855559058117,0.003875326382404197,0.0038846197310430557,0.0038381529878487607,0.004079780052459094,0.003958966520153927,0.0040333133092648,0.0040704867038202355,0.004144833492931108,0.0040426066579036584,0.0040704867038202355,0.004107660098375671,0.004256353676597415,0.003800979593293325,0.004349287162986005,0.00486042133812325,0.004795367897651236,0.0049998215677061345,0.0050277016136227115,0.007248811938310009,0.006551810790395585,0.007127998406004842,0.00823390689402906,0.009479215611636164,0.009962469740856832,0.009358402079330998,0.010520070659188372,0.009962469740856832,0.008261786939945639,0.008271080288584497,0.00742538556244833,0.0071372917546437,0.00732315872742088,0.007834292902558125,0.006635450928145315,0.007750652764808394,0.007388212167892894,0.0071372917546437,0.007109411708727124,0.00788075964575242,0.011895486257739502,0.01082675116427072
05003,0.0004646674319429493,0.0004553740833040903,0.0004553740833040903,0.0004925474778595262,0.0005111341751372442,0.0005297208724149621,0.0005761876156092571,0.0007062944965532829,0.0008271080288584497,0.0009479215611636166,0.0014962291308562967,0.0015055224794951558,0.0012638954148848221,0.0021188834896598485,0.0026207243161582338,0.0033734855559058117,0.003875326382404197,0.0038846197310430557,0.0038381529878487607,0.004079780052459094,0.003958966520153927,0.0040333133092648,0.0040704867038202355,0.004144833492931108,0.0040426066579036584,0.0040704867038202355,0.004107660098375671,0.004256353676597415,0.003800979593293325,0.004349287162986005,0.00486042133812325,0.004795367897651236,0.0049998215677061345,0.0050277016136227115,0.007248811938310009,0.006551810790395585,0.007127998406004842,0.00823390689402906,0.009479215611636164,0.009962469740856832,0.009358402079330998,0.010520070659188372,0.009962469740856832,0.008261786939945639,0.008271080288584497,0.00742538556244833,0.0071372917546437,0.00732315872742088,0.007834292902558125,0.006635450928145315,0.007750652764808394,0.007388212167892894,0.0071372917546437,0.007109411708727124,0.00788075964575242,0.011895486257739502,0.01082675116427072
05005,0.0004646674319429493,0.0004553740833040903,0.0004553740833040903,0.0004925474778595262,0.0005111341751372442,0.0005297208724149621,0.0005761876156092571,0.0007062944965532829,0.0008271080288584497,0.0009479215611636166,0.0014962291308562967,0.0015055224794951558,0.0012638954148848221,0.0021188834896598485,0.0026207243161582338,0.0033734855559058117,0.003875326382404197,0.0038846197310430557,0.0038381529878487607,0.004079780052459094,0.003958966520153927,0.0040333133092648,0.0040704867038202355,0.004144833492931108,0.0040426066579036584,0.0040704867038202355,0.004107660098375671,0.004256353676597415,0.003800979593293325,0.004349287162986005,0.00486042133812325,0.004795367897651236,0.0049998215677061345,0.0050277016136227115,0.007248811938310009,0.006551810790395585,0.007127998406004842,0.00823390689402906,0.009479215611636164,0.009962469740856832,0.009358402079330998,0.010520070659188372,0.009962469740856832,0.008261786939945639,0.008271080288584497,0.00742538556244833,0.0071372917546437,0.00732315872742088,0.007834292902558125,0.006635450928145315,0.007750652764808394,0.007388212167892894,0.0071372917546437,0.007109411708727124,0.00788075964575242,0.011895486257739502,0.01082675116427072
05007,0.0004646674319429493,0.0004553740833040903,0.0004553740833040903,0.0004925474778595262,0.0005111341751372442,0.0005297208724149621,0.0005761876156092571,0.0007062944965532829,0.0008271080288584497,0.0009479215611636166,0.0014962291308562967,0.0015055224794951558,0.0012638954148848221,0.0021188834896598485,0.0026207243161582338,0.0033734855559058117,0.003875326382404197,0.0038846197310430557,0.0038381529878487607,0.004079780052459094,0.003958966520153927,0.0040333133092648,0.0040704867038202355,0.004144833492931108,0.0040426066579036584,0.0040704867038202355,0.004107660098375671,0.004256353676597415,0.003800979593293325,0.004349287162986005,0.00486042133812325,0.004795367897651236,0.0049998215677061345,0.0050277016136227115,0.007248811938310009,0.006551810790395585,0.007127998406004842,0.00823390689402906,0.009479215611636164,0.009962469740856832,0.009358402079330998,0.010520070659188372,0.009962469740856832,0.008261786939945639,0.008271080288584497,0.00742538556244833,0.0071372917546437,0.00732315872742088,0.007834292902558125,0.006635450928145315,0.007750652764808394,0.007388212167892894,0.0071372917546437,0.007109411708727124,0.00788075964575242,0.011895486257739502,0.01082675116427072
05009,0.0004646674319429493,0.0004553740833040903,0.0004553740833040903,0.0004925474778595262,0.0005111341751372442,0.0005297208724149621,0.0005761876156092571,0.0007062944965532829,0.0008271080288584497,0.0009479215611636166,0.0014962291308562967,0.0015055224794951558,0.0012638954148848221,0.0021188834896598485,0.0026207243161582338,0.0033734855559058117,0.003875326382404197,0.0038846197310430557,0.0038381529878487607,0.004079780052459094,0.003958966520153927,0.0040333133092648,0.0040704867038202355,0.004144833492931108,0.0040426066579036584,0.0040704867038202355,0.004107660098375671,0.004256353676597415,0.003800979593293325,0.004349287162986005,0.00486042133812325,0.004795367897651236,0.0049998215677061345,0.0050277016136227115,0.007248811938310009,0.006551810790395585,0.007127998406004842,0.00823390689402906,0.009479215611636164,0.009962469740856832,0.009358402079330998,0.010520070659188372,0.009962469740856832,0.008261786939945639,0.008271080288584497,0.00742538556244833,0.0071372917546437,0.00732315872742088,0.007834292902558125,0.006635450928145315,0.007750652764808394,0.007388212167892894,0.0071372917546437,0.007109411708727124,0.00788075964575242,0.011895486257739502,0.01082675116427072
05011,0.0004646674319429493,0.0004553740833040903,0.0004553740833040903,0.0004925474778595262,0.0005111341751372442,0.0005297208724149621,0.0005761876156092571,0.0007062944965532829,0.0008271080288584497,0.0009479215611636166,0.0014962291308562967,0.0015055224794951558,0.0012638954148848221,0.0021188834896598485,0.0026207243161582338,0.0033734855559058117,0.003875326382404197,0.0038846197310430557,0.0038381529878487607,0.004079780052459094,0.003958966520153927,0.0040333133092648,0.0040704867038202355,0.004144833492931108,0.0040426066579036584,0.0040704867038202355,0.004107660098375671,0.004256353676597415,0.003800979593293325,0.004349287162986005,0.00486042133812325,0.004795367897651236,0.0049998215677061345,0.0050277016136227115,0.007248811938310009,0.006551810790395585,0.007127998406004842,0.00823390689402906,0.009479215611636164,0.009962469740856832,0.009358402079330998,0.010520070659188372,0.009962469740856832,0.008261786939945639,0.008271080288584497,0.00742538556244833,0.0071372917546437,0.00732315872742088,0.007834292902558125,0.006635450928145315,0.007750652764808394,0.007388212167892894,0.0071372917546437,0.007109411708727124,0.00788075964575242,0.011895486257739502,0.01082675116427072
05013,0.0004646674319429493,0.0004553740833040903,0.0004553740833040903,0.0004925474778595262,0.0005111341751372442,0.0005297208724149621,0.0005761876156092571,0.0007062944965532829,0.0008271080288584497,0.0009479215611636166,0.0014962291308562967,0.0015055224794951558,0.0012638954148848221,0.0021188834896598485,0.0026207243161582338,0.0033734855559058117,0.003875326382404197,0.0038846197310430557,0.0038381529878487607,0.004079780052459094,0.003958966520153927,0.0040333133092648,0.0040704867038202355,0.004144833492931108,0.0040426066579036584,0.0040704867038202355,0.004107660098375671,0.004256353676597415,0.003800979593293325,0.004349287162986005,0.00486042133812325,0.004795367897651236,0.0049998215677061345,0.0050277016136227115,0.007248811938310009,0.006551810790395585,0.007127998406004842,0.00823390689402906,0.009479215611636164,0.009962469740856832,0.009358402079330998,0.010520070659188372,0.009962469740856832,0.008261786939945639,0.008271080288584497,0.00742538556244833,0.0071372917546437,0.00732315872742088,0.007834292902558125,0.006635450928145315,0.007750652764808394,0.007388212167892894,0.0071372917546437,0.007109411708727124,0.00788075964575242,0.011895486257739502,0.01082675116427072
05015,0.0004646674319429493,0.0004553740833040903,0.0004553740833040903,0.0004925474778595262,0.0005111341751372442,0.0005297208724149621,0.0005761876156092571,0.0007062944965532829,0.0008271080288584497,0.0009479215611636166,0.0014962291308562967,0.0015055224794951558,0.0012638954148848221,0.0021188834896598485,0.0026207243161582338,0.0033734855559058117,0.003875326382404197,0.0038846197310430557,0.0038381529878487607,0.004079780052459094,0.003958966520153927,0.0040333133092648,0.0040704867038202355,0.004144833492931108,0.0040426066579036584,0.0040704867038202355,0.004107660098375671,0.004256353676597415,0.003800979593293325,0.004349287162986005,0.00486042133812325,0.004795367897651236,0.0049998215677061345,0.0050277016136227115,0.007248811938310009,0.006551810790395585,0.007127998406004842,0.00823390689402906,0.009479215611636164,0.009962469740856832,0.009358402079330998,0.010520070659188372,0.009962469740856832,0.008261786939945639,0.008271080288584497,0.00742538556244833,0.0071372917546437,0.00732315872742088,0.007834292902558125,0.006635450928145315,0.007750652764808394,0.007388212167892894,0.0071372917546437,0.007109411708727124,0.00788075964575242,0.011895486257739502,0.01082675116427072
05017,0.0004646674319429493,0.0004553740833040903,0.0004553740833040903,0.0004925474778595262,0.0005111341751372442,0.0005297208724149621,0.0005761876156092571,0.0007062944965532829,0.0008271080288584497,0.0009479215611636166,0.0014962291308562967,0.0015055224794951558,0.0012638954148848221,0.0021188834896598485,0.0026207243161582338,0.0033734855559058117,0.003875326382404197,0.0038846197310430557,0.0038381529878487607,0.004079780052459094,0.003958966520153927,0.0040333133092648,0.0040704867038202355,0.004144833492931108,0.0040426066579036584,0.0040704867038202355,0.004107660098375671,0.004256353676597415,0.003800979593293325,0.004349287162986005,0.00486042133812325,0.004795367897651236,0.0049998215677061345,0.0050277016136227115,0.007248811938310009,0.006551810790395585,0.007127998406004842,0.00823390689402906,0.009479215611636164,0.009962469740856832,0.009358402079330998,0.010520070659188372,0.009962469740856832,0.008261786939945639,0.008271080288584497,0.00742538556244833,0.0071372917546437,0.00732315872742088,0.007834292902558125,0.006635450928145315,0.007750652764808394,0.007388212167892894,0.0071372917546437,0.007109411708727124,0.00788075964575242,0.011895486257739502,0.01082675116427072
05019,0.0004646674319429493,0.0004553740833040903,0.0004553740833040903,0.0004925474778595262,0.0005111341751372442,0.0005297208724149621,0.0005761876156092571,0.0007062944965532829,0.0008271080288584497,0.0009479215611636166,0.0014962291308562967,0.0015055224794951558,0.0012638954148848221,0.0021188834896598485,0.0026207243161582338,0.0033734855559058117,0.003875326382404197,0.0038846197310430557,0.0038381529878487607,0.004079780052459094,0.003958966520153927,0.0040333133092648,0.0040704867038202355,0.004144833492931108,0.0040426066579036584,0.0040704867038202355,0.004107660098375671,0.004256353676597415,0.003800979593293325,0.004349287162986005,0.00486042133812325,0.004795367897651236,0.0049998215677061345,0.0050277016136227115,0.007248811938310009,0.006551810790395585,0.007127998406004842,0.00823390689402906,0.009479215611636164,0.009962469740856832,0.009358402079330998,0.010520070659188372,0.009962469740856832,0.008261786939945639,0.008271080288584497,0.00742538556244833,0.0071372917546437,0.00732315872742088,0.007834292902558125,0.006635450928145315,0.007750652764808394,0.007388212167892894,0.0071372917546437,0.007109411708727124,0.00788075964575242,0.011895486257739502,0.01082675116427072
05021,0.0004646674319429493,0.0004553740833040903,0.0004553740833040903,0.0004925474778595262,0.0005111341751372442,0.0005297208724149621,0.0005761876156092571,0.0007062944965532829,0.0008271080288584497,0.0009479215611636166,0.0014962291308562967,0.0015055224794951558,0.0012638954148848221,0.0021188834896598485,0.0026207243161582338,0.0033734855559058117,0.003875326382404197,0.0038846197310430557,0.0038381529878487607,0.004079780052459094,0.003958966520153927,0.0040333133092648,0.0040704867038202355,0.004144833492931108,0.0040426066579036584,0.0040704867038202355,0.004107660098375671,0.004256353676597415,0.003800979593293325,0.004349287162986005,0.00486042133812325,0.004795367897651236,0.0049998215677061345,0.0050277016136227115,0.007248811938310009,0.006551810790395585,0.007127998406004842,0.00823390689402906,0.009479215611636164,0.009962469740856832,0.009358402079330998,0.010520070659188372,0.009962469740856832,0.008261786939945639,0.008271080288584497,0.00742538556244833,0.0071372917546437,0.00732315872742088,0.007834292902558125,0.006635450928145315,0.007750652764808394,0.007388212167892894,0.0071372917546437,0.007109411708727124,0.00788075964575242,0.011895486257739502,0.01082675116427072
05023,0.0004646674319429493,0.0004553740833040903,0.0004553740833040903,0.0004925474778595262,0.0005111341751372442,0.0005297208724149621,0.0005761876156092571,0.0007062944965532829,0.0008271080288584497,0.0009479215611636166,0.0014962291308562967,0.0015055224794951558,0.0012638954148848221,0.0021188834896598485,0.0026207243161582338,0.0033734855559058117,0.003875326382404197,0.0038846197310430557,0.0038381529878487607,0.004079780052459094,0.003958966520153927,0.0040333133092648,0.0040704867038202355,0.004144833492931108,0.0040426066579036584,0.0040704867038202355,0.004107660098375671,0.004256353676597415,0.003800979593293325,0.004349287162986005,0.00486042133812325,0.004795367897651236,0.0049998215677061345,0.0050277016136227115,0.007248811938310009,0.006551810790395585,0.007127998406004842,0.00823390689402906,0.009479215611636164,0.009962469740856832,0.009358402079330998,0.010520070659188372,0.009962469740856832,0.008261786939945639,0.008271080288584497,0.00742538556244833,0.0071372917546437,0.00732315872742088,0.007834292902558125,0.006635450928145315,0.007750652764808394,0.007388212167892894,0.0071372917546437,0.007109411708727124,0.00788075964575242,0.011895486257739502,0.01082675116427072
05025,0.0004646674319429493,0.0004553740833040903,0.0004553740833040903,0.0004925474778595262,0.0005111341751372442,0.0005297208724149621,0.0005761876156092571,0.0007062944965532829,0.0008271080288584497,0.0009479215611636166,0.0014962291308562967,0.0015055224794951558,0.0012638954148848221,0.0021188834896598485,0.0026207243161582338,0.0033734855559058117,0.003875326382404197,0.0038846197310430557,0.0038381529878487607,0.004079780052459094,0.003958966520153927,0.0040333133092648,0.0040704867038202355,0.004144833492931108,0.0040426066579036584,0.0040704867038202355,0.004107660098375671,0.004256353676597415,0.003800979593293325,0.004349287162986005,0.00486042133812325,0.004795367897651236,0.0049998215677061345,0.0050277016136227115,0.007248811938310009,0.006551810790395585,0.007127998406004842,0.00823390689402906,0.009479215611636164,0.009962469740856832,0.009358402079330998,0.010520070659188372,0.009962469740856832,0.008261786939945639,0.008271080288584497,0.00742538556244833,0.0071372917546437,0.00732315872742088,0.007834292902558125,0.006635450928145315,0.007750652764808394,0.007388212167892894,0.0071372917546437,0.007109411708727124,0.00788075964575242,0.011895486257739502,0.01082675116427072
05027,0.0004646674319429493,0.0004553740833040903,0.0004553740833040903,0.0004925474778595262,0.0005111341751372442,0.0005297208724149621,0.0005761876156092571,0.0007062944965532829,0.0008271080288584497,0.0009479215611636166,0.0014962291308562967,0.0015055224794951558,0.0012638954148848221,0.0021188834896598485,0.0026207243161582338,0.0033734855559058117,0.003875326382404197,0.0038846197310430557,0.0038381529878487607,0.004079780052459094,0.003958966520153927,0.0040333133092648,0.0040704867038202355,0.004144833492931108,0.0040426066579036584,0.0040704867038202355,0.004107660098375671,0.004256353676597415,0.003800979593293325,0.004349287162986005,0.00486042133812325,0.004795367897651236,0.0049998215677061345,0.0050277016136227115,0.007248811938310009,0.006551810790395585,0.007127998406004842,0.00823390689402906,0.009479215611636164,0.009962469740856832,0.009358402079330998,0.010520070659188372,0.009962469740856832,0.008261786939945639,0.008271080288584497,0.00742538556244833,0.0071372917546437,0.00732315872742088,0.007834292902558125,0.006635450928145315,0.007750652764808394,0.007388212167892894,0.0071372917546437,0.007109411708727124,0.00788075964575242,0.011895486257739502,0.01082675116427072
05029,0.0004646674319429493,0.0004553740833040903,0.0004553740833040903,0.0004925474778595262,0.0005111341751372442,0.0005297208724149621,0.0005761876156092571,0.0007062944965532829,0.0008271080288584497,0.0009479215611636166,0.0014962291308562967,0.0015055224794951558,0.0012638954148848221,0.0021188834896598485,0.0026207243161582338,0.0033734855559058117,0.003875326382404197,0.0038846197310430557,0.0038381529878487607,0.004079780052459094,0.003958966520153927,0.0040333133092648,0.0040704867038202355,0.004144833492931108,0.0040426066579036584,0.0040704867038202355,0.004107660098375671,0.004256353676597415,0.003800979593293325,0.004349287162986005,0.00486042133812325,0.004795367897651236,0.0049998215677061345,0.0050277016136227115,0.007248811938310009,0.006551810790395585,0.007127998406004842,0.00823390689402906,0.009479215611636164,0.009962469740856832,0.009358402079330998,0.010520070659188372,0.009962469740856832,0.008261786939945639,0.008271080288584497,0.00742538556244833,0.0071372917546437,0.00732315872742088,0.007834292902558125,0.006635450928145315,0.007750652764808394,0.007388212167892894,0.0071372917546437,0.007109411708727124,0.00788075964575242,0.011895486257739502,0.01082675116427072
05031,0.0004646674319429493,0.0004553740833040903,0.0004553740833040903,0.0004925474778595262,0.0005111341751372442,0.0005297208724149621,0.0005761876156092571,0.0007062944965532829,0.0008271080288584497,0.0009479215611636166,0.0014962291308562967,0.0015055224794951558,0.0012638954148848221,0.0021188834896598485,0.0026207243161582338,0.0033734855559058117,0.003875326382404197,0.0038846197310430557,0.0038381529878487607,0.004079780052459094,0.003958966520153927,0.0040333133092648,0.0040704867038202355,0.004144833492931108,0.0040426066579036584,0.0040704867038202355,0.004107660098375671,0.004256353676597415,0.003800979593293325,0.004349287162986005,0.00486042133812325,0.004795367897651236,0.0049998215677061345,0.0050277016136227115,0.007248811938310009,0.006551810790395585,0.007127998406004842,0.00823390689402906,0.009479215611636164,0.009962469740856832,0.009358402079330998,0.010520070659188372,0.009962469740856832,0.008261786939945639,0.008271080288584497,0.00742538556244833,0.0071372917546437,0.00732315872742088,0.007834292902558125,0.006635450928145315,0.007750652764808394,0.007388212167892894,0.0071372917546437,0.007109411708727124,0.00788075964575242,0.011895486257739502,0.01082675116427072
05033,0.0004646674319429493,0.0004553740833040903,0.0004553740833040903,0.0004925474778595262,0.0005111341751372442,0.0005297208724149621,0.0005761876156092571,0.0007062944965532829,0.0008271080288584497,0.0009479215611636166,0.0014962291308562967,0.0015055224794951558,0.0012638954148848221,0.0021188834896598485,0.0026207243161582338,0.0033734855559058117,0.003875326382404197,0.0038846197310430557,0.0038381529878487607,0.004079780052459094,0.003958966520153927,0.0040333133092648,0.0040704867038202355,0.004144833492931108,0.0040426066579036584,0.0040704867038202355,0.004107660098375671,0.004256353676597415,0.003800979593293325,0.004349287162986005,0.00486042133812325,0.004795367897651236,0.0049998215677061345,0.0050277016136227115,0.007248811938310009,0.006551810790395585,0.007127998406004842,0.00823390689402906,0.009479215611636164,0.009962469740856832,0.009358402079330998,0.010520070659188372,0.009962469740856832,0.008261786939945639,0.008271080288584497,0.00742538556244833,0.0071372917546437,0.00732315872742088,0.007834292902558125,0.006635450928145315,0.007750652764808394,0.007388212167892894,0.0071372917546437,0.007109411708727124,0.00788075964575242,0.011895486257739502,0.01082675116427072
05035,0.0004646674319429493,0.0004553740833040903,0.0004553740833040903,0.0004925474778595262,0.0005111341751372442,0.0005297208724149621,0.0005761876156092571,0.0007062944965532829,0.0008271080288584497,0.0009479215611636166,0.0014962291308562967,0.0015055224794951558,0.0012638954148848221,0.0021188834896598485,0.0026207243161582338,0.0033734855559058117,0.003875326382404197,0.0038846197310430557,0.0038381529878487607,0.004079780052459094,0.003958966520153927,0.0040333133092648,0.0040704867038202355,0.004144833492931108,0.0040426066579036584,0.0040704867038202355,0.004107660098375671,0.004256353676597415,0.003800979593293325,0.004349287162986005,0.00486042133812325,0.004795367897651236,0.0049998215677061345,0.0050277016136227115,0.007248811938310009,0.006551810790395585,0.007127998406004842,0.00823390689402906,0.009479215611636164,0.009962469740856832,0.009358402079330998,0.010520070659188372,0.009962469740856832,0.008261786939945639,0.008271080288584497,0.00742538556244833,0.0071372917546437,0.00732315872742088,0.007834292902558125,0.006635450928145315,0.007750652764808394,0.007388212167892894,0.0071372917546437,0.007109411708727124,0.00788075964575242,0.011895486257739502,0.01082675116427072
05037,0.0004646674319429493,0.0004553740833040903,0.0004553740833040903,0.0004925474778595262,0.0005111341751372442,0.0005297208724149621,0.0005761876156092571,0.0007062944965532829,0.0008271080288584497,0.0009479215611636166,0.0014962291308562967,0.0015055224794951558,0.0012638954148848221,0.0021188834896598485,0.0026207243161582338,0.0033734855559058117,0.003875326382404197,0.0038846197310430557,0.0038381529878487607,0.004079780052459094,0.003958966520153927,0.0040333133092648,0.0040704867038202355,0.004144833492931108,0.0040426066579036584,0.0040704867038202355,0.004107660098375671,0.004256353676597415,0.003800979593293325,0.004349287162986005,0.00486042133812325,0.004795367897651236,0.0049998215677061345,0.0050277016136227115,0.007248811938310009,0.006551810790395585,0.007127998406004842,0.00823390689402906,0.009479215611636164,0.009962469740856832,0.009358402079330998,0.010520070659188372,0.009962469740856832,0.008261786939945639,0.008271080288584497,0.00742538556244833,0.0071372917546437,0.00732315872742088,0.007834292902558125,0.006635450928145315,0.007750652764808394,0.007388212167892894,0.0071372917546437,0.007109411708727124,0.00788075964575242,0.011895486257739502,0.01082675116427072
05039,0.0004646674319429493,0.0004553740833040903,0.0004553740833040903,0.0004925474778595262,0.0005111341751372442,0.0005297208724149621,0.0005761876156092571,0.0007062944965532829,0.0008271080288584497,0.0009479215611636166,0.0014962291308562967,0.0015055224794951558,0.0012638954148848221,0.0021188834896598485,0.0026207243161582338,0.0033734855559058117,0.003875326382404197,0.0038846197310430557,0.0038381529878487607,0.004079780052459094,0.003958966520153927,0.0040333133092648,0.0040704867038202355,0.004144833492931108,0.0040426066579036584,0.0040704867038202355,0.004107660098375671,0.004256353676597415,0.003800979593293325,0.004349287162986005,0.00486042133812325,0.004795367897651236,0.0049998215677061345,0.0050277016136227115,0.007248811938310009,0.006551810790395585,0.007127998406004842,0.00823390689402906,0.009479215611636164,0.009962469740856832,0.009358402079330998,0.010520070659188372,0.009962469740856832,0.008261786939945639,0.008271080288584497,0.00742538556244833,0.0071372917546437,0.00732315872742088,0.007834292902558125,0.006635450928145315,0.007750652764808394,0.007388212167892894,0.0071372917546437,0.007109411708727124,0.00788075964575242,0.011895486257739502,0.01082675116427072
05041,0.0004646674319429493,0.0004553740833040903,0.0004553740833040903,0.0004925474778595262,0.0005111341751372442,0.0005297208724149621,0.0005761876156092571,0.0007062944965532829,0.0008271080288584497,0.0009479215611636166,0.0014962291308562967,0.0015055224794951558,0.0012638954148848221,0.0021188834896598485,0.0026207243161582338,0.0033734855559058117,0.003875326382404197,0.0038846197310430557,0.0038381529878487607,0.004079780052459094,0.003958966520153927,0.0040333133092648,0.0040704867038202355,0.004144833492931108,0.0040426066579036584,0.0040704867038202355,0.004107660098375671,0.004256353676597415,0.003800979593293325,0.004349287162986005,0.00486042133812325,0.004795367897651236,0.0049998215677061345,0.0050277016136227115,0.007248811938310009,0.006551810790395585,0.007127998406004842,0.00823390689402906,0.009479215611636164,0.009962469740856832,0.009358402079330998,0.010520070659188372,0.009962469740856832,0.008261786939945639,0.008271080288584497,0.00742538556244833,0.0071372917546437,0.00732315872742088,0.007834292902558125,0.006635450928145315,0.007750652764808394,0.007388212167892894,0.0071372917546437,0.007109411708727124,0.00788075964575242,0.011895486257739502,0.01082675116427072
05043,0.0004646674319429493,0.0004553740833040903,0.0004553740833040903,0.0004925474778595262,0.0005111341751372442,0.0005297208724149621,0.0005761876156092571,0.0007062944965532829,0.0008271080288584497,0.0009479215611636166,0.0014962291308562967,0.0015055224794951558,0.0012638954148848221,0.0021188834896598485,0.0026207243161582338,0.0033734855559058117,0.003875326382404197,0.0038846197310430557,0.0038381529878487607,0.004079780052459094,0.003958966520153927,0.0040333133092648,0.0040704867038202355,0.004144833492931108,0.0040426066579036584,0.0040704867038202355,0.004107660098375671,0.004256353676597415,0.003800979593293325,0.004349287162986005,0.00486042133812325,0.004795367897651236,0.0049998215677061345,0.0050277016136227115,0.007248811938310009,0.006551810790395585,0.007127998406004842,0.00823390689402906,0.009479215611636164,0.009962469740856832,0.009358402079330998,0.010520070659188372,0.009962469740856832,0.008261786939945639,0.008271080288584497,0.00742538556244833,0.0071372917546437,0.00732315872742088,0.007834292902558125,0.006635450928145315,0.007750652764808394,0.007388212167892894,0.0071372917546437,0.007109411708727124,0.00788075964575242,0.011895486257739502,0.01082675116427072
05045,0.0004646674319429493,0.0004553740833040903,0.0004553740833040903,0.0004925474778595262,0.0005111341751372442,0.0005297208724149621,0.0005761876156092571,0.0007062944965532829,0.0008271080288584497,0.0009479215611636166,0.0014962291308562967,0.0015055224794951558,0.0012638954148848221,0.0021188834896598485,0.0026207243161582338,0.0033734855559058117,0.003875326382404197,0.0038846197310430557,0.0038381529878487607,0.004079780052459094,0.003958966520153927,0.0040333133092648,0.0040704867038202355,0.004144833492931108,0.0040426066579036584,0.0040704867038202355,0.004107660098375671,0.004256353676597415,0.003800979593293325,0.004349287162986005,0.00486042133812325,0.004795367897651236,0.0049998215677061345,0.0050277016136227115,0.007248811938310009,0.006551810790395585,0.007127998406004842,0.00823390689402906,0.009479215611636164,0.009962469740856832,0.009358402079330998,0.010520070659188372,0.009962469740856832,0.008261786939945639,0.008271080288584497,0.00742538556244833,0.0071372917546437,0.00732315872742088,0.007834292902558125,0.006635450928145315,0.007750652764808394,0.007388212167892894,0.0071372917546437,0.007109411708727124,0.00788075964575242,0.011895486257739502,0.01082675116427072
05047,0.0004646674319429493,0.0004553740833040903,0.0004553740833040903,0.0004925474778595262,0.0005111341751372442,0.0005297208724149621,0.0005761876156092571,0.0007062944965532829,0.0008271080288584497,0.0009479215611636166,0.0014962291308562967,0.0015055224794951558,0.0012638954148848221,0.0021188834896598485,0.0026207243161582338,0.0033734855559058117,0.003875326382404197,0.0038846197310430557,0.0038381529878487607,0.004079780052459094,0.003958966520153927,0.0040333133092648,0.0040704867038202355,0.004144833492931108,0.0040426066579036584,0.0040704867038202355,0.004107660098375671,0.004256353676597415,0.003800979593293325,0.004349287162986005,0.00486042133812325,0.004795367897651236,0.0049998215677061345,0.0050277016136227115,0.007248811938310009,0.006551810790395585,0.007127998406004842,0.00823390689402906,0.009479215611636164,0.009962469740856832,0.009358402079330998,0.010520070659188372,0.009962469740856832,0.008261786939945639,0.008271080288584497,0.00742538556244833,0.0071372917546437,0.00732315872742088,0.007834292902558125,0.006635450928145315,0.007750652764808394,0.007388212167892894,0.0071372917546437,0.007109411708727124,0.00788075964575242,0.011895486257739502,0.01082675116427072
05049,0.0004646674319429493,0.0004553740833040903,0.0004553740833040903,0.0004925474778595262,0.0005111341751372442,0.0005297208724149621,0.0005761876156092571,0.0007062944965532829,0.0008271080288584497,0.0009479215611636166,0.0014962291308562967,0.0015055224794951558,0.0012638954148848221,0.0021188834896598485,0.0026207243161582338,0.0033734855559058117,0.003875326382404197,0.0038846197310430557,0.0038381529878487607,0.004079780052459094,0.003958966520153927,0.0040333133092648,0.0040704867038202355,0.004144833492931108,0.0040426066579036584,0.0040704867038202355,0.004107660098375671,0.004256353676597415,0.003800979593293325,0.004349287162986005,0.00486042133812325,0.004795367897651236,0.0049998215677061345,0.0050277016136227115,0.007248811938310009,0.006551810790395585,0.007127998406004842,0.00823390689402906,0.009479215611636164,0.009962469740856832,0.009358402079330998,0.010520070659188372,0.009962469740856832,0.008261786939945639,0.008271080288584497,0.00742538556244833,0.0071372917546437,0.00732315872742088,0.007834292902558125,0.006635450928145315,0.007750652764808394,0.007388212167892894,0.0071372917546437,0.007109411708727124,0.00788075964575242,0.011895486257739502,0.01082675116427072
05051,0.0004646674319429493,0.0004553740833040903,0.0004553740833040903,0.0004925474778595262,0.0005111341751372442,0.0005297208724149621,0.0005761876156092571,0.0007062944965532829,0.0008271080288584497,0.0009479215611636166,0.0014962291308562967,0.0015055224794951558,0.0012638954148848221,0.0021188834896598485,0.0026207243161582338,0.0033734855559058117,0.003875326382404197,0.0038846197310430557,0.0038381529878487607,0.004079780052459094,0.003958966520153927,0.0040333133092648,0.0040704867038202355,0.004144833492931108,0.0040426066579036584,0.0040704867038202355,0.004107660098375671,0.004256353676597415,0.003800979593293325,0.004349287162986005,0.00486042133812325,0.004795367897651236,0.0049998215677061345,0.0050277016136227115,0.007248811938310009,0.006551810790395585,0.007127998406004842,0.00823390689402906,0.009479215611636164,0.009962469740856832,0.009358402079330998,0.010520070659188372,0.009962469740856832,0.008261786939945639,0.008271080288584497,0.00742538556244833,0.0071372917546437,0.00732315872742088,0.007834292902558125,0.006635450928145315,0.007750652764808394,0.007388212167892894,0.0071372917546437,0.007109411708727124,0.00788075964575242,0.011895486257739502,0.01082675116427072
05053,0.0004646674319429493,0.0004553740833040903,0.0004553740833040903,0.0004925474778595262,0.0005111341751372442,0.0005297208724149621,0.0005761876156092571,0.0007062944965532829,0.0008271080288584497,0.0009479215611636166,0.0014962291308562967,0.0015055224794951558,0.0012638954148848221,0.0021188834896598485,0.0026207243161582338,0.0033734855559058117,0.003875326382404197,0.0038846197310430557,0.0038381529878487607,0.004079780052459094,0.003958966520153927,0.0040333133092648,0.0040704867038202355,0.004144833492931108,0.0040426066579036584,0.0040704867038202355,0.004107660098375671,0.004256353676597415,0.003800979593293325,0.004349287162986005,0.00486042133812325,0.004795367897651236,0.0049998215677061345,0.0050277016136227115,0.007248811938310009,0.006551810790395585,0.007127998406004842,0.00823390689402906,0.009479215611636164,0.009962469740856832,0.009358402079330998,0.010520070659188372,0.009962469740856832,0.008261786939945639,0.008271080288584497,0.00742538556244833,0.0071372917546437,0.00732315872742088,0.007834292902558125,0.006635450928145315,0.007750652764808394,0.007388212167892894,0.0071372917546437,0.007109411708727124,0.00788075964575242,0.011895486257739502,0.01082675116427072
05055,0.0004646674319429493,0.0004553740833040903,0.0004553740833040903,0.0004925474778595262,0.0005111341751372442,0.0005297208724149621,0.0005761876156092571,0.0007062944965532829,0.0008271080288584497,0.0009479215611636166,0.0014962291308562967,0.0015055224794951558,0.0012638954148848221,0.0021188834896598485,0.0026207243161582338,0.0033734855559058117,0.003875326382404197,0.0038846197310430557,0.0038381529878487607,0.004079780052459094,0.003958966520153927,0.0040333133092648,0.0040704867038202355,0.004144833492931108,0.0040426066579036584,0.0040704867038202355,0.004107660098375671,0.004256353676597415,0.003800979593293325,0.004349287162986005,0.00486042133812325,0.004795367897651236,0.0049998215677061345,0.0050277016136227115,0.007248811938310009,0.006551810790395585,0.007127998406004842,0.00823390689402906,0.009479215611636164,0.009962469740856832,0.009358402079330998,0.010520070659188372,0.009962469740856832,0.008261786939945639,0.008271080288584497,0.00742538556244833,0.0071372917546437,0.00732315872742088,0.007834292902558125,0.006635450928145315,0.007750652764808394,0.007388212167892894,0.0071372917546437,0.007109411708727124,0.00788075964575242,0.011895486257739502,0.01082675116427072
05057,0.0004646674319429493,0.0004553740833040903,0.0004553740833040903,0.0004925474778595262,0.0005111341751372442,0.0005297208724149621,0.0005761876156092571,0.0007062944965532829,0.0008271080288584497,0.0009479215611636166,0.0014962291308562967,0.0015055224794951558,0.0012638954148848221,0.0021188834896598485,0.0026207243161582338,0.0033734855559058117,0.003875326382404197,0.0038846197310430557,0.0038381529878487607,0.004079780052459094,0.003958966520153927,0.0040333133092648,0.0040704867038202355,0.004144833492931108,0.0040426066579036584,0.0040704867038202355,0.004107660098375671,0.004256353676597415,0.003800979593293325,0.004349287162986005,0.00486042133812325,0.004795367897651236,0.0049998215677061345,0.0050277016136227115,0.007248811938310009,0.006551810790395585,0.007127998406004842,0.00823390689402906,0.009479215611636164,0.009962469740856832,0.009358402079330998,0.010520070659188372,0.009962469740856832,0.008261786939945639,0.008271080288584497,0.00742538556244833,0.0071372917546437,0.00732315872742088,0.007834292902558125,0.006635450928145315,0.007750652764808394,0.007388212167892894,0.0071372917546437,0.007109411708727124,0.00788075964575242,0.011895486257739502,0.01082675116427072
05059,0.0004646674319429493,0.0004553740833040903,0.0004553740833040903,0.0004925474778595262,0.0005111341751372442,0.0005297208724149621,0.0005761876156092571,0.0007062944965532829,0.0008271080288584497,0.0009479215611636166,0.0014962291308562967,0.0015055224794951558,0.0012638954148848221,0.0021188834896598485,0.0026207243161582338,0.0033734855559058117,0.003875326382404197,0.0038846197310430557,0.0038381529878487607,0.004079780052459094,0.003958966520153927,0.0040333133092648,0.0040704867038202355,0.004144833492931108,0.0040426066579036584,0.0040704867038202355,0.004107660098375671,0.004256353676597415,0.003800979593293325,0.004349287162986005,0.00486042133812325,0.004795367897651236,0.0049998215677061345,0.0050277016136227115,0.007248811938310009,0.006551810790395585,0.007127998406004842,0.00823390689402906,0.009479215611636164,0.009962469740856832,0.009358402079330998,0.010520070659188372,0.009962469740856832,0.008261786939945639,0.008271080288584497,0.00742538556244833,0.0071372917546437,0.00732315872742088,0.007834292902558125,0.006635450928145315,0.007750652764808394,0.007388212167892894,0.0071372917546437,0.007109411708727124,0.00788075964575242,0.011895486257739502,0.01082675116427072
05061,0.0004646674319429493,0.0004553740833040903,0.0004553740833040903,0.0004925474778595262,0.0005111341751372442,0.0005297208724149621,0.0005761876156092571,0.0007062944965532829,0.0008271080288584497,0.0009479215611636166,0.0014962291308562967,0.0015055224794951558,0.0012638954148848221,0.0021188834896598485,0.0026207243161582338,0.0033734855559058117,0.003875326382404197,0.0038846197310430557,0.0038381529878487607,0.004079780052459094,0.003958966520153927,0.0040333133092648,0.0040704867038202355,0.004144833492931108,0.0040426066579036584,0.0040704867038202355,0.004107660098375671,0.004256353676597415,0.003800979593293325,0.004349287162986005,0.00486042133812325,0.004795367897651236,0.0049998215677061345,0.0050277016136227115,0.007248811938310009,0.006551810790395585,0.007127998406004842,0.00823390689402906,0.009479215611636164,0.009962469740856832,0.009358402079330998,0.010520070659188372,0.009962469740856832,0.008261786939945639,0.008271080288584497,0.00742538556244833,0.0071372917546437,0.00732315872742088,0.007834292902558125,0.006635450928145315,0.007750652764808394,0.007388212167892894,0.0071372917546437,0.007109411708727124,0.00788075964575242,0.011895486257739502,0.01082675116427072
05063,0.0004646674319429493,0.0004553740833040903,0.0004553740833040903,0.0004925474778595262,0.0005111341751372442,0.0005297208724149621,0.0005761876156092571,0.0007062944965532829,0.0008271080288584497,0.0009479215611636166,0.0014962291308562967,0.0015055224794951558,0.0012638954148848221,0.0021188834896598485,0.0026207243161582338,0.0033734855559058117,0.003875326382404197,0.0038846197310430557,0.0038381529878487607,0.004079780052459094,0.003958966520153927,0.0040333133092648,0.0040704867038202355,0.004144833492931108,0.0040426066579036584,0.0040704867038202355,0.004107660098375671,0.004256353676597415,0.003800979593293325,0.004349287162986005,0.00486042133812325,0.004795367897651236,0.0049998215677061345,0.0050277016136227115,0.007248811938310009,0.006551810790395585,0.007127998406004842,0.00823390689402906,0.009479215611636164,0.009962469740856832,0.009358402079330998,0.010520070659188372,0.009962469740856832,0.008261786939945639,0.008271080288584497,0.00742538556244833,0.0071372917546437,0.00732315872742088,0.007834292902558125,0.006635450928145315,0.007750652764808394,0.007388212167892894,0.0071372917546437,0.007109411708727124,0.00788075964575242,0.011895486257739502,0.01082675116427072
05065,0.0004646674319429493,0.0004553740833040903,0.0004553740833040903,0.0004925474778595262,0.0005111341751372442,0.0005297208724149621,0.0005761876156092571,0.0007062944965532829,0.0008271080288584497,0.0009479215611636166,0.0014962291308562967,0.0015055224794951558,0.0012638954148848221,0.0021188834896598485,0.0026207243161582338,0.0033734855559058117,0.003875326382404197,0.0038846197310430557,0.0038381529878487607,0.004079780052459094,0.003958966520153927,0.0040333133092648,0.0040704867038202355,0.004144833492931108,0.0040426066579036584,0.0040704867038202355,0.004107660098375671,0.004256353676597415,0.003800979593293325,0.004349287162986005,0.00486042133812325,0.004795367897651236,0.0049998215677061345,0.0050277016136227115,0.007248811938310009,0.006551810790395585,0.007127998406004842,0.00823390689402906,0.009479215611636164,0.009962469740856832,0.009358402079330998,0.010520070659188372,0.009962469740856832,0.008261786939945639,0.008271080288584497,0.00742538556244833,0.0071372917546437,0.00732315872742088,0.007834292902558125,0.006635450928145315,0.007750652764808394,0.007388212167892894,0.0071372917546437,0.007109411708727124,0.00788075964575242,0.011895486257739502,0.01082675116427072
05067,0.0004646674319429493,0.0004553740833040903,0.0004553740833040903,0.0004925474778595262,0.0005111341751372442,0.0005297208724149621,0.0005761876156092571,0.0007062944965532829,0.0008271080288584497,0.0009479215611636166,0.0014962291308562967,0.0015055224794951558,0.0012638954148848221,0.0021188834896598485,0.0026207243161582338,0.0033734855559058117,0.003875326382404197,0.0038846197310430557,0.0038381529878487607,0.004079780052459094,0.003958966520153927,0.0040333133092648,0.0040704867038202355,0.004144833492931108,0.0040426066579036584,0.0040704867038202355,0.004107660098375671,0.004256353676597415,0.003800979593293325,0.004349287162986005,0.00486042133812325,0.004795367897651236,0.0049998215677061345,0.0050277016136227115,0.007248811938310009,0.006551810790395585,0.007127998406004842,0.00823390689402906,0.009479215611636164,0.009962469740856832,0.009358402079330998,0.010520070659188372,0.009962469740856832,0.008261786939945639,0.008271080288584497,0.00742538556244833,0.0071372917546437,0.00732315872742088,0.007834292902558125,0.006635450928145315,0.007750652764808394,0.007388212167892894,0.0071372917546437,0.007109411708727124,0.00788075964575242,0.011895486257739502,0.01082675116427072
05069,0.0004646674319429493,0.0004553740833040903,0.0004553740833040903,0.0004925474778595262,0.0005111341751372442,0.0005297208724149621,0.0005761876156092571,0.0007062944965532829,0.0008271080288584497,0.0009479215611636166,0.0014962291308562967,0.0015055224794951558,0.0012638954148848221,0.0021188834896598485,0.0026207243161582338,0.0033734855559058117,0.003875326382404197,0.0038846197310430557,0.0038381529878487607,0.004079780052459094,0.003958966520153927,0.0040333133092648,0.0040704867038202355,0.004144833492931108,0.0040426066579036584,0.0040704867038202355,0.004107660098375671,0.004256353676597415,0.003800979593293325,0.004349287162986005,0.00486042133812325,0.004795367897651236,0.0049998215677061345,0.0050277016136227115,0.007248811938310009,0.006551810790395585,0.007127998406004842,0.00823390689402906,0.009479215611636164,0.009962469740856832,0.009358402079330998,0.010520070659188372,0.009962469740856832,0.008261786939945639,0.008271080288584497,0.00742538556244833,0.0071372917546437,0.00732315872742088,0.007834292902558125,0.006635450928145315,0.007750652764808394,0.007388212167892894,0.0071372917546437,0.007109411708727124,0.00788075964575242,0.011895486257739502,0.01082675116427072
05071,0.0004646674319429493,0.0004553740833040903,0.0004553740833040903,0.0004925474778595262,0.0005111341751372442,0.0005297208724149621,0.0005761876156092571,0.0007062944965532829,0.0008271080288584497,0.0009479215611636166,0.0014962291308562967,0.0015055224794951558,0.0012638954148848221,0.0021188834896598485,0.0026207243161582338,0.0033734855559058117,0.003875326382404197,0.0038846197310430557,0.0038381529878487607,0.004079780052459094,0.003958966520153927,0.0040333133092648,0.0040704867038202355,0.004144833492931108,0.0040426066579036584,0.0040704867038202355,0.004107660098375671,0.004256353676597415,0.003800979593293325,0.004349287162986005,0.00486042133812325,0.004795367897651236,0.0049998215677061345,0.0050277016136227115,0.007248811938310009,0.006551810790395585,0.007127998406004842,0.00823390689402906,0.009479215611636164,0.009962469740856832,0.009358402079330998,0.010520070659188372,0.009962469740856832,0.008261786939945639,0.008271080288584497,0.00742538556244833,0.0071372917546437,0.00732315872742088,0.007834292902558125,0.006635450928145315,0.007750652764808394,0.007388212167892894,0.0071372917546437,0.007109411708727124,0.00788075964575242,0.011895486257739502,0.01082675116427072
05073,0.0004646674319429493,0.0004553740833040903,0.0004553740833040903,0.0004925474778595262,0.0005111341751372442,0.0005297208724149621,0.0005761876156092571,0.0007062944965532829,0.0008271080288584497,0.0009479215611636166,0.0014962291308562967,0.0015055224794951558,0.0012638954148848221,0.0021188834896598485,0.0026207243161582338,0.0033734855559058117,0.003875326382404197,0.0038846197310430557,0.0038381529878487607,0.004079780052459094,0.003958966520153927,0.0040333133092648,0.0040704867038202355,0.004144833492931108,0.0040426066579036584,0.0040704867038202355,0.004107660098375671,0.004256353676597415,0.003800979593293325,0.004349287162986005,0.00486042133812325,0.004795367897651236,0.0049998215677061345,0.0050277016136227115,0.007248811938310009,0.006551810790395585,0.007127998406004842,0.00823390689402906,0.009479215611636164,0.009962469740856832,0.009358402079330998,0.010520070659188372,0.009962469740856832,0.008261786939945639,0.008271080288584497,0.00742538556244833,0.0071372917546437,0.00732315872742088,0.007834292902558125,0.006635450928145315,0.007750652764808394,0.007388212167892894,0.0071372917546437,0.007109411708727124,0.00788075964575242,0.011895486257739502,0.01082675116427072
05075,0.0004646674319429493,0.0004553740833040903,0.0004553740833040903,0.0004925474778595262,0.0005111341751372442,0.0005297208724149621,0.0005761876156092571,0.0007062944965532829,0.0008271080288584497,0.0009479215611636166,0.0014962291308562967,0.0015055224794951558,0.0012638954148848221,0.0021188834896598485,0.0026207243161582338,0.0033734855559058117,0.003875326382404197,0.0038846197310430557,0.0038381529878487607,0.004079780052459094,0.003958966520153927,0.0040333133092648,0.0040704867038202355,0.004144833492931108,0.0040426066579036584,0.0040704867038202355,0.004107660098375671,0.004256353676597415,0.003800979593293325,0.004349287162986005,0.00486042133812325,0.004795367897651236,0.0049998215677061345,0.0050277016136227115,0.007248811938310009,0.006551810790395585,0.007127998406004842,0.00823390689402906,0.009479215611636164,0.009962469740856832,0.009358402079330998,0.010520070659188372,0.009962469740856832,0.008261786939945639,0.008271080288584497,0.00742538556244833,0.0071372917546437,0.00732315872742088,0.007834292902558125,0.006635450928145315,0.007750652764808394,0.007388212167892894,0.0071372917546437,0.007109411708727124,0.00788075964575242,0.011895486257739502,0.01082675116427072
05077,0.0004646674319429493,0.0004553740833040903,0.0004553740833040903,0.0004925474778595262,0.0005111341751372442,0.0005297208724149621,0.0005761876156092571,0.0007062944965532829,0.0008271080288584497,0.0009479215611636166,0.0014962291308562967,0.0015055224794951558,0.0012638954148848221,0.0021188834896598485,0.0026207243161582338,0.0033734855559058117,0.003875326382404197,0.0038846197310430557,0.0038381529878487607,0.004079780052459094,0.003958966520153927,0.0040333133092648,0.0040704867038202355,0.004144833492931108,0.0040426066579036584,0.0040704867038202355,0.004107660098375671,0.004256353676597415,0.003800979593293325,0.004349287162986005,0.00486042133812325,0.004795367897651236,0.0049998215677061345,0.0050277016136227115,0.007248811938310009,0.006551810790395585,0.007127998406004842,0.00823390689402906,0.009479215611636164,0.009962469740856832,0.009358402079330998,0.010520070659188372,0.009962469740856832,0.008261786939945639,0.008271080288584497,0.00742538556244833,0.0071372917546437,0.00732315872742088,0.007834292902558125,0.006635450928145315,0.007750652764808394,0.007388212167892894,0.0071372917546437,0.007109411708727124,0.00788075964575242,0.011895486257739502,0.01082675116427072
05079,0.0004646674319429493,0.0004553740833040903,0.0004553740833040903,0.0004925474778595262,0.0005111341751372442,0.0005297208724149621,0.0005761876156092571,0.0007062944965532829,0.0008271080288584497,0.0009479215611636166,0.0014962291308562967,0.0015055224794951558,0.0012638954148848221,0.0021188834896598485,0.0026207243161582338,0.0033734855559058117,0.003875326382404197,0.0038846197310430557,0.0038381529878487607,0.004079780052459094,0.003958966520153927,0.0040333133092648,0.0040704867038202355,0.004144833492931108,0.0040426066579036584,0.0040704867038202355,0.004107660098375671,0.004256353676597415,0.003800979593293325,0.004349287162986005,0.00486042133812325,0.004795367897651236,0.0049998215677061345,0.0050277016136227115,0.007248811938310009,0.006551810790395585,0.007127998406004842,0.00823390689402906,0.009479215611636164,0.009962469740856832,0.009358402079330998,0.010520070659188372,0.009962469740856832,0.008261786939945639,0.008271080288584497,0.00742538556244833,0.0071372917546437,0.00732315872742088,0.007834292902558125,0.006635450928145315,0.007750652764808394,0.007388212167892894,0.0071372917546437,0.007109411708727124,0.00788075964575242,0.011895486257739502,0.01082675116427072
05081,0.0004646674319429493,0.0004553740833040903,0.0004553740833040903,0.0004925474778595262,0.0005111341751372442,0.0005297208724149621,0.0005761876156092571,0.0007062944965532829,0.0008271080288584497,0.0009479215611636166,0.0014962291308562967,0.0015055224794951558,0.0012638954148848221,0.0021188834896598485,0.0026207243161582338,0.0033734855559058117,0.003875326382404197,0.0038846197310430557,0.0038381529878487607,0.004079780052459094,0.003958966520153927,0.0040333133092648,0.0040704867038202355,0.004144833492931108,0.0040426066579036584,0.0040704867038202355,0.004107660098375671,0.004256353676597415,0.003800979593293325,0.004349287162986005,0.00486042133812325,0.004795367897651236,0.0049998215677061345,0.0050277016136227115,0.007248811938310009,0.006551810790395585,0.007127998406004842,0.00823390689402906,0.009479215611636164,0.009962469740856832,0.009358402079330998,0.010520070659188372,0.009962469740856832,0.008261786939945639,0.008271080288584497,0.00742538556244833,0.0071372917546437,0.00732315872742088,0.007834292902558125,0.006635450928145315,0.007750652764808394,0.007388212167892894,0.0071372917546437,0.007109411708727124,0.00788075964575242,0.011895486257739502,0.01082675116427072
05083,0.0004646674319429493,0.0004553740833040903,0.0004553740833040903,0.0004925474778595262,0.0005111341751372442,0.0005297208724149621,0.0005761876156092571,0.0007062944965532829,0.0008271080288584497,0.0009479215611636166,0.0014962291308562967,0.0015055224794951558,0.0012638954148848221,0.0021188834896598485,0.0026207243161582338,0.0033734855559058117,0.003875326382404197,0.0038846197310430557,0.0038381529878487607,0.004079780052459094,0.003958966520153927,0.0040333133092648,0.0040704867038202355,0.004144833492931108,0.0040426066579036584,0.0040704867038202355,0.004107660098375671,0.004256353676597415,0.003800979593293325,0.004349287162986005,0.00486042133812325,0.004795367897651236,0.0049998215677061345,0.0050277016136227115,0.007248811938310009,0.006551810790395585,0.007127998406004842,0.00823390689402906,0.009479215611636164,0.009962469740856832,0.009358402079330998,0.010520070659188372,0.009962469740856832,0.008261786939945639,0.008271080288584497,0.00742538556244833,0.0071372917546437,0.00732315872742088,0.007834292902558125,0.006635450928145315,0.007750652764808394,0.007388212167892894,0.0071372917546437,0.007109411708727124,0.00788075964575242,0.011895486257739502,0.01082675116427072
05085,0.0004646674319429493,0.0004553740833040903,0.0004553740833040903,0.0004925474778595262,0.0005111341751372442,0.0005297208724149621,0.0005761876156092571,0.0007062944965532829,0.0008271080288584497,0.0009479215611636166,0.0014962291308562967,0.0015055224794951558,0.0012638954148848221,0.0021188834896598485,0.0026207243161582338,0.0033734855559058117,0.003875326382404197,0.0038846197310430557,0.0038381529878487607,0.004079780052459094,0.003958966520153927,0.0040333133092648,0.0040704867038202355,0.004144833492931108,0.0040426066579036584,0.0040704867038202355,0.004107660098375671,0.004256353676597415,0.003800979593293325,0.004349287162986005,0.00486042133812325,0.004795367897651236,0.0049998215677061345,0.0050277016136227115,0.007248811938310009,0.006551810790395585,0.007127998406004842,0.00823390689402906,0.009479215611636164,0.009962469740856832,0.009358402079330998,0.010520070659188372,0.009962469740856832,0.008261786939945639,0.008271080288584497,0.00742538556244833,0.0071372917546437,0.00732315872742088,0.007834292902558125,0.006635450928145315,0.007750652764808394,0.007388212167892894,0.0071372917546437,0.007109411708727124,0.00788075964575242,0.011895486257739502,0.01082675116427072
05087,0.0004646674319429493,0.0004553740833040903,0.0004553740833040903,0.0004925474778595262,0.0005111341751372442,0.0005297208724149621,0.0005761876156092571,0.0007062944965532829,0.0008271080288584497,0.0009479215611636166,0.0014962291308562967,0.0015055224794951558,0.0012638954148848221,0.0021188834896598485,0.0026207243161582338,0.0033734855559058117,0.003875326382404197,0.0038846197310430557,0.0038381529878487607,0.004079780052459094,0.003958966520153927,0.0040333133092648,0.0040704867038202355,0.004144833492931108,0.0040426066579036584,0.0040704867038202355,0.004107660098375671,0.004256353676597415,0.003800979593293325,0.004349287162986005,0.00486042133812325,0.004795367897651236,0.0049998215677061345,0.0050277016136227115,0.007248811938310009,0.006551810790395585,0.007127998406004842,0.00823390689402906,0.009479215611636164,0.009962469740856832,0.009358402079330998,0.010520070659188372,0.009962469740856832,0.008261786939945639,0.008271080288584497,0.00742538556244833,0.0071372917546437,0.00732315872742088,0.007834292902558125,0.006635450928145315,0.007750652764808394,0.007388212167892894,0.0071372917546437,0.007109411708727124,0.00788075964575242,0.011895486257739502,0.01082675116427072
05089,0.0004646674319429493,0.0004553740833040903,0.0004553740833040903,0.0004925474778595262,0.0005111341751372442,0.0005297208724149621,0.0005761876156092571,0.0007062944965532829,0.0008271080288584497,0.0009479215611636166,0.0014962291308562967,0.0015055224794951558,0.0012638954148848221,0.0021188834896598485,0.0026207243161582338,0.0033734855559058117,0.003875326382404197,0.0038846197310430557,0.0038381529878487607,0.004079780052459094,0.003958966520153927,0.0040333133092648,0.0040704867038202355,0.004144833492931108,0.0040426066579036584,0.0040704867038202355,0.004107660098375671,0.004256353676597415,0.003800979593293325,0.004349287162986005,0.00486042133812325,0.004795367897651236,0.0049998215677061345,0.0050277016136227115,0.007248811938310009,0.006551810790395585,0.007127998406004842,0.00823390689402906,0.009479215611636164,0.009962469740856832,0.009358402079330998,0.010520070659188372,0.009962469740856832,0.008261786939945639,0.008271080288584497,0.00742538556244833,0.0071372917546437,0.00732315872742088,0.007834292902558125,0.006635450928145315,0.007750652764808394,0.007388212167892894,0.0071372917546437,0.007109411708727124,0.00788075964575242,0.011895486257739502,0.01082675116427072
05091,0.0004646674319429493,0.0004553740833040903,0.0004553740833040903,0.0004925474778595262,0.0005111341751372442,0.0005297208724149621,0.0005761876156092571,0.0007062944965532829,0.0008271080288584497,0.0009479215611636166,0.0014962291308562967,0.0015055224794951558,0.0012638954148848221,0.0021188834896598485,0.0026207243161582338,0.0033734855559058117,0.003875326382404197,0.0038846197310430557,0.0038381529878487607,0.004079780052459094,0.003958966520153927,0.0040333133092648,0.0040704867038202355,0.004144833492931108,0.0040426066579036584,0.0040704867038202355,0.004107660098375671,0.004256353676597415,0.003800979593293325,0.004349287162986005,0.00486042133812325,0.004795367897651236,0.0049998215677061345,0.0050277016136227115,0.007248811938310009,0.006551810790395585,0.007127998406004842,0.00823390689402906,0.009479215611636164,0.009962469740856832,0.009358402079330998,0.010520070659188372,0.009962469740856832,0.008261786939945639,0.008271080288584497,0.00742538556244833,0.0071372917546437,0.00732315872742088,0.007834292902558125,0.006635450928145315,0.007750652764808394,0.007388212167892894,0.0071372917546437,0.007109411708727124,0.00788075964575242,0.011895486257739502,0.01082675116427072
05093,0.0004646674319429493,0.0004553740833040903,0.0004553740833040903,0.0004925474778595262,0.0005111341751372442,0.0005297208724149621,0.0005761876156092571,0.0007062944965532829,0.0008271080288584497,0.0009479215611636166,0.0014962291308562967,0.0015055224794951558,0.0012638954148848221,0.0021188834896598485,0.0026207243161582338,0.0033734855559058117,0.003875326382404197,0.0038846197310430557,0.0038381529878487607,0.004079780052459094,0.003958966520153927,0.0040333133092648,0.0040704867038202355,0.004144833492931108,0.0040426066579036584,0.0040704867038202355,0.004107660098375671,0.004256353676597415,0.003800979593293325,0.004349287162986005,0.00486042133812325,0.004795367897651236,0.0049998215677061345,0.0050277016136227115,0.007248811938310009,0.006551810790395585,0.007127998406004842,0.00823390689402906,0.009479215611636164,0.009962469740856832,0.009358402079330998,0.010520070659188372,0.009962469740856832,0.008261786939945639,0.008271080288584497,0.00742538556244833,0.0071372917546437,0.00732315872742088,0.007834292902558125,0.006635450928145315,0.007750652764808394,0.007388212167892894,0.0071372917546437,0.007109411708727124,0.00788075964575242,0.011895486257739502,0.01082675116427072
05095,0.0004646674319429493,0.0004553740833040903,0.0004553740833040903,0.0004925474778595262,0.0005111341751372442,0.0005297208724149621,0.0005761876156092571,0.0007062944965532829,0.0008271080288584497,0.0009479215611636166,0.0014962291308562967,0.0015055224794951558,0.0012638954148848221,0.0021188834896598485,0.0026207243161582338,0.0033734855559058117,0.003875326382404197,0.0038846197310430557,0.0038381529878487607,0.004079780052459094,0.003958966520153927,0.0040333133092648,0.0040704867038202355,0.004144833492931108,0.0040426066579036584,0.0040704867038202355,0.004107660098375671,0.004256353676597415,0.003800979593293325,0.004349287162986005,0.00486042133812325,0.004795367897651236,0.0049998215677061345,0.0050277016136227115,0.007248811938310009,0.006551810790395585,0.007127998406004842,0.00823390689402906,0.009479215611636164,0.009962469740856832,0.009358402079330998,0.010520070659188372,0.009962469740856832,0.008261786939945639,0.008271080288584497,0.00742538556244833,0.0071372917546437,0.00732315872742088,0.007834292902558125,0.006635450928145315,0.007750652764808394,0.007388212167892894,0.0071372917546437,0.007109411708727124,0.00788075964575242,0.011895486257739502,0.01082675116427072
05097,0.0004646674319429493,0.0004553740833040903,0.0004553740833040903,0.0004925474778595262,0.0005111341751372442,0.0005297208724149621,0.0005761876156092571,0.0007062944965532829,0.0008271080288584497,0.0009479215611636166,0.0014962291308562967,0.0015055224794951558,0.0012638954148848221,0.0021188834896598485,0.0026207243161582338,0.0033734855559058117,0.003875326382404197,0.0038846197310430557,0.0038381529878487607,0.004079780052459094,0.003958966520153927,0.0040333133092648,0.0040704867038202355,0.004144833492931108,0.0040426066579036584,0.0040704867038202355,0.004107660098375671,0.004256353676597415,0.003800979593293325,0.004349287162986005,0.00486042133812325,0.004795367897651236,0.0049998215677061345,0.0050277016136227115,0.007248811938310009,0.006551810790395585,0.007127998406004842,0.00823390689402906,0.009479215611636164,0.009962469740856832,0.009358402079330998,0.010520070659188372,0.009962469740856832,0.008261786939945639,0.008271080288584497,0.00742538556244833,0.0071372917546437,0.00732315872742088,0.007834292902558125,0.006635450928145315,0.007750652764808394,0.007388212167892894,0.0071372917546437,0.007109411708727124,0.00788075964575242,0.011895486257739502,0.01082675116427072
05099,0.0004646674319429493,0.0004553740833040903,0.0004553740833040903,0.0004925474778595262,0.0005111341751372442,0.0005297208724149621,0.0005761876156092571,0.0007062944965532829,0.0008271080288584497,0.0009479215611636166,0.0014962291308562967,0.0015055224794951558,0.0012638954148848221,0.0021188834896598485,0.0026207243161582338,0.0033734855559058117,0.003875326382404197,0.0038846197310430557,0.0038381529878487607,0.004079780052459094,0.003958966520153927,0.0040333133092648,0.0040704867038202355,0.004144833492931108,0.0040426066579036584,0.0040704867038202355,0.004107660098375671,0.004256353676597415,0.003800979593293325,0.004349287162986005,0.00486042133812325,0.004795367897651236,0.0049998215677061345,0.0050277016136227115,0.007248811938310009,0.006551810790395585,0.007127998406004842,0.00823390689402906,0.009479215611636164,0.009962469740856832,0.009358402079330998,0.010520070659188372,0.009962469740856832,0.008261786939945639,0.008271080288584497,0.00742538556244833,0.0071372917546437,0.00732315872742088,0.007834292902558125,0.006635450928145315,0.007750652764808394,0.007388212167892894,0.0071372917546437,0.007109411708727124,0.00788075964575242,0.011895486257739502,0.01082675116427072
05101,0.0004646674319429493,0.0004553740833040903,0.0004553740833040903,0.0004925474778595262,0.0005111341751372442,0.0005297208724149621,0.0005761876156092571,0.0007062944965532829,0.0008271080288584497,0.0009479215611636166,0.0014962291308562967,0.0015055224794951558,0.0012638954148848221,0.0021188834896598485,0.0026207243161582338,0.0033734855559058117,0.003875326382404197,0.0038846197310430557,0.0038381529878487607,0.004079780052459094,0.003958966520153927,0.0040333133092648,0.0040704867038202355,0.004144833492931108,0.0040426066579036584,0.0040704867038202355,0.004107660098375671,0.004256353676597415,0.003800979593293325,0.004349287162986005,0.00486042133812325,0.004795367897651236,0.0049998215677061345,0.0050277016136227115,0.007248811938310009,0.006551810790395585,0.007127998406004842,0.00823390689402906,0.009479215611636164,0.009962469740856832,0.009358402079330998,0.010520070659188372,0.009962469740856832,0.008261786939945639,0.008271080288584497,0.00742538556244833,0.0071372917546437,0.00732315872742088,0.007834292902558125,0.006635450928145315,0.007750652764808394,0.007388212167892894,0.0071372917546437,0.007109411708727124,0.00788075964575242,0.011895486257739502,0.01082675116427072
05103,0.0004646674319429493,0.0004553740833040903,0.0004553740833040903,0.0004925474778595262,0.0005111341751372442,0.0005297208724149621,0.0005761876156092571,0.0007062944965532829,0.0008271080288584497,0.0009479215611636166,0.0014962291308562967,0.0015055224794951558,0.0012638954148848221,0.0021188834896598485,0.0026207243161582338,0.0033734855559058117,0.003875326382404197,0.0038846197310430557,0.0038381529878487607,0.004079780052459094,0.003958966520153927,0.0040333133092648,0.0040704867038202355,0.004144833492931108,0.0040426066579036584,0.0040704867038202355,0.004107660098375671,0.004256353676597415,0.003800979593293325,0.004349287162986005,0.00486042133812325,0.004795367897651236,0.0049998215677061345,0.0050277016136227115,0.007248811938310009,0.006551810790395585,0.007127998406004842,0.00823390689402906,0.009479215611636164,0.009962469740856832,0.009358402079330998,0.010520070659188372,0.009962469740856832,0.008261786939945639,0.008271080288584497,0.00742538556244833,0.0071372917546437,0.00732315872742088,0.007834292902558125,0.006635450928145315,0.007750652764808394,0.007388212167892894,0.0071372917546437,0.007109411708727124,0.00788075964575242,0.011895486257739502,0.01082675116427072
05105,0.0004646674319429493,0.0004553740833040903,0.0004553740833040903,0.0004925474778595262,0.0005111341751372442,0.0005297208724149621,0.0005761876156092571,0.0007062944965532829,0.0008271080288584497,0.0009479215611636166,0.0014962291308562967,0.0015055224794951558,0.0012638954148848221,0.0021188834896598485,0.0026207243161582338,0.0033734855559058117,0.003875326382404197,0.0038846197310430557,0.0038381529878487607,0.004079780052459094,0.003958966520153927,0.0040333133092648,0.0040704867038202355,0.004144833492931108,0.0040426066579036584,0.0040704867038202355,0.004107660098375671,0.004256353676597415,0.003800979593293325,0.004349287162986005,0.00486042133812325,0.004795367897651236,0.0049998215677061345,0.0050277016136227115,0.007248811938310009,0.006551810790395585,0.007127998406004842,0.00823390689402906,0.009479215611636164,0.009962469740856832,0.009358402079330998,0.010520070659188372,0.009962469740856832,0.008261786939945639,0.008271080288584497,0.00742538556244833,0.0071372917546437,0.00732315872742088,0.007834292902558125,0.006635450928145315,0.007750652764808394,0.007388212167892894,0.0071372917546437,0.007109411708727124,0.00788075964575242,0.011895486257739502,0.01082675116427072
05107,0.0004646674319429493,0.0004553740833040903,0.0004553740833040903,0.0004925474778595262,0.0005111341751372442,0.0005297208724149621,0.0005761876156092571,0.0007062944965532829,0.0008271080288584497,0.0009479215611636166,0.0014962291308562967,0.0015055224794951558,0.0012638954148848221,0.0021188834896598485,0.0026207243161582338,0.0033734855559058117,0.003875326382404197,0.0038846197310430557,0.0038381529878487607,0.004079780052459094,0.003958966520153927,0.0040333133092648,0.0040704867038202355,0.004144833492931108,0.0040426066579036584,0.0040704867038202355,0.004107660098375671,0.004256353676597415,0.003800979593293325,0.004349287162986005,0.00486042133812325,0.004795367897651236,0.0049998215677061345,0.0050277016136227115,0.007248811938310009,0.006551810790395585,0.007127998406004842,0.00823390689402906,0.009479215611636164,0.009962469740856832,0.009358402079330998,0.010520070659188372,0.009962469740856832,0.008261786939945639,0.008271080288584497,0.00742538556244833,0.0071372917546437,0.00732315872742088,0.007834292902558125,0.006635450928145315,0.007750652764808394,0.007388212167892894,0.0071372917546437,0.007109411708727124,0.00788075964575242,0.011895486257739502,0.01082675116427072
05109,0.0004646674319429493,0.0004553740833040903,0.0004553740833040903,0.0004925474778595262,0.0005111341751372442,0.0005297208724149621,0.0005761876156092571,0.0007062944965532829,0.0008271080288584497,0.0009479215611636166,0.0014962291308562967,0.0015055224794951558,0.0012638954148848221,0.0021188834896598485,0.0026207243161582338,0.0033734855559058117,0.003875326382404197,0.0038846197310430557,0.0038381529878487607,0.004079780052459094,0.003958966520153927,0.0040333133092648,0.0040704867038202355,0.004144833492931108,0.0040426066579036584,0.0040704867038202355,0.004107660098375671,0.004256353676597415,0.003800979593293325,0.004349287162986005,0.00486042133812325,0.004795367897651236,0.0049998215677061345,0.0050277016136227115,0.007248811938310009,0.006551810790395585,0.007127998406004842,0.00823390689402906,0.009479215611636164,0.009962469740856832,0.009358402079330998,0.010520070659188372,0.009962469740856832,0.008261786939945639,0.008271080288584497,0.00742538556244833,0.0071372917546437,0.00732315872742088,0.007834292902558125,0.006635450928145315,0.007750652764808394,0.007388212167892894,0.0071372917546437,0.007109411708727124,0.00788075964575242,0.011895486257739502,0.01082675116427072
05111,0.0004646674319429493,0.0004553740833040903,0.0004553740833040903,0.0004925474778595262,0.0005111341751372442,0.0005297208724149621,0.0005761876156092571,0.0007062944965532829,0.0008271080288584497,0.0009479215611636166,0.0014962291308562967,0.0015055224794951558,0.0012638954148848221,0.0021188834896598485,0.0026207243161582338,0.0033734855559058117,0.003875326382404197,0.0038846197310430557,0.0038381529878487607,0.004079780052459094,0.003958966520153927,0.0040333133092648,0.0040704867038202355,0.004144833492931108,0.0040426066579036584,0.0040704867038202355,0.004107660098375671,0.004256353676597415,0.003800979593293325,0.004349287162986005,0.00486042133812325,0.004795367897651236,0.0049998215677061345,0.0050277016136227115,0.007248811938310009,0.006551810790395585,0.007127998406004842,0.00823390689402906,0.009479215611636164,0.009962469740856832,0.009358402079330998,0.010520070659188372,0.009962469740856832,0.008261786939945639,0.008271080288584497,0.00742538556244833,0.0071372917546437,0.00732315872742088,0.007834292902558125,0.006635450928145315,0.007750652764808394,0.007388212167892894,0.0071372917546437,0.007109411708727124,0.00788075964575242,0.011895486257739502,0.01082675116427072
05113,0.0004646674319429493,0.0004553740833040903,0.0004553740833040903,0.0004925474778595262,0.0005111341751372442,0.0005297208724149621,0.0005761876156092571,0.0007062944965532829,0.0008271080288584497,0.0009479215611636166,0.0014962291308562967,0.0015055224794951558,0.0012638954148848221,0.0021188834896598485,0.0026207243161582338,0.0033734855559058117,0.003875326382404197,0.0038846197310430557,0.0038381529878487607,0.004079780052459094,0.003958966520153927,0.0040333133092648,0.0040704867038202355,0.004144833492931108,0.0040426066579036584,0.0040704867038202355,0.004107660098375671,0.004256353676597415,0.003800979593293325,0.004349287162986005,0.00486042133812325,0.004795367897651236,0.0049998215677061345,0.0050277016136227115,0.007248811938310009,0.006551810790395585,0.007127998406004842,0.00823390689402906,0.009479215611636164,0.009962469740856832,0.009358402079330998,0.010520070659188372,0.009962469740856832,0.008261786939945639,0.008271080288584497,0.00742538556244833,0.0071372917546437,0.00732315872742088,0.007834292902558125,0.006635450928145315,0.007750652764808394,0.007388212167892894,0.0071372917546437,0.007109411708727124,0.00788075964575242,0.011895486257739502,0.01082675116427072
05115,0.0004646674319429493,0.0004553740833040903,0.0004553740833040903,0.0004925474778595262,0.0005111341751372442,0.0005297208724149621,0.0005761876156092571,0.0007062944965532829,0.0008271080288584497,0.0009479215611636166,0.0014962291308562967,0.0015055224794951558,0.0012638954148848221,0.0021188834896598485,0.0026207243161582338,0.0033734855559058117,0.003875326382404197,0.0038846197310430557,0.0038381529878487607,0.004079780052459094,0.003958966520153927,0.0040333133092648,0.0040704867038202355,0.004144833492931108,0.0040426066579036584,0.0040704867038202355,0.004107660098375671,0.004256353676597415,0.003800979593293325,0.004349287162986005,0.00486042133812325,0.004795367897651236,0.0049998215677061345,0.0050277016136227115,0.007248811938310009,0.006551810790395585,0.007127998406004842,0.00823390689402906,0.009479215611636164,0.009962469740856832,0.009358402079330998,0.010520070659188372,0.009962469740856832,0.008261786939945639,0.008271080288584497,0.00742538556244833,0.0071372917546437,0.00732315872742088,0.007834292902558125,0.006635450928145315,0.007750652764808394,0.007388212167892894,0.0071372917546437,0.007109411708727124,0.00788075964575242,0.011895486257739502,0.01082675116427072
05117,0.0004646674319429493,0.0004553740833040903,0.0004553740833040903,0.0004925474778595262,0.0005111341751372442,0.0005297208724149621,0.0005761876156092571,0.0007062944965532829,0.0008271080288584497,0.0009479215611636166,0.0014962291308562967,0.0015055224794951558,0.0012638954148848221,0.0021188834896598485,0.0026207243161582338,0.0033734855559058117,0.003875326382404197,0.0038846197310430557,0.0038381529878487607,0.004079780052459094,0.003958966520153927,0.0040333133092648,0.0040704867038202355,0.004144833492931108,0.0040426066579036584,0.0040704867038202355,0.004107660098375671,0.004256353676597415,0.003800979593293325,0.004349287162986005,0.00486042133812325,0.004795367897651236,0.0049998215677061345,0.0050277016136227115,0.007248811938310009,0.006551810790395585,0.007127998406004842,0.00823390689402906,0.009479215611636164,0.009962469740856832,0.009358402079330998,0.010520070659188372,0.009962469740856832,0.008261786939945639,0.008271080288584497,0.00742538556244833,0.0071372917546437,0.00732315872742088,0.007834292902558125,0.006635450928145315,0.007750652764808394,0.007388212167892894,0.0071372917546437,0.007109411708727124,0.00788075964575242,0.011895486257739502,0.01082675116427072
05119,0.0004646674319429493,0.0004553740833040903,0.0004553740833040903,0.0004925474778595262,0.0005111341751372442,0.0005297208724149621,0.0005761876156092571,0.0007062944965532829,0.0008271080288584497,0.0009479215611636166,0.0014962291308562967,0.0015055224794951558,0.0012638954148848221,0.0021188834896598485,0.0026207243161582338,0.0033734855559058117,0.003875326382404197,0.0038846197310430557,0.0038381529878487607,0.004079780052459094,0.003958966520153927,0.0040333133092648,0.0040704867038202355,0.004144833492931108,0.0040426066579036584,0.0040704867038202355,0.004107660098375671,0.004256353676597415,0.003800979593293325,0.004349287162986005,0.00486042133812325,0.004795367897651236,0.0049998215677061345,0.0050277016136227115,0.007248811938310009,0.006551810790395585,0.007127998406004842,0.00823390689402906,0.009479215611636164,0.009962469740856832,0.009358402079330998,0.010520070659188372,0.009962469740856832,0.008261786939945639,0.008271080288584497,0.00742538556244833,0.0071372917546437,0.00732315872742088,0.007834292902558125,0.006635450928145315,0.007750652764808394,0.007388212167892894,0.0071372917546437,0.007109411708727124,0.00788075964575242,0.011895486257739502,0.01082675116427072
05121,0.0004646674319429493,0.0004553740833040903,0.0004553740833040903,0.0004925474778595262,0.0005111341751372442,0.0005297208724149621,0.0005761876156092571,0.0007062944965532829,0.0008271080288584497,0.0009479215611636166,0.0014962291308562967,0.0015055224794951558,0.0012638954148848221,0.0021188834896598485,0.0026207243161582338,0.0033734855559058117,0.003875326382404197,0.0038846197310430557,0.0038381529878487607,0.004079780052459094,0.003958966520153927,0.0040333133092648,0.0040704867038202355,0.004144833492931108,0.0040426066579036584,0.0040704867038202355,0.004107660098375671,0.004256353676597415,0.003800979593293325,0.004349287162986005,0.00486042133812325,0.004795367897651236,0.0049998215677061345,0.0050277016136227115,0.007248811938310009,0.006551810790395585,0.007127998406004842,0.00823390689402906,0.009479215611636164,0.009962469740856832,0.009358402079330998,0.010520070659188372,0.009962469740856832,0.008261786939945639,0.008271080288584497,0.00742538556244833,0.0071372917546437,0.00732315872742088,0.007834292902558125,0.006635450928145315,0.007750652764808394,0.007388212167892894,0.0071372917546437,0.007109411708727124,0.00788075964575242,0.011895486257739502,0.01082675116427072
05123,0.0004646674319429493,0.0004553740833040903,0.0004553740833040903,0.0004925474778595262,0.0005111341751372442,0.0005297208724149621,0.0005761876156092571,0.0007062944965532829,0.0008271080288584497,0.0009479215611636166,0.0014962291308562967,0.0015055224794951558,0.0012638954148848221,0.0021188834896598485,0.0026207243161582338,0.0033734855559058117,0.003875326382404197,0.0038846197310430557,0.0038381529878487607,0.004079780052459094,0.003958966520153927,0.0040333133092648,0.0040704867038202355,0.004144833492931108,0.0040426066579036584,0.0040704867038202355,0.004107660098375671,0.004256353676597415,0.003800979593293325,0.004349287162986005,0.00486042133812325,0.004795367897651236,0.0049998215677061345,0.0050277016136227115,0.007248811938310009,0.006551810790395585,0.007127998406004842,0.00823390689402906,0.009479215611636164,0.009962469740856832,0.009358402079330998,0.010520070659188372,0.009962469740856832,0.008261786939945639,0.008271080288584497,0.00742538556244833,0.0071372917546437,0.00732315872742088,0.007834292902558125,0.006635450928145315,0.007750652764808394,0.007388212167892894,0.0071372917546437,0.007109411708727124,0.00788075964575242,0.011895486257739502,0.01082675116427072
05125,0.0004646674319429493,0.0004553740833040903,0.0004553740833040903,0.0004925474778595262,0.0005111341751372442,0.0005297208724149621,0.0005761876156092571,0.0007062944965532829,0.0008271080288584497,0.0009479215611636166,0.0014962291308562967,0.0015055224794951558,0.0012638954148848221,0.0021188834896598485,0.0026207243161582338,0.0033734855559058117,0.003875326382404197,0.0038846197310430557,0.0038381529878487607,0.004079780052459094,0.003958966520153927,0.0040333133092648,0.0040704867038202355,0.004144833492931108,0.0040426066579036584,0.0040704867038202355,0.004107660098375671,0.004256353676597415,0.003800979593293325,0.004349287162986005,0.00486042133812325,0.004795367897651236,0.0049998215677061345,0.0050277016136227115,0.007248811938310009,0.006551810790395585,0.007127998406004842,0.00823390689402906,0.009479215611636164,0.009962469740856832,0.009358402079330998,0.010520070659188372,0.009962469740856832,0.008261786939945639,0.008271080288584497,0.00742538556244833,0.0071372917546437,0.00732315872742088,0.007834292902558125,0.006635450928145315,0.007750652764808394,0.007388212167892894,0.0071372917546437,0.007109411708727124,0.00788075964575242,0.011895486257739502,0.01082675116427072
05127,0.0004646674319429493,0.0004553740833040903,0.0004553740833040903,0.0004925474778595262,0.0005111341751372442,0.0005297208724149621,0.0005761876156092571,0.0007062944965532829,0.0008271080288584497,0.0009479215611636166,0.0014962291308562967,0.0015055224794951558,0.0012638954148848221,0.0021188834896598485,0.0026207243161582338,0.0033734855559058117,0.003875326382404197,0.0038846197310430557,0.0038381529878487607,0.004079780052459094,0.003958966520153927,0.0040333133092648,0.0040704867038202355,0.004144833492931108,0.0040426066579036584,0.0040704867038202355,0.004107660098375671,0.004256353676597415,0.003800979593293325,0.004349287162986005,0.00486042133812325,0.004795367897651236,0.0049998215677061345,0.0050277016136227115,0.007248811938310009,0.006551810790395585,0.007127998406004842,0.00823390689402906,0.009479215611636164,0.009962469740856832,0.009358402079330998,0.010520070659188372,0.009962469740856832,0.008261786939945639,0.008271080288584497,0.00742538556244833,0.0071372917546437,0.00732315872742088,0.007834292902558125,0.006635450928145315,0.007750652764808394,0.007388212167892894,0.0071372917546437,0.007109411708727124,0.00788075964575242,0.011895486257739502,0.01082675116427072
05129,0.0004646674319429493,0.0004553740833040903,0.0004553740833040903,0.0004925474778595262,0.0005111341751372442,0.0005297208724149621,0.0005761876156092571,0.0007062944965532829,0.0008271080288584497,0.0009479215611636166,0.0014962291308562967,0.0015055224794951558,0.0012638954148848221,0.0021188834896598485,0.0026207243161582338,0.0033734855559058117,0.003875326382404197,0.0038846197310430557,0.0038381529878487607,0.004079780052459094,0.003958966520153927,0.0040333133092648,0.0040704867038202355,0.004144833492931108,0.0040426066579036584,0.0040704867038202355,0.004107660098375671,0.004256353676597415,0.003800979593293325,0.004349287162986005,0.00486042133812325,0.004795367897651236,0.0049998215677061345,0.0050277016136227115,0.007248811938310009,0.006551810790395585,0.007127998406004842,0.00823390689402906,0.009479215611636164,0.009962469740856832,0.009358402079330998,0.010520070659188372,0.009962469740856832,0.008261786939945639,0.008271080288584497,0.00742538556244833,0.0071372917546437,0.00732315872742088,0.007834292902558125,0.006635450928145315,0.007750652764808394,0.007388212167892894,0.0071372917546437,0.007109411708727124,0.00788075964575242,0.011895486257739502,0.01082675116427072
05131,0.0004646674319429493,0.0004553740833040903,0.0004553740833040903,0.0004925474778595262,0.0005111341751372442,0.0005297208724149621,0.0005761876156092571,0.0007062944965532829,0.0008271080288584497,0.0009479215611636166,0.0014962291308562967,0.0015055224794951558,0.0012638954148848221,0.0021188834896598485,0.0026207243161582338,0.0033734855559058117,0.003875326382404197,0.0038846197310430557,0.0038381529878487607,0.004079780052459094,0.003958966520153927,0.0040333133092648,0.0040704867038202355,0.004144833492931108,0.0040426066579036584,0.0040704867038202355,0.004107660098375671,0.004256353676597415,0.003800979593293325,0.004349287162986005,0.00486042133812325,0.004795367897651236,0.0049998215677061345,0.0050277016136227115,0.007248811938310009,0.006551810790395585,0.007127998406004842,0.00823390689402906,0.009479215611636164,0.009962469740856832,0.009358402079330998,0.010520070659188372,0.009962469740856832,0.008261786939945639,0.008271080288584497,0.00742538556244833,0.0071372917546437,0.00732315872742088,0.007834292902558125,0.006635450928145315,0.007750652764808394,0.007388212167892894,0.0071372917546437,0.007109411708727124,0.00788075964575242,0.011895486257739502,0.01082675116427072
05133,0.0004646674319429493,0.0004553740833040903,0.0004553740833040903,0.0004925474778595262,0.0005111341751372442,0.0005297208724149621,0.0005761876156092571,0.0007062944965532829,0.0008271080288584497,0.0009479215611636166,0.0014962291308562967,0.0015055224794951558,0.0012638954148848221,0.0021188834896598485,0.0026207243161582338,0.0033734855559058117,0.003875326382404197,0.0038846197310430557,0.0038381529878487607,0.004079780052459094,0.003958966520153927,0.0040333133092648,0.0040704867038202355,0.004144833492931108,0.0040426066579036584,0.0040704867038202355,0.004107660098375671,0.004256353676597415,0.003800979593293325,0.004349287162986005,0.00486042133812325,0.004795367897651236,0.0049998215677061345,0.0050277016136227115,0.007248811938310009,0.006551810790395585,0.007127998406004842,0.00823390689402906,0.009479215611636164,0.009962469740856832,0.009358402079330998,0.010520070659188372,0.009962469740856832,0.008261786939945639,0.008271080288584497,0.00742538556244833,0.0071372917546437,0.00732315872742088,0.007834292902558125,0.006635450928145315,0.007750652764808394,0.007388212167892894,0.0071372917546437,0.007109411708727124,0.00788075964575242,0.011895486257739502,0.01082675116427072
05135,0.0004646674319429493,0.0004553740833040903,0.0004553740833040903,0.0004925474778595262,0.0005111341751372442,0.0005297208724149621,0.0005761876156092571,0.0007062944965532829,0.0008271080288584497,0.0009479215611636166,0.0014962291308562967,0.0015055224794951558,0.0012638954148848221,0.0021188834896598485,0.0026207243161582338,0.0033734855559058117,0.003875326382404197,0.0038846197310430557,0.0038381529878487607,0.004079780052459094,0.003958966520153927,0.0040333133092648,0.0040704867038202355,0.004144833492931108,0.0040426066579036584,0.0040704867038202355,0.004107660098375671,0.004256353676597415,0.003800979593293325,0.004349287162986005,0.00486042133812325,0.004795367897651236,0.0049998215677061345,0.0050277016136227115,0.007248811938310009,0.006551810790395585,0.007127998406004842,0.00823390689402906,0.009479215611636164,0.009962469740856832,0.009358402079330998,0.010520070659188372,0.009962469740856832,0.008261786939945639,0.008271080288584497,0.00742538556244833,0.0071372917546437,0.00732315872742088,0.007834292902558125,0.006635450928145315,0.007750652764808394,0.007388212167892894,0.0071372917546437,0.007109411708727124,0.00788075964575242,0.011895486257739502,0.01082675116427072
05137,0.0004646674319429493,0.0004553740833040903,0.0004553740833040903,0.0004925474778595262,0.0005111341751372442,0.0005297208724149621,0.0005761876156092571,0.0007062944965532829,0.0008271080288584497,0.0009479215611636166,0.0014962291308562967,0.0015055224794951558,0.0012638954148848221,0.0021188834896598485,0.0026207243161582338,0.0033734855559058117,0.003875326382404197,0.0038846197310430557,0.0038381529878487607,0.004079780052459094,0.003958966520153927,0.0040333133092648,0.0040704867038202355,0.004144833492931108,0.0040426066579036584,0.0040704867038202355,0.004107660098375671,0.004256353676597415,0.003800979593293325,0.004349287162986005,0.00486042133812325,0.004795367897651236,0.0049998215677061345,0.0050277016136227115,0.007248811938310009,0.006551810790395585,0.007127998406004842,0.00823390689402906,0.009479215611636164,0.009962469740856832,0.009358402079330998,0.010520070659188372,0.009962469740856832,0.008261786939945639,0.008271080288584497,0.00742538556244833,0.0071372917546437,0.00732315872742088,0.007834292902558125,0.006635450928145315,0.007750652764808394,0.007388212167892894,0.0071372917546437,0.007109411708727124,0.00788075964575242,0.011895486257739502,0.01082675116427072
05139,0.0004646674319429493,0.0004553740833040903,0.0004553740833040903,0.0004925474778595262,0.0005111341751372442,0.0005297208724149621,0.0005761876156092571,0.0007062944965532829,0.0008271080288584497,0.0009479215611636166,0.0014962291308562967,0.0015055224794951558,0.0012638954148848221,0.0021188834896598485,0.0026207243161582338,0.0033734855559058117,0.003875326382404197,0.0038846197310430557,0.0038381529878487607,0.004079780052459094,0.003958966520153927,0.0040333133092648,0.0040704867038202355,0.004144833492931108,0.0040426066579036584,0.0040704867038202355,0.004107660098375671,0.004256353676597415,0.003800979593293325,0.004349287162986005,0.00486042133812325,0.004795367897651236,0.0049998215677061345,0.0050277016136227115,0.007248811938310009,0.006551810790395585,0.007127998406004842,0.00823390689402906,0.009479215611636164,0.009962469740856832,0.009358402079330998,0.010520070659188372,0.009962469740856832,0.008261786939945639,0.008271080288584497,0.00742538556244833,0.0071372917546437,0.00732315872742088,0.007834292902558125,0.006635450928145315,0.007750652764808394,0.007388212167892894,0.0071372917546437,0.007109411708727124,0.00788075964575242,0.011895486257739502,0.01082675116427072
05141,0.0004646674319429493,0.0004553740833040903,0.0004553740833040903,0.0004925474778595262,0.0005111341751372442,0.0005297208724149621,0.0005761876156092571,0.0007062944965532829,0.0008271080288584497,0.0009479215611636166,0.0014962291308562967,0.0015055224794951558,0.0012638954148848221,0.0021188834896598485,0.0026207243161582338,0.0033734855559058117,0.003875326382404197,0.0038846197310430557,0.0038381529878487607,0.004079780052459094,0.003958966520153927,0.0040333133092648,0.0040704867038202355,0.004144833492931108,0.0040426066579036584,0.0040704867038202355,0.004107660098375671,0.004256353676597415,0.003800979593293325,0.004349287162986005,0.00486042133812325,0.004795367897651236,0.0049998215677061345,0.0050277016136227115,0.007248811938310009,0.006551810790395585,0.007127998406004842,0.00823390689402906,0.009479215611636164,0.009962469740856832,0.009358402079330998,0.010520070659188372,0.009962469740856832,0.008261786939945639,0.008271080288584497,0.00742538556244833,0.0071372917546437,0.00732315872742088,0.007834292902558125,0.006635450928145315,0.007750652764808394,0.007388212167892894,0.0071372917546437,0.007109411708727124,0.00788075964575242,0.011895486257739502,0.01082675116427072
05143,0.0004646674319429493,0.0004553740833040903,0.0004553740833040903,0.0004925474778595262,0.0005111341751372442,0.0005297208724149621,0.0005761876156092571,0.0007062944965532829,0.0008271080288584497,0.0009479215611636166,0.0014962291308562967,0.0015055224794951558,0.0012638954148848221,0.0021188834896598485,0.0026207243161582338,0.0033734855559058117,0.003875326382404197,0.0038846197310430557,0.0038381529878487607,0.004079780052459094,0.003958966520153927,0.0040333133092648,0.0040704867038202355,0.004144833492931108,0.0040426066579036584,0.0040704867038202355,0.004107660098375671,0.004256353676597415,0.003800979593293325,0.004349287162986005,0.00486042133812325,0.004795367897651236,0.0049998215677061345,0.0050277016136227115,0.007248811938310009,0.006551810790395585,0.007127998406004842,0.00823390689402906,0.009479215611636164,0.009962469740856832,0.009358402079330998,0.010520070659188372,0.009962469740856832,0.008261786939945639,0.008271080288584497,0.00742538556244833,0.0071372917546437,0.00732315872742088,0.007834292902558125,0.006635450928145315,0.007750652764808394,0.007388212167892894,0.0071372917546437,0.007109411708727124,0.00788075964575242,0.011895486257739502,0.01082675116427072
05145,0.0004646674319429493,0.0004553740833040903,0.0004553740833040903,0.0004925474778595262,0.0005111341751372442,0.0005297208724149621,0.0005761876156092571,0.0007062944965532829,0.0008271080288584497,0.0009479215611636166,0.0014962291308562967,0.0015055224794951558,0.0012638954148848221,0.0021188834896598485,0.0026207243161582338,0.0033734855559058117,0.003875326382404197,0.0038846197310430557,0.0038381529878487607,0.004079780052459094,0.003958966520153927,0.0040333133092648,0.0040704867038202355,0.004144833492931108,0.0040426066579036584,0.0040704867038202355,0.004107660098375671,0.004256353676597415,0.003800979593293325,0.004349287162986005,0.00486042133812325,0.004795367897651236,0.0049998215677061345,0.0050277016136227115,0.007248811938310009,0.006551810790395585,0.007127998406004842,0.00823390689402906,0.009479215611636164,0.009962469740856832,0.009358402079330998,0.010520070659188372,0.009962469740856832,0.008261786939945639,0.008271080288584497,0.00742538556244833,0.0071372917546437,0.00732315872742088,0.007834292902558125,0.006635450928145315,0.007750652764808394,0.007388212167892894,0.0071372917546437,0.007109411708727124,0.00788075964575242,0.011895486257739502,0.01082675116427072
05147,0.0004646674319429493,0.0004553740833040903,0.0004553740833040903,0.0004925474778595262,0.0005111341751372442,0.0005297208724149621,0.0005761876156092571,0.0007062944965532829,0.0008271080288584497,0.0009479215611636166,0.0014962291308562967,0.0015055224794951558,0.0012638954148848221,0.0021188834896598485,0.0026207243161582338,0.0033734855559058117,0.003875326382404197,0.0038846197310430557,0.0038381529878487607,0.004079780052459094,0.003958966520153927,0.0040333133092648,0.0040704867038202355,0.004144833492931108,0.0040426066579036584,0.0040704867038202355,0.004107660098375671,0.004256353676597415,0.003800979593293325,0.004349287162986005,0.00486042133812325,0.004795367897651236,0.0049998215677061345,0.0050277016136227115,0.007248811938310009,0.006551810790395585,0.007127998406004842,0.00823390689402906,0.009479215611636164,0.009962469740856832,0.009358402079330998,0.010520070659188372,0.009962469740856832,0.008261786939945639,0.008271080288584497,0.00742538556244833,0.0071372917546437,0.00732315872742088,0.007834292902558125,0.006635450928145315,0.007750652764808394,0.007388212167892894,0.0071372917546437,0.007109411708727124,0.00788075964575242,0.011895486257739502,0.01082675116427072
05149,0.0004646674319429493,0.0004553740833040903,0.0004553740833040903,0.0004925474778595262,0.0005111341751372442,0.0005297208724149621,0.0005761876156092571,0.0007062944965532829,0.0008271080288584497,0.0009479215611636166,0.0014962291308562967,0.0015055224794951558,0.0012638954148848221,0.0021188834896598485,0.0026207243161582338,0.0033734855559058117,0.003875326382404197,0.0038846197310430557,0.0038381529878487607,0.004079780052459094,0.003958966520153927,0.0040333133092648,0.0040704867038202355,0.004144833492931108,0.0040426066579036584,0.0040704867038202355,0.004107660098375671,0.004256353676597415,0.003800979593293325,0.004349287162986005,0.00486042133812325,0.004795367897651236,0.0049998215677061345,0.0050277016136227115,0.007248811938310009,0.006551810790395585,0.007127998406004842,0.00823390689402906,0.009479215611636164,0.009962469740856832,0.009358402079330998,0.010520070659188372,0.009962469740856832,0.008261786939945639,0.008271080288584497,0.00742538556244833,0.0071372917546437,0.00732315872742088,0.007834292902558125,0.006635450928145315,0.007750652764808394,0.007388212167892894,0.0071372917546437,0.007109411708727124,0.00788075964575242,0.011895486257739502,0.01082675116427072
06001,0.0006319477074424111,0.0006412410560812699,0.0006412410560812699,0.0006784144506367059,0.0007062944965532829,0.0007527612397475779,0.0007899346343030137,0.0009200415152470396,0.001198841974412809,0.0014776424335785788,0.00192372316824381,0.002081710095104413,0.002537084178408503,0.0036987527582658763,0.0040704867038202355,0.00494406147587298,0.005882689688397738,0.006458877304006995,0.006161490147563507,0.005445902302371366,0.00503699496226157,0.004349287162986005,0.004535154135763185,0.004758194503095801,0.005111341751372442,0.004786074549012378,0.005603889229231968,0.006616864230867598,0.00577116950473143,0.0055388357887599556,0.00595703647750861,0.005882689688397738,0.005706116064259417,0.007007184873699675,0.008670694280055433,0.005641062623787404,0.007574079140670074,0.008020159875335305,0.009934589694940255,0.009692962630329921,0.009479215611636164,0.010919684650659308,0.007202345195115714,0.007713479370252959,0.0077041860216140986,0.006551810790395585,0.007258105286948867,0.008410480518167382,0.007471852305642623,0.007824999553919266,0.008140973407640471,0.00796439978350215,0.008745041069166305,0.009088894968804087,0.011189191761186218,0.014990171354479543,
06003,0.0006319477074424111,0.0006412410560812699,0.0006412410560812699,0.0006784144506367059,0.0007062944965532829,0.0007527612397475779,0.0007899346343030137,0.0009200415152470396,0.001198841974412809,0.0014776424335785788,0.00192372316824381,0.002081710095104413,0.002537084178408503,0.0036987527582658763,0.0040704867038202355,0.00494406147587298,0.005882689688397738,0.006458877304006995,0.006161490147563507,0.005445902302371366,0.00503699496226157,0.004349287162986005,0.004535154135763185,0.004758194503095801,0.005111341751372442,0.004786074549012378,0.005603889229231968,0.006616864230867598,0.00577116950473143,0.0055388357887599556,0.00595703647750861,0.005882689688397738,0.005706116064259417,0.007007184873699675,0.008670694280055433,0.005641062623787404,0.007574079140670074,0.008020159875335305,0.009934589694940255,0.009692962630329921,0.009479215611636164,0.010919684650659308,0.007202345195115714,0.007713479370252959,0.0077041860216140986,0.006551810790395585,0.007258105286948867,0.008410480518167382,0.007471852305642623,0.007824999553919266,0.008140973407640471,0.00796439978350215,0.008745041069166305,0.009088894968804087,0.011189191761186218,0.014990171354479543,
06005,0.0006319477074424111,0.0006412410560812699,0.0006412410560812699,0.0006784144506367059,0.0007062944965532829,0.0007527612397475779,0.0007899346343030137,0.0009200415152470396,0.001198841974412809,0.0014776424335785788,0.00192372316824381,0.002081710095104413,0.002537084178408503,0.0036987527582658763,0.0040704867038202355,0.00494406147587298,0.005882689688397738,0.006458877304006995,0.006161490147563507,0.005445902302371366,0.00503699496226157,0.004349287162986005,0.004535154135763185,0.004758194503095801,0.005111341751372442,0.004786074549012378,0.005603889229231968,0.006616864230867598,0.00577116950473143,0.0055388357887599556,0.00595703647750861,0.005882689688397738,0.005706116064259417,0.007007184873699675,0.008670694280055433,0.005641062623787404,0.007574079140670074,0.008020159875335305,0.009934589694940255,0.009692962630329921,0.009479215611636164,0.010919684650659308,0.007202345195115714,0.007713479370252959,0.0077041860216140986,0.006551810790395585,0.007258105286948867,0.008410480518167382,0.007471852305642623,0.007824999553919266,0.008140973407640471,0.00796439978350215,0.008745041069166305,0.009088894968804087,0.011189191761186218,0.014990171354479543,
06007,0.0006319477074424111,0.0006412410560812699,0.0006412410560812699,0.0006784144506367059,0.0007062944965532829,0.0007527612397475779,0.0007899346343030137,0.0009200415152470396,0.001198841974412809,0.0014776424335785788,0.00192372316824381,0.002081710095104413,0.002537084178408503,0.0036987527582658763,0.0040704867038202355,0.00494406147587298,0.005882689688397738,0.006458877304006995,0.006161490147563507,0.005445902302371366,0.00503699496226157,0.004349287162986005,0.004535154135763185,0.004758194503095801,0.005111341751372442,0.004786074549012378,0.005603889229231968,0.006616864230867598,0.00577116950473143,0.0055388357887599556,0.00595703647750861,0.005882689688397738,0.005706116064259417,0.007007184873699675,0.008670694280055433,0.005641062623787404,0.007574079140670074,0.008020159875335305,0.009934589694940255,0.009692962630329921,0.009479215611636164,0.010919684650659308,0.007202345195115714,0.007713479370252959,0.0077041860216140986,0.006551810790395585,0.007258105286948867,0.008410480518167382,0.007471852305642623,0.007824999553919266,0.008140973407640471,0.00796439978350215,0.008745041069166305,0.009088894968804087,0.011189191761186218,0.014990171354479543,
06009,0.0006319477074424111,0.0006412410560812699,0.0006412410560812699,0.0006784144506367059,0.0007062944965532829,0.0007527612397475779,0.0007899346343030137,0.0009200415152470396,0.001198841974412809,0.0014776424335785788,0.00192372316824381,0.002081710095104413,0.002537084178408503,0.0036987527582658763,0.0040704867038202355,0.00494406147587298,0.005882689688397738,0.006458877304006995,0.006161490147563507,0.005445902302371366,0.00503699496226157,0.004349287162986005,0.004535154135763185,0.004758194503095801,0.005111341751372442,0.004786074549012378,0.005603889229231968,0.006616864230867598,0.00577116950473143,0.0055388357887599556,0.00595703647750861,0.005882689688397738,0.005706116064259417,0.007007184873699675,0.008670694280055433,0.005641062623787404,0.007574079140670074,0.008020159875335305,0.009934589694940255,0.009692962630329921,0.009479215611636164,0.010919684650659308,0.007202345195115714,0.007713479370252959,0.0077041860216140986,0.006551810790395585,0.007258105286948867,0.008410480518167382,0.007471852305642623,0.007824999553919266,0.008140973407640471,0.00796439978350215,0.008745041069166305,0.009088894968804087,0.011189191761186218,0.014990171354479543,
06011,0.0006319477074424111,0.0006412410560812699,0.0006412410560812699,0.0006784144506367059,0.0007062944965532829,0.0007527612397475779,0.0007899346343030137,0.0009200415152470396,0.001198841974412809,0.0014776424335785788,0.00192372316824381,0.002081710095104413,0.002537084178408503,0.0036987527582658763,0.0040704867038202355,0.00494406147587298,0.005882689688397738,0.006458877304006995,0.006161490147563507,0.005445902302371366,0.00503699496226157,0.004349287162986005,0.004535154135763185,0.004758194503095801,0.005111341751372442,0.004786074549012378,0.005603889229231968,0.006616864230867598,0.00577116950473143,0.0055388357887599556,0.00595703647750861,0.005882689688397738,0.005706116064259417,0.007007184873699675,0.008670694280055433,0.005641062623787404,0.007574079140670074,0.008020159875335305,0.009934589694940255,0.009692962630329921,0.009479215611636164,0.010919684650659308,0.007202345195115714,0.007713479370252959,0.0077041860216140986,0.006551810790395585,0.007258105286948867,0.008410480518167382,0.007471852305642623,0.007824999553919266,0.008140973407640471,0.00796439978350215,0.008745041069166305,0.009088894968804087,0.011189191761186218,0.014990171354479543,
06013,0.0006319477074424111,0.0006412410560812699,0.0006412410560812699,0.0006784144506367059,0.0007062944965532829,0.0007527612397475779,0.0007899346343030137,0.0009200415152470396,0.001198841974412809,0.0014776424335785788,0.00192372316824381,0.002081710095104413,0.002537084178408503,0.0036987527582658763,0.0040704867038202355,0.00494406147587298,0.005882689688397738,0.006458877304006995,0.006161490147563507,0.005445902302371366,0.00503699496226157,0.004349287162986005,0.004535154135763185,0.004758194503095801,0.005111341751372442,0.004786074549012378,0.005603889229231968,0.006616864230867598,0.00577116950473143,0.0055388357887599556,0.00595703647750861,0.005882689688397738,0.005706116064259417,0.007007184873699675,0.008670694280055433,0.005641062623787404,0.007574079140670074,0.008020159875335305,0.009934589694940255,0.009692962630329921,0.009479215611636164,0.010919684650659308,0.007202345195115714,0.007713479370252959,0.0077041860216140986,0.006551810790395585,0.007258105286948867,0.008410480518167382,0.007471852305642623,0.007824999553919266,0.008140973407640471,0.00796439978350215,0.008745041069166305,0.009088894968804087,0.011189191761186218,0.014990171354479543,
06015,0.0006319477074424111,0.0006412410560812699,0.0006412410560812699,0.0006784144506367059,0.0007062944965532829,0.0007527612397475779,0.0007899346343030137,0.0009200415152470396,0.001198841974412809,0.0014776424335785788,0.00192372316824381,0.002081710095104413,0.002537084178408503,0.0036987527582658763,0.0040704867038202355,0.00494406147587298,0.005882689688397738,0.006458877304006995,0.006161490147563507,0.005445902302371366,0.00503699496226157,0.004349287162986005,0.004535154135763185,0.004758194503095801,0.005111341751372442,0.004786074549012378,0.005603889229231968,0.006616864230867598,0.00577116950473143,0.0055388357887599556,0.00595703647750861,0.005882689688397738,0.005706116064259417,0.007007184873699675,0.008670694280055433,0.005641062623787404,0.007574079140670074,0.008020159875335305,0.009934589694940255,0.009692962630329921,0.009479215611636164,0.010919684650659308,0.007202345195115714,0.007713479370252959,0.0077041860216140986,0.006551810790395585,0.007258105286948867,0.008410480518167382,0.007471852305642623,0.007824999553919266,0.008140973407640471,0.00796439978350215,0.008745041069166305,0.009088894968804087,0.011189191761186218,0.014990171354479543,
06017,0.0006319477074424111,0.0006412410560812699,0.0006412410560812699,0.0006784144506367059,0.0007062944965532829,0.0007527612397475779,0.0007899346343030137,0.0009200415152470396,0.001198841974412809,0.0014776424335785788,0.00192372316824381,0.002081710095104413,0.002537084178408503,0.0036987527582658763,0.0040704867038202355,0.00494406147587298,0.005882689688397738,0.006458877304006995,0.006161490147563507,0.005445902302371366,0.00503699496226157,0.004349287162986005,0.004535154135763185,0.004758194503095801,0.005111341751372442,0.004786074549012378,0.005603889229231968,0.006616864230867598,0.00577116950473143,0.0055388357887599556,0.00595703647750861,0.005882689688397738,0.005706116064259417,0.007007184873699675,0.008670694280055433,0.005641062623787404,0.007574079140670074,0.008020159875335305,0.009934589694940255,0.009692962630329921,0.009479215611636164,0.010919684650659308,0.007202345195115714,0.007713479370252959,0.0077041860216140986,0.006551810790395585,0.007258105286948867,0.008410480518167382,0.007471852305642623,0.007824999553919266,0.008140973407640471,0.00796439978350215,0.008745041069166305,0.009088894968804087,0.011189191761186218,0.014990171354479543,
06019,0.0006319477074424111,0.0006412410560812699,0.0006412410560812699,0.0006784144506367059,0.0007062944965532829,0.0007527612397475779,0.0007899346343030137,0.0009200415152470396,0.001198841974412809,0.0014776424335785788,0.00192372316824381,0.002081710095104413,0.002537084178408503,0.0036987527582658763,0.0040704867038202355,0.00494406147587298,0.005882689688397738,0.006458877304006995,0.006161490147563507,0.005445902302371366,0.00503699496226157,0.004349287162986005,0.004535154135763185,0.004758194503095801,0.005111341751372442,0.004786074549012378,0.005603889229231968,0.006616864230867598,0.00577116950473143,0.0055388357887599556,0.00595703647750861,0.005882689688397738,0.005706116064259417,0.007007184873699675,0.008670694280055433,0.005641062623787404,0.007574079140670074,0.008020159875335305,0.009934589694940255,0.009692962630329921,0.009479215611636164,0.010919684650659308,0.007202345195115714,0.007713479370252959,0.0077041860216140986,0.006551810790395585,0.007258105286948867,0.008410480518167382,0.007471852305642623,0.007824999553919266,0.008140973407640471,0.00796439978350215,0.008745041069166305,0.009088894968804087,0.011189191761186218,0.014990171354479543,
06021,0.0006319477074424111,0.0006412410560812699,0.0006412410560812699,0.0006784144506367059,0.0007062944965532829,0.0007527612397475779,0.0007899346343030137,0.0009200415152470396,0.001198841974412809,0.0014776424335785788,0.00192372316824381,0.002081710095104413,0.002537084178408503,0.0036987527582658763,0.0040704867038202355,0.00494406147587298,0.005882689688397738,0.006458877304006995,0.006161490147563507,0.005445902302371366,0.00503699496226157,0.004349287162986005,0.004535154135763185,0.004758194503095801,0.005111341751372442,0.004786074549012378,0.005603889229231968,0.006616864230867598,0.00577116950473143,0.0055388357887599556,0.00595703647750861,0.005882689688397738,0.005706116064259417,0.007007184873699675,0.008670694280055433,0.005641062623787404,0.007574079140670074,0.008020159875335305,0.009934589694940255,0.009692962630329921,0.009479215611636164,0.010919684650659308,0.007202345195115714,0.007713479370252959,0.0077041860216140986,0.006551810790395585,0.007258105286948867,0.008410480518167382,0.007471852305642623,0.007824999553919266,0.008140973407640471,0.00796439978350215,0.008745041069166305,0.009088894968804087,0.011189191761186218,0.014990171354479543,
06023,0.0006319477074424111,0.0006412410560812699,0.0006412410560812699,0.0006784144506367059,0.0007062944965532829,0.0007527612397475779,0.0007899346343030137,0.0009200415152470396,0.001198841974412809,0.0014776424335785788,0.00192372316824381,0.002081710095104413,0.002537084178408503,0.0036987527582658763,0.0040704867038202355,0.00494406147587298,0.005882689688397738,0.006458877304006995,0.006161490147563507,0.005445902302371366,0.00503699496226157,0.004349287162986005,0.004535154135763185,0.004758194503095801,0.005111341751372442,0.004786074549012378,0.005603889229231968,0.006616864230867598,0.00577116950473143,0.0055388357887599556,0.00595703647750861,0.005882689688397738,0.005706116064259417,0.007007184873699675,0.008670694280055433,0.005641062623787404,0.007574079140670074,0.008020159875335305,0.009934589694940255,0.009692962630329921,0.009479215611636164,0.010919684650659308,0.007202345195115714,0.007713479370252959,0.0077041860216140986,0.006551810790395585,0.007258105286948867,0.008410480518167382,0.007471852305642623,0.007824999553919266,0.008140973407640471,0.00796439978350215,0.008745041069166305,0.009088894968804087,0.011189191761186218,0.014990171354479543,
06025,0.0006319477074424111,0.0006412410560812699,0.0006412410560812699,0.0006784144506367059,0.0007062944965532829,0.0007527612397475779,0.0007899346343030137,0.0009200415152470396,0.001198841974412809,0.0014776424335785788,0.00192372316824381,0.002081710095104413,0.002537084178408503,0.0036987527582658763,0.0040704867038202355,0.00494406147587298,0.005882689688397738,0.006458877304006995,0.006161490147563507,0.005445902302371366,0.00503699496226157,0.004349287162986005,0.004535154135763185,0.004758194503095801,0.005111341751372442,0.004786074549012378,0.005603889229231968,0.006616864230867598,0.00577116950473143,0.0055388357887599556,0.00595703647750861,0.005882689688397738,0.005706116064259417,0.007007184873699675,0.008670694280055433,0.005641062623787404,0.007574079140670074,0.008020159875335305,0.009934589694940255,0.009692962630329921,0.009479215611636164,0.010919684650659308,0.007202345195115714,0.007713479370252959,0.0077041860216140986,0.006551810790395585,0.007258105286948867,0.008410480518167382,0.007471852305642623,0.007824999553919266,0.008140973407640471,0.00796439978350215,0.008745041069166305,0.009088894968804087,0.011189191761186218,0.014990171354479543,
06027,0.0006319477074424111,0.0006412410560812699,0.0006412410560812699,0.0006784144506367059,0.0007062944965532829,0.0007527612397475779,0.0007899346343030137,0.0009200415152470396,0.001198841974412809,0.0014776424335785788,0.00192372316824381,0.002081710095104413,0.002537084178408503,0.0036987527582658763,0.0040704867038202355,0.00494406147587298,0.005882689688397738,0.006458877304006995,0.006161490147563507,0.005445902302371366,0.00503699496226157,0.004349287162986005,0.004535154135763185,0.004758194503095801,0.005111341751372442,0.004786074549012378,0.005603889229231968,0.006616864230867598,0.00577116950473143,0.0055388357887599556,0.00595703647750861,0.005882689688397738,0.005706116064259417,0.007007184873699675,0.008670694280055433,0.005641062623787404,0.007574079140670074,0.008020159875335305,0.009934589694940255,0.009692962630329921,0.009479215611636164,0.010919684650659308,0.007202345195115714,0.007713479370252959,0.0077041860216140986,0.006551810790395585,0.007258105286948867,0.008410480518167382,0.007471852305642623,0.007824999553919266,0.008140973407640471,0.00796439978350215,0.008745041069166305,0.009088894968804087,0.011189191761186218,0.014990171354479543,
06029,0.0006319477074424111,0.0006412410560812699,0.0006412410560812699,0.0006784144506367059,0.0007062944965532829,0.0007527612397475779,0.0007899346343030137,0.0009200415152470396,0.001198841974412809,0.0014776424335785788,0.00192372316824381,0.002081710095104413,0.002537084178408503,0.0036987527582658763,0.0040704867038202355,0.00494406147587298,0.005882689688397738,0.006458877304006995,0.006161490147563507,0.005445902302371366,0.00503699496226157,0.004349287162986005,0.004535154135763185,0.004758194503095801,0.005111341751372442,0.004786074549012378,0.005603889229231968,0.006616864230867598,0.00577116950473143,0.0055388357887599556,0.00595703647750861,0.005882689688397738,0.005706116064259417,0.007007184873699675,0.008670694280055433,0.005641062623787404,0.007574079140670074,0.008020159875335305,0.009934589694940255,0.009692962630329921,0.009479215611636164,0.010919684650659308,0.007202345195115714,0.007713479370252959,0.0077041860216140986,0.006551810790395585,0.007258105286948867,0.008410480518167382,0.007471852305642623,0.007824999553919266,0.008140973407640471,0.00796439978350215,0.008745041069166305,0.009088894968804087,0.011189191761186218,0.014990171354479543,
06031,0.0006319477074424111,0.0006412410560812699,0.0006412410560812699,0.0006784144506367059,0.0007062944965532829,0.0007527612397475779,0.0007899346343030137,0.0009200415152470396,0.001198841974412809,0.0014776424335785788,0.00192372316824381,0.002081710095104413,0.002537084178408503,0.0036987527582658763,0.0040704867038202355,0.00494406147587298,0.005882689688397738,0.006458877304006995,0.006161490147563507,0.005445902302371366,0.00503699496226157,0.004349287162986005,0.004535154135763185,0.004758194503095801,0.005111341751372442,0.004786074549012378,0.005603889229231968,0.006616864230867598,0.00577116950473143,0.0055388357887599556,0.00595703647750861,0.005882689688397738,0.005706116064259417,0.007007184873699675,0.008670694280055433,0.005641062623787404,0.007574079140670074,0.008020159875335305,0.009934589694940255,0.009692962630329921,0.009479215611636164,0.010919684650659308,0.007202345195115714,0.007713479370252959,0.0077041860216140986,0.006551810790395585,0.007258105286948867,0.008410480518167382,0.007471852305642623,0.007824999553919266,0.008140973407640471,0.00796439978350215,0.008745041069166305,0.009088894968804087,0.011189191761186218,0.014990171354479543,
06033,0.0006319477074424111,0.0006412410560812699,0.0006412410560812699,0.0006784144506367059,0.0007062944965532829,0.0007527612397475779,0.0007899346343030137,0.0009200415152470396,0.001198841974412809,0.0014776424335785788,0.00192372316824381,0.002081710095104413,0.002537084178408503,0.0036987527582658763,0.0040704867038202355,0.00494406147587298,0.005882689688397738,0.006458877304006995,0.006161490147563507,0.005445902302371366,0.00503699496226157,0.004349287162986005,0.004535154135763185,0.004758194503095801,0.005111341751372442,0.004786074549012378,0.005603889229231968,0.006616864230867598,0.00577116950473143,0.0055388357887599556,0.00595703647750861,0.005882689688397738,0.005706116064259417,0.007007184873699675,0.008670694280055433,0.005641062623787404,0.007574079140670074,0.008020159875335305,0.009934589694940255,0.009692962630329921,0.009479215611636164,0.010919684650659308,0.007202345195115714,0.007713479370252959,0.0077041860216140986,0.006551810790395585,0.007258105286948867,0.008410480518167382,0.007471852305642623,0.007824999553919266,0.008140973407640471,0.00796439978350215,0.008745041069166305,0.009088894968804087,0.011189191761186218,0.014990171354479543,
06035,0.0006319477074424111,0.0006412410560812699,0.0006412410560812699,0.0006784144506367059,0.0007062944965532829,0.0007527612397475779,0.0007899346343030137,0.0009200415152470396,0.001198841974412809,0.0014776424335785788,0.00192372316824381,0.002081710095104413,0.002537084178408503,0.0036987527582658763,0.0040704867038202355,0.00494406147587298,0.005882689688397738,0.006458877304006995,0.006161490147563507,0.005445902302371366,0.00503699496226157,0.004349287162986005,0.004535154135763185,0.004758194503095801,0.005111341751372442,0.004786074549012378,0.005603889229231968,0.006616864230867598,0.00577116950473143,0.0055388357887599556,0.00595703647750861,0.005882689688397738,0.005706116064259417,0.007007184873699675,0.008670694280055433,0.005641062623787404,0.007574079140670074,0.008020159875335305,0.009934589694940255,0.009692962630329921,0.009479215611636164,0.010919684650659308,0.007202345195115714,0.007713479370252959,0.0077041860216140986,0.006551810790395585,0.007258105286948867,0.008410480518167382,0.007471852305642623,0.007824999553919266,0.008140973407640471,0.00796439978350215,0.008745041069166305,0.009088894968804087,0.011189191761186218,0.014990171354479543,
06037,0.0006319477074424111,0.0006412410560812699,0.0006412410560812699,0.0006784144506367059,0.0007062944965532829,0.0007527612397475779,0.0007899346343030137,0.0009200415152470396,0.001198841974412809,0.0014776424335785788,0.00192372316824381,0.002081710095104413,0.002537084178408503,0.0036987527582658763,0.0040704867038202355,0.00494406147587298,0.005882689688397738,0.006458877304006995,0.006161490147563507,0.005445902302371366,0.00503699496226157,0.004349287162986005,0.004535154135763185,0.004758194503095801,0.005111341751372442,0.004786074549012378,0.005603889229231968,0.006616864230867598,0.00577116950473143,0.0055388357887599556,0.00595703647750861,0.005882689688397738,0.005706116064259417,0.007007184873699675,0.008670694280055433,0.005641062623787404,0.007574079140670074,0.008020159875335305,0.009934589694940255,0.009692962630329921,0.009479215611636164,0.010919684650659308,0.007202345195115714,0.007713479370252959,0.0077041860216140986,0.006551810790395585,0.007258105286948867,0.008410480518167382,0.007471852305642623,0.007824999553919266,0.008140973407640471,0.00796439978350215,0.008745041069166305,0.009088894968804087,0.011189191761186218,0.014990171354479543,
06039,0.0006319477074424111,0.0006412410560812699,0.0006412410560812699,0.0006784144506367059,0.0007062944965532829,0.0007527612397475779,0.0007899346343030137,0.0009200415152470396,0.001198841974412809,0.0014776424335785788,0.00192372316824381,0.002081710095104413,0.002537084178408503,0.0036987527582658763,0.0040704867038202355,0.00494406147587298,0.005882689688397738,0.006458877304006995,0.006161490147563507,0.005445902302371366,0.00503699496226157,0.004349287162986005,0.004535154135763185,0.004758194503095801,0.005111341751372442,0.004786074549012378,0.005603889229231968,0.006616864230867598,0.00577116950473143,0.0055388357887599556,0.00595703647750861,0.005882689688397738,0.005706116064259417,0.007007184873699675,0.008670694280055433,0.005641062623787404,0.007574079140670074,0.008020159875335305,0.009934589694940255,0.009692962630329921,0.009479215611636164,0.010919684650659308,0.007202345195115714,0.007713479370252959,0.0077041860216140986,0.006551810790395585,0.007258105286948867,0.008410480518167382,0.007471852305642623,0.007824999553919266,0.008140973407640471,0.00796439978350215,0.008745041069166305,0.009088894968804087,0.011189191761186218,0.014990171354479543,
06041,0.0006319477074424111,0.0006412410560812699,0.0006412410560812699,0.0006784144506367059,0.0007062944965532829,0.0007527612397475779,0.0007899346343030137,0.0009200415152470396,0.001198841974412809,0.0014776424335785788,0.00192372316824381,0.002081710095104413,0.002537084178408503,0.0036987527582658763,0.0040704867038202355,0.00494406147587298,0.005882689688397738,0.006458877304006995,0.006161490147563507,0.005445902302371366,0.00503699496226157,0.004349287162986005,0.004535154135763185,0.004758194503095801,0.005111341751372442,0.004786074549012378,0.005603889229231968,0.006616864230867598,0.00577116950473143,0.0055388357887599556,0.00595703647750861,0.005882689688397738,0.005706116064259417,0.007007184873699675,0.008670694280055433,0.005641062623787404,0.007574079140670074,0.008020159875335305,0.009934589694940255,0.009692962630329921,0.009479215611636164,0.010919684650659308,0.007202345195115714,0.007713479370252959,0.0077041860216140986,0.006551810790395585,0.007258105286948867,0.008410480518167382,0.007471852305642623,0.007824999553919266,0.008140973407640471,0.00796439978350215,0.008745041069166305,0.009088894968804087,0.011189191761186218,0.014990171354479543,
06043,0.0006319477074424111,0.0006412410560812699,0.0006412410560812699,0.0006784144506367059,0.0007062944965532829,0.0007527612397475779,0.0007899346343030137,0.0009200415152470396,0.001198841974412809,0.0014776424335785788,0.00192372316824381,0.002081710095104413,0.002537084178408503,0.0036987527582658763,0.0040704867038202355,0.00494406147587298,0.005882689688397738,0.006458877304006995,0.006161490147563507,0.005445902302371366,0.00503699496226157,0.004349287162986005,0.004535154135763185,0.004758194503095801,0.005111341751372442,0.004786074549012378,0.005603889229231968,0.006616864230867598,0.00577116950473143,0.0055388357887599556,0.00595703647750861,0.005882689688397738,0.005706116064259417,0.007007184873699675,0.008670694280055433,0.005641062623787404,0.007574079140670074,0.008020159875335305,0.009934589694940255,0.009692962630329921,0.009479215611636164,0.010919684650659308,0.007202345195115714,0.007713479370252959,0.0077041860216140986,0.006551810790395585,0.007258105286948867,0.008410480518167382,0.007471852305642623,0.007824999553919266,0.008140973407640471,0.00796439978350215,0.008745041069166305,0.009088894968804087,0.011189191761186218,0.014990171354479543,
06045,0.0006319477074424111,0.0006412410560812699,0.0006412410560812699,0.0006784144506367059,0.0007062944965532829,0.0007527612397475779,0.0007899346343030137,0.0009200415152470396,0.001198841974412809,0.0014776424335785788,0.00192372316824381,0.002081710095104413,0.002537084178408503,0.0036987527582658763,0.0040704867038202355,0.00494406147587298,0.005882689688397738,0.006458877304006995,0.006161490147563507,0.005445902302371366,0.00503699496226157,0.004349287162986005,0.004535154135763185,0.004758194503095801,0.005111341751372442,0.004786074549012378,0.005603889229231968,0.006616864230867598,0.00577116950473143,0.0055388357887599556,0.00595703647750861,0.005882689688397738,0.005706116064259417,0.007007184873699675,0.008670694280055433,0.005641062623787404,0.007574079140670074,0.008020159875335305,0.009934589694940255,0.009692962630329921,0.009479215611636164,0.010919684650659308,0.007202345195115714,0.007713479370252959,0.0077041860216140986,0.006551810790395585,0.007258105286948867,0.008410480518167382,0.007471852305642623,0.007824999553919266,0.008140973407640471,0.00796439978350215,0.008745041069166305,0.009088894968804087,0.011189191761186218,0.014990171354479543,
06047,0.0006319477074424111,0.0006412410560812699,0.0006412410560812699,0.0006784144506367059,0.0007062944965532829,0.0007527612397475779,0.0007899346343030137,0.0009200415152470396,0.001198841974412809,0.0014776424335785788,0.00192372316824381,0.002081710095104413,0.002537084178408503,0.0036987527582658763,0.0040704867038202355,0.00494406147587298,0.005882689688397738,0.006458877304006995,0.006161490147563507,0.005445902302371366,0.00503699496226157,0.004349287162986005,0.004535154135763185,0.004758194503095801,0.005111341751372442,0.004786074549012378,0.005603889229231968,0.006616864230867598,0.00577116950473143,0.0055388357887599556,0.00595703647750861,0.005882689688397738,0.005706116064259417,0.007007184873699675,0.008670694280055433,0.005641062623787404,0.007574079140670074,0.008020159875335305,0.009934589694940255,0.009692962630329921,0.009479215611636164,0.010919684650659308,0.007202345195115714,0.007713479370252959,0.0077041860216140986,0.006551810790395585,0.007258105286948867,0.008410480518167382,0.007471852305642623,0.007824999553919266,0.008140973407640471,0.00796439978350215,0.008745041069166305,0.009088894968804087,0.011189191761186218,0.014990171354479543,
06049,0.0006319477074424111,0.0006412410560812699,0.0006412410560812699,0.0006784144506367059,0.0007062944965532829,0.0007527612397475779,0.0007899346343030137,0.0009200415152470396,0.001198841974412809,0.0014776424335785788,0.00192372316824381,0.002081710095104413,0.002537084178408503,0.0036987527582658763,0.0040704867038202355,0.00494406147587298,0.005882689688397738,0.006458877304006995,0.006161490147563507,0.005445902302371366,0.00503699496226157,0.004349287162986005,0.004535154135763185,0.004758194503095801,0.005111341751372442,0.004786074549012378,0.005603889229231968,0.006616864230867598,0.00577116950473143,0.0055388357887599556,0.00595703647750861,0.005882689688397738,0.005706116064259417,0.007007184873699675,0.008670694280055433,0.005641062623787404,0.007574079140670074,0.008020159875335305,0.009934589694940255,0.009692962630329921,0.009479215611636164,0.010919684650659308,0.007202345195115714,0.007713479370252959,0.0077041860216140986,0.006551810790395585,0.007258105286948867,0.008410480518167382,0.007471852305642623,0.007824999553919266,0.008140973407640471,0.00796439978350215,0.008745041069166305,0.009088894968804087,0.011189191761186218,0.014990171354479543,
06051,0.0006319477074424111,0.0006412410560812699,0.0006412410560812699,0.0006784144506367059,0.0007062944965532829,0.0007527612397475779,0.0007899346343030137,0.0009200415152470396,0.001198841974412809,0.0014776424335785788,0.00192372316824381,0.002081710095104413,0.002537084178408503,0.0036987527582658763,0.0040704867038202355,0.00494406147587298,0.005882689688397738,0.006458877304006995,0.006161490147563507,0.005445902302371366,0.00503699496226157,0.004349287162986005,0.004535154135763185,0.004758194503095801,0.005111341751372442,0.004786074549012378,0.005603889229231968,0.006616864230867598,0.00577116950473143,0.0055388357887599556,0.00595703647750861,0.005882689688397738,0.005706116064259417,0.007007184873699675,0.008670694280055433,0.005641062623787404,0.007574079140670074,0.008020159875335305,0.009934589694940255,0.009692962630329921,0.009479215611636164,0.010919684650659308,0.007202345195115714,0.007713479370252959,0.0077041860216140986,0.006551810790395585,0.007258105286948867,0.008410480518167382,0.007471852305642623,0.007824999553919266,0.008140973407640471,0.00796439978350215,0.008745041069166305,0.009088894968804087,0.011189191761186218,0.014990171354479543,
06053,0.0006319477074424111,0.0006412410560812699,0.0006412410560812699,0.0006784144506367059,0.0007062944965532829,0.0007527612397475779,0.0007899346343030137,0.0009200415152470396,0.001198841974412809,0.0014776424335785788,0.00192372316824381,0.002081710095104413,0.002537084178408503,0.0036987527582658763,0.0040704867038202355,0.00494406147587298,0.005882689688397738,0.006458877304006995,0.006161490147563507,0.005445902302371366,0.00503699496226157,0.004349287162986005,0.004535154135763185,0.004758194503095801,0.005111341751372442,0.004786074549012378,0.005603889229231968,0.006616864230867598,0.00577116950473143,0.0055388357887599556,0.00595703647750861,0.005882689688397738,0.005706116064259417,0.007007184873699675,0.008670694280055433,0.005641062623787404,0.007574079140670074,0.008020159875335305,0.009934589694940255,0.009692962630329921,0.009479215611636164,0.010919684650659308,0.007202345195115714,0.007713479370252959,0.0077041860216140986,0.006551810790395585,0.007258105286948867,0.008410480518167382,0.007471852305642623,0.007824999553919266,0.008140973407640471,0.00796439978350215,0.008745041069166305,0.009088894968804087,0.011189191761186218,0.014990171354479543,
06055,0.0006319477074424111,0.0006412410560812699,0.0006412410560812699,0.0006784144506367059,0.0007062944965532829,0.0007527612397475779,0.0007899346343030137,0.0009200415152470396,0.001198841974412809,0.0014776424335785788,0.00192372316824381,0.002081710095104413,0.002537084178408503,0.0036987527582658763,0.0040704867038202355,0.00494406147587298,0.005882689688397738,0.006458877304006995,0.006161490147563507,0.005445902302371366,0.00503699496226157,0.004349287162986005,0.004535154135763185,0.004758194503095801,0.005111341751372442,0.004786074549012378,0.005603889229231968,0.006616864230867598,0.00577116950473143,0.0055388357887599556,0.00595703647750861,0.005882689688397738,0.005706116064259417,0.007007184873699675,0.008670694280055433,0.005641062623787404,0.007574079140670074,0.008020159875335305,0.009934589694940255,0.009692962630329921,0.009479215611636164,0.010919684650659308,0.007202345195115714,0.007713479370252959,0.0077041860216140986,0.006551810790395585,0.007258105286948867,0.008410480518167382,0.007471852305642623,0.007824999553919266,0.008140973407640471,0.00796439978350215,0.008745041069166305,0.009088894968804087,0.011189191761186218,0.014990171354479543,
06057,0.0006319477074424111,0.0006412410560812699,0.0006412410560812699,0.0006784144506367059,0.0007062944965532829,0.0007527612397475779,0.0007899346343030137,0.0009200415152470396,0.001198841974412809,0.0014776424335785788,0.00192372316824381,0.002081710095104413,0.002537084178408503,0.0036987527582658763,0.0040704867038202355,0.00494406147587298,0.005882689688397738,0.006458877304006995,0.006161490147563507,0.005445902302371366,0.00503699496226157,0.004349287162986005,0.004535154135763185,0.004758194503095801,0.005111341751372442,0.004786074549012378,0.005603889229231968,0.006616864230867598,0.00577116950473143,0.0055388357887599556,0.00595703647750861,0.005882689688397738,0.005706116064259417,0.007007184873699675,0.008670694280055433,0.005641062623787404,0.007574079140670074,0.008020159875335305,0.009934589694940255,0.009692962630329921,0.009479215611636164,0.010919684650659308,0.007202345195115714,0.007713479370252959,0.0077041860216140986,0.006551810790395585,0.007258105286948867,0.008410480518167382,0.007471852305642623,0.007824999553919266,0.008140973407640471,0.00796439978350215,0.008745041069166305,0.009088894968804087,0.011189191761186218,0.014990171354479543,
06059,0.0006319477074424111,0.0006412410560812699,0.0006412410560812699,0.0006784144506367059,0.0007062944965532829,0.0007527612397475779,0.0007899346343030137,0.0009200415152470396,0.001198841974412809,0.0014776424335785788,0.00192372316824381,0.002081710095104413,0.002537084178408503,0.0036987527582658763,0.0040704867038202355,0.00494406147587298,0.005882689688397738,0.006458877304006995,0.006161490147563507,0.005445902302371366,0.00503699496226157,0.004349287162986005,0.004535154135763185,0.004758194503095801,0.005111341751372442,0.004786074549012378,0.005603889229231968,0.006616864230867598,0.00577116950473143,0.0055388357887599556,0.00595703647750861,0.005882689688397738,0.005706116064259417,0.007007184873699675,0.008670694280055433,0.005641062623787404,0.007574079140670074,0.008020159875335305,0.009934589694940255,0.009692962630329921,0.009479215611636164,0.010919684650659308,0.007202345195115714,0.007713479370252959,0.0077041860216140986,0.006551810790395585,0.007258105286948867,0.008410480518167382,0.007471852305642623,0.007824999553919266,0.008140973407640471,0.00796439978350215,0.008745041069166305,0.009088894968804087,0.011189191761186218,0.014990171354479543,
06061,0.0006319477074424111,0.0006412410560812699,0.0006412410560812699,0.0006784144506367059,0.0007062944965532829,0.0007527612397475779,0.0007899346343030137,0.0009200415152470396,0.001198841974412809,0.0014776424335785788,0.00192372316824381,0.002081710095104413,0.002537084178408503,0.0036987527582658763,0.0040704867038202355,0.00494406147587298,0.005882689688397738,0.006458877304006995,0.006161490147563507,0.005445902302371366,0.00503699496226157,0.004349287162986005,0.004535154135763185,0.004758194503095801,0.005111341751372442,0.004786074549012378,0.005603889229231968,0.006616864230867598,0.00577116950473143,0.0055388357887599556,0.00595703647750861,0.005882689688397738,0.005706116064259417,0.007007184873699675,0.008670694280055433,0.005641062623787404,0.007574079140670074,0.008020159875335305,0.009934589694940255,0.009692962630329921,0.009479215611636164,0.010919684650659308,0.007202345195115714,0.007713479370252959,0.0077041860216140986,0.006551810790395585,0.007258105286948867,0.008410480518167382,0.007471852305642623,0.007824999553919266,0.008140973407640471,0.00796439978350215,0.008745041069166305,0.009088894968804087,0.011189191761186218,0.014990171354479543,
06063,0.0006319477074424111,0.0006412410560812699,0.0006412410560812699,0.0006784144506367059,0.0007062944965532829,0.0007527612397475779,0.0007899346343030137,0.0009200415152470396,0.001198841974412809,0.0014776424335785788,0.00192372316824381,0.002081710095104413,0.002537084178408503,0.0036987527582658763,0.0040704867038202355,0.00494406147587298,0.005882689688397738,0.006458877304006995,0.006161490147563507,0.005445902302371366,0.00503699496226157,0.004349287162986005,0.004535154135763185,0.004758194503095801,0.005111341751372442,0.004786074549012378,0.005603889229231968,0.006616864230867598,0.00577116950473143,0.0055388357887599556,0.00595703647750861,0.005882689688397738,0.005706116064259417,0.007007184873699675,0.008670694280055433,0.005641062623787404,0.007574079140670074,0.008020159875335305,0.009934589694940255,0.009692962630329921,0.009479215611636164,0.010919684650659308,0.007202345195115714,0.007713479370252959,0.0077041860216140986,0.006551810790395585,0.007258105286948867,0.008410480518167382,0.007471852305642623,0.007824999553919266,0.008140973407640471,0.00796439978350215,0.008745041069166305,0.009088894968804087,0.011189191761186218,0.014990171354479543,
06065,0.0006319477074424111,0.0006412410560812699,0.0006412410560812699,0.0006784144506367059,0.0007062944965532829,0.0007527612397475779,0.0007899346343030137,0.0009200415152470396,0.001198841974412809,0.0014776424335785788,0.00192372316824381,0.002081710095104413,0.002537084178408503,0.0036987527582658763,0.0040704867038202355,0.00494406147587298,0.005882689688397738,0.006458877304006995,0.006161490147563507,0.005445902302371366,0.00503699496226157,0.004349287162986005,0.004535154135763185,0.004758194503095801,0.005111341751372442,0.004786074549012378,0.005603889229231968,0.006616864230867598,0.00577116950473143,0.0055388357887599556,0.00595703647750861,0.005882689688397738,0.005706116064259417,0.007007184873699675,0.008670694280055433,0.005641062623787404,0.007574079140670074,0.008020159875335305,0.009934589694940255,0.009692962630329921,0.009479215611636164,0.010919684650659308,0.007202345195115714,0.007713479370252959,0.0077041860216140986,0.006551810790395585,0.007258105286948867,0.008410480518167382,0.007471852305642623,0.007824999553919266,0.008140973407640471,0.00796439978350215,0.008745041069166305,0.009088894968804087,0.011189191761186218,0.014990171354479543,
06067,0.0006319477074424111,0.0006412410560812699,0.0006412410560812699,0.0006784144506367059,0.0007062944965532829,0.0007527612397475779,0.0007899346343030137,0.0009200415152470396,0.001198841974412809,0.0014776424335785788,0.00192372316824381,0.002081710095104413,0.002537084178408503,0.0036987527582658763,0.0040704867038202355,0.00494406147587298,0.005882689688397738,0.006458877304006995,0.006161490147563507,0.005445902302371366,0.00503699496226157,0.004349287162986005,0.004535154135763185,0.004758194503095801,0.005111341751372442,0.004786074549012378,0.005603889229231968,0.006616864230867598,0.00577116950473143,0.0055388357887599556,0.00595703647750861,0.005882689688397738,0.005706116064259417,0.007007184873699675,0.008670694280055433,0.005641062623787404,0.007574079140670074,0.008020159875335305,0.009934589694940255,0.009692962630329921,0.009479215611636164,0.010919684650659308,0.007202345195115714,0.007713479370252959,0.0077041860216140986,0.006551810790395585,0.007258105286948867,0.008410480518167382,0.007471852305642623,0.007824999553919266,0.008140973407640471,0.00796439978350215,0.008745041069166305,0.009088894968804087,0.011189191761186218,0.014990171354479543,
06069,0.0006319477074424111,0.0006412410560812699,0.0006412410560812699,0.0006784144506367059,0.0007062944965532829,0.0007527612397475779,0.0007899346343030137,0.0009200415152470396,0.001198841974412809,0.0014776424335785788,0.00192372316824381,0.002081710095104413,0.002537084178408503,0.0036987527582658763,0.0040704867038202355,0.00494406147587298,0.005882689688397738,0.006458877304006995,0.006161490147563507,0.005445902302371366,0.00503699496226157,0.004349287162986005,0.004535154135763185,0.004758194503095801,0.005111341751372442,0.004786074549012378,0.005603889229231968,0.006616864230867598,0.00577116950473143,0.0055388357887599556,0.00595703647750861,0.005882689688397738,0.005706116064259417,0.007007184873699675,0.008670694280055433,0.005641062623787404,0.007574079140670074,0.008020159875335305,0.009934589694940255,0.009692962630329921,0.009479215611636164,0.010919684650659308,0.007202345195115714,0.007713479370252959,0.0077041860216140986,0.006551810790395585,0.007258105286948867,0.008410480518167382,0.007471852305642623,0.007824999553919266,0.008140973407640471,0.00796439978350215,0.008745041069166305,0.009088894968804087,0.011189191761186218,0.014990171354479543,
06071,0.0006319477074424111,0.0006412410560812699,0.0006412410560812699,0.0006784144506367059,0.0007062944965532829,0.0007527612397475779,0.0007899346343030137,0.0009200415152470396,0.001198841974412809,0.0014776424335785788,0.00192372316824381,0.002081710095104413,0.002537084178408503,0.0036987527582658763,0.0040704867038202355,0.00494406147587298,0.005882689688397738,0.006458877304006995,0.006161490147563507,0.005445902302371366,0.00503699496226157,0.004349287162986005,0.004535154135763185,0.004758194503095801,0.005111341751372442,0.004786074549012378,0.005603889229231968,0.006616864230867598,0.00577116950473143,0.0055388357887599556,0.00595703647750861,0.005882689688397738,0.005706116064259417,0.007007184873699675,0.008670694280055433,0.005641062623787404,0.007574079140670074,0.008020159875335305,0.009934589694940255,0.009692962630329921,0.009479215611636164,0.010919684650659308,0.007202345195115714,0.007713479370252959,0.0077041860216140986,0.006551810790395585,0.007258105286948867,0.008410480518167382,0.007471852305642623,0.007824999553919266,0.008140973407640471,0.00796439978350215,0.008745041069166305,0.009088894968804087,0.011189191761186218,0.014990171354479543,
06073,0.0006319477074424111,0.0006412410560812699,0.0006412410560812699,0.0006784144506367059,0.0007062944965532829,0.0007527612397475779,0.0007899346343030137,0.0009200415152470396,0.001198841974412809,0.0014776424335785788,0.00192372316824381,0.002081710095104413,0.002537084178408503,0.0036987527582658763,0.0040704867038202355,0.00494406147587298,0.005882689688397738,0.006458877304006995,0.006161490147563507,0.005445902302371366,0.00503699496226157,0.004349287162986005,0.004535154135763185,0.004758194503095801,0.005111341751372442,0.004786074549012378,0.005603889229231968,0.006616864230867598,0.00577116950473143,0.0055388357887599556,0.00595703647750861,0.005882689688397738,0.005706116064259417,0.007007184873699675,0.008670694280055433,0.005641062623787404,0.007574079140670074,0.008020159875335305,0.009934589694940255,0.009692962630329921,0.009479215611636164,0.010919684650659308,0.007202345195115714,0.007713479370252959,0.0077041860216140986,0.006551810790395585,0.007258105286948867,0.008410480518167382,0.007471852305642623,0.007824999553919266,0.008140973407640471,0.00796439978350215,0.008745041069166305,0.009088894968804087,0.011189191761186218,0.014990171354479543,
06075,0.0006319477074424111,0.0006412410560812699,0.0006412410560812699,0.0006784144506367059,0.0007062944965532829,0.0007527612397475779,0.0007899346343030137,0.0009200415152470396,0.001198841974412809,0.0014776424335785788,0.00192372316824381,0.002081710095104413,0.002537084178408503,0.0036987527582658763,0.0040704867038202355,0.00494406147587298,0.005882689688397738,0.006458877304006995,0.006161490147563507,0.005445902302371366,0.00503699496226157,0.004349287162986005,0.004535154135763185,0.004758194503095801,0.005111341751372442,0.004786074549012378,0.005603889229231968,0.006616864230867598,0.00577116950473143,0.0055388357887599556,0.00595703647750861,0.005882689688397738,0.005706116064259417,0.007007184873699675,0.008670694280055433,0.005641062623787404,0.007574079140670074,0.008020159875335305,0.009934589694940255,0.009692962630329921,0.009479215611636164,0.010919684650659308,0.007202345195115714,0.007713479370252959,0.0077041860216140986,0.006551810790395585,0.007258105286948867,0.008410480518167382,0.007471852305642623,0.007824999553919266,0.008140973407640471,0.00796439978350215,0.008745041069166305,0.009088894968804087,0.011189191761186218,0.014990171354479543,
06077,0.0006319477074424111,0.0006412410560812699,0.0006412410560812699,0.0006784144506367059,0.0007062944965532829,0.0007527612397475779,0.0007899346343030137,0.0009200415152470396,0.001198841974412809,0.0014776424335785788,0.00192372316824381,0.002081710095104413,0.002537084178408503,0.0036987527582658763,0.0040704867038202355,0.00494406147587298,0.005882689688397738,0.006458877304006995,0.006161490147563507,0.005445902302371366,0.00503699496226157,0.004349287162986005,0.004535154135763185,0.004758194503095801,0.005111341751372442,0.004786074549012378,0.005603889229231968,0.006616864230867598,0.00577116950473143,0.0055388357887599556,0.00595703647750861,0.005882689688397738,0.005706116064259417,0.007007184873699675,0.008670694280055433,0.005641062623787404,0.007574079140670074,0.008020159875335305,0.009934589694940255,0.009692962630329921,0.009479215611636164,0.010919684650659308,0.007202345195115714,0.007713479370252959,0.0077041860216140986,0.006551810790395585,0.007258105286948867,0.008410480518167382,0.007471852305642623,0.007824999553919266,0.008140973407640471,0.00796439978350215,0.008745041069166305,0.009088894968804087,0.011189191761186218,0.014990171354479543,
06079,0.0006319477074424111,0.0006412410560812699,0.0006412410560812699,0.0006784144506367059,0.0007062944965532829,0.0007527612397475779,0.0007899346343030137,0.0009200415152470396,0.001198841974412809,0.0014776424335785788,0.00192372316824381,0.002081710095104413,0.002537084178408503,0.0036987527582658763,0.0040704867038202355,0.00494406147587298,0.005882689688397738,0.006458877304006995,0.006161490147563507,0.005445902302371366,0.00503699496226157,0.004349287162986005,0.004535154135763185,0.004758194503095801,0.005111341751372442,0.004786074549012378,0.005603889229231968,0.006616864230867598,0.00577116950473143,0.0055388357887599556,0.00595703647750861,0.005882689688397738,0.005706116064259417,0.007007184873699675,0.008670694280055433,0.005641062623787404,0.007574079140670074,0.008020159875335305,0.009934589694940255,0.009692962630329921,0.009479215611636164,0.010919684650659308,0.007202345195115714,0.007713479370252959,0.0077041860216140986,0.006551810790395585,0.007258105286948867,0.008410480518167382,0.007471852305642623,0.007824999553919266,0.008140973407640471,0.00796439978350215,0.008745041069166305,0.009088894968804087,0.011189191761186218,0.014990171354479543,
06081,0.0006319477074424111,0.0006412410560812699,0.0006412410560812699,0.0006784144506367059,0.0007062944965532829,0.0007527612397475779,0.0007899346343030137,0.0009200415152470396,0.001198841974412809,0.0014776424335785788,0.00192372316824381,0.002081710095104413,0.002537084178408503,0.0036987527582658763,0.0040704867038202355,0.00494406147587298,0.005882689688397738,0.006458877304006995,0.006161490147563507,0.005445902302371366,0.00503699496226157,0.004349287162986005,0.004535154135763185,0.004758194503095801,0.005111341751372442,0.004786074549012378,0.005603889229231968,0.006616864230867598,0.00577116950473143,0.0055388357887599556,0.00595703647750861,0.005882689688397738,0.005706116064259417,0.007007184873699675,0.008670694280055433,0.005641062623787404,0.007574079140670074,0.008020159875335305,0.009934589694940255,0.009692962630329921,0.009479215611636164,0.010919684650659308,0.007202345195115714,0.007713479370252959,0.0077041860216140986,0.006551810790395585,0.007258105286948867,0.008410480518167382,0.007471852305642623,0.007824999553919266,0.008140973407640471,0.00796439978350215,0.008745041069166305,0.009088894968804087,0.011189191761186218,0.014990171354479543,
06083,0.0006319477074424111,0.0006412410560812699,0.0006412410560812699,0.0006784144506367059,0.0007062944965532829,0.0007527612397475779,0.0007899346343030137,0.0009200415152470396,0.001198841974412809,0.0014776424335785788,0.00192372316824381,0.002081710095104413,0.002537084178408503,0.0036987527582658763,0.0040704867038202355,0.00494406147587298,0.005882689688397738,0.006458877304006995,0.006161490147563507,0.005445902302371366,0.00503699496226157,0.004349287162986005,0.004535154135763185,0.004758194503095801,0.005111341751372442,0.004786074549012378,0.005603889229231968,0.006616864230867598,0.00577116950473143,0.0055388357887599556,0.00595703647750861,0.005882689688397738,0.005706116064259417,0.007007184873699675,0.008670694280055433,0.005641062623787404,0.007574079140670074,0.008020159875335305,0.009934589694940255,0.009692962630329921,0.009479215611636164,0.010919684650659308,0.007202345195115714,0.007713479370252959,0.0077041860216140986,0.006551810790395585,0.007258105286948867,0.008410480518167382,0.007471852305642623,0.007824999553919266,0.008140973407640471,0.00796439978350215,0.008745041069166305,0.009088894968804087,0.011189191761186218,0.014990171354479543,
06085,0.0006319477074424111,0.0006412410560812699,0.0006412410560812699,0.0006784144506367059,0.0007062944965532829,0.0007527612397475779,0.0007899346343030137,0.0009200415152470396,0.001198841974412809,0.0014776424335785788,0.00192372316824381,0.002081710095104413,0.002537084178408503,0.0036987527582658763,0.0040704867038202355,0.00494406147587298,0.005882689688397738,0.006458877304006995,0.006161490147563507,0.005445902302371366,0.00503699496226157,0.004349287162986005,0.004535154135763185,0.004758194503095801,0.005111341751372442,0.004786074549012378,0.005603889229231968,0.006616864230867598,0.00577116950473143,0.0055388357887599556,0.00595703647750861,0.005882689688397738,0.005706116064259417,0.007007184873699675,0.008670694280055433,0.005641062623787404,0.007574079140670074,0.008020159875335305,0.009934589694940255,0.009692962630329921,0.009479215611636164,0.010919684650659308,0.007202345195115714,0.007713479370252959,0.0077041860216140986,0.006551810790395585,0.007258105286948867,0.008410480518167382,0.007471852305642623,0.007824999553919266,0.008140973407640471,0.00796439978350215,0.008745041069166305,0.009088894968804087,0.011189191761186218,0.014990171354479543,
06087,0.0006319477074424111,0.0006412410560812699,0.0006412410560812699,0.0006784144506367059,0.0007062944965532829,0.0007527612397475779,0.0007899346343030137,0.0009200415152470396,0.001198841974412809,0.0014776424335785788,0.00192372316824381,0.002081710095104413,0.002537084178408503,0.0036987527582658763,0.0040704867038202355,0.00494406147587298,0.005882689688397738,0.006458877304006995,0.006161490147563507,0.005445902302371366,0.00503699496226157,0.004349287162986005,0.004535154135763185,0.004758194503095801,0.005111341751372442,0.004786074549012378,0.005603889229231968,0.006616864230867598,0.00577116950473143,0.0055388357887599556,0.00595703647750861,0.005882689688397738,0.005706116064259417,0.007007184873699675,0.008670694280055433,0.005641062623787404,0.007574079140670074,0.008020159875335305,0.009934589694940255,0.009692962630329921,0.009479215611636164,0.010919684650659308,0.007202345195115714,0.007713479370252959,0.0077041860216140986,0.006551810790395585,0.007258105286948867,0.008410480518167382,0.007471852305642623,0.007824999553919266,0.008140973407640471,0.00796439978350215,0.008745041069166305,0.009088894968804087,0.011189191761186218,0.014990171354479543,
06089,0.0006319477074424111,0.0006412410560812699,0.0006412410560812699,0.0006784144506367059,0.0007062944965532829,0.0007527612397475779,0.0007899346343030137,0.0009200415152470396,0.001198841974412809,0.0014776424335785788,0.00192372316824381,0.002081710095104413,0.002537084178408503,0.0036987527582658763,0.0040704867038202355,0.00494406147587298,0.005882689688397738,0.006458877304006995,0.006161490147563507,0.005445902302371366,0.00503699496226157,0.004349287162986005,0.004535154135763185,0.004758194503095801,0.005111341751372442,0.004786074549012378,0.005603889229231968,0.006616864230867598,0.00577116950473143,0.0055388357887599556,0.00595703647750861,0.005882689688397738,0.005706116064259417,0.007007184873699675,0.008670694280055433,0.005641062623787404,0.007574079140670074,0.008020159875335305,0.009934589694940255,0.009692962630329921,0.009479215611636164,0.010919684650659308,0.007202345195115714,0.007713479370252959,0.0077041860216140986,0.006551810790395585,0.007258105286948867,0.008410480518167382,0.007471852305642623,0.007824999553919266,0.008140973407640471,0.00796439978350215,0.008745041069166305,0.009088894968804087,0.011189191761186218,0.014990171354479543,
06091,0.0006319477074424111,0.0006412410560812699,0.0006412410560812699,0.0006784144506367059,0.0007062944965532829,0.0007527612397475779,0.0007899346343030137,0.0009200415152470396,0.001198841974412809,0.0014776424335785788,0.00192372316824381,0.002081710095104413,0.002537084178408503,0.0036987527582658763,0.0040704867038202355,0.00494406147587298,0.005882689688397738,0.006458877304006995,0.006161490147563507,0.005445902302371366,0.00503699496226157,0.004349287162986005,0.004535154135763185,0.004758194503095801,0.005111341751372442,0.004786074549012378,0.005603889229231968,0.006616864230867598,0.00577116950473143,0.0055388357887599556,0.00595703647750861,0.005882689688397738,0.005706116064259417,0.007007184873699675,0.008670694280055433,0.005641062623787404,0.007574079140670074,0.008020159875335305,0.009934589694940255,0.009692962630329921,0.009479215611636164,0.010919684650659308,0.007202345195115714,0.007713479370252959,0.0077041860216140986,0.006551810790395585,0.007258105286948867,0.008410480518167382,0.007471852305642623,0.007824999553919266,0.008140973407640471,0.00796439978350215,0.008745041069166305,0.009088894968804087,0.011189191761186218,0.014990171354479543,
06093,0.0006319477074424111,0.0006412410560812699,0.0006412410560812699,0.0006784144506367059,0.0007062944965532829,0.0007527612397475779,0.0007899346343030137,0.0009200415152470396,0.001198841974412809,0.0014776424335785788,0.00192372316824381,0.002081710095104413,0.002537084178408503,0.0036987527582658763,0.0040704867038202355,0.00494406147587298,0.005882689688397738,0.006458877304006995,0.006161490147563507,0.005445902302371366,0.00503699496226157,0.004349287162986005,0.004535154135763185,0.004758194503095801,0.005111341751372442,0.004786074549012378,0.005603889229231968,0.006616864230867598,0.00577116950473143,0.0055388357887599556,0.00595703647750861,0.005882689688397738,0.005706116064259417,0.007007184873699675,0.008670694280055433,0.005641062623787404,0.007574079140670074,0.008020159875335305,0.009934589694940255,0.009692962630329921,0.009479215611636164,0.010919684650659308,0.007202345195115714,0.007713479370252959,0.0077041860216140986,0.006551810790395585,0.007258105286948867,0.008410480518167382,0.007471852305642623,0.007824999553919266,0.008140973407640471,0.00796439978350215,0.008745041069166305,0.009088894968804087,0.011189191761186218,0.014990171354479543,
06095,0.0006319477074424111,0.0006412410560812699,0.0006412410560812699,0.0006784144506367059,0.0007062944965532829,0.0007527612397475779,0.0007899346343030137,0.0009200415152470396,0.001198841974412809,0.0014776424335785788,0.00192372316824381,0.002081710095104413,0.002537084178408503,0.0036987527582658763,0.0040704867038202355,0.00494406147587298,0.005882689688397738,0.006458877304006995,0.006161490147563507,0.005445902302371366,0.00503699496226157,0.004349287162986005,0.004535154135763185,0.004758194503095801,0.005111341751372442,0.004786074549012378,0.005603889229231968,0.006616864230867598,0.00577116950473143,0.0055388357887599556,0.00595703647750861,0.005882689688397738,0.005706116064259417,0.007007184873699675,0.008670694280055433,0.005641062623787404,0.007574079140670074,0.008020159875335305,0.009934589694940255,0.009692962630329921,0.009479215611636164,0.010919684650659308,0.007202345195115714,0.007713479370252959,0.0077041860216140986,0.006551810790395585,0.007258105286948867,0.008410480518167382,0.007471852305642623,0.007824999553919266,0.008140973407640471,0.00796439978350215,0.008745041069166305,0.009088894968804087,0.011189191761186218,0.014990171354479543,
06097,0.0006319477074424111,0.0006412410560812699,0.0006412410560812699,0.0006784144506367059,0.0007062944965532829,0.0007527612397475779,0.0007899346343030137,0.0009200415152470396,0.001198841974412809,0.0014776424335785788,0.00192372316824381,0.002081710095104413,0.002537084178408503,0.0036987527582658763,0.0040704867038202355,0.00494406147587298,0.005882689688397738,0.006458877304006995,0.006161490147563507,0.005445902302371366,0.00503699496226157,0.004349287162986005,0.004535154135763185,0.004758194503095801,0.005111341751372442,0.004786074549012378,0.005603889229231968,0.006616864230867598,0.00577116950473143,0.0055388357887599556,0.00595703647750861,0.005882689688397738,0.005706116064259417,0.007007184873699675,0.008670694280055433,0.005641062623787404,0.007574079140670074,0.008020159875335305,0.009934589694940255,0.009692962630329921,0.009479215611636164,0.010919684650659308,0.007202345195115714,0.007713479370252959,0.0077041860216140986,0.006551810790395585,0.007258105286948867,0.008410480518167382,0.007471852305642623,0.007824999553919266,0.008140973407640471,0.00796439978350215,0.008745041069166305,0.009088894968804087,0.011189191761186218,0.014990171354479543,
06099,0.0006319477074424111,0.0006412410560812699,0.0006412410560812699,0.0006784144506367059,0.0007062944965532829,0.0007527612397475779,0.0007899346343030137,0.0009200415152470396,0.001198841974412809,0.0014776424335785788,0.00192372316824381,0.002081710095104413,0.002537084178408503,0.0036987527582658763,0.0040704867038202355,0.00494406147587298,0.005882689688397738,0.006458877304006995,0.006161490147563507,0.005445902302371366,0.00503699496226157,0.004349287162986005,0.004535154135763185,0.004758194503095801,0.005111341751372442,0.004786074549012378,0.005603889229231968,0.006616864230867598,0.00577116950473143,0.0055388357887599556,0.00595703647750861,0.005882689688397738,0.005706116064259417,0.007007184873699675,0.008670694280055433,0.005641062623787404,0.007574079140670074,0.008020159875335305,0.009934589694940255,0.009692962630329921,0.009479215611636164,0.010919684650659308,0.007202345195115714,0.007713479370252959,0.0077041860216140986,0.006551810790395585,0.007258105286948867,0.008410480518167382,0.007471852305642623,0.007824999553919266,0.008140973407640471,0.00796439978350215,0.008745041069166305,0.009088894968804087,0.011189191761186218,0.014990171354479543,
06101,0.0006319477074424111,0.0006412410560812699,0.0006412410560812699,0.0006784144506367059,0.0007062944965532829,0.0007527612397475779,0.0007899346343030137,0.0009200415152470396,0.001198841974412809,0.0014776424335785788,0.00192372316824381,0.002081710095104413,0.002537084178408503,0.0036987527582658763,0.0040704867038202355,0.00494406147587298,0.005882689688397738,0.006458877304006995,0.006161490147563507,0.005445902302371366,0.00503699496226157,0.004349287162986005,0.004535154135763185,0.004758194503095801,0.005111341751372442,0.004786074549012378,0.005603889229231968,0.006616864230867598,0.00577116950473143,0.0055388357887599556,0.00595703647750861,0.005882689688397738,0.005706116064259417,0.007007184873699675,0.008670694280055433,0.005641062623787404,0.007574079140670074,0.008020159875335305,0.009934589694940255,0.009692962630329921,0.009479215611636164,0.010919684650659308,0.007202345195115714,0.007713479370252959,0.0077041860216140986,0.006551810790395585,0.007258105286948867,0.008410480518167382,0.007471852305642623,0.007824999553919266,0.008140973407640471,0.00796439978350215,0.008745041069166305,0.009088894968804087,0.011189191761186218,0.014990171354479543,
06103,0.0006319477074424111,0.0006412410560812699,0.0006412410560812699,0.0006784144506367059,0.0007062944965532829,0.0007527612397475779,0.0007899346343030137,0.0009200415152470396,0.001198841974412809,0.0014776424335785788,0.00192372316824381,0.002081710095104413,0.002537084178408503,0.0036987527582658763,0.0040704867038202355,0.00494406147587298,0.005882689688397738,0.006458877304006995,0.006161490147563507,0.005445902302371366,0.00503699496226157,0.004349287162986005,0.004535154135763185,0.004758194503095801,0.005111341751372442,0.004786074549012378,0.005603889229231968,0.006616864230867598,0.00577116950473143,0.0055388357887599556,0.00595703647750861,0.005882689688397738,0.005706116064259417,0.007007184873699675,0.008670694280055433,0.005641062623787404,0.007574079140670074,0.008020159875335305,0.009934589694940255,0.009692962630329921,0.009479215611636164,0.010919684650659308,0.007202345195115714,0.007713479370252959,0.0077041860216140986,0.006551810790395585,0.007258105286948867,0.008410480518167382,0.007471852305642623,0.007824999553919266,0.008140973407640471,0.00796439978350215,0.008745041069166305,0.009088894968804087,0.011189191761186218,0.014990171354479543,
06105,0.0006319477074424111,0.0006412410560812699,0.0006412410560812699,0.0006784144506367059,0.0007062944965532829,0.0007527612397475779,0.0007899346343030137,0.0009200415152470396,0.001198841974412809,0.0014776424335785788,0.00192372316824381,0.002081710095104413,0.002537084178408503,0.0036987527582658763,0.0040704867038202355,0.00494406147587298,0.005882689688397738,0.006458877304006995,0.006161490147563507,0.005445902302371366,0.00503699496226157,0.004349287162986005,0.004535154135763185,0.004758194503095801,0.005111341751372442,0.004786074549012378,0.005603889229231968,0.006616864230867598,0.00577116950473143,0.0055388357887599556,0.00595703647750861,0.005882689688397738,0.005706116064259417,0.007007184873699675,0.008670694280055433,0.005641062623787404,0.007574079140670074,0.008020159875335305,0.009934589694940255,0.009692962630329921,0.009479215611636164,0.010919684650659308,0.007202345195115714,0.007713479370252959,0.0077041860216140986,0.006551810790395585,0.007258105286948867,0.008410480518167382,0.007471852305642623,0.007824999553919266,0.008140973407640471,0.00796439978350215,0.008745041069166305,0.009088894968804087,0.011189191761186218,0.014990171354479543,
06107,0.0006319477074424111,0.0006412410560812699,0.0006412410560812699,0.0006784144506367059,0.0007062944965532829,0.0007527612397475779,0.0007899346343030137,0.0009200415152470396,0.001198841974412809,0.0014776424335785788,0.00192372316824381,0.002081710095104413,0.002537084178408503,0.0036987527582658763,0.0040704867038202355,0.00494406147587298,0.005882689688397738,0.006458877304006995,0.006161490147563507,0.005445902302371366,0.00503699496226157,0.004349287162986005,0.004535154135763185,0.004758194503095801,0.005111341751372442,0.004786074549012378,0.005603889229231968,0.006616864230867598,0.00577116950473143,0.0055388357887599556,0.00595703647750861,0.005882689688397738,0.005706116064259417,0.007007184873699675,0.008670694280055433,0.005641062623787404,0.007574079140670074,0.008020159875335305,0.009934589694940255,0.009692962630329921,0.009479215611636164,0.010919684650659308,0.007202345195115714,0.007713479370252959,0.0077041860216140986,0.006551810790395585,0.007258105286948867,0.008410480518167382,0.007471852305642623,0.007824999553919266,0.008140973407640471,0.00796439978350215,0.008745041069166305,0.009088894968804087,0.011189191761186218,0.014990171354479543,
06109,0.0006319477074424111,0.0006412410560812699,0.0006412410560812699,0.0006784144506367059,0.0007062944965532829,0.0007527612397475779,0.0007899346343030137,0.0009200415152470396,0.001198841974412809,0.0014776424335785788,0.00192372316824381,0.002081710095104413,0.002537084178408503,0.0036987527582658763,0.0040704867038202355,0.00494406147587298,0.005882689688397738,0.006458877304006995,0.006161490147563507,0.005445902302371366,0.00503699496226157,0.004349287162986005,0.004535154135763185,0.004758194503095801,0.005111341751372442,0.004786074549012378,0.005603889229231968,0.006616864230867598,0.00577116950473143,0.0055388357887599556,0.00595703647750861,0.005882689688397738,0.005706116064259417,0.007007184873699675,0.008670694280055433,0.005641062623787404,0.007574079140670074,0.008020159875335305,0.009934589694940255,0.009692962630329921,0.009479215611636164,0.010919684650659308,0.007202345195115714,0.007713479370252959,0.0077041860216140986,0.006551810790395585,0.007258105286948867,0.008410480518167382,0.007471852305642623,0.007824999553919266,0.008140973407640471,0.00796439978350215,0.008745041069166305,0.009088894968804087,0.011189191761186218,0.014990171354479543,
06111,0.0006319477074424111,0.0006412410560812699,0.0006412410560812699,0.0006784144506367059,0.0007062944965532829,0.0007527612397475779,0.0007899346343030137,0.0009200415152470396,0.001198841974412809,0.0014776424335785788,0.00192372316824381,0.002081710095104413,0.002537084178408503,0.0036987527582658763,0.0040704867038202355,0.00494406147587298,0.005882689688397738,0.006458877304006995,0.006161490147563507,0.005445902302371366,0.00503699496226157,0.004349287162986005,0.004535154135763185,0.004758194503095801,0.005111341751372442,0.004786074549012378,0.005603889229231968,0.006616864230867598,0.00577116950473143,0.0055388357887599556,0.00595703647750861,0.005882689688397738,0.005706116064259417,0.007007184873699675,0.008670694280055433,0.005641062623787404,0.007574079140670074,0.008020159875335305,0.009934589694940255,0.009692962630329921,0.009479215611636164,0.010919684650659308,0.007202345195115714,0.007713479370252959,0.0077041860216140986,0.006551810790395585,0.007258105286948867,0.008410480518167382,0.007471852305642623,0.007824999553919266,0.008140973407640471,0.00796439978350215,0.008745041069166305,0.009088894968804087,0.011189191761186218,0.014990171354479543,
06113,0.0006319477074424111,0.0006412410560812699,0.0006412410560812699,0.0006784144506367059,0.0007062944965532829,0.0007527612397475779,0.0007899346343030137,0.0009200415152470396,0.001198841974412809,0.0014776424335785788,0.00192372316824381,0.002081710095104413,0.002537084178408503,0.0036987527582658763,0.0040704867038202355,0.00494406147587298,0.005882689688397738,0.006458877304006995,0.006161490147563507,0.005445902302371366,0.00503699496226157,0.004349287162986005,0.004535154135763185,0.004758194503095801,0.005111341751372442,0.004786074549012378,0.005603889229231968,0.006616864230867598,0.00577116950473143,0.0055388357887599556,0.00595703647750861,0.005882689688397738,0.005706116064259417,0.007007184873699675,0.008670694280055433,0.005641062623787404,0.007574079140670074,0.008020159875335305,0.009934589694940255,0.009692962630329921,0.009479215611636164,0.010919684650659308,0.007202345195115714,0.007713479370252959,0.0077041860216140986,0.006551810790395585,0.007258105286948867,0.008410480518167382,0.007471852305642623,0.007824999553919266,0.008140973407640471,0.00796439978350215,0.008745041069166305,0.009088894968804087,0.011189191761186218,0.014990171354479543,
06115,0.0006319477074424111,0.0006412410560812699,0.0006412410560812699,0.0006784144506367059,0.0007062944965532829,0.0007527612397475779,0.0007899346343030137,0.0009200415152470396,0.001198841974412809,0.0014776424335785788,0.00192372316824381,0.002081710095104413,0.002537084178408503,0.0036987527582658763,0.0040704867038202355,0.00494406147587298,0.005882689688397738,0.006458877304006995,0.006161490147563507,0.005445902302371366,0.00503699496226157,0.004349287162986005,0.004535154135763185,0.004758194503095801,0.005111341751372442,0.004786074549012378,0.005603889229231968,0.006616864230867598,0.00577116950473143,0.0055388357887599556,0.00595703647750861,0.005882689688397738,0.005706116064259417,0.007007184873699675,0.008670694280055433,0.005641062623787404,0.007574079140670074,0.008020159875335305,0.009934589694940255,0.009692962630329921,0.009479215611636164,0.010919684650659308,0.007202345195115714,0.007713479370252959,0.0077041860216140986,0.006551810790395585,0.007258105286948867,0.008410480518167382,0.007471852305642623,0.007824999553919266,0.008140973407640471,0.00796439978350215,0.008745041069166305,0.009088894968804087,0.011189191761186218,0.014990171354479543,
08001,0.0005204275237761033,0.0005111341751372442,0.0005111341751372442,0.0005297208724149621,0.0005483075696926801,0.0005947743128869751,0.0006319477074424111,0.0007713479370252958,0.0009200415152470396,0.0010129750016356295,0.001301068809440258,0.0016077493145226045,0.0021281768382987076,0.0027972979402965544,0.00356864587732185,0.0042470603279585566,0.004683847713984929,0.0044329273007357355,0.004284233722513992,0.00411695344701453,0.0038567396851264795,0.003587232574599568,0.003763806198737889,0.0037080461069047355,0.00375451285009903,0.0037173394555435942,0.00375451285009903,0.004061193355181377,0.003931086474237351,0.0034106589504612475,0.003773099547376748,0.0040333133092648,0.004228473630680838,0.004990528219067276,0.0071651718005602775,0.004479394043930031,0.0055109557428433785,0.0069514247818665215,0.00871716102324973,0.008930908041943485,0.007527612397475778,0.008373307123611945,0.007025771570977393,0.007044358268255111,0.0072859853328654444,0.007044358268255111,0.006746971111811623,0.007574079140670074,0.006942131433227662,0.005966329826147468,0.006663330974061892,0.006356650468979546,0.006430997258090418,0.005789756202009148,0.007406798865170611,0.010575830751021526,0.009497802308913884
08003,0.0005204275237761033,0.0005111341751372442,0.0005111341751372442,0.0005297208724149621,0.0005483075696926801,0.0005947743128869751,0.0006319477074424111,0.0007713479370252958,0.0009200415152470396,0.0010129750016356295,0.001301068809440258,0.0016077493145226045,0.0021281768382987076,0.0027972979402965544,0.00356864587732185,0.0042470603279585566,0.004683847713984929,0.0044329273007357355,0.004284233722513992,0.00411695344701453,0.0038567396851264795,0.003587232574599568,0.003763806198737889,0.0037080461069047355,0.00375451285009903,0.0037173394555435942,0.00375451285009903,0.004061193355181377,0.003931086474237351,0.0034106589504612475,0.003773099547376748,0.0040333133092648,0.004228473630680838,0.004990528219067276,0.0071651718005602775,0.004479394043930031,0.0055109557428433785,0.0069514247818665215,0.00871716102324973,0.008930908041943485,0.007527612397475778,0.008373307123611945,0.007025771570977393,0.007044358268255111,0.0072859853328654444,0.007044358268255111,0.006746971111811623,0.007574079140670074,0.006942131433227662,0.005966329826147468,0.006663330974061892,0.006356650468979546,0.006430997258090418,0.005789756202009148,0.007406798865170611,0.010575830751021526,0.009497802308913884
08005,0.0005204275237761033,0.0005111341751372442,0.0005111341751372442,0.0005297208724149621,0.0005483075696926801,0.0005947743128869751,0.0006319477074424111,0.0007713479370252958,0.0009200415152470396,0.0010129750016356295,0.001301068809440258,0.0016077493145226045,0.0021281768382987076,0.0027972979402965544,0.00356864587732185,0.0042470603279585566,0.004683847713984929,0.0044329273007357355,0.004284233722513992,0.00411695344701453,0.0038567396851264795,0.003587232574599568,0.003763806198737889,0.0037080461069047355,0.00375451285009903,0.0037173394555435942,0.00375451285009903,0.004061193355181377,0.003931086474237351,0.0034106589504612475,0.003773099547376748,0.0040333133092648,0.004228473630680838,0.004990528219067276,0.0071651718005602775,0.004479394043930031,0.0055109557428433785,0.0069514247818665215,0.00871716102324973,0.008930908041943485,0.007527612397475778,0.008373307123611945,0.007025771570977393,0.007044358268255111,0.0072859853328654444,0.007044358268255111,0.006746971111811623,0.007574079140670074,0.006942131433227662,0.005966329826147468,0.006663330974061892,0.006356650468979546,0.006430997258090418,0.005789756202009148,0.007406798865170611,0.010575830751021526,0.009497802308913884
08007,0.0005204275237761033,0.0005111341751372442,0.0005111341751372442,0.0005297208724149621,0.0005483075696926801,0.0005947743128869751,0.0006319477074424111,0.0007713479370252958,0.0009200415152470396,0.0010129750016356295,0.001301068809440258,0.0016077493145226045,0.0021281768382987076,0.0027972979402965544,0.00356864587732185,0.0042470603279585566,0.004683847713984929,0.0044329273007357355,0.004284233722513992,0.00411695344701453,0.0038567396851264795,0.003587232574599568,0.003763806198737889,0.0037080461069047355,0.00375451285009903,0.0037173394555435942,0.00375451285009903,0.004061193355181377,0.003931086474237351,0.0034106589504612475,0.003773099547376748,0.0040333133092648,0.004228473630680838,0.004990528219067276,0.0071651718005602775,0.004479394043930031,0.0055109557428433785,0.0069514247818665215,0.00871716102324973,0.008930908041943485,0.007527612397475778,0.008373307123611945,0.007025771570977393,0.007044358268255111,0.0072859853328654444,0.007044358268255111,0.006746971111811623,0.007574079140670074,0.006942131433227662,0.005966329826147468,0.006663330974061892,0.006356650468979546,0.006430997258090418,0.005789756202009148,0.007406798865170611,0.010575830751021526,0.009497802308913884
08009,0.0005204275237761033,0.0005111341751372442,0.0005111341751372442,0.0005297208724149621,0.0005483075696926801,0.0005947743128869751,0.0006319477074424111,0.0007713479370252958,0.0009200415152470396,0.0010129750016356295,0.001301068809440258,0.0016077493145226045,0.0021281768382987076,0.0027972979402965544,0.00356864587732185,0.0042470603279585566,0.004683847713984929,0.0044329273007357355,0.004284233722513992,0.00411695344701453,0.0038567396851264795,0.003587232574599568,0.003763806198737889,0.0037080461069047355,0.00375451285009903,0.0037173394555435942,0.00375451285009903,0.004061193355181377,0.003931086474237351,0.0034106589504612475,0.003773099547376748,0.0040333133092648,0.004228473630680838,0.004990528219067276,0.0071651718005602775,0.004479394043930031,0.0055109557428433785,0.0069514247818665215,0.00871716102324973,0.008930908041943485,0.007527612397475778,0.008373307123611945,0.007025771570977393,0.007044358268255111,0.0072859853328654444,0.007044358268255111,0.006746971111811623,0.007574079140670074,0.006942131433227662,0.005966329826147468,0.006663330974061892,0.006356650468979546,0.006430997258090418,0.005789756202009148,0.007406798865170611,0.010575830751021526,0.009497802308913884
08011,0.0005204275237761033,0.0005111341751372442,0.0005111341751372442,0.0005297208724149621,0.0005483075696926801,0.0005947743128869751,0.0006319477074424111,0.0007713479370252958,0.0009200415152470396,0.0010129750016356295,0.001301068809440258,0.0016077493145226045,0.0021281768382987076,0.0027972979402965544,0.00356864587732185,0.0042470603279585566,0.004683847713984929,0.0044329273007357355,0.004284233722513992,0.00411695344701453,0.0038567396851264795,0.003587232574599568,0.003763806198737889,0.0037080461069047355,0.00375451285009903,0.0037173394555435942,0.00375451285009903,0.004061193355181377,0.003931086474237351,0.0034106589504612475,0.003773099547376748,0.0040333133092648,0.004228473630680838,0.004990528219067276,0.0071651718005602775,0.004479394043930031,0.0055109557428433785,0.0069514247818665215,0.00871716102324973,0.008930908041943485,0.007527612397475778,0.008373307123611945,0.007025771570977393,0.007044358268255111,0.0072859853328654444,0.007044358268255111,0.006746971111811623,0.007574079140670074,0.006942131433227662,0.005966329826147468,0.006663330974061892,0.006356650468979546,0.006430997258090418,0.005789756202009148,0.007406798865170611,0.010575830751021526,0.009497802308913884
08013,0.0005204275237761033,0.0005111341751372442,0.0005111341751372442,0.0005297208724149621,0.0005483075696926801,0.0005947743128869751,0.0006319477074424111,0.0007713479370252958,0.0009200415152470396,0.0010129750016356295,0.001301068809440258,0.0016077493145226045,0.0021281768382987076,0.0027972979402965544,0.00356864587732185,0.0042470603279585566,0.004683847713984929,0.0044329273007357355,0.004284233722513992,0.00411695344701453,0.0038567396851264795,0.003587232574599568,0.003763806198737889,0.0037080461069047355,0.00375451285009903,0.0037173394555435942,0.00375451285009903,0.004061193355181377,0.003931086474237351,0.0034106589504612475,0.003773099547376748,0.0040333133092648,0.004228473630680838,0.004990528219067276,0.0071651718005602775,0.004479394043930031,0.0055109557428433785,0.0069514247818665215,0.00871716102324973,0.008930908041943485,0.007527612397475778,0.008373307123611945,0.007025771570977393,0.007044358268255111,0.0072859853328654444,0.007044358268255111,0.006746971111811623,0.007574079140670074,0.006942131433227662,0.005966329826147468,0.006663330974061892,0.006356650468979546,0.006430997258090418,0.005789756202009148,0.007406798865170611,0.010575830751021526,0.009497802308913884
08014,0.0005204275237761033,0.0005111341751372442,0.0005111341751372442,0.0005297208724149621,0.0005483075696926801,0.0005947743128869751,0.0006319477074424111,0.0007713479370252958,0.0009200415152470396,0.0010129750016356295,0.001301068809440258,0.0016077493145226045,0.0021281768382987076,0.0027972979402965544,0.00356864587732185,0.0042470603279585566,0.004683847713984929,0.0044329273007357355,0.004284233722513992,0.00411695344701453,0.0038567396851264795,0.003587232574599568,0.003763806198737889,0.0037080461069047355,0.00375451285009903,0.0037173394555435942,0.00375451285009903,0.004061193355181377,0.003931086474237351,0.0034106589504612475,0.003773099547376748,0.0040333133092648,0.004228473630680838,0.004990528219067276,0.0071651718005602775,0.004479394043930031,0.0055109557428433785,0.0069514247818665215,0.00871716102324973,0.008930908041943485,0.007527612397475778,0.008373307123611945,0.007025771570977393,0.007044358268255111,0.0072859853328654444,0.007044358268255111,0.006746971111811623,0.007574079140670074,0.006942131433227662,0.005966329826147468,0.006663330974061892,0.006356650468979546,0.006430997258090418,0.005789756202009148,0.007406798865170611,0.010575830751021526,0.009497802308913884
08015,0.0005204275237761033,0.0005111341751372442,0.0005111341751372442,0.0005297208724149621,0.0005483075696926801,0.0005947743128869751,0.0006319477074424111,0.0007713479370252958,0.0009200415152470396,0.0010129750016356295,0.001301068809440258,0.0016077493145226045,0.0021281768382987076,0.0027972979402965544,0.00356864587732185,0.0042470603279585566,0.004683847713984929,0.0044329273007357355,0.004284233722513992,0.00411695344701453,0.0038567396851264795,0.003587232574599568,0.003763806198737889,0.0037080461069047355,0.00375451285009903,0.0037173394555435942,0.00375451285009903,0.004061193355181377,0.003931086474237351,0.0034106589504612475,0.003773099547376748,0.0040333133092648,0.004228473630680838,0.004990528219067276,0.0071651718005602775,0.004479394043930031,0.0055109557428433785,0.0069514247818665215,0.00871716102324973,0.008930908041943485,0.007527612397475778,0.008373307123611945,0.007025771570977393,0.007044358268255111,0.0072859853328654444,0.007044358268255111,0.006746971111811623,0.007574079140670074,0.006942131433227662,0.005966329826147468,0.006663330974061892,0.006356650468979546,0.006430997258090418,0.005789756202009148,0.007406798865170611,0.010575830751021526,0.009497802308913884
08017,0.0005204275237761033,0.0005111341751372442,0.0005111341751372442,0.0005297208724149621,0.0005483075696926801,0.0005947743128869751,0.0006319477074424111,0.0007713479370252958,0.0009200415152470396,0.0010129750016356295,0.001301068809440258,0.0016077493145226045,0.0021281768382987076,0.0027972979402965544,0.00356864587732185,0.0042470603279585566,0.004683847713984929,0.0044329273007357355,0.004284233722513992,0.00411695344701453,0.0038567396851264795,0.003587232574599568,0.003763806198737889,0.0037080461069047355,0.00375451285009903,0.0037173394555435942,0.00375451285009903,0.004061193355181377,0.003931086474237351,0.0034106589504612475,0.003773099547376748,0.0040333133092648,0.004228473630680838,0.004990528219067276,0.0071651718005602775,0.004479394043930031,0.0055109557428433785,0.0069514247818665215,0.00871716102324973,0.008930908041943485,0.007527612397475778,0.008373307123611945,0.007025771570977393,0.007044358268255111,0.0072859853328654444,0.007044358268255111,0.006746971111811623,0.007574079140670074,0.006942131433227662,0.005966329826147468,0.006663330974061892,0.006356650468979546,0.006430997258090418,0.005789756202009148,0.007406798865170611,0.010575830751021526,0.009497802308913884
08019,0.0005204275237761033,0.0005111341751372442,0.0005111341751372442,0.0005297208724149621,0.0005483075696926801,0.0005947743128869751,0.0006319477074424111,0.0007713479370252958,0.0009200415152470396,0.0010129750016356295,0.001301068809440258,0.0016077493145226045,0.0021281768382987076,0.0027972979402965544,0.00356864587732185,0.0042470603279585566,0.004683847713984929,0.0044329273007357355,0.004284233722513992,0.00411695344701453,0.0038567396851264795,0.003587232574599568,0.003763806198737889,0.0037080461069047355,0.00375451285009903,0.0037173394555435942,0.00375451285009903,0.004061193355181377,0.003931086474237351,0.0034106589504612475,0.003773099547376748,0.0040333133092648,0.004228473630680838,0.004990528219067276,0.0071651718005602775,0.004479394043930031,0.0055109557428433785,0.0069514247818665215,0.00871716102324973,0.008930908041943485,0.007527612397475778,0.008373307123611945,0.007025771570977393,0.007044358268255111,0.0072859853328654444,0.007044358268255111,0.006746971111811623,0.007574079140670074,0.006942131433227662,0.005966329826147468,0.006663330974061892,0.006356650468979546,0.006430997258090418,0.005789756202009148,0.007406798865170611,0.010575830751021526,0.009497802308913884
08021,0.0005204275237761033,0.0005111341751372442,0.0005111341751372442,0.0005297208724149621,0.0005483075696926801,0.0005947743128869751,0.0006319477074424111,0.0007713479370252958,0.0009200415152470396,0.0010129750016356295,0.001301068809440258,0.0016077493145226045,0.0021281768382987076,0.0027972979402965544,0.00356864587732185,0.0042470603279585566,0.004683847713984929,0.0044329273007357355,0.004284233722513992,0.00411695344701453,0.0038567396851264795,0.003587232574599568,0.003763806198737889,0.0037080461069047355,0.00375451285009903,0.0037173394555435942,0.00375451285009903,0.004061193355181377,0.003931086474237351,0.0034106589504612475,0.003773099547376748,0.0040333133092648,0.004228473630680838,0.004990528219067276,0.0071651718005602775,0.004479394043930031,0.0055109557428433785,0.0069514247818665215,0.00871716102324973,0.008930908041943485,0.007527612397475778,0.008373307123611945,0.007025771570977393,0.007044358268255111,0.0072859853328654444,0.007044358268255111,0.006746971111811623,0.007574079140670074,0.006942131433227662,0.005966329826147468,0.006663330974061892,0.006356650468979546,0.006430997258090418,0.005789756202009148,0.007406798865170611,0.010575830751021526,0.009497802308913884
08023,0.0005204275237761033,0.0005111341751372442,0.0005111341751372442,0.0005297208724149621,0.0005483075696926801,0.0005947743128869751,0.0006319477074424111,0.0007713479370252958,0.0009200415152470396,0.0010129750016356295,0.001301068809440258,0.0016077493145226045,0.0021281768382987076,0.0027972979402965544,0.00356864587732185,0.0042470603279585566,0.004683847713984929,0.0044329273007357355,0.004284233722513992,0.00411695344701453,0.0038567396851264795,0.003587232574599568,0.003763806198737889,0.0037080461069047355,0.00375451285009903,0.0037173394555435942,0.00375451285009903,0.004061193355181377,0.003931086474237351,0.0034106589504612475,0.003773099547376748,0.0040333133092648,0.004228473630680838,0.004990528219067276,0.0071651718005602775,0.004479394043930031,0.0055109557428433785,0.0069514247818665215,0.00871716102324973,0.008930908041943485,0.007527612397475778,0.008373307123611945,0.007025771570977393,0.007044358268255111,0.0072859853328654444,0.007044358268255111,0.006746971111811623,0.007574079140670074,0.006942131433227662,0.005966329826147468,0.006663330974061892,0.006356650468979546,0.006430997258090418,0.005789756202009148,0.007406798865170611,0.010575830751021526,0.009497802308913884
08025,0.0005204275237761033,0.0005111341751372442,0.0005111341751372442,0.0005297208724149621,0.0005483075696926801,0.0005947743128869751,0.0006319477074424111,0.0007713479370252958,0.0009200415152470396,0.0010129750016356295,0.001301068809440258,0.0016077493145226045,0.0021281768382987076,0.0027972979402965544,0.00356864587732185,0.0042470603279585566,0.004683847713984929,0.0044329273007357355,0.004284233722513992,0.00411695344701453,0.0038567396851264795,0.003587232574599568,0.003763806198737889,0.0037080461069047355,0.00375451285009903,0.0037173394555435942,0.00375451285009903,0.004061193355181377,0.003931086474237351,0.0034106589504612475,0.003773099547376748,0.0040333133092648,0.004228473630680838,0.004990528219067276,0.0071651718005602775,0.004479394043930031,0.0055109557428433785,0.0069514247818665215,0.00871716102324973,0.008930908041943485,0.007527612397475778,0.008373307123611945,0.007025771570977393,0.007044358268255111,0.0072859853328654444,0.007044358268255111,0.006746971111811623,0.007574079140670074,0.006942131433227662,0.005966329826147468,0.006663330974061892,0.006356650468979546,0.006430997258090418,0.005789756202009148,0.007406798865170611,0.010575830751021526,0.009497802308913884
08027,0.0005204275237761033,0.0005111341751372442,0.0005111341751372442,0.0005297208724149621,0.0005483075696926801,0.0005947743128869751,0.0006319477074424111,0.0007713479370252958,0.0009200415152470396,0.0010129750016356295,0.001301068809440258,0.0016077493145226045,0.0021281768382987076,0.0027972979402965544,0.00356864587732185,0.0042470603279585566,0.004683847713984929,0.0044329273007357355,0.004284233722513992,0.00411695344701453,0.0038567396851264795,0.003587232574599568,0.003763806198737889,0.0037080461069047355,0.00375451285009903,0.0037173394555435942,0.00375451285009903,0.004061193355181377,0.003931086474237351,0.0034106589504612475,0.003773099547376748,0.0040333133092648,0.004228473630680838,0.004990528219067276,0.0071651718005602775,0.004479394043930031,0.0055109557428433785,0.0069514247818665215,0.00871716102324973,0.008930908041943485,0.007527612397475778,0.008373307123611945,0.007025771570977393,0.007044358268255111,0.0072859853328654444,0.007044358268255111,0.006746971111811623,0.007574079140670074,0.006942131433227662,0.005966329826147468,0.006663330974061892,0.006356650468979546,0.006430997258090418,0.005789756202009148,0.007406798865170611,0.010575830751021526,0.009497802308913884
08029,0.0005204275237761033,0.0005111341751372442,0.0005111341751372442,0.0005297208724149621,0.0005483075696926801,0.0005947743128869751,0.0006319477074424111,0.0007713479370252958,0.0009200415152470396,0.0010129750016356295,0.001301068809440258,0.0016077493145226045,0.0021281768382987076,0.0027972979402965544,0.00356864587732185,0.0042470603279585566,0.004683847713984929,0.0044329273007357355,0.004284233722513992,0.00411695344701453,0.0038567396851264795,0.003587232574599568,0.003763806198737889,0.0037080461069047355,0.00375451285009903,0.0037173394555435942,0.00375451285009903,0.004061193355181377,0.003931086474237351,0.0034106589504612475,0.003773099547376748,0.0040333133092648,0.004228473630680838,0.004990528219067276,0.0071651718005602775,0.004479394043930031,0.0055109557428433785,0.0069514247818665215,0.00871716102324973,0.008930908041943485,0.007527612397475778,0.008373307123611945,0.007025771570977393,0.007044358268255111,0.0072859853328654444,0.007044358268255111,0.006746971111811623,0.007574079140670074,0.006942131433227662,0.005966329826147468,0.006663330974061892,0.006356650468979546,0.006430997258090418,0.005789756202009148,0.007406798865170611,0.010575830751021526,0.009497802308913884
08031,0.0005204275237761033,0.0005111341751372442,0.0005111341751372442,0.0005297208724149621,0.0005483075696926801,0.0005947743128869751,0.0006319477074424111,0.0007713479370252958,0.0009200415152470396,0.0010129750016356295,0.001301068809440258,0.0016077493145226045,0.0021281768382987076,0.0027972979402965544,0.00356864587732185,0.0042470603279585566,0.004683847713984929,0.0044329273007357355,0.004284233722513992,0.00411695344701453,0.0038567396851264795,0.003587232574599568,0.003763806198737889,0.0037080461069047355,0.00375451285009903,0.0037173394555435942,0.00375451285009903,0.004061193355181377,0.003931086474237351,0.0034106589504612475,0.003773099547376748,0.0040333133092648,0.004228473630680838,0.004990528219067276,0.0071651718005602775,0.004479394043930031,0.0055109557428433785,0.0069514247818665215,0.00871716102324973,0.008930908041943485,0.007527612397475778,0.008373307123611945,0.007025771570977393,0.007044358268255111,0.0072859853328654444,0.007044358268255111,0.006746971111811623,0.007574079140670074,0.006942131433227662,0.005966329826147468,0.006663330974061892,0.006356650468979546,0.006430997258090418,0.005789756202009148,0.007406798865170611,0.010575830751021526,0.009497802308913884
08033,0.0005204275237761033,0.0005111341751372442,0.0005111341751372442,0.0005297208724149621,0.0005483075696926801,0.0005947743128869751,0.0006319477074424111,0.0007713479370252958,0.0009200415152470396,0.0010129750016356295,0.001301068809440258,0.0016077493145226045,0.0021281768382987076,0.0027972979402965544,0.00356864587732185,0.0042470603279585566,0.004683847713984929,0.0044329273007357355,0.004284233722513992,0.00411695344701453,0.0038567396851264795,0.003587232574599568,0.003763806198737889,0.0037080461069047355,0.00375451285009903,0.0037173394555435942,0.00375451285009903,0.004061193355181377,0.003931086474237351,0.0034106589504612475,0.003773099547376748,0.0040333133092648,0.004228473630680838,0.004990528219067276,0.0071651718005602775,0.004479394043930031,0.0055109557428433785,0.0069514247818665215,0.00871716102324973,0.008930908041943485,0.007527612397475778,0.008373307123611945,0.007025771570977393,0.007044358268255111,0.0072859853328654444,0.007044358268255111,0.006746971111811623,0.007574079140670074,0.006942131433227662,0.005966329826147468,0.006663330974061892,0.006356650468979546,0.006430997258090418,0.005789756202009148,0.007406798865170611,0.010575830751021526,0.009497802308913884
08035,0.0005204275237761033,0.0005111341751372442,0.0005111341751372442,0.0005297208724149621,0.0005483075696926801,0.0005947743128869751,0.0006319477074424111,0.0007713479370252958,0.0009200415152470396,0.0010129750016356295,0.001301068809440258,0.0016077493145226045,0.0021281768382987076,0.0027972979402965544,0.00356864587732185,0.0042470603279585566,0.004683847713984929,0.0044329273007357355,0.004284233722513992,0.00411695344701453,0.0038567396851264795,0.003587232574599568,0.003763806198737889,0.0037080461069047355,0.00375451285009903,0.0037173394555435942,0.00375451285009903,0.004061193355181377,0.003931086474237351,0.0034106589504612475,0.003773099547376748,0.0040333133092648,0.004228473630680838,0.004990528219067276,0.0071651718005602775,0.004479394043930031,0.0055109557428433785,0.0069514247818665215,0.00871716102324973,0.008930908041943485,0.007527612397475778,0.008373307123611945,0.007025771570977393,0.007044358268255111,0.0072859853328654444,0.007044358268255111,0.006746971111811623,0.007574079140670074,0.006942131433227662,0.005966329826147468,0.006663330974061892,0.006356650468979546,0.006430997258090418,0.005789756202009148,0.007406798865170611,0.010575830751021526,0.009497802308913884
08037,0.0005204275237761033,0.0005111341751372442,0.0005111341751372442,0.0005297208724149621,0.0005483075696926801,0.0005947743128869751,0.0006319477074424111,0.0007713479370252958,0.0009200415152470396,0.0010129750016356295,0.001301068809440258,0.0016077493145226045,0.0021281768382987076,0.0027972979402965544,0.00356864587732185,0.0042470603279585566,0.004683847713984929,0.0044329273007357355,0.004284233722513992,0.00411695344701453,0.0038567396851264795,0.003587232574599568,0.003763806198737889,0.0037080461069047355,0.00375451285009903,0.0037173394555435942,0.00375451285009903,0.004061193355181377,0.003931086474237351,0.0034106589504612475,0.003773099547376748,0.0040333133092648,0.004228473630680838,0.004990528219067276,0.0071651718005602775,0.004479394043930031,0.0055109557428433785,0.0069514247818665215,0.00871716102324973,0.008930908041943485,0.007527612397475778,0.008373307123611945,0.007025771570977393,0.007044358268255111,0.0072859853328654444,0.007044358268255111,0.006746971111811623,0.007574079140670074,0.006942131433227662,0.005966329826147468,0.006663330974061892,0.006356650468979546,0.006430997258090418,0.005789756202009148,0.007406798865170611,0.010575830751021526,0.009497802308913884
08039,0.0005204275237761033,0.0005111341751372442,0.0005111341751372442,0.0005297208724149621,0.0005483075696926801,0.0005947743128869751,0.0006319477074424111,0.0007713479370252958,0.0009200415152470396,0.0010129750016356295,0.001301068809440258,0.0016077493145226045,0.0021281768382987076,0.0027972979402965544,0.00356864587732185,0.0042470603279585566,0.004683847713984929,0.0044329273007357355,0.004284233722513992,0.00411695344701453,0.0038567396851264795,0.003587232574599568,0.003763806198737889,0.0037080461069047355,0.00375451285009903,0.0037173394555435942,0.00375451285009903,0.004061193355181377,0.003931086474237351,0.0034106589504612475,0.003773099547376748,0.0040333133092648,0.004228473630680838,0.004990528219067276,0.0071651718005602775,0.004479394043930031,0.0055109557428433785,0.0069514247818665215,0.00871716102324973,0.008930908041943485,0.007527612397475778,0.008373307123611945,0.007025771570977393,0.007044358268255111,0.0072859853328654444,0.007044358268255111,0.006746971111811623,0.007574079140670074,0.006942131433227662,0.005966329826147468,0.006663330974061892,0.006356650468979546,0.006430997258090418,0.005789756202009148,0.007406798865170611,0.010575830751021526,0.009497802308913884
08041,0.0005204275237761033,0.0005111341751372442,0.0005111341751372442,0.0005297208724149621,0.0005483075696926801,0.0005947743128869751,0.0006319477074424111,0.0007713479370252958,0.0009200415152470396,0.0010129750016356295,0.001301068809440258,0.0016077493145226045,0.0021281768382987076,0.0027972979402965544,0.00356864587732185,0.0042470603279585566,0.004683847713984929,0.0044329273007357355,0.004284233722513992,0.00411695344701453,0.0038567396851264795,0.003587232574599568,0.003763806198737889,0.0037080461069047355,0.00375451285009903,0.0037173394555435942,0.00375451285009903,0.004061193355181377,0.003931086474237351,0.0034106589504612475,0.003773099547376748,0.0040333133092648,0.004228473630680838,0.004990528219067276,0.0071651718005602775,0.004479394043930031,0.0055109557428433785,0.0069514247818665215,0.00871716102324973,0.008930908041943485,0.007527612397475778,0.008373307123611945,0.007025771570977393,0.007044358268255111,0.0072859853328654444,0.007044358268255111,0.006746971111811623,0.007574079140670074,0.006942131433227662,0.005966329826147468,0.006663330974061892,0.006356650468979546,0.006430997258090418,0.005789756202009148,0.007406798865170611,0.010575830751021526,0.009497802308913884
08043,0.0005204275237761033,0.0005111341751372442,0.0005111341751372442,0.0005297208724149621,0.0005483075696926801,0.0005947743128869751,0.0006319477074424111,0.0007713479370252958,0.0009200415152470396,0.0010129750016356295,0.001301068809440258,0.0016077493145226045,0.0021281768382987076,0.0027972979402965544,0.00356864587732185,0.0042470603279585566,0.004683847713984929,0.0044329273007357355,0.004284233722513992,0.00411695344701453,0.0038567396851264795,0.003587232574599568,0.003763806198737889,0.0037080461069047355,0.00375451285009903,0.0037173394555435942,0.00375451285009903,0.004061193355181377,0.003931086474237351,0.0034106589504612475,0.003773099547376748,0.0040333133092648,0.004228473630680838,0.004990528219067276,0.0071651718005602775,0.004479394043930031,0.0055109557428433785,0.0069514247818665215,0.00871716102324973,0.008930908041943485,0.007527612397475778,0.008373307123611945,0.007025771570977393,0.007044358268255111,0.0072859853328654444,0.007044358268255111,0.006746971111811623,0.007574079140670074,0.006942131433227662,0.005966329826147468,0.006663330974061892,0.006356650468979546,0.006430997258090418,0.005789756202009148,0.007406798865170611,0.010575830751021526,0.009497802308913884
08045,0.0005204275237761033,0.0005111341751372442,0.0005111341751372442,0.0005297208724149621,0.0005483075696926801,0.0005947743128869751,0.0006319477074424111,0.0007713479370252958,0.0009200415152470396,0.0010129750016356295,0.001301068809440258,0.0016077493145226045,0.0021281768382987076,0.0027972979402965544,0.00356864587732185,0.0042470603279585566,0.004683847713984929,0.0044329273007357355,0.004284233722513992,0.00411695344701453,0.0038567396851264795,0.003587232574599568,0.003763806198737889,0.0037080461069047355,0.00375451285009903,0.0037173394555435942,0.00375451285009903,0.004061193355181377,0.003931086474237351,0.0034106589504612475,0.003773099547376748,0.0040333133092648,0.004228473630680838,0.004990528219067276,0.0071651718005602775,0.004479394043930031,0.0055109557428433785,0.0069514247818665215,0.00871716102324973,0.008930908041943485,0.007527612397475778,0.008373307123611945,0.007025771570977393,0.007044358268255111,0.0072859853328654444,0.007044358268255111,0.006746971111811623,0.007574079140670074,0.006942131433227662,0.005966329826147468,0.006663330974061892,0.006356650468979546,0.006430997258090418,0.005789756202009148,0.007406798865170611,0.010575830751021526,0.009497802308913884
08047,0.0005204275237761033,0.0005111341751372442,0.0005111341751372442,0.0005297208724149621,0.0005483075696926801,0.0005947743128869751,0.0006319477074424111,0.0007713479370252958,0.0009200415152470396,0.0010129750016356295,0.001301068809440258,0.0016077493145226045,0.0021281768382987076,0.0027972979402965544,0.00356864587732185,0.0042470603279585566,0.004683847713984929,0.0044329273007357355,0.004284233722513992,0.00411695344701453,0.0038567396851264795,0.003587232574599568,0.003763806198737889,0.0037080461069047355,0.00375451285009903,0.0037173394555435942,0.00375451285009903,0.004061193355181377,0.003931086474237351,0.0034106589504612475,0.003773099547376748,0.0040333133092648,0.004228473630680838,0.004990528219067276,0.0071651718005602775,0.004479394043930031,0.0055109557428433785,0.0069514247818665215,0.00871716102324973,0.008930908041943485,0.007527612397475778,0.008373307123611945,0.007025771570977393,0.007044358268255111,0.0072859853328654444,0.007044358268255111,0.006746971111811623,0.007574079140670074,0.006942131433227662,0.005966329826147468,0.006663330974061892,0.006356650468979546,0.006430997258090418,0.005789756202009148,0.007406798865170611,0.010575830751021526,0.009497802308913884
08049,0.0005204275237761033,0.0005111341751372442,0.0005111341751372442,0.0005297208724149621,0.0005483075696926801,0.0005947743128869751,0.0006319477074424111,0.0007713479370252958,0.0009200415152470396,0.0010129750016356295,0.001301068809440258,0.0016077493145226045,0.0021281768382987076,0.0027972979402965544,0.00356864587732185,0.0042470603279585566,0.004683847713984929,0.0044329273007357355,0.004284233722513992,0.00411695344701453,0.0038567396851264795,0.003587232574599568,0.003763806198737889,0.0037080461069047355,0.00375451285009903,0.0037173394555435942,0.00375451285009903,0.004061193355181377,0.003931086474237351,0.0034106589504612475,0.003773099547376748,0.0040333133092648,0.004228473630680838,0.004990528219067276,0.0071651718005602775,0.004479394043930031,0.0055109557428433785,0.0069514247818665215,0.00871716102324973,0.008930908041943485,0.007527612397475778,0.008373307123611945,0.007025771570977393,0.007044358268255111,0.0072859853328654444,0.007044358268255111,0.006746971111811623,0.007574079140670074,0.006942131433227662,0.005966329826147468,0.006663330974061892,0.006356650468979546,0.006430997258090418,0.005789756202009148,0.007406798865170611,0.010575830751021526,0.009497802308913884
08051,0.0005204275237761033,0.0005111341751372442,0.0005111341751372442,0.0005297208724149621,0.0005483075696926801,0.0005947743128869751,0.0006319477074424111,0.0007713479370252958,0.0009200415152470396,0.0010129750016356295,0.001301068809440258,0.0016077493145226045,0.0021281768382987076,0.0027972979402965544,0.00356864587732185,0.0042470603279585566,0.004683847713984929,0.0044329273007357355,0.004284233722513992,0.00411695344701453,0.0038567396851264795,0.003587232574599568,0.003763806198737889,0.0037080461069047355,0.00375451285009903,0.0037173394555435942,0.00375451285009903,0.004061193355181377,0.003931086474237351,0.0034106589504612475,0.003773099547376748,0.0040333133092648,0.004228473630680838,0.004990528219067276,0.0071651718005602775,0.004479394043930031,0.0055109557428433785,0.0069514247818665215,0.00871716102324973,0.008930908041943485,0.007527612397475778,0.008373307123611945,0.007025771570977393,0.007044358268255111,0.0072859853328654444,0.007044358268255111,0.006746971111811623,0.007574079140670074,0.006942131433227662,0.005966329826147468,0.006663330974061892,0.006356650468979546,0.006430997258090418,0.005789756202009148,0.007406798865170611,0.010575830751021526,0.009497802308913884
08053,0.0005204275237761033,0.0005111341751372442,0.0005111341751372442,0.0005297208724149621,0.0005483075696926801,0.0005947743128869751,0.0006319477074424111,0.0007713479370252958,0.0009200415152470396,0.0010129750016356295,0.001301068809440258,0.0016077493145226045,0.0021281768382987076,0.0027972979402965544,0.00356864587732185,0.0042470603279585566,0.004683847713984929,0.0044329273007357355,0.004284233722513992,0.00411695344701453,0.0038567396851264795,0.003587232574599568,0.003763806198737889,0.0037080461069047355,0.00375451285009903,0.0037173394555435942,0.00375451285009903,0.004061193355181377,0.003931086474237351,0.0034106589504612475,0.003773099547376748,0.0040333133092648,0.004228473630680838,0.004990528219067276,0.0071651718005602775,0.004479394043930031,0.0055109557428433785,0.0069514247818665215,0.00871716102324973,0.008930908041943485,0.007527612397475778,0.008373307123611945,0.007025771570977393,0.007044358268255111,0.0072859853328654444,0.007044358268255111,0.006746971111811623,0.007574079140670074,0.006942131433227662,0.005966329826147468,0.006663330974061892,0.006356650468979546,0.006430997258090418,0.005789756202009148,0.007406798865170611,0.010575830751021526,0.009497802308913884
08055,0.0005204275237761033,0.0005111341751372442,0.0005111341751372442,0.0005297208724149621,0.0005483075696926801,0.0005947743128869751,0.0006319477074424111,0.0007713479370252958,0.0009200415152470396,0.0010129750016356295,0.001301068809440258,0.0016077493145226045,0.0021281768382987076,0.0027972979402965544,0.00356864587732185,0.0042470603279585566,0.004683847713984929,0.0044329273007357355,0.004284233722513992,0.00411695344701453,0.0038567396851264795,0.003587232574599568,0.003763806198737889,0.0037080461069047355,0.00375451285009903,0.0037173394555435942,0.00375451285009903,0.004061193355181377,0.003931086474237351,0.0034106589504612475,0.003773099547376748,0.0040333133092648,0.004228473630680838,0.004990528219067276,0.0071651718005602775,0.004479394043930031,0.0055109557428433785,0.0069514247818665215,0.00871716102324973,0.008930908041943485,0.007527612397475778,0.008373307123611945,0.007025771570977393,0.007044358268255111,0.0072859853328654444,0.007044358268255111,0.006746971111811623,0.007574079140670074,0.006942131433227662,0.005966329826147468,0.006663330974061892,0.006356650468979546,0.006430997258090418,0.005789756202009148,0.007406798865170611,0.010575830751021526,0.009497802308913884
08057,0.0005204275237761033,0.0005111341751372442,0.0005111341751372442,0.0005297208724149621,0.0005483075696926801,0.0005947743128869751,0.0006319477074424111,0.0007713479370252958,0.0009200415152470396,0.0010129750016356295,0.001301068809440258,0.0016077493145226045,0.0021281768382987076,0.0027972979402965544,0.00356864587732185,0.0042470603279585566,0.004683847713984929,0.0044329273007357355,0.004284233722513992,0.00411695344701453,0.0038567396851264795,0.003587232574599568,0.003763806198737889,0.0037080461069047355,0.00375451285009903,0.0037173394555435942,0.00375451285009903,0.004061193355181377,0.003931086474237351,0.0034106589504612475,0.003773099547376748,0.0040333133092648,0.004228473630680838,0.004990528219067276,0.0071651718005602775,0.004479394043930031,0.0055109557428433785,0.0069514247818665215,0.00871716102324973,0.008930908041943485,0.007527612397475778,0.008373307123611945,0.007025771570977393,0.007044358268255111,0.0072859853328654444,0.007044358268255111,0.006746971111811623,0.007574079140670074,0.006942131433227662,0.005966329826147468,0.006663330974061892,0.006356650468979546,0.006430997258090418,0.005789756202009148,0.007406798865170611,0.010575830751021526,0.009497802308913884
08059,0.0005204275237761033,0.0005111341751372442,0.0005111341751372442,0.0005297208724149621,0.0005483075696926801,0.0005947743128869751,0.0006319477074424111,0.0007713479370252958,0.0009200415152470396,0.0010129750016356295,0.001301068809440258,0.0016077493145226045,0.0021281768382987076,0.0027972979402965544,0.00356864587732185,0.0042470603279585566,0.004683847713984929,0.0044329273007357355,0.004284233722513992,0.00411695344701453,0.0038567396851264795,0.003587232574599568,0.003763806198737889,0.0037080461069047355,0.00375451285009903,0.0037173394555435942,0.00375451285009903,0.004061193355181377,0.003931086474237351,0.0034106589504612475,0.003773099547376748,0.0040333133092648,0.004228473630680838,0.004990528219067276,0.0071651718005602775,0.004479394043930031,0.0055109557428433785,0.0069514247818665215,0.00871716102324973,0.008930908041943485,0.007527612397475778,0.008373307123611945,0.007025771570977393,0.007044358268255111,0.0072859853328654444,0.007044358268255111,0.006746971111811623,0.007574079140670074,0.006942131433227662,0.005966329826147468,0.006663330974061892,0.006356650468979546,0.006430997258090418,0.005789756202009148,0.007406798865170611,0.010575830751021526,0.009497802308913884
08061,0.0005204275237761033,0.0005111341751372442,0.0005111341751372442,0.0005297208724149621,0.0005483075696926801,0.0005947743128869751,0.0006319477074424111,0.0007713479370252958,0.0009200415152470396,0.0010129750016356295,0.001301068809440258,0.0016077493145226045,0.0021281768382987076,0.0027972979402965544,0.00356864587732185,0.0042470603279585566,0.004683847713984929,0.0044329273007357355,0.004284233722513992,0.00411695344701453,0.0038567396851264795,0.003587232574599568,0.003763806198737889,0.0037080461069047355,0.00375451285009903,0.0037173394555435942,0.00375451285009903,0.004061193355181377,0.003931086474237351,0.0034106589504612475,0.003773099547376748,0.0040333133092648,0.004228473630680838,0.004990528219067276,0.0071651718005602775,0.004479394043930031,0.0055109557428433785,0.0069514247818665215,0.00871716102324973,0.008930908041943485,0.007527612397475778,0.008373307123611945,0.007025771570977393,0.007044358268255111,0.0072859853328654444,0.007044358268255111,0.006746971111811623,0.007574079140670074,0.006942131433227662,0.005966329826147468,0.006663330974061892,0.006356650468979546,0.006430997258090418,0.005789756202009148,0.007406798865170611,0.010575830751021526,0.009497802308913884
08063,0.0005204275237761033,0.0005111341751372442,0.0005111341751372442,0.0005297208724149621,0.0005483075696926801,0.0005947743128869751,0.0006319477074424111,0.0007713479370252958,0.0009200415152470396,0.0010129750016356295,0.001301068809440258,0.0016077493145226045,0.0021281768382987076,0.0027972979402965544,0.00356864587732185,0.0042470603279585566,0.004683847713984929,0.0044329273007357355,0.004284233722513992,0.00411695344701453,0.0038567396851264795,0.003587232574599568,0.003763806198737889,0.0037080461069047355,0.00375451285009903,0.0037173394555435942,0.00375451285009903,0.004061193355181377,0.003931086474237351,0.0034106589504612475,0.003773099547376748,0.0040333133092648,0.004228473630680838,0.004990528219067276,0.0071651718005602775,0.004479394043930031,0.0055109557428433785,0.0069514247818665215,0.00871716102324973,0.008930908041943485,0.007527612397475778,0.008373307123611945,0.007025771570977393,0.007044358268255111,0.0072859853328654444,0.007044358268255111,0.006746971111811623,0.007574079140670074,0.006942131433227662,0.005966329826147468,0.006663330974061892,0.006356650468979546,0.006430997258090418,0.005789756202009148,0.007406798865170611,0.010575830751021526,0.009497802308913884
08065,0.0005204275237761033,0.0005111341751372442,0.0005111341751372442,0.0005297208724149621,0.0005483075696926801,0.0005947743128869751,0.0006319477074424111,0.0007713479370252958,0.0009200415152470396,0.0010129750016356295,0.001301068809440258,0.0016077493145226045,0.0021281768382987076,0.0027972979402965544,0.00356864587732185,0.0042470603279585566,0.004683847713984929,0.0044329273007357355,0.004284233722513992,0.00411695344701453,0.0038567396851264795,0.003587232574599568,0.003763806198737889,0.0037080461069047355,0.00375451285009903,0.0037173394555435942,0.00375451285009903,0.004061193355181377,0.003931086474237351,0.0034106589504612475,0.003773099547376748,0.0040333133092648,0.004228473630680838,0.004990528219067276,0.0071651718005602775,0.004479394043930031,0.0055109557428433785,0.0069514247818665215,0.00871716102324973,0.008930908041943485,0.007527612397475778,0.008373307123611945,0.007025771570977393,0.007044358268255111,0.0072859853328654444,0.007044358268255111,0.006746971111811623,0.007574079140670074,0.006942131433227662,0.005966329826147468,0.006663330974061892,0.006356650468979546,0.006430997258090418,0.005789756202009148,0.007406798865170611,0.010575830751021526,0.009497802308913884
08067,0.0005204275237761033,0.0005111341751372442,0.0005111341751372442,0.0005297208724149621,0.0005483075696926801,0.0005947743128869751,0.0006319477074424111,0.0007713479370252958,0.0009200415152470396,0.0010129750016356295,0.001301068809440258,0.0016077493145226045,0.0021281768382987076,0.0027972979402965544,0.00356864587732185,0.0042470603279585566,0.004683847713984929,0.0044329273007357355,0.004284233722513992,0.00411695344701453,0.0038567396851264795,0.003587232574599568,0.003763806198737889,0.0037080461069047355,0.00375451285009903,0.0037173394555435942,0.00375451285009903,0.004061193355181377,0.003931086474237351,0.0034106589504612475,0.003773099547376748,0.0040333133092648,0.004228473630680838,0.004990528219067276,0.0071651718005602775,0.004479394043930031,0.0055109557428433785,0.0069514247818665215,0.00871716102324973,0.008930908041943485,0.007527612397475778,0.008373307123611945,0.007025771570977393,0.007044358268255111,0.0072859853328654444,0.007044358268255111,0.006746971111811623,0.007574079140670074,0.006942131433227662,0.005966329826147468,0.006663330974061892,0.006356650468979546,0.006430997258090418,0.005789756202009148,0.007406798865170611,0.010575830751021526,0.009497802308913884
08069,0.0005204275237761033,0.0005111341751372442,0.0005111341751372442,0.0005297208724149621,0.0005483075696926801,0.0005947743128869751,0.0006319477074424111,0.0007713479370252958,0.0009200415152470396,0.0010129750016356295,0.001301068809440258,0.0016077493145226045,0.0021281768382987076,0.0027972979402965544,0.00356864587732185,0.0042470603279585566,0.004683847713984929,0.0044329273007357355,0.004284233722513992,0.00411695344701453,0.0038567396851264795,0.003587232574599568,0.003763806198737889,0.0037080461069047355,0.00375451285009903,0.0037173394555435942,0.00375451285009903,0.004061193355181377,0.003931086474237351,0.0034106589504612475,0.003773099547376748,0.0040333133092648,0.004228473630680838,0.004990528219067276,0.0071651718005602775,0.004479394043930031,0.0055109557428433785,0.0069514247818665215,0.00871716102324973,0.008930908041943485,0.007527612397475778,0.008373307123611945,0.007025771570977393,0.007044358268255111,0.0072859853328654444,0.007044358268255111,0.006746971111811623,0.007574079140670074,0.006942131433227662,0.005966329826147468,0.006663330974061892,0.006356650468979546,0.006430997258090418,0.005789756202009148,0.007406798865170611,0.010575830751021526,0.009497802308913884
08071,0.0005204275237761033,0.0005111341751372442,0.0005111341751372442,0.0005297208724149621,0.0005483075696926801,0.0005947743128869751,0.0006319477074424111,0.0007713479370252958,0.0009200415152470396,0.0010129750016356295,0.001301068809440258,0.0016077493145226045,0.0021281768382987076,0.0027972979402965544,0.00356864587732185,0.0042470603279585566,0.004683847713984929,0.0044329273007357355,0.004284233722513992,0.00411695344701453,0.0038567396851264795,0.003587232574599568,0.003763806198737889,0.0037080461069047355,0.00375451285009903,0.0037173394555435942,0.00375451285009903,0.004061193355181377,0.003931086474237351,0.0034106589504612475,0.003773099547376748,0.0040333133092648,0.004228473630680838,0.004990528219067276,0.0071651718005602775,0.004479394043930031,0.0055109557428433785,0.0069514247818665215,0.00871716102324973,0.008930908041943485,0.007527612397475778,0.008373307123611945,0.007025771570977393,0.007044358268255111,0.0072859853328654444,0.007044358268255111,0.006746971111811623,0.007574079140670074,0.006942131433227662,0.005966329826147468,0.006663330974061892,0.006356650468979546,0.006430997258090418,0.005789756202009148,0.007406798865170611,0.010575830751021526,0.009497802308913884
08073,0.0005204275237761033,0.0005111341751372442,0.0005111341751372442,0.0005297208724149621,0.0005483075696926801,0.0005947743128869751,0.0006319477074424111,0.0007713479370252958,0.0009200415152470396,0.0010129750016356295,0.001301068809440258,0.0016077493145226045,0.0021281768382987076,0.0027972979402965544,0.00356864587732185,0.0042470603279585566,0.004683847713984929,0.0044329273007357355,0.004284233722513992,0.00411695344701453,0.0038567396851264795,0.003587232574599568,0.003763806198737889,0.0037080461069047355,0.00375451285009903,0.0037173394555435942,0.00375451285009903,0.004061193355181377,0.003931086474237351,0.0034106589504612475,0.003773099547376748,0.0040333133092648,0.004228473630680838,0.004990528219067276,0.0071651718005602775,0.004479394043930031,0.0055109557428433785,0.0069514247818665215,0.00871716102324973,0.008930908041943485,0.007527612397475778,0.008373307123611945,0.007025771570977393,0.007044358268255111,0.0072859853328654444,0.007044358268255111,0.006746971111811623,0.007574079140670074,0.006942131433227662,0.005966329826147468,0.006663330974061892,0.006356650468979546,0.006430997258090418,0.005789756202009148,0.007406798865170611,0.010575830751021526,0.009497802308913884
08075,0.0005204275237761033,0.0005111341751372442,0.0005111341751372442,0.0005297208724149621,0.0005483075696926801,0.0005947743128869751,0.0006319477074424111,0.0007713479370252958,0.0009200415152470396,0.0010129750016356295,0.001301068809440258,0.0016077493145226045,0.0021281768382987076,0.0027972979402965544,0.00356864587732185,0.0042470603279585566,0.004683847713984929,0.0044329273007357355,0.004284233722513992,0.00411695344701453,0.0038567396851264795,0.003587232574599568,0.003763806198737889,0.0037080461069047355,0.00375451285009903,0.0037173394555435942,0.00375451285009903,0.004061193355181377,0.003931086474237351,0.0034106589504612475,0.003773099547376748,0.0040333133092648,0.004228473630680838,0.004990528219067276,0.0071651718005602775,0.004479394043930031,0.0055109557428433785,0.0069514247818665215,0.00871716102324973,0.008930908041943485,0.007527612397475778,0.008373307123611945,0.007025771570977393,0.007044358268255111,0.0072859853328654444,0.007044358268255111,0.006746971111811623,0.007574079140670074,0.006942131433227662,0.005966329826147468,0.006663330974061892,0.006356650468979546,0.006430997258090418,0.005789756202009148,0.007406798865170611,0.010575830751021526,0.009497802308913884
08077,0.0005204275237761033,0.0005111341751372442,0.0005111341751372442,0.0005297208724149621,0.0005483075696926801,0.0005947743128869751,0.0006319477074424111,0.0007713479370252958,0.0009200415152470396,0.0010129750016356295,0.001301068809440258,0.0016077493145226045,0.0021281768382987076,0.0027972979402965544,0.00356864587732185,0.0042470603279585566,0.004683847713984929,0.0044329273007357355,0.004284233722513992,0.00411695344701453,0.0038567396851264795,0.003587232574599568,0.003763806198737889,0.0037080461069047355,0.00375451285009903,0.0037173394555435942,0.00375451285009903,0.004061193355181377,0.003931086474237351,0.0034106589504612475,0.003773099547376748,0.0040333133092648,0.004228473630680838,0.004990528219067276,0.0071651718005602775,0.004479394043930031,0.0055109557428433785,0.0069514247818665215,0.00871716102324973,0.008930908041943485,0.007527612397475778,0.008373307123611945,0.007025771570977393,0.007044358268255111,0.0072859853328654444,0.007044358268255111,0.006746971111811623,0.007574079140670074,0.006942131433227662,0.005966329826147468,0.006663330974061892,0.006356650468979546,0.006430997258090418,0.005789756202009148,0.007406798865170611,0.010575830751021526,0.009497802308913884
08079,0.0005204275237761033,0.0005111341751372442,0.0005111341751372442,0.0005297208724149621,0.0005483075696926801,0.0005947743128869751,0.0006319477074424111,0.0007713479370252958,0.0009200415152470396,0.0010129750016356295,0.001301068809440258,0.0016077493145226045,0.0021281768382987076,0.0027972979402965544,0.00356864587732185,0.0042470603279585566,0.004683847713984929,0.0044329273007357355,0.004284233722513992,0.00411695344701453,0.0038567396851264795,0.003587232574599568,0.003763806198737889,0.0037080461069047355,0.00375451285009903,0.0037173394555435942,0.00375451285009903,0.004061193355181377,0.003931086474237351,0.0034106589504612475,0.003773099547376748,0.0040333133092648,0.004228473630680838,0.004990528219067276,0.0071651718005602775,0.004479394043930031,0.0055109557428433785,0.0069514247818665215,0.00871716102324973,0.008930908041943485,0.007527612397475778,0.008373307123611945,0.007025771570977393,0.007044358268255111,0.0072859853328654444,0.007044358268255111,0.006746971111811623,0.007574079140670074,0.006942131433227662,0.005966329826147468,0.006663330974061892,0.006356650468979546,0.006430997258090418,0.005789756202009148,0.007406798865170611,0.010575830751021526,0.009497802308913884
08081,0.0005204275237761033,0.0005111341751372442,0.0005111341751372442,0.0005297208724149621,0.0005483075696926801,0.0005947743128869751,0.0006319477074424111,0.0007713479370252958,0.0009200415152470396,0.0010129750016356295,0.001301068809440258,0.0016077493145226045,0.0021281768382987076,0.0027972979402965544,0.00356864587732185,0.0042470603279585566,0.004683847713984929,0.0044329273007357355,0.004284233722513992,0.00411695344701453,0.0038567396851264795,0.003587232574599568,0.003763806198737889,0.0037080461069047355,0.00375451285009903,0.0037173394555435942,0.00375451285009903,0.004061193355181377,0.003931086474237351,0.0034106589504612475,0.003773099547376748,0.0040333133092648,0.004228473630680838,0.004990528219067276,0.0071651718005602775,0.004479394043930031,0.0055109557428433785,0.0069514247818665215,0.00871716102324973,0.008930908041943485,0.007527612397475778,0.008373307123611945,0.007025771570977393,0.007044358268255111,0.0072859853328654444,0.007044358268255111,0.006746971111811623,0.007574079140670074,0.006942131433227662,0.005966329826147468,0.006663330974061892,0.006356650468979546,0.006430997258090418,0.005789756202009148,0.007406798865170611,0.010575830751021526,0.009497802308913884
08083,0.0005204275237761033,0.0005111341751372442,0.0005111341751372442,0.0005297208724149621,0.0005483075696926801,0.0005947743128869751,0.0006319477074424111,0.0007713479370252958,0.0009200415152470396,0.0010129750016356295,0.001301068809440258,0.0016077493145226045,0.0021281768382987076,0.0027972979402965544,0.00356864587732185,0.0042470603279585566,0.004683847713984929,0.0044329273007357355,0.004284233722513992,0.00411695344701453,0.0038567396851264795,0.003587232574599568,0.003763806198737889,0.0037080461069047355,0.00375451285009903,0.0037173394555435942,0.00375451285009903,0.004061193355181377,0.003931086474237351,0.0034106589504612475,0.003773099547376748,0.0040333133092648,0.004228473630680838,0.004990528219067276,0.0071651718005602775,0.004479394043930031,0.0055109557428433785,0.0069514247818665215,0.00871716102324973,0.008930908041943485,0.007527612397475778,0.008373307123611945,0.007025771570977393,0.007044358268255111,0.0072859853328654444,0.007044358268255111,0.006746971111811623,0.007574079140670074,0.006942131433227662,0.005966329826147468,0.006663330974061892,0.006356650468979546,0.006430997258090418,0.005789756202009148,0.007406798865170611,0.010575830751021526,0.009497802308913884
08085,0.0005204275237761033,0.0005111341751372442,0.0005111341751372442,0.0005297208724149621,0.0005483075696926801,0.0005947743128869751,0.0006319477074424111,0.0007713479370252958,0.0009200415152470396,0.0010129750016356295,0.001301068809440258,0.0016077493145226045,0.0021281768382987076,0.0027972979402965544,0.00356864587732185,0.0042470603279585566,0.004683847713984929,0.0044329273007357355,0.004284233722513992,0.00411695344701453,0.0038567396851264795,0.003587232574599568,0.003763806198737889,0.0037080461069047355,0.00375451285009903,0.0037173394555435942,0.00375451285009903,0.004061193355181377,0.003931086474237351,0.0034106589504612475,0.003773099547376748,0.0040333133092648,0.004228473630680838,0.004990528219067276,0.0071651718005602775,0.004479394043930031,0.0055109557428433785,0.0069514247818665215,0.00871716102324973,0.008930908041943485,0.007527612397475778,0.008373307123611945,0.007025771570977393,0.007044358268255111,0.0072859853328654444,0.007044358268255111,0.006746971111811623,0.007574079140670074,0.006942131433227662,0.005966329826147468,0.006663330974061892,0.006356650468979546,0.006430997258090418,0.005789756202009148,0.007406798865170611,0.010575830751021526,0.009497802308913884
08087,0.0005204275237761033,0.0005111341751372442,0.0005111341751372442,0.0005297208724149621,0.0005483075696926801,0.0005947743128869751,0.0006319477074424111,0.0007713479370252958,0.0009200415152470396,0.0010129750016356295,0.001301068809440258,0.0016077493145226045,0.0021281768382987076,0.0027972979402965544,0.00356864587732185,0.0042470603279585566,0.004683847713984929,0.0044329273007357355,0.004284233722513992,0.00411695344701453,0.0038567396851264795,0.003587232574599568,0.003763806198737889,0.0037080461069047355,0.00375451285009903,0.0037173394555435942,0.00375451285009903,0.004061193355181377,0.003931086474237351,0.0034106589504612475,0.003773099547376748,0.0040333133092648,0.004228473630680838,0.004990528219067276,0.0071651718005602775,0.004479394043930031,0.0055109557428433785,0.0069514247818665215,0.00871716102324973,0.008930908041943485,0.007527612397475778,0.008373307123611945,0.007025771570977393,0.007044358268255111,0.0072859853328654444,0.007044358268255111,0.006746971111811623,0.007574079140670074,0.006942131433227662,0.005966329826147468,0.006663330974061892,0.006356650468979546,0.006430997258090418,0.005789756202009148,0.007406798865170611,0.010575830751021526,0.009497802308913884
08089,0.0005204275237761033,0.0005111341751372442,0.0005111341751372442,0.0005297208724149621,0.0005483075696926801,0.0005947743128869751,0.0006319477074424111,0.0007713479370252958,0.0009200415152470396,0.0010129750016356295,0.001301068809440258,0.0016077493145226045,0.0021281768382987076,0.0027972979402965544,0.00356864587732185,0.0042470603279585566,0.004683847713984929,0.0044329273007357355,0.004284233722513992,0.00411695344701453,0.0038567396851264795,0.003587232574599568,0.003763806198737889,0.0037080461069047355,0.00375451285009903,0.0037173394555435942,0.00375451285009903,0.004061193355181377,0.003931086474237351,0.0034106589504612475,0.003773099547376748,0.0040333133092648,0.004228473630680838,0.004990528219067276,0.0071651718005602775,0.004479394043930031,0.0055109557428433785,0.0069514247818665215,0.00871716102324973,0.008930908041943485,0.007527612397475778,0.008373307123611945,0.007025771570977393,0.007044358268255111,0.0072859853328654444,0.007044358268255111,0.006746971111811623,0.007574079140670074,0.006942131433227662,0.005966329826147468,0.006663330974061892,0.006356650468979546,0.006430997258090418,0.005789756202009148,0.007406798865170611,0.010575830751021526,0.009497802308913884
08091,0.0005204275237761033,0.0005111341751372442,0.0005111341751372442,0.0005297208724149621,0.0005483075696926801,0.0005947743128869751,0.0006319477074424111,0.0007713479370252958,0.0009200415152470396,0.0010129750016356295,0.001301068809440258,0.0016077493145226045,0.0021281768382987076,0.0027972979402965544,0.00356864587732185,0.0042470603279585566,0.004683847713984929,0.0044329273007357355,0.004284233722513992,0.00411695344701453,0.0038567396851264795,0.003587232574599568,0.003763806198737889,0.0037080461069047355,0.00375451285009903,0.0037173394555435942,0.00375451285009903,0.004061193355181377,0.003931086474237351,0.0034106589504612475,0.003773099547376748,0.0040333133092648,0.004228473630680838,0.004990528219067276,0.0071651718005602775,0.004479394043930031,0.0055109557428433785,0.0069514247818665215,0.00871716102324973,0.008930908041943485,0.007527612397475778,0.008373307123611945,0.007025771570977393,0.007044358268255111,0.0072859853328654444,0.007044358268255111,0.006746971111811623,0.007574079140670074,0.006942131433227662,0.005966329826147468,0.006663330974061892,0.006356650468979546,0.006430997258090418,0.005789756202009148,0.007406798865170611,0.010575830751021526,0.009497802308913884
08093,0.0005204275237761033,0.0005111341751372442,0.0005111341751372442,0.0005297208724149621,0.0005483075696926801,0.0005947743128869751,0.0006319477074424111,0.0007713479370252958,0.0009200415152470396,0.0010129750016356295,0.001301068809440258,0.0016077493145226045,0.0021281768382987076,0.0027972979402965544,0.00356864587732185,0.0042470603279585566,0.004683847713984929,0.0044329273007357355,0.004284233722513992,0.00411695344701453,0.0038567396851264795,0.003587232574599568,0.003763806198737889,0.0037080461069047355,0.00375451285009903,0.0037173394555435942,0.00375451285009903,0.004061193355181377,0.003931086474237351,0.0034106589504612475,0.003773099547376748,0.0040333133092648,0.004228473630680838,0.004990528219067276,0.0071651718005602775,0.004479394043930031,0.0055109557428433785,0.0069514247818665215,0.00871716102324973,0.008930908041943485,0.007527612397475778,0.008373307123611945,0.007025771570977393,0.007044358268255111,0.0072859853328654444,0.007044358268255111,0.006746971111811623,0.007574079140670074,0.006942131433227662,0.005966329826147468,0.006663330974061892,0.006356650468979546,0.006430997258090418,0.005789756202009148,0.007406798865170611,0.010575830751021526,0.009497802308913884
08095,0.0005204275237761033,0.0005111341751372442,0.0005111341751372442,0.0005297208724149621,0.0005483075696926801,0.0005947743128869751,0.0006319477074424111,0.0007713479370252958,0.0009200415152470396,0.0010129750016356295,0.001301068809440258,0.0016077493145226045,0.0021281768382987076,0.0027972979402965544,0.00356864587732185,0.0042470603279585566,0.004683847713984929,0.0044329273007357355,0.004284233722513992,0.00411695344701453,0.0038567396851264795,0.003587232574599568,0.003763806198737889,0.0037080461069047355,0.00375451285009903,0.0037173394555435942,0.00375451285009903,0.004061193355181377,0.003931086474237351,0.0034106589504612475,0.003773099547376748,0.0040333133092648,0.004228473630680838,0.004990528219067276,0.0071651718005602775,0.004479394043930031,0.0055109557428433785,0.0069514247818665215,0.00871716102324973,0.008930908041943485,0.007527612397475778,0.008373307123611945,0.007025771570977393,0.007044358268255111,0.0072859853328654444,0.007044358268255111,0.006746971111811623,0.007574079140670074,0.006942131433227662,0.005966329826147468,0.006663330974061892,0.006356650468979546,0.006430997258090418,0.005789756202009148,0.007406798865170611,0.010575830751021526,0.009497802308913884
08097,0.0005204275237761033,0.0005111341751372442,0.0005111341751372442,0.0005297208724149621,0.0005483075696926801,0.0005947743128869751,0.0006319477074424111,0.0007713479370252958,0.0009200415152470396,0.0010129750016356295,0.001301068809440258,0.0016077493145226045,0.0021281768382987076,0.0027972979402965544,0.00356864587732185,0.0042470603279585566,0.004683847713984929,0.0044329273007357355,0.004284233722513992,0.00411695344701453,0.0038567396851264795,0.003587232574599568,0.003763806198737889,0.0037080461069047355,0.00375451285009903,0.0037173394555435942,0.00375451285009903,0.004061193355181377,0.003931086474237351,0.0034106589504612475,0.003773099547376748,0.0040333133092648,0.004228473630680838,0.004990528219067276,0.0071651718005602775,0.004479394043930031,0.0055109557428433785,0.0069514247818665215,0.00871716102324973,0.008930908041943485,0.007527612397475778,0.008373307123611945,0.007025771570977393,0.007044358268255111,0.0072859853328654444,0.007044358268255111,0.006746971111811623,0.007574079140670074,0.006942131433227662,0.005966329826147468,0.006663330974061892,0.006356650468979546,0.006430997258090418,0.005789756202009148,0.007406798865170611,0.010575830751021526,0.009497802308913884
08099,0.0005204275237761033,0.0005111341751372442,0.0005111341751372442,0.0005297208724149621,0.0005483075696926801,0.0005947743128869751,0.0006319477074424111,0.0007713479370252958,0.0009200415152470396,0.0010129750016356295,0.001301068809440258,0.0016077493145226045,0.0021281768382987076,0.0027972979402965544,0.00356864587732185,0.0042470603279585566,0.004683847713984929,0.0044329273007357355,0.004284233722513992,0.00411695344701453,0.0038567396851264795,0.003587232574599568,0.003763806198737889,0.0037080461069047355,0.00375451285009903,0.0037173394555435942,0.00375451285009903,0.004061193355181377,0.003931086474237351,0.0034106589504612475,0.003773099547376748,0.0040333133092648,0.004228473630680838,0.004990528219067276,0.0071651718005602775,0.004479394043930031,0.0055109557428433785,0.0069514247818665215,0.00871716102324973,0.008930908041943485,0.007527612397475778,0.008373307123611945,0.007025771570977393,0.007044358268255111,0.0072859853328654444,0.007044358268255111,0.006746971111811623,0.007574079140670074,0.006942131433227662,0.005966329826147468,0.006663330974061892,0.006356650468979546,0.006430997258090418,0.005789756202009148,0.007406798865170611,0.010575830751021526,0.009497802308913884
08101,0.0005204275237761033,0.0005111341751372442,0.0005111341751372442,0.0005297208724149621,0.0005483075696926801,0.0005947743128869751,0.0006319477074424111,0.0007713479370252958,0.0009200415152470396,0.0010129750016356295,0.001301068809440258,0.0016077493145226045,0.0021281768382987076,0.0027972979402965544,0.00356864587732185,0.0042470603279585566,0.004683847713984929,0.0044329273007357355,0.004284233722513992,0.00411695344701453,0.0038567396851264795,0.003587232574599568,0.003763806198737889,0.0037080461069047355,0.00375451285009903,0.0037173394555435942,0.00375451285009903,0.004061193355181377,0.003931086474237351,0.0034106589504612475,0.003773099547376748,0.0040333133092648,0.004228473630680838,0.004990528219067276,0.0071651718005602775,0.004479394043930031,0.0055109557428433785,0.0069514247818665215,0.00871716102324973,0.008930908041943485,0.007527612397475778,0.008373307123611945,0.007025771570977393,0.007044358268255111,0.0072859853328654444,0.007044358268255111,0.006746971111811623,0.007574079140670074,0.006942131433227662,0.005966329826147468,0.006663330974061892,0.006356650468979546,0.006430997258090418,0.005789756202009148,0.007406798865170611,0.010575830751021526,0.009497802308913884
08103,0.0005204275237761033,0.0005111341751372442,0.0005111341751372442,0.0005297208724149621,0.0005483075696926801,0.0005947743128869751,0.0006319477074424111,0.0007713479370252958,0.0009200415152470396,0.0010129750016356295,0.001301068809440258,0.0016077493145226045,0.0021281768382987076,0.0027972979402965544,0.00356864587732185,0.0042470603279585566,0.004683847713984929,0.0044329273007357355,0.004284233722513992,0.00411695344701453,0.0038567396851264795,0.003587232574599568,0.003763806198737889,0.0037080461069047355,0.00375451285009903,0.0037173394555435942,0.00375451285009903,0.004061193355181377,0.003931086474237351,0.0034106589504612475,0.003773099547376748,0.0040333133092648,0.004228473630680838,0.004990528219067276,0.0071651718005602775,0.004479394043930031,0.0055109557428433785,0.0069514247818665215,0.00871716102324973,0.008930908041943485,0.007527612397475778,0.008373307123611945,0.007025771570977393,0.007044358268255111,0.0072859853328654444,0.007044358268255111,0.006746971111811623,0.007574079140670074,0.006942131433227662,0.005966329826147468,0.006663330974061892,0.006356650468979546,0.006430997258090418,0.005789756202009148,0.007406798865170611,0.010575830751021526,0.009497802308913884
08105,0.0005204275237761033,0.0005111341751372442,0.0005111341751372442,0.0005297208724149621,0.0005483075696926801,0.0005947743128869751,0.0006319477074424111,0.0007713479370252958,0.0009200415152470396,0.0010129750016356295,0.001301068809440258,0.0016077493145226045,0.0021281768382987076,0.0027972979402965544,0.00356864587732185,0.0042470603279585566,0.004683847713984929,0.0044329273007357355,0.004284233722513992,0.00411695344701453,0.0038567396851264795,0.003587232574599568,0.003763806198737889,0.0037080461069047355,0.00375451285009903,0.0037173394555435942,0.00375451285009903,0.004061193355181377,0.003931086474237351,0.0034106589504612475,0.003773099547376748,0.0040333133092648,0.004228473630680838,0.004990528219067276,0.0071651718005602775,0.004479394043930031,0.0055109557428433785,0.0069514247818665215,0.00871716102324973,0.008930908041943485,0.007527612397475778,0.008373307123611945,0.007025771570977393,0.007044358268255111,0.0072859853328654444,0.007044358268255111,0.006746971111811623,0.007574079140670074,0.006942131433227662,0.005966329826147468,0.006663330974061892,0.006356650468979546,0.006430997258090418,0.005789756202009148,0.007406798865170611,0.010575830751021526,0.009497802308913884
08107,0.0005204275237761033,0.0005111341751372442,0.0005111341751372442,0.0005297208724149621,0.0005483075696926801,0.0005947743128869751,0.0006319477074424111,0.0007713479370252958,0.0009200415152470396,0.0010129750016356295,0.001301068809440258,0.0016077493145226045,0.0021281768382987076,0.0027972979402965544,0.00356864587732185,0.0042470603279585566,0.004683847713984929,0.0044329273007357355,0.004284233722513992,0.00411695344701453,0.0038567396851264795,0.003587232574599568,0.003763806198737889,0.0037080461069047355,0.00375451285009903,0.0037173394555435942,0.00375451285009903,0.004061193355181377,0.003931086474237351,0.0034106589504612475,0.003773099547376748,0.0040333133092648,0.004228473630680838,0.004990528219067276,0.0071651718005602775,0.004479394043930031,0.0055109557428433785,0.0069514247818665215,0.00871716102324973,0.008930908041943485,0.007527612397475778,0.008373307123611945,0.007025771570977393,0.007044358268255111,0.0072859853328654444,0.007044358268255111,0.006746971111811623,0.007574079140670074,0.006942131433227662,0.005966329826147468,0.006663330974061892,0.006356650468979546,0.006430997258090418,0.005789756202009148,0.007406798865170611,0.010575830751021526,0.009497802308913884
08109,0.0005204275237761033,0.0005111341751372442,0.0005111341751372442,0.0005297208724149621,0.0005483075696926801,0.0005947743128869751,0.0006319477074424111,0.0007713479370252958,0.0009200415152470396,0.0010129750016356295,0.001301068809440258,0.0016077493145226045,0.0021281768382987076,0.0027972979402965544,0.00356864587732185,0.0042470603279585566,0.004683847713984929,0.0044329273007357355,0.004284233722513992,0.00411695344701453,0.0038567396851264795,0.003587232574599568,0.003763806198737889,0.0037080461069047355,0.00375451285009903,0.0037173394555435942,0.00375451285009903,0.004061193355181377,0.003931086474237351,0.0034106589504612475,0.003773099547376748,0.0040333133092648,0.004228473630680838,0.004990528219067276,0.0071651718005602775,0.004479394043930031,0.0055109557428433785,0.0069514247818665215,0.00871716102324973,0.008930908041943485,0.007527612397475778,0.008373307123611945,0.007025771570977393,0.007044358268255111,0.0072859853328654444,0.007044358268255111,0.006746971111811623,0.007574079140670074,0.006942131433227662,0.005966329826147468,0.006663330974061892,0.006356650468979546,0.006430997258090418,0.005789756202009148,0.007406798865170611,0.010575830751021526,0.009497802308913884
08111,0.0005204275237761033,0.0005111341751372442,0.0005111341751372442,0.0005297208724149621,0.0005483075696926801,0.0005947743128869751,0.0006319477074424111,0.0007713479370252958,0.0009200415152470396,0.0010129750016356295,0.001301068809440258,0.0016077493145226045,0.0021281768382987076,0.0027972979402965544,0.00356864587732185,0.0042470603279585566,0.004683847713984929,0.0044329273007357355,0.004284233722513992,0.00411695344701453,0.0038567396851264795,0.003587232574599568,0.003763806198737889,0.0037080461069047355,0.00375451285009903,0.0037173394555435942,0.00375451285009903,0.004061193355181377,0.003931086474237351,0.0034106589504612475,0.003773099547376748,0.0040333133092648,0.004228473630680838,0.004990528219067276,0.0071651718005602775,0.004479394043930031,0.0055109557428433785,0.0069514247818665215,0.00871716102324973,0.008930908041943485,0.007527612397475778,0.008373307123611945,0.007025771570977393,0.007044358268255111,0.0072859853328654444,0.007044358268255111,0.006746971111811623,0.007574079140670074,0.006942131433227662,0.005966329826147468,0.006663330974061892,0.006356650468979546,0.006430997258090418,0.005789756202009148,0.007406798865170611,0.010575830751021526,0.009497802308913884
08113,0.0005204275237761033,0.0005111341751372442,0.0005111341751372442,0.0005297208724149621,0.0005483075696926801,0.0005947743128869751,0.0006319477074424111,0.0007713479370252958,0.0009200415152470396,0.0010129750016356295,0.001301068809440258,0.0016077493145226045,0.0021281768382987076,0.0027972979402965544,0.00356864587732185,0.0042470603279585566,0.004683847713984929,0.0044329273007357355,0.004284233722513992,0.00411695344701453,0.0038567396851264795,0.003587232574599568,0.003763806198737889,0.0037080461069047355,0.00375451285009903,0.0037173394555435942,0.00375451285009903,0.004061193355181377,0.003931086474237351,0.0034106589504612475,0.003773099547376748,0.0040333133092648,0.004228473630680838,0.004990528219067276,0.0071651718005602775,0.004479394043930031,0.0055109557428433785,0.0069514247818665215,0.00871716102324973,0.008930908041943485,0.007527612397475778,0.008373307123611945,0.007025771570977393,0.007044358268255111,0.0072859853328654444,0.007044358268255111,0.006746971111811623,0.007574079140670074,0.006942131433227662,0.005966329826147468,0.006663330974061892,0.006356650468979546,0.006430997258090418,0.005789756202009148,0.007406798865170611,0.010575830751021526,0.009497802308913884
08115,0.0005204275237761033,0.0005111341751372442,0.0005111341751372442,0.0005297208724149621,0.0005483075696926801,0.0005947743128869751,0.0006319477074424111,0.0007713479370252958,0.0009200415152470396,0.0010129750016356295,0.001301068809440258,0.0016077493145226045,0.0021281768382987076,0.0027972979402965544,0.00356864587732185,0.0042470603279585566,0.004683847713984929,0.0044329273007357355,0.004284233722513992,0.00411695344701453,0.0038567396851264795,0.003587232574599568,0.003763806198737889,0.0037080461069047355,0.00375451285009903,0.0037173394555435942,0.00375451285009903,0.004061193355181377,0.003931086474237351,0.0034106589504612475,0.003773099547376748,0.0040333133092648,0.004228473630680838,0.004990528219067276,0.0071651718005602775,0.004479394043930031,0.0055109557428433785,0.0069514247818665215,0.00871716102324973,0.008930908041943485,0.007527612397475778,0.008373307123611945,0.007025771570977393,0.007044358268255111,0.0072859853328654444,0.007044358268255111,0.006746971111811623,0.007574079140670074,0.006942131433227662,0.005966329826147468,0.006663330974061892,0.006356650468979546,0.006430997258090418,0.005789756202009148,0.007406798865170611,0.010575830751021526,0.009497802308913884
08117,0.0005204275237761033,0.0005111341751372442,0.0005111341751372442,0.0005297208724149621,0.0005483075696926801,0.0005947743128869751,0.0006319477074424111,0.0007713479370252958,0.0009200415152470396,0.0010129750016356295,0.001301068809440258,0.0016077493145226045,0.0021281768382987076,0.0027972979402965544,0.00356864587732185,0.0042470603279585566,0.004683847713984929,0.0044329273007357355,0.004284233722513992,0.00411695344701453,0.0038567396851264795,0.003587232574599568,0.003763806198737889,0.0037080461069047355,0.00375451285009903,0.0037173394555435942,0.00375451285009903,0.004061193355181377,0.003931086474237351,0.0034106589504612475,0.003773099547376748,0.0040333133092648,0.004228473630680838,0.004990528219067276,0.0071651718005602775,0.004479394043930031,0.0055109557428433785,0.0069514247818665215,0.00871716102324973,0.008930908041943485,0.007527612397475778,0.008373307123611945,0.007025771570977393,0.007044358268255111,0.0072859853328654444,0.007044358268255111,0.006746971111811623,0.007574079140670074,0.006942131433227662,0.005966329826147468,0.006663330974061892,0.006356650468979546,0.006430997258090418,0.005789756202009148,0.007406798865170611,0.010575830751021526,0.009497802308913884
08119,0.0005204275237761033,0.0005111341751372442,0.0005111341751372442,0.0005297208724149621,0.0005483075696926801,0.0005947743128869751,0.0006319477074424111,0.0007713479370252958,0.0009200415152470396,0.0010129750016356295,0.001301068809440258,0.0016077493145226045,0.0021281768382987076,0.0027972979402965544,0.00356864587732185,0.0042470603279585566,0.004683847713984929,0.0044329273007357355,0.004284233722513992,0.00411695344701453,0.0038567396851264795,0.003587232574599568,0.003763806198737889,0.0037080461069047355,0.00375451285009903,0.0037173394555435942,0.00375451285009903,0.004061193355181377,0.003931086474237351,0.0034106589504612475,0.003773099547376748,0.0040333133092648,0.004228473630680838,0.004990528219067276,0.0071651718005602775,0.004479394043930031,0.0055109557428433785,0.0069514247818665215,0.00871716102324973,0.008930908041943485,0.007527612397475778,0.008373307123611945,0.007025771570977393,0.007044358268255111,0.0072859853328654444,0.007044358268255111,0.006746971111811623,0.007574079140670074,0.006942131433227662,0.005966329826147468,0.006663330974061892,0.006356650468979546,0.006430997258090418,0.005789756202009148,0.007406798865170611,0.010575830751021526,0.009497802308913884
08121,0.0005204275237761033,0.0005111341751372442,0.0005111341751372442,0.0005297208724149621,0.0005483075696926801,0.0005947743128869751,0.0006319477074424111,0.0007713479370252958,0.0009200415152470396,0.0010129750016356295,0.001301068809440258,0.0016077493145226045,0.0021281768382987076,0.0027972979402965544,0.00356864587732185,0.0042470603279585566,0.004683847713984929,0.0044329273007357355,0.004284233722513992,0.00411695344701453,0.0038567396851264795,0.003587232574599568,0.003763806198737889,0.0037080461069047355,0.00375451285009903,0.0037173394555435942,0.00375451285009903,0.004061193355181377,0.003931086474237351,0.0034106589504612475,0.003773099547376748,0.0040333133092648,0.004228473630680838,0.004990528219067276,0.0071651718005602775,0.004479394043930031,0.0055109557428433785,0.0069514247818665215,0.00871716102324973,0.008930908041943485,0.007527612397475778,0.008373307123611945,0.007025771570977393,0.007044358268255111,0.0072859853328654444,0.007044358268255111,0.006746971111811623,0.007574079140670074,0.006942131433227662,0.005966329826147468,0.006663330974061892,0.006356650468979546,0.006430997258090418,0.005789756202009148,0.007406798865170611,0.010575830751021526,0.009497802308913884
08123,0.0005204275237761033,0.0005111341751372442,0.0005111341751372442,0.0005297208724149621,0.0005483075696926801,0.0005947743128869751,0.0006319477074424111,0.0007713479370252958,0.0009200415152470396,0.0010129750016356295,0.001301068809440258,0.0016077493145226045,0.0021281768382987076,0.0027972979402965544,0.00356864587732185,0.0042470603279585566,0.004683847713984929,0.0044329273007357355,0.004284233722513992,0.00411695344701453,0.0038567396851264795,0.003587232574599568,0.003763806198737889,0.0037080461069047355,0.00375451285009903,0.0037173394555435942,0.00375451285009903,0.004061193355181377,0.003931086474237351,0.0034106589504612475,0.003773099547376748,0.0040333133092648,0.004228473630680838,0.004990528219067276,0.0071651718005602775,0.004479394043930031,0.0055109557428433785,0.0069514247818665215,0.00871716102324973,0.008930908041943485,0.007527612397475778,0.008373307123611945,0.007025771570977393,0.007044358268255111,0.0072859853328654444,0.007044358268255111,0.006746971111811623,0.007574079140670074,0.006942131433227662,0.005966329826147468,0.006663330974061892,0.006356650468979546,0.006430997258090418,0.005789756202009148,0.007406798865170611,0.010575830751021526,0.009497802308913884
08125,0.0005204275237761033,0.0005111341751372442,0.0005111341751372442,0.0005297208724149621,0.0005483075696926801,0.0005947743128869751,0.0006319477074424111,0.0007713479370252958,0.0009200415152470396,0.0010129750016356295,0.001301068809440258,0.0016077493145226045,0.0021281768382987076,0.0027972979402965544,0.00356864587732185,0.0042470603279585566,0.004683847713984929,0.0044329273007357355,0.004284233722513992,0.00411695344701453,0.0038567396851264795,0.003587232574599568,0.003763806198737889,0.0037080461069047355,0.00375451285009903,0.0037173394555435942,0.00375451285009903,0.004061193355181377,0.003931086474237351,0.0034106589504612475,0.003773099547376748,0.0040333133092648,0.004228473630680838,0.004990528219067276,0.0071651718005602775,0.004479394043930031,0.0055109557428433785,0.0069514247818665215,0.00871716102324973,0.008930908041943485,0.007527612397475778,0.008373307123611945,0.007025771570977393,0.007044358268255111,0.0072859853328654444,0.007044358268255111,0.006746971111811623,0.007574079140670074,0.006942131433227662,0.005966329826147468,0.006663330974061892,0.006356650468979546,0.006430997258090418,0.005789756202009148,0.007406798865170611,0.010575830751021526,0.009497802308913884
09001,0.0014218823417454249,0.001338242203995694,0.0013289488553568348,0.0013661222499122708,0.0014404690390231428,0.0015055224794951558,0.0016913894522723354,0.002072416746465554,0.00247203073793649,0.0029924582617125934,0.003308432115433799,0.0035035924368498374,0.0036708727123492993,0.0044329273007357355,0.005204275237761032,0.006468170652645854,0.0069235447359499444,0.006207956890757802,0.006310183725785251,0.005975623174786327,0.005352968815982776,0.00522286193503875,0.005650355972426263,0.005854809642481161,0.0064124105608127,0.00669121101997847,0.006523930744479008,0.00686778464411679,0.007035064919616253,0.006886371341394509,0.006719091065895047,0.006403117212173841,0.006068556661174918,0.006152196798924648,0.0071372917546437,0.006672624322700752,0.009730136024885358,0.010510777310549514,0.012081353230516682,0.01263895414884822,0.01171891263360118,0.012834114470264259,0.009219001849748113,0.008875147950110332,0.00788075964575242,0.007806412856641548,0.008549880747750266,0.009516389006191601,0.007992279829418728,0.008168853453557048,0.008642814234138858,0.008577760793666844,0.00906101492288751,0.008577760793666844,0.00999034978677341,0.011941953000933796,0.011495872266268565
09003,0.0014218823417454249,0.001338242203995694,0.0013289488553568348,0.0013661222499122708,0.0014404690390231428,0.0015055224794951558,0.0016913894522723354,0.002072416746465554,0.00247203073793649,0.0029924582617125934,0.003308432115433799,0.0035035924368498374,0.0036708727123492993,0.0044329273007357355,0.005204275237761032,0.006468170652645854,0.0069235447359499444,0.006207956890757802,0.006310183725785251,0.005975623174786327,0.005352968815982776,0.00522286193503875,0.005650355972426263,0.005854809642481161,0.0064124105608127,0.00669121101997847,0.006523930744479008,0.00686778464411679,0.007035064919616253,0.006886371341394509,0.006719091065895047,0.006403117212173841,0.006068556661174918,0.006152196798924648,0.0071372917546437,0.006672624322700752,0.009730136024885358,0.010510777310549514,0.012081353230516682,0.01263895414884822,0.01171891263360118,0.012834114470264259,0.009219001849748113,0.008875147950110332,0.00788075964575242,0.007806412856641548,0.008549880747750266,0.009516389006191601,0.007992279829418728,0.008168853453557048,0.008642814234138858,0.008577760793666844,0.00906101492288751,0.008577760793666844,0.00999034978677341,0.011941953000933796,0.011495872266268565
09005,0.0014218823417454249,0.001338242203995694,0.0013289488553568348,0.0013661222499122708,0.0014404690390231428,0.0015055224794951558,0.0016913894522723354,0.002072416746465554,0.00247203073793649,0.0029924582617125934,0.003308432115433799,0.0035035924368498374,0.0036708727123492993,0.0044329273007357355,0.005204275237761032,0.006468170652645854,0.0069235447359499444,0.006207956890757802,0.006310183725785251,0.005975623174786327,0.005352968815982776,0.00522286193503875,0.005650355972426263,0.005854809642481161,0.0064124105608127,0.00669121101997847,0.006523930744479008,0.00686778464411679,0.007035064919616253,0.006886371341394509,0.006719091065895047,0.006403117212173841,0.006068556661174918,0.006152196798924648,0.0071372917546437,0.006672624322700752,0.009730136024885358,0.010510777310549514,0.012081353230516682,0.01263895414884822,0.01171891263360118,0.012834114470264259,0.009219001849748113,0.008875147950110332,0.00788075964575242,0.007806412856641548,0.008549880747750266,0.009516389006191601,0.007992279829418728,0.008168853453557048,0.008642814234138858,0.008577760793666844,0.00906101492288751,0.008577760793666844,0.00999034978677341,0.011941953000933796,0.011495872266268565
09007,0.0014218823417454249,0.001338242203995694,0.0013289488553568348,0.0013661222499122708,0.0014404690390231428,0.0015055224794951558,0.0016913894522723354,0.002072416746465554,0.00247203073793649,0.0029924582617125934,0.003308432115433799,0.0035035924368498374,0.0036708727123492993,0.0044329273007357355,0.005204275237761032,0.006468170652645854,0.0069235447359499444,0.006207956890757802,0.006310183725785251,0.005975623174786327,0.005352968815982776,0.00522286193503875,0.005650355972426263,0.005854809642481161,0.0064124105608127,0.00669121101997847,0.006523930744479008,0.00686778464411679,0.007035064919616253,0.006886371341394509,0.006719091065895047,0.006403117212173841,0.006068556661174918,0.006152196798924648,0.0071372917546437,0.006672624322700752,0.009730136024885358,0.010510777310549514,0.012081353230516682,0.01263895414884822,0.01171891263360118,0.012834114470264259,0.009219001849748113,0.008875147950110332,0.00788075964575242,0.007806412856641548,0.008549880747750266,0.009516389006191601,0.007992279829418728,0.008168853453557048,0.008642814234138858,0.008577760793666844,0.00906101492288751,0.008577760793666844,0.00999034978677341,0.011941953000933796,0.011495872266268565
09009,0.0014218823417454249,0.001338242203995694,0.0013289488553568348,0.0013661222499122708,0.0014404690390231428,0.0015055224794951558,0.0016913894522723354,0.002072416746465554,0.00247203073793649,0.0029924582617125934,0.003308432115433799,0.0035035924368498374,0.0036708727123492993,0.0044329273007357355,0.005204275237761032,0.006468170652645854,0.0069235447359499444,0.006207956890757802,0.006310183725785251,0.005975623174786327,0.005352968815982776,0.00522286193503875,0.005650355972426263,0.005854809642481161,0.0064124105608127,0.00669121101997847,0.006523930744479008,0.00686778464411679,0.007035064919616253,0.006886371341394509,0.006719091065895047,0.006403117212173841,0.006068556661174918,0.006152196798924648,0.0071372917546437,0.006672624322700752,0.009730136024885358,0.010510777310549514,0.012081353230516682,0.01263895414884822,0.01171891263360118,0.012834114470264259,0.009219001849748113,0.008875147950110332,0.00788075964575242,0.007806412856641548,0.008549880747750266,0.009516389006191601,0.007992279829418728,0.008168853453557048,0.008642814234138858,0.008577760793666844,0.00906101492288751,0.008577760793666844,0.00999034978677341,0.011941953000933796,0.011495872266268565
09011,0.0014218823417454249,0.001338242203995694,0.0013289488553568348,0.0013661222499122708,0.0014404690390231428,0.0015055224794951558,0.0016913894522723354,0.002072416746465554,0.00247203073793649,0.0029924582617125934,0.003308432115433799,0.0035035924368498374,0.0036708727123492993,0.0044329273007357355,0.005204275237761032,0.006468170652645854,0.0069235447359499444,0.006207956890757802,0.006310183725785251,0.005975623174786327,0.005352968815982776,0.00522286193503875,0.005650355972426263,0.005854809642481161,0.0064124105608127,0.00669121101997847,0.006523930744479008,0.00686778464411679,0.007035064919616253,0.006886371341394509,0.006719091065895047,0.006403117212173841,0.006068556661174918,0.006152196798924648,0.0071372917546437,0.006672624322700752,0.009730136024885358,0.010510777310549514,0.012081353230516682,0.01263895414884822,0.01171891263360118,0.012834114470264259,0.009219001849748113,0.008875147950110332,0.00788075964575242,0.007806412856641548,0.008549880747750266,0.009516389006191601,0.007992279829418728,0.008168853453557048,0.008642814234138858,0.008577760793666844,0.00906101492288751,0.008577760793666844,0.00999034978677341,0.011941953000933796,0.011495872266268565
09013,0.0014218823417454249,0.001338242203995694,0.0013289488553568348,0.0013661222499122708,0.0014404690390231428,0.0015055224794951558,0.0016913894522723354,0.002072416746465554,0.00247203073793649,0.0029924582617125934,0.003308432115433799,0.0035035924368498374,0.0036708727123492993,0.0044329273007357355,0.005204275237761032,0.006468170652645854,0.0069235447359499444,0.006207956890757802,0.006310183725785251,0.005975623174786327,0.005352968815982776,0.00522286193503875,0.005650355972426263,0.005854809642481161,0.0064124105608127,0.00669121101997847,0.006523930744479008,0.00686778464411679,0.007035064919616253,0.006886371341394509,0.006719091065895047,0.006403117212173841,0.006068556661174918,0.006152196798924648,0.0071372917546437,0.006672624322700752,0.009730136024885358,0.010510777310549514,0.012081353230516682,0.01263895414884822,0.01171891263360118,0.012834114470264259,0.009219001849748113,0.008875147950110332,0.00788075964575242,0.007806412856641548,0.008549880747750266,0.009516389006191601,0.007992279829418728,0.008168853453557048,0.008642814234138858,0.008577760793666844,0.00906101492288751,0.008577760793666844,0.00999034978677341,0.011941953000933796,0.011495872266268565
09015,0.0014218823417454249,0.001338242203995694,0.0013289488553568348,0.0013661222499122708,0.0014404690390231428,0.0015055224794951558,0.0016913894522723354,0.002072416746465554,0.00247203073793649,0.0029924582617125934,0.003308432115433799,0.0035035924368498374,0.0036708727123492993,0.0044329273007357355,0.005204275237761032,0.006468170652645854,0.0069235447359499444,0.006207956890757802,0.006310183725785251,0.005975623174786327,0.005352968815982776,0.00522286193503875,0.005650355972426263,0.005854809642481161,0.0064124105608127,0.00669121101997847,0.006523930744479008,0.00686778464411679,0.007035064919616253,0.006886371341394509,0.006719091065895047,0.006403117212173841,0.006068556661174918,0.006152196798924648,0.0071372917546437,0.006672624322700752,0.009730136024885358,0.010510777310549514,0.012081353230516682,0.01263895414884822,0.01171891263360118,0.012834114470264259,0.009219001849748113,0.008875147950110332,0.00788075964575242,0.007806412856641548,0.008549880747750266,0.009516389006191601,0.007992279829418728,0.008168853453557048,0.008642814234138858,0.008577760793666844,0.00906101492288751,0.008577760793666844,0.00999034978677341,0.011941953000933796,0.011495872266268565
10001,0.0011337885339407962,0.0011802552771350912,0.0011337885339407962,0.0011616685798573733,0.0011802552771350912,0.0012638954148848221,0.001291775460801399,0.0015148158281340146,0.0017657362413832072,0.0018400830304940792,0.0027415378484634007,0.0035779392259607094,0.0034757123909332607,0.003763806198737889,0.004813954594928955,0.005194981889122173,0.005650355972426263,0.005733996110175994,0.005984916523425187,0.005910569734314315,0.004804661246290095,0.0045816208789574795,0.005009114916344993,0.004758194503095801,0.004470100695291171,0.004590914227596339,0.005074168356817006,0.005733996110175994,0.004906888081317545,0.00540872890781593,0.006226543588035521,0.006551810790395585,0.0065053440472012895,0.006496050698562431,0.009544269052108178,0.008745041069166305,0.008410480518167382,0.00981377616263509,0.012062766533238964,0.014246703463370826,0.013456768829067812,0.013233728461735195,0.014748544289869209,0.012322980295127014,0.012620367451570502,0.01236944703832131,0.010947564696575884,0.01061300414557696,0.009943883043579113,0.008903027996026908,0.009637202538496767,0.009748722722163075,0.009330522033414421,0.010018229832689986,0.010046109878606563,0.011495872266268565,0.013391715388595798
10003,0.0011337885339407962,0.0011802552771350912,0.0011337885339407962,0.0011616685798573733,0.0011802552771350912,0.0012638954148848221,0.001291775460801399,0.0015148158281340146,0.0017657362413832072,0.0018400830304940792,0.0027415378484634007,0.0035779392259607094,0.0034757123909332607,0.003763806198737889,0.004813954594928955,0.005194981889122173,0.005650355972426263,0.005733996110175994,0.005984916523425187,0.005910569734314315,0.004804661246290095,0.0045816208789574795,0.005009114916344993,0.004758194503095801,0.004470100695291171,0.004590914227596339,0.005074168356817006,0.005733996110175994,0.004906888081317545,0.00540872890781593,0.006226543588035521,0.006551810790395585,0.0065053440472012895,0.006496050698562431,0.009544269052108178,0.008745041069166305,0.008410480518167382,0.00981377616263509,0.012062766533238964,0.014246703463370826,0.013456768829067812,0.013233728461735195,0.014748544289869209,0.012322980295127014,0.012620367451570502,0.01236944703832131,0.010947564696575884,0.01061300414557696,0.009943883043579113,0.008903027996026908,0.009637202538496767,0.009748722722163075,0.009330522033414421,0.010018229832689986,0.010046109878606563,0.011495872266268565,0.013391715388595798
10005,0.0011337885339407962,0.0011802552771350912,0.0011337885339407962,0.0011616685798573733,0.0011802552771350912,0.0012638954148848221,0.001291775460801399,0.0015148158281340146,0.0017657362413832072,0.0018400830304940792,0.0027415378484634007,0.0035779392259607094,0.0034757123909332607,0.003763806198737889,0.004813954594928955,0.005194981889122173,0.005650355972426263,0.005733996110175994,0.005984916523425187,0.005910569734314315,0.004804661246290095,0.0045816208789574795,0.005009114916344993,0.004758194503095801,0.004470100695291171,0.004590914227596339,0.005074168356817006,0.005733996110175994,0.004906888081317545,0.00540872890781593,0.006226543588035521,0.006551810790395585,0.0065053440472012895,0.006496050698562431,0.009544269052108178,0.008745041069166305,0.008410480518167382,0.00981377616263509,0.012062766533238964,0.014246703463370826,0.013456768829067812,0.013233728461735195,0.014748544289869209,0.012322980295127014,0.012620367451570502,0.01236944703832131,0.010947564696575884,0.01061300414557696,0.009943883043579113,0.008903027996026908,0.009637202538496767,0.009748722722163075,0.009330522033414421,0.010018229832689986,0.010046109878606563,0.011495872266268565,0.013391715388595798
11001,,,,,,,,,,,,,,0.0039217931255984915,0.004758194503095801,0.005836222945203444,0.006914251387311086,0.006542517441756726,0.006245130285313238,0.00549236904556566,0.004655967668068352,0.00467455436534607,0.004925474778595262,0.005232155283677609,0.004804661246290095,0.004981234870428416,0.005343675467343917,0.005724702761537135,0.005613182577870827,0.006849197946839073,0.006849197946839073,0.006839904598200213,0.006858491295477932,0.008949494739221204,0.0111706050639085,0.009572149098024755,0.011830432817267488,0.01263895414884822,0.012239340157377284,0.013633342453206132,0.01272259428659795,0.01291775460801399,0.012072059881877822,0.011393645431241117,0.011375058733963399,0.010399257126883204,0.01081745781563186,0.011319298642130245,0.010287736943216897,0.009181828455192678,0.010101869970439716,0.009683669281691063,0.01043643052143864,0.009832362859912807,0.011979126395489233,0.013986489701482774,0.01327090185629063
12001,0.0008735747720527446,0.0009107481666081806,0.0008642814234138857,0.0008642814234138857,0.0009850949557190525,0.0011152018366630781,0.001198841974412809,0.0015241091767728735,0.0015798692686060274,0.0015984559658837455,0.0018679630764106558,0.001886549773688374,0.002546377527047362,0.0031876185831286323,0.0034850057395721195,0.0043399938143471465,0.004683847713984929,0.004832541292206673,0.004953354824511839,0.00411695344701453,0.004358580511624865,0.0042191802820419795,0.004507274089846608,0.004683847713984929,0.004572327530318621,0.004628087622151775,0.005427315605093647,0.005148515145927878,0.004953354824511839,0.0059942098720640455,0.006365943817618405,0.005947743128869751,0.006040676615258341,0.0071651718005602775,0.009758016070801935,0.007629839232503228,0.009655789235774486,0.01062229749421582,0.012341566992404733,0.01292704795665285,0.012146406670988694,0.013428888783151233,0.010306323640494615,0.009850949557190524,0.010352790383688911,0.009674375933052204,0.010101869970439716,0.01061300414557696,0.010111163319078577,0.009683669281691063,0.010194803456828308,0.010408550475522063,0.010650177540132397,0.010659470888771257,0.011226365155741654,0.013177968369902041,0.012480967221987617
12003,0.0008735747720527446,0.0009107481666081806,0.0008642814234138857,0.0008642814234138857,0.0009850949557190525,0.0011152018366630781,0.001198841974412809,0.0015241091767728735,0.0015798692686060274,0.0015984559658837455,0.0018679630764106558,0.001886549773688374,0.002546377527047362,0.0031876185831286323,0.0034850057395721195,0.0043399938143471465,0.004683847713984929,0.004832541292206673,0.004953354824511839,0.00411695344701453,0.004358580511624865,0.0042191802820419795,0.004507274089846608,0.004683847713984929,0.004572327530318621,0.004628087622151775,0.005427315605093647,0.005148515145927878,0.004953354824511839,0.0059942098720640455,0.006365943817618405,0.005947743128869751,0.006040676615258341,0.0071651718005602775,0.009758016070801935,0.007629839232503228,0.009655789235774486,0.01062229749421582,0.012341566992404733,0.01292704795665285,0.012146406670988694,0.013428888783151233,0.010306323640494615,0.009850949557190524,0.010352790383688911,0.009674375933052204,0.010101869970439716,0.01061300414557696,0.010111163319078577,0.009683669281691063,0.010194803456828308,0.010408550475522063,0.010650177540132397,0.010659470888771257,0.011226365155741654,0.013177968369902041,0.012480967221987617
12005,0.0008735747720527446,0.0009107481666081806,0.0008642814234138857,0.0008642814234138857,0.0009850949557190525,0.0011152018366630781,0.001198841974412809,0.0015241091767728735,0.0015798692686060274,0.0015984559658837455,0.0018679630764106558,0.001886549773688374,0.002546377527047362,0.0031876185831286323,0.0034850057395721195,0.0043399938143471465,0.004683847713984929,0.004832541292206673,0.004953354824511839,0.00411695344701453,0.004358580511624865,0.0042191802820419795,0.004507274089846608,0.004683847713984929,0.004572327530318621,0.004628087622151775,0.005427315605093647,0.005148515145927878,0.004953354824511839,0.0059942098720640455,0.006365943817618405,0.005947743128869751,0.006040676615258341,0.0071651718005602775,0.009758016070801935,0.007629839232503228,0.009655789235774486,0.01062229749421582,0.012341566992404733,0.01292704795665285,0.012146406670988694,0.013428888783151233,0.010306323640494615,0.009850949557190524,0.010352790383688911,0.009674375933052204,0.010101869970439716,0.01061300414557696,0.010111163319078577,0.009683669281691063,0.010194803456828308,0.010408550475522063,0.010650177540132397,0.010659470888771257,0.011226365155741654,0.013177968369902041,0.012480967221987617
12007,0.0008735747720527446,0.0009107481666081806,0.0008642814234138857,0.0008642814234138857,0.0009850949557190525,0.0011152018366630781,0.001198841974412809,0.0015241091767728735,0.0015798692686060274,0.0015984559658837455,0.0018679630764106558,0.001886549773688374,0.002546377527047362,0.0031876185831286323,0.0034850057395721195,0.0043399938143471465,0.004683847713984929,0.004832541292206673,0.004953354824511839,0.00411695344701453,0.004358580511624865,0.0042191802820419795,0.004507274089846608,0.004683847713984929,0.004572327530318621,0.004628087622151775,0.005427315605093647,0.005148515145927878,0.004953354824511839,0.0059942098720640455,0.006365943817618405,0.005947743128869751,0.006040676615258341,0.0071651718005602775,0.009758016070801935,0.007629839232503228,0.009655789235774486,0.01062229749421582,0.012341566992404733,0.01292704795665285,0.012146406670988694,0.013428888783151233,0.010306323640494615,0.009850949557190524,0.010352790383688911,0.009674375933052204,0.010101869970439716,0.01061300414557696,0.010111163319078577,0.009683669281691063,0.010194803456828308,0.010408550475522063,0.010650177540132397,0.010659470888771257,0.011226365155741654,0.013177968369902041,0.012480967221987617
12009,0.0008735747720527446,0.0009107481666081806,0.0008642814234138857,0.0008642814234138857,0.0009850949557190525,0.0011152018366630781,0.001198841974412809,0.0015241091767728735,0.0015798692686060274,0.0015984559658837455,0.0018679630764106558,0.001886549773688374,0.002546377527047362,0.0031876185831286323,0.0034850057395721195,0.0043399938143471465,0.004683847713984929,0.004832541292206673,0.004953354824511839,0.00411695344701453,0.004358580511624865,0.0042191802820419795,0.004507274089846608,0.004683847713984929,0.004572327530318621,0.004628087622151775,0.005427315605093647,0.005148515145927878,0.004953354824511839,0.0059942098720640455,0.006365943817618405,0.005947743128869751,0.006040676615258341,0.0071651718005602775,0.009758016070801935,0.007629839232503228,0.009655789235774486,0.01062229749421582,0.012341566992404733,0.01292704795665285,0.012146406670988694,0.013428888783151233,0.010306323640494615,0.009850949557190524,0.010352790383688911,0.009674375933052204,0.010101869970439716,0.01061300414557696,0.010111163319078577,0.009683669281691063,0.010194803456828308,0.010408550475522063,0.010650177540132397,0.010659470888771257,0.011226365155741654,0.013177968369902041,0.012480967221987617
12011,0.0008735747720527446,0.0009107481666081806,0.0008642814234138857,0.0008642814234138857,0.0009850949557190525,0.0011152018366630781,0.001198841974412809,0.0015241091767728735,0.0015798692686060274,0.0015984559658837455,0.0018679630764106558,0.001886549773688374,0.002546377527047362,0.0031876185831286323,0.0034850057395721195,0.0043399938143471465,0.004683847713984929,0.004832541292206673,0.004953354824511839,0.00411695344701453,0.004358580511624865,0.0042191802820419795,0.004507274089846608,0.004683847713984929,0.004572327530318621,0.004628087622151775,0.005427315605093647,0.005148515145927878,0.004953354824511839,0.0059942098720640455,0.006365943817618405,0.005947743128869751,0.006040676615258341,0.0071651718005602775,0.009758016070801935,0.007629839232503228,0.009655789235774486,0.01062229749421582,0.012341566992404733,0.01292704795665285,0.012146406670988694,0.013428888783151233,0.010306323640494615,0.009850949557190524,0.010352790383688911,0.009674375933052204,0.010101869970439716,0.01061300414557696,0.010111163319078577,0.009683669281691063,0.010194803456828308,0.010408550475522063,0.010650177540132397,0.010659470888771257,0.011226365155741654,0.013177968369902041,0.012480967221987617
12013,0.0008735747720527446,0.0009107481666081806,0.0008642814234138857,0.0008642814234138857,0.0009850949557190525,0.0011152018366630781,0.001198841974412809,0.0015241091767728735,0.0015798692686060274,0.0015984559658837455,0.0018679630764106558,0.001886549773688374,0.002546377527047362,0.0031876185831286323,0.0034850057395721195,0.0043399938143471465,0.004683847713984929,0.004832541292206673,0.004953354824511839,0.00411695344701453,0.004358580511624865,0.0042191802820419795,0.004507274089846608,0.004683847713984929,0.004572327530318621,0.004628087622151775,0.005427315605093647,0.005148515145927878,0.004953354824511839,0.0059942098720640455,0.006365943817618405,0.005947743128869751,0.006040676615258341,0.0071651718005602775,0.009758016070801935,0.007629839232503228,0.009655789235774486,0.01062229749421582,0.012341566992404733,0.01292704795665285,0.012146406670988694,0.013428888783151233,0.010306323640494615,0.009850949557190524,0.010352790383688911,0.009674375933052204,0.010101869970439716,0.01061300414557696,0.010111163319078577,0.009683669281691063,0.010194803456828308,0.010408550475522063,0.010650177540132397,0.010659470888771257,0.011226365155741654,0.013177968369902041,0.012480967221987617
12015,0.0008735747720527446,0.0009107481666081806,0.0008642814234138857,0.0008642814234138857,0.0009850949557190525,0.0011152018366630781,0.001198841974412809,0.0015241091767728735,0.0015798692686060274,0.0015984559658837455,0.0018679630764106558,0.001886549773688374,0.002546377527047362,0.0031876185831286323,0.0034850057395721195,0.0043399938143471465,0.004683847713984929,0.004832541292206673,0.004953354824511839,0.00411695344701453,0.004358580511624865,0.0042191802820419795,0.004507274089846608,0.004683847713984929,0.004572327530318621,0.004628087622151775,0.005427315605093647,0.005148515145927878,0.004953354824511839,0.0059942098720640455,0.006365943817618405,0.005947743128869751,0.006040676615258341,0.0071651718005602775,0.009758016070801935,0.007629839232503228,0.009655789235774486,0.01062229749421582,0.012341566992404733,0.01292704795665285,0.012146406670988694,0.013428888783151233,0.010306323640494615,0.009850949557190524,0.010352790383688911,0.009674375933052204,0.010101869970439716,0.01061300414557696,0.010111163319078577,0.009683669281691063,0.010194803456828308,0.010408550475522063,0.010650177540132397,0.010659470888771257,0.011226365155741654,0.013177968369902041,0.012480967221987617
12017,0.0008735747720527446,0.0009107481666081806,0.0008642814234138857,0.0008642814234138857,0.0009850949557190525,0.0011152018366630781,0.001198841974412809,0.0015241091767728735,0.0015798692686060274,0.0015984559658837455,0.0018679630764106558,0.001886549773688374,0.002546377527047362,0.0031876185831286323,0.0034850057395721195,0.0043399938143471465,0.004683847713984929,0.004832541292206673,0.004953354824511839,0.00411695344701453,0.004358580511624865,0.0042191802820419795,0.004507274089846608,0.004683847713984929,0.004572327530318621,0.004628087622151775,0.005427315605093647,0.005148515145927878,0.004953354824511839,0.0059942098720640455,0.006365943817618405,0.005947743128869751,0.006040676615258341,0.0071651718005602775,0.009758016070801935,0.007629839232503228,0.009655789235774486,0.01062229749421582,0.012341566992404733,0.01292704795665285,0.012146406670988694,0.013428888783151233,0.010306323640494615,0.009850949557190524,0.010352790383688911,0.009674375933052204,0.010101869970439716,0.01061300414557696,0.010111163319078577,0.009683669281691063,0.010194803456828308,0.010408550475522063,0.010650177540132397,0.010659470888771257,0.011226365155741654,0.013177968369902041,0.012480967221987617
12019,0.0008735747720527446,0.0009107481666081806,0.0008642814234138857,0.0008642814234138857,0.0009850949557190525,0.0011152018366630781,0.001198841974412809,0.0015241091767728735,0.0015798692686060274,0.0015984559658837455,0.0018679630764106558,0.001886549773688374,0.002546377527047362,0.0031876185831286323,0.0034850057395721195,0.0043399938143471465,0.004683847713984929,0.004832541292206673,0.004953354824511839,0.00411695344701453,0.004358580511624865,0.0042191802820419795,0.004507274089846608,0.004683847713984929,0.004572327530318621,0.004628087622151775,0.005427315605093647,0.005148515145927878,0.004953354824511839,0.0059942098720640455,0.006365943817618405,0.005947743128869751,0.006040676615258341,0.0071651718005602775,0.009758016070801935,0.007629839232503228,0.009655789235774486,0.01062229749421582,0.012341566992404733,0.01292704795665285,0.012146406670988694,0.013428888783151233,0.010306323640494615,0.009850949557190524,0.010352790383688911,0.009674375933052204,0.010101869970439716,0.01061300414557696,0.010111163319078577,0.009683669281691063,0.010194803456828308,0.010408550475522063,0.010650177540132397,0.010659470888771257,0.011226365155741654,0.013177968369902041,0.012480967221987617
12021,0.0008735747720527446,0.0009107481666081806,0.0008642814234138857,0.0008642814234138857,0.0009850949557190525,0.0011152018366630781,0.001198841974412809,0.0015241091767728735,0.0015798692686060274,0.0015984559658837455,0.0018679630764106558,0.001886549773688374,0.002546377527047362,0.0031876185831286323,0.0034850057395721195,0.0043399938143471465,0.004683847713984929,0.004832541292206673,0.004953354824511839,0.00411695344701453,0.004358580511624865,0.0042191802820419795,0.004507274089846608,0.004683847713984929,0.004572327530318621,0.004628087622151775,0.005427315605093647,0.005148515145927878,0.004953354824511839,0.0059942098720640455,0.006365943817618405,0.005947743128869751,0.006040676615258341,0.0071651718005602775,0.009758016070801935,0.007629839232503228,0.009655789235774486,0.01062229749421582,0.012341566992404733,0.01292704795665285,0.012146406670988694,0.013428888783151233,0.010306323640494615,0.009850949557190524,0.010352790383688911,0.009674375933052204,0.010101869970439716,0.01061300414557696,0.010111163319078577,0.009683669281691063,0.010194803456828308,0.010408550475522063,0.010650177540132397,0.010659470888771257,0.011226365155741654,0.013177968369902041,0.012480967221987617
12023,0.0008735747720527446,0.0009107481666081806,0.0008642814234138857,0.0008642814234138857,0.0009850949557190525,0.0011152018366630781,0.001198841974412809,0.0015241091767728735,0.0015798692686060274,0.0015984559658837455,0.0018679630764106558,0.001886549773688374,0.002546377527047362,0.0031876185831286323,0.0034850057395721195,0.0043399938143471465,0.004683847713984929,0.004832541292206673,0.004953354824511839,0.00411695344701453,0.004358580511624865,0.0042191802820419795,0.004507274089846608,0.004683847713984929,0.004572327530318621,0.004628087622151775,0.005427315605093647,0.005148515145927878,0.004953354824511839,0.0059942098720640455,0.006365943817618405,0.005947743128869751,0.006040676615258341,0.0071651718005602775,0.009758016070801935,0.007629839232503228,0.009655789235774486,0.01062229749421582,0.012341566992404733,0.01292704795665285,0.012146406670988694,0.013428888783151233,0.010306323640494615,0.009850949557190524,0.010352790383688911,0.009674375933052204,0.010101869970439716,0.01061300414557696,0.010111163319078577,0.009683669281691063,0.010194803456828308,0.010408550475522063,0.010650177540132397,0.010659470888771257,0.011226365155741654,0.013177968369902041,0.012480967221987617
12027,0.0008735747720527446,0.0009107481666081806,0.0008642814234138857,0.0008642814234138857,0.0009850949557190525,0.0011152018366630781,0.001198841974412809,0.0015241091767728735,0.0015798692686060274,0.0015984559658837455,0.0018679630764106558,0.001886549773688374,0.002546377527047362,0.0031876185831286323,0.0034850057395721195,0.0043399938143471465,0.004683847713984929,0.004832541292206673,0.004953354824511839,0.00411695344701453,0.004358580511624865,0.0042191802820419795,0.004507274089846608,0.004683847713984929,0.004572327530318621,0.004628087622151775,0.005427315605093647,0.005148515145927878,0.004953354824511839,0.0059942098720640455,0.006365943817618405,0.005947743128869751,0.006040676615258341,0.0071651718005602775,0.009758016070801935,0.007629839232503228,0.009655789235774486,0.01062229749421582,0.012341566992404733,0.01292704795665285,0.012146406670988694,0.013428888783151233,0.010306323640494615,0.009850949557190524,0.010352790383688911,0.009674375933052204,0.010101869970439716,0.01061300414557696,0.010111163319078577,0.009683669281691063,0.010194803456828308,0.010408550475522063,0.010650177540132397,0.010659470888771257,0.011226365155741654,0.013177968369902041,0.012480967221987617
12029,0.0008735747720527446,0.0009107481666081806,0.0008642814234138857,0.0008642814234138857,0.0009850949557190525,0.0011152018366630781,0.001198841974412809,0.0015241091767728735,0.0015798692686060274,0.0015984559658837455,0.0018679630764106558,0.001886549773688374,0.002546377527047362,0.0031876185831286323,0.0034850057395721195,0.0043399938143471465,0.004683847713984929,0.004832541292206673,0.004953354824511839,0.00411695344701453,0.004358580511624865,0.0042191802820419795,0.004507274089846608,0.004683847713984929,0.004572327530318621,0.004628087622151775,0.005427315605093647,0.005148515145927878,0.004953354824511839,0.0059942098720640455,0.006365943817618405,0.005947743128869751,0.006040676615258341,0.0071651718005602775,0.009758016070801935,0.007629839232503228,0.009655789235774486,0.01062229749421582,0.012341566992404733,0.01292704795665285,0.012146406670988694,0.013428888783151233,0.010306323640494615,0.009850949557190524,0.010352790383688911,0.009674375933052204,0.010101869970439716,0.01061300414557696,0.010111163319078577,0.009683669281691063,0.010194803456828308,0.010408550475522063,0.010650177540132397,0.010659470888771257,0.011226365155741654,0.013177968369902041,0.012480967221987617
12031,0.0008735747720527446,0.0009107481666081806,0.0008642814234138857,0.0008642814234138857,0.0009850949557190525,0.0011152018366630781,0.001198841974412809,0.0015241091767728735,0.0015798692686060274,0.0015984559658837455,0.0018679630764106558,0.001886549773688374,0.002546377527047362,0.0031876185831286323,0.0034850057395721195,0.0043399938143471465,0.004683847713984929,0.004832541292206673,0.004953354824511839,0.00411695344701453,0.004358580511624865,0.0042191802820419795,0.004507274089846608,0.004683847713984929,0.004572327530318621,0.004628087622151775,0.005427315605093647,0.005148515145927878,0.004953354824511839,0.0059942098720640455,0.006365943817618405,0.005947743128869751,0.006040676615258341,0.0071651718005602775,0.009758016070801935,0.007629839232503228,0.009655789235774486,0.01062229749421582,0.012341566992404733,0.01292704795665285,0.012146406670988694,0.013428888783151233,0.010306323640494615,0.009850949557190524,0.010352790383688911,0.009674375933052204,0.010101869970439716,0.01061300414557696,0.010111163319078577,0.009683669281691063,0.010194803456828308,0.010408550475522063,0.010650177540132397,0.010659470888771257,0.011226365155741654,0.013177968369902041,0.012480967221987617
12033,0.0008735747720527446,0.0009107481666081806,0.0008642814234138857,0.0008642814234138857,0.0009850949557190525,0.0011152018366630781,0.001198841974412809,0.0015241091767728735,0.0015798692686060274,0.0015984559658837455,0.0018679630764106558,0.001886549773688374,0.002546377527047362,0.0031876185831286323,0.0034850057395721195,0.0043399938143471465,0.004683847713984929,0.004832541292206673,0.004953354824511839,0.00411695344701453,0.004358580511624865,0.0042191802820419795,0.004507274089846608,0.004683847713984929,0.004572327530318621,0.004628087622151775,0.005427315605093647,0.005148515145927878,0.004953354824511839,0.0059942098720640455,0.006365943817618405,0.005947743128869751,0.006040676615258341,0.0071651718005602775,0.009758016070801935,0.007629839232503228,0.009655789235774486,0.01062229749421582,0.012341566992404733,0.01292704795665285,0.012146406670988694,0.013428888783151233,0.010306323640494615,0.009850949557190524,0.010352790383688911,0.009674375933052204,0.010101869970439716,0.01061300414557696,0.010111163319078577,0.009683669281691063,0.010194803456828308,0.010408550475522063,0.010650177540132397,0.010659470888771257,0.011226365155741654,0.013177968369902041,0.012480967221987617
12035,0.0008735747720527446,0.0009107481666081806,0.0008642814234138857,0.0008642814234138857,0.0009850949557190525,0.0011152018366630781,0.001198841974412809,0.0015241091767728735,0.0015798692686060274,0.0015984559658837455,0.0018679630764106558,0.001886549773688374,0.002546377527047362,0.0031876185831286323,0.0034850057395721195,0.0043399938143471465,0.004683847713984929,0.004832541292206673,0.004953354824511839,0.00411695344701453,0.004358580511624865,0.0042191802820419795,0.004507274089846608,0.004683847713984929,0.004572327530318621,0.004628087622151775,0.005427315605093647,0.005148515145927878,0.004953354824511839,0.0059942098720640455,0.006365943817618405,0.005947743128869751,0.006040676615258341,0.0071651718005602775,0.009758016070801935,0.007629839232503228,0.009655789235774486,0.01062229749421582,0.012341566992404733,0.01292704795665285,0.012146406670988694,0.013428888783151233,0.010306323640494615,0.009850949557190524,0.010352790383688911,0.009674375933052204,0.010101869970439716,0.01061300414557696,0.010111163319078577,0.009683669281691063,0.010194803456828308,0.010408550475522063,0.010650177540132397,0.010659470888771257,0.011226365155741654,0.013177968369902041,0.012480967221987617
12037,0.0008735747720527446,0.0009107481666081806,0.0008642814234138857,0.0008642814234138857,0.0009850949557190525,0.0011152018366630781,0.001198841974412809,0.0015241091767728735,0.0015798692686060274,0.0015984559658837455,0.0018679630764106558,0.001886549773688374,0.002546377527047362,0.0031876185831286323,0.0034850057395721195,0.0043399938143471465,0.004683847713984929,0.004832541292206673,0.004953354824511839,0.00411695344701453,0.004358580511624865,0.0042191802820419795,0.004507274089846608,0.004683847713984929,0.004572327530318621,0.004628087622151775,0.005427315605093647,0.005148515145927878,0.004953354824511839,0.0059942098720640455,0.006365943817618405,0.005947743128869751,0.006040676615258341,0.0071651718005602775,0.009758016070801935,0.007629839232503228,0.009655789235774486,0.01062229749421582,0.012341566992404733,0.01292704795665285,0.012146406670988694,0.013428888783151233,0.010306323640494615,0.009850949557190524,0.010352790383688911,0.009674375933052204,0.010101869970439716,0.01061300414557696,0.010111163319078577,0.009683669281691063,0.010194803456828308,0.010408550475522063,0.010650177540132397,0.010659470888771257,0.011226365155741654,0.013177968369902041,0.012480967221987617
12039,0.0008735747720527446,0.0009107481666081806,0.0008642814234138857,0.0008642814234138857,0.0009850949557190525,0.0011152018366630781,0.001198841974412809,0.0015241091767728735,0.0015798692686060274,0.0015984559658837455,0.0018679630764106558,0.001886549773688374,0.002546377527047362,0.0031876185831286323,0.0034850057395721195,0.0043399938143471465,0.004683847713984929,0.004832541292206673,0.004953354824511839,0.00411695344701453,0.004358580511624865,0.0042191802820419795,0.004507274089846608,0.004683847713984929,0.004572327530318621,0.004628087622151775,0.005427315605093647,0.005148515145927878,0.004953354824511839,0.0059942098720640455,0.006365943817618405,0.005947743128869751,0.006040676615258341,0.0071651718005602775,0.009758016070801935,0.007629839232503228,0.009655789235774486,0.01062229749421582,0.012341566992404733,0.01292704795665285,0.012146406670988694,0.013428888783151233,0.010306323640494615,0.009850949557190524,0.010352790383688911,0.009674375933052204,0.010101869970439716,0.01061300414557696,0.010111163319078577,0.009683669281691063,0.010194803456828308,0.010408550475522063,0.010650177540132397,0.010659470888771257,0.011226365155741654,0.013177968369902041,0.012480967221987617
12041,0.0008735747720527446,0.0009107481666081806,0.0008642814234138857,0.0008642814234138857,0.0009850949557190525,0.0011152018366630781,0.001198841974412809,0.0015241091767728735,0.0015798692686060274,0.0015984559658837455,0.0018679630764106558,0.001886549773688374,0.002546377527047362,0.0031876185831286323,0.0034850057395721195,0.0043399938143471465,0.004683847713984929,0.004832541292206673,0.004953354824511839,0.00411695344701453,0.004358580511624865,0.0042191802820419795,0.004507274089846608,0.004683847713984929,0.004572327530318621,0.004628087622151775,0.005427315605093647,0.005148515145927878,0.004953354824511839,0.0059942098720640455,0.006365943817618405,0.005947743128869751,0.006040676615258341,0.0071651718005602775,0.009758016070801935,0.007629839232503228,0.009655789235774486,0.01062229749421582,0.012341566992404733,0.01292704795665285,0.012146406670988694,0.013428888783151233,0.010306323640494615,0.009850949557190524,0.010352790383688911,0.009674375933052204,0.010101869970439716,0.01061300414557696,0.010111163319078577,0.009683669281691063,0.010194803456828308,0.010408550475522063,0.010650177540132397,0.010659470888771257,0.011226365155741654,0.013177968369902041,0.012480967221987617
12043,0.0008735747720527446,0.0009107481666081806,0.0008642814234138857,0.0008642814234138857,0.0009850949557190525,0.0011152018366630781,0.001198841974412809,0.0015241091767728735,0.0015798692686060274,0.0015984559658837455,0.0018679630764106558,0.001886549773688374,0.002546377527047362,0.0031876185831286323,0.0034850057395721195,0.0043399938143471465,0.004683847713984929,0.004832541292206673,0.004953354824511839,0.00411695344701453,0.004358580511624865,0.0042191802820419795,0.004507274089846608,0.004683847713984929,0.004572327530318621,0.004628087622151775,0.005427315605093647,0.005148515145927878,0.004953354824511839,0.0059942098720640455,0.006365943817618405,0.005947743128869751,0.006040676615258341,0.0071651718005602775,0.009758016070801935,0.007629839232503228,0.009655789235774486,0.01062229749421582,0.012341566992404733,0.01292704795665285,0.012146406670988694,0.013428888783151233,0.010306323640494615,0.009850949557190524,0.010352790383688911,0.009674375933052204,0.010101869970439716,0.01061300414557696,0.010111163319078577,0.009683669281691063,0.010194803456828308,0.010408550475522063,0.010650177540132397,0.010659470888771257,0.011226365155741654,0.013177968369902041,0.012480967221987617
12045,0.0008735747720527446,0.0009107481666081806,0.0008642814234138857,0.0008642814234138857,0.0009850949557190525,0.0011152018366630781,0.001198841974412809,0.0015241091767728735,0.0015798692686060274,0.0015984559658837455,0.0018679630764106558,0.001886549773688374,0.002546377527047362,0.0031876185831286323,0.0034850057395721195,0.0043399938143471465,0.004683847713984929,0.004832541292206673,0.004953354824511839,0.00411695344701453,0.004358580511624865,0.0042191802820419795,0.004507274089846608,0.004683847713984929,0.004572327530318621,0.004628087622151775,0.005427315605093647,0.005148515145927878,0.004953354824511839,0.0059942098720640455,0.006365943817618405,0.005947743128869751,0.006040676615258341,0.0071651718005602775,0.009758016070801935,0.007629839232503228,0.009655789235774486,0.01062229749421582,0.012341566992404733,0.01292704795665285,0.012146406670988694,0.013428888783151233,0.010306323640494615,0.009850949557190524,0.010352790383688911,0.009674375933052204,0.010101869970439716,0.01061300414557696,0.010111163319078577,0.009683669281691063,0.010194803456828308,0.010408550475522063,0.010650177540132397,0.010659470888771257,0.011226365155741654,0.013177968369902041,0.012480967221987617
12047,0.0008735747720527446,0.0009107481666081806,0.0008642814234138857,0.0008642814234138857,0.0009850949557190525,0.0011152018366630781,0.001198841974412809,0.0015241091767728735,0.0015798692686060274,0.0015984559658837455,0.0018679630764106558,0.001886549773688374,0.002546377527047362,0.0031876185831286323,0.0034850057395721195,0.0043399938143471465,0.004683847713984929,0.004832541292206673,0.004953354824511839,0.00411695344701453,0.004358580511624865,0.0042191802820419795,0.004507274089846608,0.004683847713984929,0.004572327530318621,0.004628087622151775,0.005427315605093647,0.005148515145927878,0.004953354824511839,0.0059942098720640455,0.006365943817618405,0.005947743128869751,0.006040676615258341,0.0071651718005602775,0.009758016070801935,0.007629839232503228,0.009655789235774486,0.01062229749421582,0.012341566992404733,0.01292704795665285,0.012146406670988694,0.013428888783151233,0.010306323640494615,0.009850949557190524,0.010352790383688911,0.009674375933052204,0.010101869970439716,0.01061300414557696,0.010111163319078577,0.009683669281691063,0.010194803456828308,0.010408550475522063,0.010650177540132397,0.010659470888771257,0.011226365155741654,0.013177968369902041,0.012480967221987617
12049,0.0008735747720527446,0.0009107481666081806,0.0008642814234138857,0.0008642814234138857,0.0009850949557190525,0.0011152018366630781,0.001198841974412809,0.0015241091767728735,0.0015798692686060274,0.0015984559658837455,0.0018679630764106558,0.001886549773688374,0.002546377527047362,0.0031876185831286323,0.0034850057395721195,0.0043399938143471465,0.004683847713984929,0.004832541292206673,0.004953354824511839,0.00411695344701453,0.004358580511624865,0.0042191802820419795,0.004507274089846608,0.004683847713984929,0.004572327530318621,0.004628087622151775,0.005427315605093647,0.005148515145927878,0.004953354824511839,0.0059942098720640455,0.006365943817618405,0.005947743128869751,0.006040676615258341,0.0071651718005602775,0.009758016070801935,0.007629839232503228,0.009655789235774486,0.01062229749421582,0.012341566992404733,0.01292704795665285,0.012146406670988694,0.013428888783151233,0.010306323640494615,0.009850949557190524,0.010352790383688911,0.009674375933052204,0.010101869970439716,0.01061300414557696,0.010111163319078577,0.009683669281691063,0.010194803456828308,0.010408550475522063,0.010650177540132397,0.010659470888771257,0.011226365155741654,0.013177968369902041,0.012480967221987617
12051,0.0008735747720527446,0.0009107481666081806,0.0008642814234138857,0.0008642814234138857,0.0009850949557190525,0.0011152018366630781,0.001198841974412809,0.0015241091767728735,0.0015798692686060274,0.0015984559658837455,0.0018679630764106558,0.001886549773688374,0.002546377527047362,0.0031876185831286323,0.0034850057395721195,0.0043399938143471465,0.004683847713984929,0.004832541292206673,0.004953354824511839,0.00411695344701453,0.004358580511624865,0.0042191802820419795,0.004507274089846608,0.004683847713984929,0.004572327530318621,0.004628087622151775,0.005427315605093647,0.005148515145927878,0.004953354824511839,0.0059942098720640455,0.006365943817618405,0.005947743128869751,0.006040676615258341,0.0071651718005602775,0.009758016070801935,0.007629839232503228,0.009655789235774486,0.01062229749421582,0.012341566992404733,0.01292704795665285,0.012146406670988694,0.013428888783151233,0.010306323640494615,0.009850949557190524,0.010352790383688911,0.009674375933052204,0.010101869970439716,0.01061300414557696,0.010111163319078577,0.009683669281691063,0.010194803456828308,0.010408550475522063,0.010650177540132397,0.010659470888771257,0.011226365155741654,0.013177968369902041,0.012480967221987617
12053,0.0008735747720527446,0.0009107481666081806,0.0008642814234138857,0.0008642814234138857,0.0009850949557190525,0.0011152018366630781,0.001198841974412809,0.0015241091767728735,0.0015798692686060274,0.0015984559658837455,0.0018679630764106558,0.001886549773688374,0.002546377527047362,0.0031876185831286323,0.0034850057395721195,0.0043399938143471465,0.004683847713984929,0.004832541292206673,0.004953354824511839,0.00411695344701453,0.004358580511624865,0.0042191802820419795,0.004507274089846608,0.004683847713984929,0.004572327530318621,0.004628087622151775,0.005427315605093647,0.005148515145927878,0.004953354824511839,0.0059942098720640455,0.006365943817618405,0.005947743128869751,0.006040676615258341,0.0071651718005602775,0.009758016070801935,0.007629839232503228,0.009655789235774486,0.01062229749421582,0.012341566992404733,0.01292704795665285,0.012146406670988694,0.013428888783151233,0.010306323640494615,0.009850949557190524,0.010352790383688911,0.009674375933052204,0.010101869970439716,0.01061300414557696,0.010111163319078577,0.009683669281691063,0.010194803456828308,0.010408550475522063,0.010650177540132397,0.010659470888771257,0.011226365155741654,0.013177968369902041,0.012480967221987617
12055,0.0008735747720527446,0.0009107481666081806,0.0008642814234138857,0.0008642814234138857,0.0009850949557190525,0.0011152018366630781,0.001198841974412809,0.0015241091767728735,0.0015798692686060274,0.0015984559658837455,0.0018679630764106558,0.001886549773688374,0.002546377527047362,0.0031876185831286323,0.0034850057395721195,0.0043399938143471465,0.004683847713984929,0.004832541292206673,0.004953354824511839,0.00411695344701453,0.004358580511624865,0.0042191802820419795,0.004507274089846608,0.004683847713984929,0.004572327530318621,0.004628087622151775,0.005427315605093647,0.005148515145927878,0.004953354824511839,0.0059942098720640455,0.006365943817618405,0.005947743128869751,0.006040676615258341,0.0071651718005602775,0.009758016070801935,0.007629839232503228,0.009655789235774486,0.01062229749421582,0.012341566992404733,0.01292704795665285,0.012146406670988694,0.013428888783151233,0.010306323640494615,0.009850949557190524,0.010352790383688911,0.009674375933052204,0.010101869970439716,0.01061300414557696,0.010111163319078577,0.009683669281691063,0.010194803456828308,0.010408550475522063,0.010650177540132397,0.010659470888771257,0.011226365155741654,0.013177968369902041,0.012480967221987617
12057,0.0008735747720527446,0.0009107481666081806,0.0008642814234138857,0.0008642814234138857,0.0009850949557190525,0.0011152018366630781,0.001198841974412809,0.0015241091767728735,0.0015798692686060274,0.0015984559658837455,0.0018679630764106558,0.001886549773688374,0.002546377527047362,0.0031876185831286323,0.0034850057395721195,0.0043399938143471465,0.004683847713984929,0.004832541292206673,0.004953354824511839,0.00411695344701453,0.004358580511624865,0.0042191802820419795,0.004507274089846608,0.004683847713984929,0.004572327530318621,0.004628087622151775,0.005427315605093647,0.005148515145927878,0.004953354824511839,0.0059942098720640455,0.006365943817618405,0.005947743128869751,0.006040676615258341,0.0071651718005602775,0.009758016070801935,0.007629839232503228,0.009655789235774486,0.01062229749421582,0.012341566992404733,0.01292704795665285,0.012146406670988694,0.013428888783151233,0.010306323640494615,0.009850949557190524,0.010352790383688911,0.009674375933052204,0.010101869970439716,0.01061300414557696,0.010111163319078577,0.009683669281691063,0.010194803456828308,0.010408550475522063,0.010650177540132397,0.010659470888771257,0.011226365155741654,0.013177968369902041,0.012480967221987617
12059,0.0008735747720527446,0.0009107481666081806,0.0008642814234138857,0.0008642814234138857,0.0009850949557190525,0.0011152018366630781,0.001198841974412809,0.0015241091767728735,0.0015798692686060274,0.0015984559658837455,0.0018679630764106558,0.001886549773688374,0.002546377527047362,0.0031876185831286323,0.0034850057395721195,0.0043399938143471465,0.004683847713984929,0.004832541292206673,0.004953354824511839,0.00411695344701453,0.004358580511624865,0.0042191802820419795,0.004507274089846608,0.004683847713984929,0.004572327530318621,0.004628087622151775,0.005427315605093647,0.005148515145927878,0.004953354824511839,0.0059942098720640455,0.006365943817618405,0.005947743128869751,0.006040676615258341,0.0071651718005602775,0.009758016070801935,0.007629839232503228,0.009655789235774486,0.01062229749421582,0.012341566992404733,0.01292704795665285,0.012146406670988694,0.013428888783151233,0.010306323640494615,0.009850949557190524,0.010352790383688911,0.009674375933052204,0.010101869970439716,0.01061300414557696,0.010111163319078577,0.009683669281691063,0.010194803456828308,0.010408550475522063,0.010650177540132397,0.010659470888771257,0.011226365155741654,0.013177968369902041,0.012480967221987617
12061,0.0008735747720527446,0.0009107481666081806,0.0008642814234138857,0.0008642814234138857,0.0009850949557190525,0.0011152018366630781,0.001198841974412809,0.0015241091767728735,0.0015798692686060274,0.0015984559658837455,0.0018679630764106558,0.001886549773688374,0.002546377527047362,0.0031876185831286323,0.0034850057395721195,0.0043399938143471465,0.004683847713984929,0.004832541292206673,0.004953354824511839,0.00411695344701453,0.004358580511624865,0.0042191802820419795,0.004507274089846608,0.004683847713984929,0.004572327530318621,0.004628087622151775,0.005427315605093647,0.005148515145927878,0.004953354824511839,0.0059942098720640455,0.006365943817618405,0.005947743128869751,0.006040676615258341,0.0071651718005602775,0.009758016070801935,0.007629839232503228,0.009655789235774486,0.01062229749421582,0.012341566992404733,0.01292704795665285,0.012146406670988694,0.013428888783151233,0.010306323640494615,0.009850949557190524,0.010352790383688911,0.009674375933052204,0.010101869970439716,0.01061300414557696,0.010111163319078577,0.009683669281691063,0.010194803456828308,0.010408550475522063,0.010650177540132397,0.010659470888771257,0.011226365155741654,0.013177968369902041,0.012480967221987617
12063,0.0008735747720527446,0.0009107481666081806,0.0008642814234138857,0.0008642814234138857,0.0009850949557190525,0.0011152018366630781,0.001198841974412809,0.0015241091767728735,0.0015798692686060274,0.0015984559658837455,0.0018679630764106558,0.001886549773688374,0.002546377527047362,0.0031876185831286323,0.0034850057395721195,0.0043399938143471465,0.004683847713984929,0.004832541292206673,0.004953354824511839,0.00411695344701453,0.004358580511624865,0.0042191802820419795,0.004507274089846608,0.004683847713984929,0.004572327530318621,0.004628087622151775,0.005427315605093647,0.005148515145927878,0.004953354824511839,0.0059942098720640455,0.006365943817618405,0.005947743128869751,0.006040676615258341,0.0071651718005602775,0.009758016070801935,0.007629839232503228,0.009655789235774486,0.01062229749421582,0.012341566992404733,0.01292704795665285,0.012146406670988694,0.013428888783151233,0.010306323640494615,0.009850949557190524,0.010352790383688911,0.009674375933052204,0.010101869970439716,0.01061300414557696,0.010111163319078577,0.009683669281691063,0.010194803456828308,0.010408550475522063,0.010650177540132397,0.010659470888771257,0.011226365155741654,0.013177968369902041,0.012480967221987617
12065,0.0008735747720527446,0.0009107481666081806,0.0008642814234138857,0.0008642814234138857,0.0009850949557190525,0.0011152018366630781,0.001198841974412809,0.0015241091767728735,0.0015798692686060274,0.0015984559658837455,0.0018679630764106558,0.001886549773688374,0.002546377527047362,0.0031876185831286323,0.0034850057395721195,0.0043399938143471465,0.004683847713984929,0.004832541292206673,0.004953354824511839,0.00411695344701453,0.004358580511624865,0.0042191802820419795,0.004507274089846608,0.004683847713984929,0.004572327530318621,0.004628087622151775,0.005427315605093647,0.005148515145927878,0.004953354824511839,0.0059942098720640455,0.006365943817618405,0.005947743128869751,0.006040676615258341,0.0071651718005602775,0.009758016070801935,0.007629839232503228,0.009655789235774486,0.01062229749421582,0.012341566992404733,0.01292704795665285,0.012146406670988694,0.013428888783151233,0.010306323640494615,0.009850949557190524,0.010352790383688911,0.009674375933052204,0.010101869970439716,0.01061300414557696,0.010111163319078577,0.009683669281691063,0.010194803456828308,0.010408550475522063,0.010650177540132397,0.010659470888771257,0.011226365155741654,0.013177968369902041,0.012480967221987617
12067,0.0008735747720527446,0.0009107481666081806,0.0008642814234138857,0.0008642814234138857,0.0009850949557190525,0.0011152018366630781,0.001198841974412809,0.0015241091767728735,0.0015798692686060274,0.0015984559658837455,0.0018679630764106558,0.001886549773688374,0.002546377527047362,0.0031876185831286323,0.0034850057395721195,0.0043399938143471465,0.004683847713984929,0.004832541292206673,0.004953354824511839,0.00411695344701453,0.004358580511624865,0.0042191802820419795,0.004507274089846608,0.004683847713984929,0.004572327530318621,0.004628087622151775,0.005427315605093647,0.005148515145927878,0.004953354824511839,0.0059942098720640455,0.006365943817618405,0.005947743128869751,0.006040676615258341,0.0071651718005602775,0.009758016070801935,0.007629839232503228,0.009655789235774486,0.01062229749421582,0.012341566992404733,0.01292704795665285,0.012146406670988694,0.013428888783151233,0.010306323640494615,0.009850949557190524,0.010352790383688911,0.009674375933052204,0.010101869970439716,0.01061300414557696,0.010111163319078577,0.009683669281691063,0.010194803456828308,0.010408550475522063,0.010650177540132397,0.010659470888771257,0.011226365155741654,0.013177968369902041,0.012480967221987617
12069,0.0008735747720527446,0.0009107481666081806,0.0008642814234138857,0.0008642814234138857,0.0009850949557190525,0.0011152018366630781,0.001198841974412809,0.0015241091767728735,0.0015798692686060274,0.0015984559658837455,0.0018679630764106558,0.001886549773688374,0.002546377527047362,0.0031876185831286323,0.0034850057395721195,0.0043399938143471465,0.004683847713984929,0.004832541292206673,0.004953354824511839,0.00411695344701453,0.004358580511624865,0.0042191802820419795,0.004507274089846608,0.004683847713984929,0.004572327530318621,0.004628087622151775,0.005427315605093647,0.005148515145927878,0.004953354824511839,0.0059942098720640455,0.006365943817618405,0.005947743128869751,0.006040676615258341,0.0071651718005602775,0.009758016070801935,0.007629839232503228,0.009655789235774486,0.01062229749421582,0.012341566992404733,0.01292704795665285,0.012146406670988694,0.013428888783151233,0.010306323640494615,0.009850949557190524,0.010352790383688911,0.009674375933052204,0.010101869970439716,0.01061300414557696,0.010111163319078577,0.009683669281691063,0.010194803456828308,0.010408550475522063,0.010650177540132397,0.010659470888771257,0.011226365155741654,0.013177968369902041,0.012480967221987617
12071,0.0008735747720527446,0.0009107481666081806,0.0008642814234138857,0.0008642814234138857,0.0009850949557190525,0.0011152018366630781,0.001198841974412809,0.0015241091767728735,0.0015798692686060274,0.0015984559658837455,0.0018679630764106558,0.001886549773688374,0.002546377527047362,0.0031876185831286323,0.0034850057395721195,0.0043399938143471465,0.004683847713984929,0.004832541292206673,0.004953354824511839,0.00411695344701453,0.004358580511624865,0.0042191802820419795,0.004507274089846608,0.004683847713984929,0.004572327530318621,0.004628087622151775,0.005427315605093647,0.005148515145927878,0.004953354824511839,0.0059942098720640455,0.006365943817618405,0.005947743128869751,0.006040676615258341,0.0071651718005602775,0.009758016070801935,0.007629839232503228,0.009655789235774486,0.01062229749421582,0.012341566992404733,0.01292704795665285,0.012146406670988694,0.013428888783151233,0.010306323640494615,0.009850949557190524,0.010352790383688911,0.009674375933052204,0.010101869970439716,0.01061300414557696,0.010111163319078577,0.009683669281691063,0.010194803456828308,0.010408550475522063,0.010650177540132397,0.010659470888771257,0.011226365155741654,0.013177968369902041,0.012480967221987617
12073,0.0008735747720527446,0.0009107481666081806,0.0008642814234138857,0.0008642814234138857,0.0009850949557190525,0.0011152018366630781,0.001198841974412809,0.0015241091767728735,0.0015798692686060274,0.0015984559658837455,0.0018679630764106558,0.001886549773688374,0.002546377527047362,0.0031876185831286323,0.0034850057395721195,0.0043399938143471465,0.004683847713984929,0.004832541292206673,0.004953354824511839,0.00411695344701453,0.004358580511624865,0.0042191802820419795,0.004507274089846608,0.004683847713984929,0.004572327530318621,0.004628087622151775,0.005427315605093647,0.005148515145927878,0.004953354824511839,0.0059942098720640455,0.006365943817618405,0.005947743128869751,0.006040676615258341,0.0071651718005602775,0.009758016070801935,0.007629839232503228,0.009655789235774486,0.01062229749421582,0.012341566992404733,0.01292704795665285,0.012146406670988694,0.013428888783151233,0.010306323640494615,0.009850949557190524,0.010352790383688911,0.009674375933052204,0.010101869970439716,0.01061300414557696,0.010111163319078577,0.009683669281691063,0.010194803456828308,0.010408550475522063,0.010650177540132397,0.010659470888771257,0.011226365155741654,0.013177968369902041,0.012480967221987617
12075,0.0008735747720527446,0.0009107481666081806,0.0008642814234138857,0.0008642814234138857,0.0009850949557190525,0.0011152018366630781,0.001198841974412809,0.0015241091767728735,0.0015798692686060274,0.0015984559658837455,0.0018679630764106558,0.001886549773688374,0.002546377527047362,0.0031876185831286323,0.0034850057395721195,0.0043399938143471465,0.004683847713984929,0.004832541292206673,0.004953354824511839,0.00411695344701453,0.004358580511624865,0.0042191802820419795,0.004507274089846608,0.004683847713984929,0.004572327530318621,0.004628087622151775,0.005427315605093647,0.005148515145927878,0.004953354824511839,0.0059942098720640455,0.006365943817618405,0.005947743128869751,0.006040676615258341,0.0071651718005602775,0.009758016070801935,0.007629839232503228,0.009655789235774486,0.01062229749421582,0.012341566992404733,0.01292704795665285,0.012146406670988694,0.013428888783151233,0.010306323640494615,0.009850949557190524,0.010352790383688911,0.009674375933052204,0.010101869970439716,0.01061300414557696,0.010111163319078577,0.009683669281691063,0.010194803456828308,0.010408550475522063,0.010650177540132397,0.010659470888771257,0.011226365155741654,0.013177968369902041,0.012480967221987617
12077,0.0008735747720527446,0.0009107481666081806,0.0008642814234138857,0.0008642814234138857,0.0009850949557190525,0.0011152018366630781,0.001198841974412809,0.0015241091767728735,0.0015798692686060274,0.0015984559658837455,0.0018679630764106558,0.001886549773688374,0.002546377527047362,0.0031876185831286323,0.0034850057395721195,0.0043399938143471465,0.004683847713984929,0.004832541292206673,0.004953354824511839,0.00411695344701453,0.004358580511624865,0.0042191802820419795,0.004507274089846608,0.004683847713984929,0.004572327530318621,0.004628087622151775,0.005427315605093647,0.005148515145927878,0.004953354824511839,0.0059942098720640455,0.006365943817618405,0.005947743128869751,0.006040676615258341,0.0071651718005602775,0.009758016070801935,0.007629839232503228,0.009655789235774486,0.01062229749421582,0.012341566992404733,0.01292704795665285,0.012146406670988694,0.013428888783151233,0.010306323640494615,0.009850949557190524,0.010352790383688911,0.009674375933052204,0.010101869970439716,0.01061300414557696,0.010111163319078577,0.009683669281691063,0.010194803456828308,0.010408550475522063,0.010650177540132397,0.010659470888771257,0.011226365155741654,0.013177968369902041,0.012480967221987617
12079,0.0008735747720527446,0.0009107481666081806,0.0008642814234138857,0.0008642814234138857,0.0009850949557190525,0.0011152018366630781,0.001198841974412809,0.0015241091767728735,0.0015798692686060274,0.0015984559658837455,0.0018679630764106558,0.001886549773688374,0.002546377527047362,0.0031876185831286323,0.0034850057395721195,0.0043399938143471465,0.004683847713984929,0.004832541292206673,0.004953354824511839,0.00411695344701453,0.004358580511624865,0.0042191802820419795,0.004507274089846608,0.004683847713984929,0.004572327530318621,0.004628087622151775,0.005427315605093647,0.005148515145927878,0.004953354824511839,0.0059942098720640455,0.006365943817618405,0.005947743128869751,0.006040676615258341,0.0071651718005602775,0.009758016070801935,0.007629839232503228,0.009655789235774486,0.01062229749421582,0.012341566992404733,0.01292704795665285,0.012146406670988694,0.013428888783151233,0.010306323640494615,0.009850949557190524,0.010352790383688911,0.009674375933052204,0.010101869970439716,0.01061300414557696,0.010111163319078577,0.009683669281691063,0.010194803456828308,0.010408550475522063,0.010650177540132397,0.010659470888771257,0.011226365155741654,0.013177968369902041,0.012480967221987617
12081,0.0008735747720527446,0.0009107481666081806,0.0008642814234138857,0.0008642814234138857,0.0009850949557190525,0.0011152018366630781,0.001198841974412809,0.0015241091767728735,0.0015798692686060274,0.0015984559658837455,0.0018679630764106558,0.001886549773688374,0.002546377527047362,0.0031876185831286323,0.0034850057395721195,0.0043399938143471465,0.004683847713984929,0.004832541292206673,0.004953354824511839,0.00411695344701453,0.004358580511624865,0.0042191802820419795,0.004507274089846608,0.004683847713984929,0.004572327530318621,0.004628087622151775,0.005427315605093647,0.005148515145927878,0.004953354824511839,0.0059942098720640455,0.006365943817618405,0.005947743128869751,0.006040676615258341,0.0071651718005602775,0.009758016070801935,0.007629839232503228,0.009655789235774486,0.01062229749421582,0.012341566992404733,0.01292704795665285,0.012146406670988694,0.013428888783151233,0.010306323640494615,0.009850949557190524,0.010352790383688911,0.009674375933052204,0.010101869970439716,0.01061300414557696,0.010111163319078577,0.009683669281691063,0.010194803456828308,0.010408550475522063,0.010650177540132397,0.010659470888771257,0.011226365155741654,0.013177968369902041,0.012480967221987617
12083,0.0008735747720527446,0.0009107481666081806,0.0008642814234138857,0.0008642814234138857,0.0009850949557190525,0.0011152018366630781,0.001198841974412809,0.0015241091767728735,0.0015798692686060274,0.0015984559658837455,0.0018679630764106558,0.001886549773688374,0.002546377527047362,0.0031876185831286323,0.0034850057395721195,0.0043399938143471465,0.004683847713984929,0.004832541292206673,0.004953354824511839,0.00411695344701453,0.004358580511624865,0.0042191802820419795,0.004507274089846608,0.004683847713984929,0.004572327530318621,0.004628087622151775,0.005427315605093647,0.005148515145927878,0.004953354824511839,0.0059942098720640455,0.006365943817618405,0.005947743128869751,0.006040676615258341,0.0071651718005602775,0.009758016070801935,0.007629839232503228,0.009655789235774486,0.01062229749421582,0.012341566992404733,0.01292704795665285,0.012146406670988694,0.013428888783151233,0.010306323640494615,0.009850949557190524,0.010352790383688911,0.009674375933052204,0.010101869970439716,0.01061300414557696,0.010111163319078577,0.009683669281691063,0.010194803456828308,0.010408550475522063,0.010650177540132397,0.010659470888771257,0.011226365155741654,0.013177968369902041,0.012480967221987617
12085,0.0008735747720527446,0.0009107481666081806,0.0008642814234138857,0.0008642814234138857,0.0009850949557190525,0.0011152018366630781,0.001198841974412809,0.0015241091767728735,0.0015798692686060274,0.0015984559658837455,0.0018679630764106558,0.001886549773688374,0.002546377527047362,0.0031876185831286323,0.0034850057395721195,0.0043399938143471465,0.004683847713984929,0.004832541292206673,0.004953354824511839,0.00411695344701453,0.004358580511624865,0.0042191802820419795,0.004507274089846608,0.004683847713984929,0.004572327530318621,0.004628087622151775,0.005427315605093647,0.005148515145927878,0.004953354824511839,0.0059942098720640455,0.006365943817618405,0.005947743128869751,0.006040676615258341,0.0071651718005602775,0.009758016070801935,0.007629839232503228,0.009655789235774486,0.01062229749421582,0.012341566992404733,0.01292704795665285,0.012146406670988694,0.013428888783151233,0.010306323640494615,0.009850949557190524,0.010352790383688911,0.009674375933052204,0.010101869970439716,0.01061300414557696,0.010111163319078577,0.009683669281691063,0.010194803456828308,0.010408550475522063,0.010650177540132397,0.010659470888771257,0.011226365155741654,0.013177968369902041,0.012480967221987617
12086,0.0008735747720527446,0.0009107481666081806,0.0008642814234138857,0.0008642814234138857,0.0009850949557190525,0.0011152018366630781,0.001198841974412809,0.0015241091767728735,0.0015798692686060274,0.0015984559658837455,0.0018679630764106558,0.001886549773688374,0.002546377527047362,0.0031876185831286323,0.0034850057395721195,0.0043399938143471465,0.004683847713984929,0.004832541292206673,0.004953354824511839,0.00411695344701453,0.004358580511624865,0.0042191802820419795,0.004507274089846608,0.004683847713984929,0.004572327530318621,0.004628087622151775,0.005427315605093647,0.005148515145927878,0.004953354824511839,0.0059942098720640455,0.006365943817618405,0.005947743128869751,0.006040676615258341,0.0071651718005602775,0.009758016070801935,0.007629839232503228,0.009655789235774486,0.01062229749421582,0.012341566992404733,0.01292704795665285,0.012146406670988694,0.013428888783151233,0.010306323640494615,0.009850949557190524,0.010352790383688911,0.009674375933052204,0.010101869970439716,0.01061300414557696,0.010111163319078577,0.009683669281691063,0.010194803456828308,0.010408550475522063,0.010650177540132397,0.010659470888771257,0.011226365155741654,0.013177968369902041,0.012480967221987617
12087,0.0008735747720527446,0.0009107481666081806,0.0008642814234138857,0.0008642814234138857,0.0009850949557190525,0.0011152018366630781,0.001198841974412809,0.0015241091767728735,0.0015798692686060274,0.0015984559658837455,0.0018679630764106558,0.001886549773688374,0.002546377527047362,0.0031876185831286323,0.0034850057395721195,0.0043399938143471465,0.004683847713984929,0.004832541292206673,0.004953354824511839,0.00411695344701453,0.004358580511624865,0.0042191802820419795,0.004507274089846608,0.004683847713984929,0.004572327530318621,0.004628087622151775,0.005427315605093647,0.005148515145927878,0.004953354824511839,0.0059942098720640455,0.006365943817618405,0.005947743128869751,0.006040676615258341,0.0071651718005602775,0.009758016070801935,0.007629839232503228,0.009655789235774486,0.01062229749421582,0.012341566992404733,0.01292704795665285,0.012146406670988694,0.013428888783151233,0.010306323640494615,0.009850949557190524,0.010352790383688911,0.009674375933052204,0.010101869970439716,0.01061300414557696,0.010111163319078577,0.009683669281691063,0.010194803456828308,0.010408550475522063,0.010650177540132397,0.010659470888771257,0.011226365155741654,0.013177968369902041,0.012480967221987617
12089,0.0008735747720527446,0.0009107481666081806,0.0008642814234138857,0.0008642814234138857,0.0009850949557190525,0.0011152018366630781,0.001198841974412809,0.0015241091767728735,0.0015798692686060274,0.0015984559658837455,0.0018679630764106558,0.001886549773688374,0.002546377527047362,0.0031876185831286323,0.0034850057395721195,0.0043399938143471465,0.004683847713984929,0.004832541292206673,0.004953354824511839,0.00411695344701453,0.004358580511624865,0.0042191802820419795,0.004507274089846608,0.004683847713984929,0.004572327530318621,0.004628087622151775,0.005427315605093647,0.005148515145927878,0.004953354824511839,0.0059942098720640455,0.006365943817618405,0.005947743128869751,0.006040676615258341,0.0071651718005602775,0.009758016070801935,0.007629839232503228,0.009655789235774486,0.01062229749421582,0.012341566992404733,0.01292704795665285,0.012146406670988694,0.013428888783151233,0.010306323640494615,0.009850949557190524,0.010352790383688911,0.009674375933052204,0.010101869970439716,0.01061300414557696,0.010111163319078577,0.009683669281691063,0.010194803456828308,0.010408550475522063,0.010650177540132397,0.010659470888771257,0.011226365155741654,0.013177968369902041,0.012480967221987617
12091,0.0008735747720527446,0.0009107481666081806,0.0008642814234138857,0.0008642814234138857,0.0009850949557190525,0.0011152018366630781,0.001198841974412809,0.0015241091767728735,0.0015798692686060274,0.0015984559658837455,0.0018679630764106558,0.001886549773688374,0.002546377527047362,0.0031876185831286323,0.0034850057395721195,0.0043399938143471465,0.004683847713984929,0.004832541292206673,0.004953354824511839,0.00411695344701453,0.004358580511624865,0.0042191802820419795,0.004507274089846608,0.004683847713984929,0.004572327530318621,0.004628087622151775,0.005427315605093647,0.005148515145927878,0.004953354824511839,0.0059942098720640455,0.006365943817618405,0.005947743128869751,0.006040676615258341,0.0071651718005602775,0.009758016070801935,0.007629839232503228,0.009655789235774486,0.01062229749421582,0.012341566992404733,0.01292704795665285,0.012146406670988694,0.013428888783151233,0.010306323640494615,0.009850949557190524,0.010352790383688911,0.009674375933052204,0.010101869970439716,0.01061300414557696,0.010111163319078577,0.009683669281691063,0.010194803456828308,0.010408550475522063,0.010650177540132397,0.010659470888771257,0.011226365155741654,0.013177968369902041,0.012480967221987617
12093,0.0008735747720527446,0.0009107481666081806,0.0008642814234138857,0.0008642814234138857,0.0009850949557190525,0.0011152018366630781,0.001198841974412809,0.0015241091767728735,0.0015798692686060274,0.0015984559658837455,0.0018679630764106558,0.001886549773688374,0.002546377527047362,0.0031876185831286323,0.0034850057395721195,0.0043399938143471465,0.004683847713984929,0.004832541292206673,0.004953354824511839,0.00411695344701453,0.004358580511624865,0.0042191802820419795,0.004507274089846608,0.004683847713984929,0.004572327530318621,0.004628087622151775,0.005427315605093647,0.005148515145927878,0.004953354824511839,0.0059942098720640455,0.006365943817618405,0.005947743128869751,0.006040676615258341,0.0071651718005602775,0.009758016070801935,0.007629839232503228,0.009655789235774486,0.01062229749421582,0.012341566992404733,0.01292704795665285,0.012146406670988694,0.013428888783151233,0.010306323640494615,0.009850949557190524,0.010352790383688911,0.009674375933052204,0.010101869970439716,0.01061300414557696,0.010111163319078577,0.009683669281691063,0.010194803456828308,0.010408550475522063,0.010650177540132397,0.010659470888771257,0.011226365155741654,0.013177968369902041,0.012480967221987617
12095,0.0008735747720527446,0.0009107481666081806,0.0008642814234138857,0.0008642814234138857,0.0009850949557190525,0.0011152018366630781,0.001198841974412809,0.0015241091767728735,0.0015798692686060274,0.0015984559658837455,0.0018679630764106558,0.001886549773688374,0.002546377527047362,0.0031876185831286323,0.0034850057395721195,0.0043399938143471465,0.004683847713984929,0.004832541292206673,0.004953354824511839,0.00411695344701453,0.004358580511624865,0.0042191802820419795,0.004507274089846608,0.004683847713984929,0.004572327530318621,0.004628087622151775,0.005427315605093647,0.005148515145927878,0.004953354824511839,0.0059942098720640455,0.006365943817618405,0.005947743128869751,0.006040676615258341,0.0071651718005602775,0.009758016070801935,0.007629839232503228,0.009655789235774486,0.01062229749421582,0.012341566992404733,0.01292704795665285,0.012146406670988694,0.013428888783151233,0.010306323640494615,0.009850949557190524,0.010352790383688911,0.009674375933052204,0.010101869970439716,0.01061300414557696,0.010111163319078577,0.009683669281691063,0.010194803456828308,0.010408550475522063,0.010650177540132397,0.010659470888771257,0.011226365155741654,0.013177968369902041,0.012480967221987617
12097,0.0008735747720527446,0.0009107481666081806,0.0008642814234138857,0.0008642814234138857,0.0009850949557190525,0.0011152018366630781,0.001198841974412809,0.0015241091767728735,0.0015798692686060274,0.0015984559658837455,0.0018679630764106558,0.001886549773688374,0.002546377527047362,0.0031876185831286323,0.0034850057395721195,0.0043399938143471465,0.004683847713984929,0.004832541292206673,0.004953354824511839,0.00411695344701453,0.004358580511624865,0.0042191802820419795,0.004507274089846608,0.004683847713984929,0.004572327530318621,0.004628087622151775,0.005427315605093647,0.005148515145927878,0.004953354824511839,0.0059942098720640455,0.006365943817618405,0.005947743128869751,0.006040676615258341,0.0071651718005602775,0.009758016070801935,0.007629839232503228,0.009655789235774486,0.01062229749421582,0.012341566992404733,0.01292704795665285,0.012146406670988694,0.013428888783151233,0.010306323640494615,0.009850949557190524,0.010352790383688911,0.009674375933052204,0.010101869970439716,0.01061300414557696,0.010111163319078577,0.009683669281691063,0.010194803456828308,0.010408550475522063,0.010650177540132397,0.010659470888771257,0.011226365155741654,0.013177968369902041,0.012480967221987617
12099,0.0008735747720527446,0.0009107481666081806,0.0008642814234138857,0.0008642814234138857,0.0009850949557190525,0.0011152018366630781,0.001198841974412809,0.0015241091767728735,0.0015798692686060274,0.0015984559658837455,0.0018679630764106558,0.001886549773688374,0.002546377527047362,0.0031876185831286323,0.0034850057395721195,0.0043399938143471465,0.004683847713984929,0.004832541292206673,0.004953354824511839,0.00411695344701453,0.004358580511624865,0.0042191802820419795,0.004507274089846608,0.004683847713984929,0.004572327530318621,0.004628087622151775,0.005427315605093647,0.005148515145927878,0.004953354824511839,0.0059942098720640455,0.006365943817618405,0.005947743128869751,0.006040676615258341,0.0071651718005602775,0.009758016070801935,0.007629839232503228,0.009655789235774486,0.01062229749421582,0.012341566992404733,0.01292704795665285,0.012146406670988694,0.013428888783151233,0.010306323640494615,0.009850949557190524,0.010352790383688911,0.009674375933052204,0.010101869970439716,0.01061300414557696,0.010111163319078577,0.009683669281691063,0.010194803456828308,0.010408550475522063,0.010650177540132397,0.010659470888771257,0.011226365155741654,0.013177968369902041,0.012480967221987617
12101,0.0008735747720527446,0.0009107481666081806,0.0008642814234138857,0.0008642814234138857,0.0009850949557190525,0.0011152018366630781,0.001198841974412809,0.0015241091767728735,0.0015798692686060274,0.0015984559658837455,0.0018679630764106558,0.001886549773688374,0.002546377527047362,0.0031876185831286323,0.0034850057395721195,0.0043399938143471465,0.004683847713984929,0.004832541292206673,0.004953354824511839,0.00411695344701453,0.004358580511624865,0.0042191802820419795,0.004507274089846608,0.004683847713984929,0.004572327530318621,0.004628087622151775,0.005427315605093647,0.005148515145927878,0.004953354824511839,0.0059942098720640455,0.006365943817618405,0.005947743128869751,0.006040676615258341,0.0071651718005602775,0.009758016070801935,0.007629839232503228,0.009655789235774486,0.01062229749421582,0.012341566992404733,0.01292704795665285,0.012146406670988694,0.013428888783151233,0.010306323640494615,0.009850949557190524,0.010352790383688911,0.009674375933052204,0.010101869970439716,0.01061300414557696,0.010111163319078577,0.009683669281691063,0.010194803456828308,0.010408550475522063,0.010650177540132397,0.010659470888771257,0.011226365155741654,0.013177968369902041,0.012480967221987617
12103,0.0008735747720527446,0.0009107481666081806,0.0008642814234138857,0.0008642814234138857,0.0009850949557190525,0.0011152018366630781,0.001198841974412809,0.0015241091767728735,0.0015798692686060274,0.0015984559658837455,0.0018679630764106558,0.001886549773688374,0.002546377527047362,0.0031876185831286323,0.0034850057395721195,0.0043399938143471465,0.004683847713984929,0.004832541292206673,0.004953354824511839,0.00411695344701453,0.004358580511624865,0.0042191802820419795,0.004507274089846608,0.004683847713984929,0.004572327530318621,0.004628087622151775,0.005427315605093647,0.005148515145927878,0.004953354824511839,0.0059942098720640455,0.006365943817618405,0.005947743128869751,0.006040676615258341,0.0071651718005602775,0.009758016070801935,0.007629839232503228,0.009655789235774486,0.01062229749421582,0.012341566992404733,0.01292704795665285,0.012146406670988694,0.013428888783151233,0.010306323640494615,0.009850949557190524,0.010352790383688911,0.009674375933052204,0.010101869970439716,0.01061300414557696,0.010111163319078577,0.009683669281691063,0.010194803456828308,0.010408550475522063,0.010650177540132397,0.010659470888771257,0.011226365155741654,0.013177968369902041,0.012480967221987617
12105,0.0008735747720527446,0.0009107481666081806,0.0008642814234138857,0.0008642814234138857,0.0009850949557190525,0.0011152018366630781,0.001198841974412809,0.0015241091767728735,0.0015798692686060274,0.0015984559658837455,0.0018679630764106558,0.001886549773688374,0.002546377527047362,0.0031876185831286323,0.0034850057395721195,0.0043399938143471465,0.004683847713984929,0.004832541292206673,0.004953354824511839,0.00411695344701453,0.004358580511624865,0.0042191802820419795,0.004507274089846608,0.004683847713984929,0.004572327530318621,0.004628087622151775,0.005427315605093647,0.005148515145927878,0.004953354824511839,0.0059942098720640455,0.006365943817618405,0.005947743128869751,0.006040676615258341,0.0071651718005602775,0.009758016070801935,0.007629839232503228,0.009655789235774486,0.01062229749421582,0.012341566992404733,0.01292704795665285,0.012146406670988694,0.013428888783151233,0.010306323640494615,0.009850949557190524,0.010352790383688911,0.009674375933052204,0.010101869970439716,0.01061300414557696,0.010111163319078577,0.009683669281691063,0.010194803456828308,0.010408550475522063,0.010650177540132397,0.010659470888771257,0.011226365155741654,0.013177968369902041,0.012480967221987617
12107,0.0008735747720527446,0.0009107481666081806,0.0008642814234138857,0.0008642814234138857,0.0009850949557190525,0.0011152018366630781,0.001198841974412809,0.0015241091767728735,0.0015798692686060274,0.0015984559658837455,0.0018679630764106558,0.001886549773688374,0.002546377527047362,0.0031876185831286323,0.0034850057395721195,0.0043399938143471465,0.004683847713984929,0.004832541292206673,0.004953354824511839,0.00411695344701453,0.004358580511624865,0.0042191802820419795,0.004507274089846608,0.004683847713984929,0.004572327530318621,0.004628087622151775,0.005427315605093647,0.005148515145927878,0.004953354824511839,0.0059942098720640455,0.006365943817618405,0.005947743128869751,0.006040676615258341,0.0071651718005602775,0.009758016070801935,0.007629839232503228,0.009655789235774486,0.01062229749421582,0.012341566992404733,0.01292704795665285,0.012146406670988694,0.013428888783151233,0.010306323640494615,0.009850949557190524,0.010352790383688911,0.009674375933052204,0.010101869970439716,0.01061300414557696,0.010111163319078577,0.009683669281691063,0.010194803456828308,0.010408550475522063,0.010650177540132397,0.010659470888771257,0.011226365155741654,0.013177968369902041,0.012480967221987617
12109,0.0008735747720527446,0.0009107481666081806,0.0008642814234138857,0.0008642814234138857,0.0009850949557190525,0.0011152018366630781,0.001198841974412809,0.0015241091767728735,0.0015798692686060274,0.0015984559658837455,0.0018679630764106558,0.001886549773688374,0.002546377527047362,0.0031876185831286323,0.0034850057395721195,0.0043399938143471465,0.004683847713984929,0.004832541292206673,0.004953354824511839,0.00411695344701453,0.004358580511624865,0.0042191802820419795,0.004507274089846608,0.004683847713984929,0.004572327530318621,0.004628087622151775,0.005427315605093647,0.005148515145927878,0.004953354824511839,0.0059942098720640455,0.006365943817618405,0.005947743128869751,0.006040676615258341,0.0071651718005602775,0.009758016070801935,0.007629839232503228,0.009655789235774486,0.01062229749421582,0.012341566992404733,0.01292704795665285,0.012146406670988694,0.013428888783151233,0.010306323640494615,0.009850949557190524,0.010352790383688911,0.009674375933052204,0.010101869970439716,0.01061300414557696,0.010111163319078577,0.009683669281691063,0.010194803456828308,0.010408550475522063,0.010650177540132397,0.010659470888771257,0.011226365155741654,0.013177968369902041,0.012480967221987617
12111,0.0008735747720527446,0.0009107481666081806,0.0008642814234138857,0.0008642814234138857,0.0009850949557190525,0.0011152018366630781,0.001198841974412809,0.0015241091767728735,0.0015798692686060274,0.0015984559658837455,0.0018679630764106558,0.001886549773688374,0.002546377527047362,0.0031876185831286323,0.0034850057395721195,0.0043399938143471465,0.004683847713984929,0.004832541292206673,0.004953354824511839,0.00411695344701453,0.004358580511624865,0.0042191802820419795,0.004507274089846608,0.004683847713984929,0.004572327530318621,0.004628087622151775,0.005427315605093647,0.005148515145927878,0.004953354824511839,0.0059942098720640455,0.006365943817618405,0.005947743128869751,0.006040676615258341,0.0071651718005602775,0.009758016070801935,0.007629839232503228,0.009655789235774486,0.01062229749421582,0.012341566992404733,0.01292704795665285,0.012146406670988694,0.013428888783151233,0.010306323640494615,0.009850949557190524,0.010352790383688911,0.009674375933052204,0.010101869970439716,0.01061300414557696,0.010111163319078577,0.009683669281691063,0.010194803456828308,0.010408550475522063,0.010650177540132397,0.010659470888771257,0.011226365155741654,0.013177968369902041,0.012480967221987617
12113,0.0008735747720527446,0.0009107481666081806,0.0008642814234138857,0.0008642814234138857,0.0009850949557190525,0.0011152018366630781,0.001198841974412809,0.0015241091767728735,0.0015798692686060274,0.0015984559658837455,0.0018679630764106558,0.001886549773688374,0.002546377527047362,0.0031876185831286323,0.0034850057395721195,0.0043399938143471465,0.004683847713984929,0.004832541292206673,0.004953354824511839,0.00411695344701453,0.004358580511624865,0.0042191802820419795,0.004507274089846608,0.004683847713984929,0.004572327530318621,0.004628087622151775,0.005427315605093647,0.005148515145927878,0.004953354824511839,0.0059942098720640455,0.006365943817618405,0.005947743128869751,0.006040676615258341,0.0071651718005602775,0.009758016070801935,0.007629839232503228,0.009655789235774486,0.01062229749421582,0.012341566992404733,0.01292704795665285,0.012146406670988694,0.013428888783151233,0.010306323640494615,0.009850949557190524,0.010352790383688911,0.009674375933052204,0.010101869970439716,0.01061300414557696,0.010111163319078577,0.009683669281691063,0.010194803456828308,0.010408550475522063,0.010650177540132397,0.010659470888771257,0.011226365155741654,0.013177968369902041,0.012480967221987617
12115,0.0008735747720527446,0.0009107481666081806,0.0008642814234138857,0.0008642814234138857,0.0009850949557190525,0.0011152018366630781,0.001198841974412809,0.0015241091767728735,0.0015798692686060274,0.0015984559658837455,0.0018679630764106558,0.001886549773688374,0.002546377527047362,0.0031876185831286323,0.0034850057395721195,0.0043399938143471465,0.004683847713984929,0.004832541292206673,0.004953354824511839,0.00411695344701453,0.004358580511624865,0.0042191802820419795,0.004507274089846608,0.004683847713984929,0.004572327530318621,0.004628087622151775,0.005427315605093647,0.005148515145927878,0.004953354824511839,0.0059942098720640455,0.006365943817618405,0.005947743128869751,0.006040676615258341,0.0071651718005602775,0.009758016070801935,0.007629839232503228,0.009655789235774486,0.01062229749421582,0.012341566992404733,0.01292704795665285,0.012146406670988694,0.013428888783151233,0.010306323640494615,0.009850949557190524,0.010352790383688911,0.009674375933052204,0.010101869970439716,0.01061300414557696,0.010111163319078577,0.009683669281691063,0.010194803456828308,0.010408550475522063,0.010650177540132397,0.010659470888771257,0.011226365155741654,0.013177968369902041,0.012480967221987617
12117,0.0008735747720527446,0.0009107481666081806,0.0008642814234138857,0.0008642814234138857,0.0009850949557190525,0.0011152018366630781,0.001198841974412809,0.0015241091767728735,0.0015798692686060274,0.0015984559658837455,0.0018679630764106558,0.001886549773688374,0.002546377527047362,0.0031876185831286323,0.0034850057395721195,0.0043399938143471465,0.004683847713984929,0.004832541292206673,0.004953354824511839,0.00411695344701453,0.004358580511624865,0.0042191802820419795,0.004507274089846608,0.004683847713984929,0.004572327530318621,0.004628087622151775,0.005427315605093647,0.005148515145927878,0.004953354824511839,0.0059942098720640455,0.006365943817618405,0.005947743128869751,0.006040676615258341,0.0071651718005602775,0.009758016070801935,0.007629839232503228,0.009655789235774486,0.01062229749421582,0.012341566992404733,0.01292704795665285,0.012146406670988694,0.013428888783151233,0.010306323640494615,0.009850949557190524,0.010352790383688911,0.009674375933052204,0.010101869970439716,0.01061300414557696,0.010111163319078577,0.009683669281691063,0.010194803456828308,0.010408550475522063,0.010650177540132397,0.010659470888771257,0.011226365155741654,0.013177968369902041,0.012480967221987617
12119,0.0008735747720527446,0.0009107481666081806,0.0008642814234138857,0.0008642814234138857,0.0009850949557190525,0.0011152018366630781,0.001198841974412809,0.0015241091767728735,0.0015798692686060274,0.0015984559658837455,0.0018679630764106558,0.001886549773688374,0.002546377527047362,0.0031876185831286323,0.0034850057395721195,0.0043399938143471465,0.004683847713984929,0.004832541292206673,0.004953354824511839,0.00411695344701453,0.004358580511624865,0.0042191802820419795,0.004507274089846608,0.004683847713984929,0.004572327530318621,0.004628087622151775,0.005427315605093647,0.005148515145927878,0.004953354824511839,0.0059942098720640455,0.006365943817618405,0.005947743128869751,0.006040676615258341,0.0071651718005602775,0.009758016070801935,0.007629839232503228,0.009655789235774486,0.01062229749421582,0.012341566992404733,0.01292704795665285,0.012146406670988694,0.013428888783151233,0.010306323640494615,0.009850949557190524,0.010352790383688911,0.009674375933052204,0.010101869970439716,0.01061300414557696,0.010111163319078577,0.009683669281691063,0.010194803456828308,0.010408550475522063,0.010650177540132397,0.010659470888771257,0.011226365155741654,0.013177968369902041,0.012480967221987617
12121,0.0008735747720527446,0.0009107481666081806,0.0008642814234138857,0.0008642814234138857,0.0009850949557190525,0.0011152018366630781,0.001198841974412809,0.0015241091767728735,0.0015798692686060274,0.0015984559658837455,0.0018679630764106558,0.001886549773688374,0.002546377527047362,0.0031876185831286323,0.0034850057395721195,0.0043399938143471465,0.004683847713984929,0.004832541292206673,0.004953354824511839,0.00411695344701453,0.004358580511624865,0.0042191802820419795,0.004507274089846608,0.004683847713984929,0.004572327530318621,0.004628087622151775,0.005427315605093647,0.005148515145927878,0.004953354824511839,0.0059942098720640455,0.006365943817618405,0.005947743128869751,0.006040676615258341,0.0071651718005602775,0.009758016070801935,0.007629839232503228,0.009655789235774486,0.01062229749421582,0.012341566992404733,0.01292704795665285,0.012146406670988694,0.013428888783151233,0.010306323640494615,0.009850949557190524,0.010352790383688911,0.009674375933052204,0.010101869970439716,0.01061300414557696,0.010111163319078577,0.009683669281691063,0.010194803456828308,0.010408550475522063,0.010650177540132397,0.010659470888771257,0.011226365155741654,0.013177968369902041,0.012480967221987617
12123,0.0008735747720527446,0.0009107481666081806,0.0008642814234138857,0.0008642814234138857,0.0009850949557190525,0.0011152018366630781,0.001198841974412809,0.0015241091767728735,0.0015798692686060274,0.0015984559658837455,0.0018679630764106558,0.001886549773688374,0.002546377527047362,0.0031876185831286323,0.0034850057395721195,0.0043399938143471465,0.004683847713984929,0.004832541292206673,0.004953354824511839,0.00411695344701453,0.004358580511624865,0.0042191802820419795,0.004507274089846608,0.004683847713984929,0.004572327530318621,0.004628087622151775,0.005427315605093647,0.005148515145927878,0.004953354824511839,0.0059942098720640455,0.006365943817618405,0.005947743128869751,0.006040676615258341,0.0071651718005602775,0.009758016070801935,0.007629839232503228,0.009655789235774486,0.01062229749421582,0.012341566992404733,0.01292704795665285,0.012146406670988694,0.013428888783151233,0.010306323640494615,0.009850949557190524,0.010352790383688911,0.009674375933052204,0.010101869970439716,0.01061300414557696,0.010111163319078577,0.009683669281691063,0.010194803456828308,0.010408550475522063,0.010650177540132397,0.010659470888771257,0.011226365155741654,0.013177968369902041,0.012480967221987617
12125,0.0008735747720527446,0.0009107481666081806,0.0008642814234138857,0.0008642814234138857,0.0009850949557190525,0.0011152018366630781,0.001198841974412809,0.0015241091767728735,0.0015798692686060274,0.0015984559658837455,0.0018679630764106558,0.001886549773688374,0.002546377527047362,0.0031876185831286323,0.0034850057395721195,0.0043399938143471465,0.004683847713984929,0.004832541292206673,0.004953354824511839,0.00411695344701453,0.004358580511624865,0.0042191802820419795,0.004507274089846608,0.004683847713984929,0.004572327530318621,0.004628087622151775,0.005427315605093647,0.005148515145927878,0.004953354824511839,0.0059942098720640455,0.006365943817618405,0.005947743128869751,0.006040676615258341,0.0071651718005602775,0.009758016070801935,0.007629839232503228,0.009655789235774486,0.01062229749421582,0.012341566992404733,0.01292704795665285,0.012146406670988694,0.013428888783151233,0.010306323640494615,0.009850949557190524,0.010352790383688911,0.009674375933052204,0.010101869970439716,0.01061300414557696,0.010111163319078577,0.009683669281691063,0.010194803456828308,0.010408550475522063,0.010650177540132397,0.010659470888771257,0.011226365155741654,0.013177968369902041,0.012480967221987617
12127,0.0008735747720527446,0.0009107481666081806,0.0008642814234138857,0.0008642814234138857,0.0009850949557190525,0.0011152018366630781,0.001198841974412809,0.0015241091767728735,0.0015798692686060274,0.0015984559658837455,0.0018679630764106558,0.001886549773688374,0.002546377527047362,0.0031876185831286323,0.0034850057395721195,0.0043399938143471465,0.004683847713984929,0.004832541292206673,0.004953354824511839,0.00411695344701453,0.004358580511624865,0.0042191802820419795,0.004507274089846608,0.004683847713984929,0.004572327530318621,0.004628087622151775,0.005427315605093647,0.005148515145927878,0.004953354824511839,0.0059942098720640455,0.006365943817618405,0.005947743128869751,0.006040676615258341,0.0071651718005602775,0.009758016070801935,0.007629839232503228,0.009655789235774486,0.01062229749421582,0.012341566992404733,0.01292704795665285,0.012146406670988694,0.013428888783151233,0.010306323640494615,0.009850949557190524,0.010352790383688911,0.009674375933052204,0.010101869970439716,0.01061300414557696,0.010111163319078577,0.009683669281691063,0.010194803456828308,0.010408550475522063,0.010650177540132397,0.010659470888771257,0.011226365155741654,0.013177968369902041,0.012480967221987617
12129,0.0008735747720527446,0.0009107481666081806,0.0008642814234138857,0.0008642814234138857,0.0009850949557190525,0.0011152018366630781,0.001198841974412809,0.0015241091767728735,0.0015798692686060274,0.0015984559658837455,0.0018679630764106558,0.001886549773688374,0.002546377527047362,0.0031876185831286323,0.0034850057395721195,0.0043399938143471465,0.004683847713984929,0.004832541292206673,0.004953354824511839,0.00411695344701453,0.004358580511624865,0.0042191802820419795,0.004507274089846608,0.004683847713984929,0.004572327530318621,0.004628087622151775,0.005427315605093647,0.005148515145927878,0.004953354824511839,0.0059942098720640455,0.006365943817618405,0.005947743128869751,0.006040676615258341,0.0071651718005602775,0.009758016070801935,0.007629839232503228,0.009655789235774486,0.01062229749421582,0.012341566992404733,0.01292704795665285,0.012146406670988694,0.013428888783151233,0.010306323640494615,0.009850949557190524,0.010352790383688911,0.009674375933052204,0.010101869970439716,0.01061300414557696,0.010111163319078577,0.009683669281691063,0.010194803456828308,0.010408550475522063,0.010650177540132397,0.010659470888771257,0.011226365155741654,0.013177968369902041,0.012480967221987617
12131,0.0008735747720527446,0.0009107481666081806,0.0008642814234138857,0.0008642814234138857,0.0009850949557190525,0.0011152018366630781,0.001198841974412809,0.0015241091767728735,0.0015798692686060274,0.0015984559658837455,0.0018679630764106558,0.001886549773688374,0.002546377527047362,0.0031876185831286323,0.0034850057395721195,0.0043399938143471465,0.004683847713984929,0.004832541292206673,0.004953354824511839,0.00411695344701453,0.004358580511624865,0.0042191802820419795,0.004507274089846608,0.004683847713984929,0.004572327530318621,0.004628087622151775,0.005427315605093647,0.005148515145927878,0.004953354824511839,0.0059942098720640455,0.006365943817618405,0.005947743128869751,0.006040676615258341,0.0071651718005602775,0.009758016070801935,0.007629839232503228,0.009655789235774486,0.01062229749421582,0.012341566992404733,0.01292704795665285,0.012146406670988694,0.013428888783151233,0.010306323640494615,0.009850949557190524,0.010352790383688911,0.009674375933052204,0.010101869970439716,0.01061300414557696,0.010111163319078577,0.009683669281691063,0.010194803456828308,0.010408550475522063,0.010650177540132397,0.010659470888771257,0.011226365155741654,0.013177968369902041,0.012480967221987617
12133,0.0008735747720527446,0.0009107481666081806,0.0008642814234138857,0.0008642814234138857,0.0009850949557190525,0.0011152018366630781,0.001198841974412809,0.0015241091767728735,0.0015798692686060274,0.0015984559658837455,0.0018679630764106558,0.001886549773688374,0.002546377527047362,0.0031876185831286323,0.0034850057395721195,0.0043399938143471465,0.004683847713984929,0.004832541292206673,0.004953354824511839,0.00411695344701453,0.004358580511624865,0.0042191802820419795,0.004507274089846608,0.004683847713984929,0.004572327530318621,0.004628087622151775,0.005427315605093647,0.005148515145927878,0.004953354824511839,0.0059942098720640455,0.006365943817618405,0.005947743128869751,0.006040676615258341,0.0071651718005602775,0.009758016070801935,0.007629839232503228,0.009655789235774486,0.01062229749421582,0.012341566992404733,0.01292704795665285,0.012146406670988694,0.013428888783151233,0.010306323640494615,0.009850949557190524,0.010352790383688911,0.009674375933052204,0.010101869970439716,0.01061300414557696,0.010111163319078577,0.009683669281691063,0.010194803456828308,0.010408550475522063,0.010650177540132397,0.010659470888771257,0.011226365155741654,0.013177968369902041,0.012480967221987617
13001,0.0006412410560812699,0.000650534404720129,0.000650534404720129,0.000687707799275565,0.0007899346343030137,0.0008271080288584497,0.0008735747720527446,0.0009479215611636166,0.0010222683502744885,0.0012824821121625398,0.0016263360118003224,0.0019330165168826691,0.0023419238569924645,0.0029924582617125934,0.0036987527582658763,0.004405047254819159,0.00503699496226157,0.005260035329594186,0.005325088770066199,0.005213568586399891,0.005018408264983853,0.005064875008178147,0.005083461705455865,0.005352968815982776,0.005269328678233045,0.005157808494566737,0.005418022256454789,0.005743289458814853,0.004832541292206673,0.005473782348287942,0.005975623174786327,0.005576009183315391,0.0035965259232384277,0.006533224093117867,0.008540587399111408,0.007564785792031215,0.009228295198386973,0.01062229749421582,0.013716982590955863,0.013196555067179759,0.012276513551932721,0.01328948855356835,0.010873217907465012,0.01017621675955059,0.009767309419440793,0.00906101492288751,0.00871716102324973,0.009163241757914959,0.00797369313214101,0.007360332121976317,0.008159560104918188,0.007592665837947791,0.007629839232503228,0.00714658510328256,0.007982986480779868,0.010585124099660385,0.010111163319078577
13003,0.0006412410560812699,0.000650534404720129,0.000650534404720129,0.000687707799275565,0.0007899346343030137,0.0008271080288584497,0.0008735747720527446,0.0009479215611636166,0.0010222683502744885,0.0012824821121625398,0.0016263360118003224,0.0019330165168826691,0.0023419238569924645,0.0029924582617125934,0.0036987527582658763,0.004405047254819159,0.00503699496226157,0.005260035329594186,0.005325088770066199,0.005213568586399891,0.005018408264983853,0.005064875008178147,0.005083461705455865,0.005352968815982776,0.005269328678233045,0.005157808494566737,0.005418022256454789,0.005743289458814853,0.004832541292206673,0.005473782348287942,0.005975623174786327,0.005576009183315391,0.0035965259232384277,0.006533224093117867,0.008540587399111408,0.007564785792031215,0.009228295198386973,0.01062229749421582,0.013716982590955863,0.013196555067179759,0.012276513551932721,0.01328948855356835,0.010873217907465012,0.01017621675955059,0.009767309419440793,0.00906101492288751,0.00871716102324973,0.009163241757914959,0.00797369313214101,0.007360332121976317,0.008159560104918188,0.007592665837947791,0.007629839232503228,0.00714658510328256,0.007982986480779868,0.010585124099660385,0.010111163319078577
13005,0.0006412410560812699,0.000650534404720129,0.000650534404720129,0.000687707799275565,0.0007899346343030137,0.0008271080288584497,0.0008735747720527446,0.0009479215611636166,0.0010222683502744885,0.0012824821121625398,0.0016263360118003224,0.0019330165168826691,0.0023419238569924645,0.0029924582617125934,0.0036987527582658763,0.004405047254819159,0.00503699496226157,0.005260035329594186,0.005325088770066199,0.005213568586399891,0.005018408264983853,0.005064875008178147,0.005083461705455865,0.005352968815982776,0.005269328678233045,0.005157808494566737,0.005418022256454789,0.005743289458814853,0.004832541292206673,0.005473782348287942,0.005975623174786327,0.005576009183315391,0.0035965259232384277,0.006533224093117867,0.008540587399111408,0.007564785792031215,0.009228295198386973,0.01062229749421582,0.013716982590955863,0.013196555067179759,0.012276513551932721,0.01328948855356835,0.010873217907465012,0.01017621675955059,0.009767309419440793,0.00906101492288751,0.00871716102324973,0.009163241757914959,0.00797369313214101,0.007360332121976317,0.008159560104918188,0.007592665837947791,0.007629839232503228,0.00714658510328256,0.007982986480779868,0.010585124099660385,0.010111163319078577
13007,0.0006412410560812699,0.000650534404720129,0.000650534404720129,0.000687707799275565,0.0007899346343030137,0.0008271080288584497,0.0008735747720527446,0.0009479215611636166,0.0010222683502744885,0.0012824821121625398,0.0016263360118003224,0.0019330165168826691,0.0023419238569924645,0.0029924582617125934,0.0036987527582658763,0.004405047254819159,0.00503699496226157,0.005260035329594186,0.005325088770066199,0.005213568586399891,0.005018408264983853,0.005064875008178147,0.005083461705455865,0.005352968815982776,0.005269328678233045,0.005157808494566737,0.005418022256454789,0.005743289458814853,0.004832541292206673,0.005473782348287942,0.005975623174786327,0.005576009183315391,0.0035965259232384277,0.006533224093117867,0.008540587399111408,0.007564785792031215,0.009228295198386973,0.01062229749421582,0.013716982590955863,0.013196555067179759,0.012276513551932721,0.01328948855356835,0.010873217907465012,0.01017621675955059,0.009767309419440793,0.00906101492288751,0.00871716102324973,0.009163241757914959,0.00797369313214101,0.007360332121976317,0.008159560104918188,0.007592665837947791,0.007629839232503228,0.00714658510328256,0.007982986480779868,0.010585124099660385,0.010111163319078577
13009,0.0006412410560812699,0.000650534404720129,0.000650534404720129,0.000687707799275565,0.0007899346343030137,0.0008271080288584497,0.0008735747720527446,0.0009479215611636166,0.0010222683502744885,0.0012824821121625398,0.0016263360118003224,0.0019330165168826691,0.0023419238569924645,0.0029924582617125934,0.0036987527582658763,0.004405047254819159,0.00503699496226157,0.005260035329594186,0.005325088770066199,0.005213568586399891,0.005018408264983853,0.005064875008178147,0.005083461705455865,0.005352968815982776,0.005269328678233045,0.005157808494566737,0.005418022256454789,0.005743289458814853,0.004832541292206673,0.005473782348287942,0.005975623174786327,0.005576009183315391,0.0035965259232384277,0.006533224093117867,0.008540587399111408,0.007564785792031215,0.009228295198386973,0.01062229749421582,0.013716982590955863,0.013196555067179759,0.012276513551932721,0.01328948855356835,0.010873217907465012,0.01017621675955059,0.009767309419440793,0.00906101492288751,0.00871716102324973,0.009163241757914959,0.00797369313214101,0.007360332121976317,0.008159560104918188,0.007592665837947791,0.007629839232503228,0.00714658510328256,0.007982986480779868,0.010585124099660385,0.010111163319078577
13011,0.0006412410560812699,0.000650534404720129,0.000650534404720129,0.000687707799275565,0.0007899346343030137,0.0008271080288584497,0.0008735747720527446,0.0009479215611636166,0.0010222683502744885,0.0012824821121625398,0.0016263360118003224,0.0019330165168826691,0.0023419238569924645,0.0029924582617125934,0.0036987527582658763,0.004405047254819159,0.00503699496226157,0.005260035329594186,0.005325088770066199,0.005213568586399891,0.005018408264983853,0.005064875008178147,0.005083461705455865,0.005352968815982776,0.005269328678233045,0.005157808494566737,0.005418022256454789,0.005743289458814853,0.004832541292206673,0.005473782348287942,0.005975623174786327,0.005576009183315391,0.0035965259232384277,0.006533224093117867,0.008540587399111408,0.007564785792031215,0.009228295198386973,0.01062229749421582,0.013716982590955863,0.013196555067179759,0.012276513551932721,0.01328948855356835,0.010873217907465012,0.01017621675955059,0.009767309419440793,0.00906101492288751,0.00871716102324973,0.009163241757914959,0.00797369313214101,0.007360332121976317,0.008159560104918188,0.007592665837947791,0.007629839232503228,0.00714658510328256,0.007982986480779868,0.010585124099660385,0.010111163319078577
13013,0.0006412410560812699,0.000650534404720129,0.000650534404720129,0.000687707799275565,0.0007899346343030137,0.0008271080288584497,0.0008735747720527446,0.0009479215611636166,0.0010222683502744885,0.0012824821121625398,0.0016263360118003224,0.0019330165168826691,0.0023419238569924645,0.0029924582617125934,0.0036987527582658763,0.004405047254819159,0.00503699496226157,0.005260035329594186,0.005325088770066199,0.005213568586399891,0.005018408264983853,0.005064875008178147,0.005083461705455865,0.005352968815982776,0.005269328678233045,0.005157808494566737,0.005418022256454789,0.005743289458814853,0.004832541292206673,0.005473782348287942,0.005975623174786327,0.005576009183315391,0.0035965259232384277,0.006533224093117867,0.008540587399111408,0.007564785792031215,0.009228295198386973,0.01062229749421582,0.013716982590955863,0.013196555067179759,0.012276513551932721,0.01328948855356835,0.010873217907465012,0.01017621675955059,0.009767309419440793,0.00906101492288751,0.00871716102324973,0.009163241757914959,0.00797369313214101,0.007360332121976317,0.008159560104918188,0.007592665837947791,0.007629839232503228,0.00714658510328256,0.007982986480779868,0.010585124099660385,0.010111163319078577
13015,0.0006412410560812699,0.000650534404720129,0.000650534404720129,0.000687707799275565,0.0007899346343030137,0.0008271080288584497,0.0008735747720527446,0.0009479215611636166,0.0010222683502744885,0.0012824821121625398,0.0016263360118003224,0.0019330165168826691,0.0023419238569924645,0.0029924582617125934,0.0036987527582658763,0.004405047254819159,0.00503699496226157,0.005260035329594186,0.005325088770066199,0.005213568586399891,0.005018408264983853,0.005064875008178147,0.005083461705455865,0.005352968815982776,0.005269328678233045,0.005157808494566737,0.005418022256454789,0.005743289458814853,0.004832541292206673,0.005473782348287942,0.005975623174786327,0.005576009183315391,0.0035965259232384277,0.006533224093117867,0.008540587399111408,0.007564785792031215,0.009228295198386973,0.01062229749421582,0.013716982590955863,0.013196555067179759,0.012276513551932721,0.01328948855356835,0.010873217907465012,0.01017621675955059,0.009767309419440793,0.00906101492288751,0.00871716102324973,0.009163241757914959,0.00797369313214101,0.007360332121976317,0.008159560104918188,0.007592665837947791,0.007629839232503228,0.00714658510328256,0.007982986480779868,0.010585124099660385,0.010111163319078577
13017,0.0006412410560812699,0.000650534404720129,0.000650534404720129,0.000687707799275565,0.0007899346343030137,0.0008271080288584497,0.0008735747720527446,0.0009479215611636166,0.0010222683502744885,0.0012824821121625398,0.0016263360118003224,0.0019330165168826691,0.0023419238569924645,0.0029924582617125934,0.0036987527582658763,0.004405047254819159,0.00503699496226157,0.005260035329594186,0.005325088770066199,0.005213568586399891,0.005018408264983853,0.005064875008178147,0.005083461705455865,0.005352968815982776,0.005269328678233045,0.005157808494566737,0.005418022256454789,0.005743289458814853,0.004832541292206673,0.005473782348287942,0.005975623174786327,0.005576009183315391,0.0035965259232384277,0.006533224093117867,0.008540587399111408,0.007564785792031215,0.009228295198386973,0.01062229749421582,0.013716982590955863,0.013196555067179759,0.012276513551932721,0.01328948855356835,0.010873217907465012,0.01017621675955059,0.009767309419440793,0.00906101492288751,0.00871716102324973,0.009163241757914959,0.00797369313214101,0.007360332121976317,0.008159560104918188,0.007592665837947791,0.007629839232503228,0.00714658510328256,0.007982986480779868,0.010585124099660385,0.010111163319078577
13019,0.0006412410560812699,0.000650534404720129,0.000650534404720129,0.000687707799275565,0.0007899346343030137,0.0008271080288584497,0.0008735747720527446,0.0009479215611636166,0.0010222683502744885,0.0012824821121625398,0.0016263360118003224,0.0019330165168826691,0.0023419238569924645,0.0029924582617125934,0.0036987527582658763,0.004405047254819159,0.00503699496226157,0.005260035329594186,0.005325088770066199,0.005213568586399891,0.005018408264983853,0.005064875008178147,0.005083461705455865,0.005352968815982776,0.005269328678233045,0.005157808494566737,0.005418022256454789,0.005743289458814853,0.004832541292206673,0.005473782348287942,0.005975623174786327,0.005576009183315391,0.0035965259232384277,0.006533224093117867,0.008540587399111408,0.007564785792031215,0.009228295198386973,0.01062229749421582,0.013716982590955863,0.013196555067179759,0.012276513551932721,0.01328948855356835,0.010873217907465012,0.01017621675955059,0.009767309419440793,0.00906101492288751,0.00871716102324973,0.009163241757914959,0.00797369313214101,0.007360332121976317,0.008159560104918188,0.007592665837947791,0.007629839232503228,0.00714658510328256,0.007982986480779868,0.010585124099660385,0.010111163319078577
13021,0.0006412410560812699,0.000650534404720129,0.000650534404720129,0.000687707799275565,0.0007899346343030137,0.0008271080288584497,0.0008735747720527446,0.0009479215611636166,0.0010222683502744885,0.0012824821121625398,0.0016263360118003224,0.0019330165168826691,0.0023419238569924645,0.0029924582617125934,0.0036987527582658763,0.004405047254819159,0.00503699496226157,0.005260035329594186,0.005325088770066199,0.005213568586399891,0.005018408264983853,0.005064875008178147,0.005083461705455865,0.005352968815982776,0.005269328678233045,0.005157808494566737,0.005418022256454789,0.005743289458814853,0.004832541292206673,0.005473782348287942,0.005975623174786327,0.005576009183315391,0.0035965259232384277,0.006533224093117867,0.008540587399111408,0.007564785792031215,0.009228295198386973,0.01062229749421582,0.013716982590955863,0.013196555067179759,0.012276513551932721,0.01328948855356835,0.010873217907465012,0.01017621675955059,0.009767309419440793,0.00906101492288751,0.00871716102324973,0.009163241757914959,0.00797369313214101,0.007360332121976317,0.008159560104918188,0.007592665837947791,0.007629839232503228,0.00714658510328256,0.007982986480779868,0.010585124099660385,0.010111163319078577
13023,0.0006412410560812699,0.000650534404720129,0.000650534404720129,0.000687707799275565,0.0007899346343030137,0.0008271080288584497,0.0008735747720527446,0.0009479215611636166,0.0010222683502744885,0.0012824821121625398,0.0016263360118003224,0.0019330165168826691,0.0023419238569924645,0.0029924582617125934,0.0036987527582658763,0.004405047254819159,0.00503699496226157,0.005260035329594186,0.005325088770066199,0.005213568586399891,0.005018408264983853,0.005064875008178147,0.005083461705455865,0.005352968815982776,0.005269328678233045,0.005157808494566737,0.005418022256454789,0.005743289458814853,0.004832541292206673,0.005473782348287942,0.005975623174786327,0.005576009183315391,0.0035965259232384277,0.006533224093117867,0.008540587399111408,0.007564785792031215,0.009228295198386973,0.01062229749421582,0.013716982590955863,0.013196555067179759,0.012276513551932721,0.01328948855356835,0.010873217907465012,0.01017621675955059,0.009767309419440793,0.00906101492288751,0.00871716102324973,0.009163241757914959,0.00797369313214101,0.007360332121976317,0.008159560104918188,0.007592665837947791,0.007629839232503228,0.00714658510328256,0.007982986480779868,0.010585124099660385,0.010111163319078577
13025,0.0006412410560812699,0.000650534404720129,0.000650534404720129,0.000687707799275565,0.0007899346343030137,0.0008271080288584497,0.0008735747720527446,0.0009479215611636166,0.0010222683502744885,0.0012824821121625398,0.0016263360118003224,0.0019330165168826691,0.0023419238569924645,0.0029924582617125934,0.0036987527582658763,0.004405047254819159,0.00503699496226157,0.005260035329594186,0.005325088770066199,0.005213568586399891,0.005018408264983853,0.005064875008178147,0.005083461705455865,0.005352968815982776,0.005269328678233045,0.005157808494566737,0.005418022256454789,0.005743289458814853,0.004832541292206673,0.005473782348287942,0.005975623174786327,0.005576009183315391,0.0035965259232384277,0.006533224093117867,0.008540587399111408,0.007564785792031215,0.009228295198386973,0.01062229749421582,0.013716982590955863,0.013196555067179759,0.012276513551932721,0.01328948855356835,0.010873217907465012,0.01017621675955059,0.009767309419440793,0.00906101492288751,0.00871716102324973,0.009163241757914959,0.00797369313214101,0.007360332121976317,0.008159560104918188,0.007592665837947791,0.007629839232503228,0.00714658510328256,0.007982986480779868,0.010585124099660385,0.010111163319078577
13027,0.0006412410560812699,0.000650534404720129,0.000650534404720129,0.000687707799275565,0.0007899346343030137,0.0008271080288584497,0.0008735747720527446,0.0009479215611636166,0.0010222683502744885,0.0012824821121625398,0.0016263360118003224,0.0019330165168826691,0.0023419238569924645,0.0029924582617125934,0.0036987527582658763,0.004405047254819159,0.00503699496226157,0.005260035329594186,0.005325088770066199,0.005213568586399891,0.005018408264983853,0.005064875008178147,0.005083461705455865,0.005352968815982776,0.005269328678233045,0.005157808494566737,0.005418022256454789,0.005743289458814853,0.004832541292206673,0.005473782348287942,0.005975623174786327,0.005576009183315391,0.0035965259232384277,0.006533224093117867,0.008540587399111408,0.007564785792031215,0.009228295198386973,0.01062229749421582,0.013716982590955863,0.013196555067179759,0.012276513551932721,0.01328948855356835,0.010873217907465012,0.01017621675955059,0.009767309419440793,0.00906101492288751,0.00871716102324973,0.009163241757914959,0.00797369313214101,0.007360332121976317,0.008159560104918188,0.007592665837947791,0.007629839232503228,0.00714658510328256,0.007982986480779868,0.010585124099660385,0.010111163319078577
13029,0.0006412410560812699,0.000650534404720129,0.000650534404720129,0.000687707799275565,0.0007899346343030137,0.0008271080288584497,0.0008735747720527446,0.0009479215611636166,0.0010222683502744885,0.0012824821121625398,0.0016263360118003224,0.0019330165168826691,0.0023419238569924645,0.0029924582617125934,0.0036987527582658763,0.004405047254819159,0.00503699496226157,0.005260035329594186,0.005325088770066199,0.005213568586399891,0.005018408264983853,0.005064875008178147,0.005083461705455865,0.005352968815982776,0.005269328678233045,0.005157808494566737,0.005418022256454789,0.005743289458814853,0.004832541292206673,0.005473782348287942,0.005975623174786327,0.005576009183315391,0.0035965259232384277,0.006533224093117867,0.008540587399111408,0.007564785792031215,0.009228295198386973,0.01062229749421582,0.013716982590955863,0.013196555067179759,0.012276513551932721,0.01328948855356835,0.010873217907465012,0.01017621675955059,0.009767309419440793,0.00906101492288751,0.00871716102324973,0.009163241757914959,0.00797369313214101,0.007360332121976317,0.008159560104918188,0.007592665837947791,0.007629839232503228,0.00714658510328256,0.007982986480779868,0.010585124099660385,0.010111163319078577
13031,0.0006412410560812699,0.000650534404720129,0.000650534404720129,0.000687707799275565,0.0007899346343030137,0.0008271080288584497,0.0008735747720527446,0.0009479215611636166,0.0010222683502744885,0.0012824821121625398,0.0016263360118003224,0.0019330165168826691,0.0023419238569924645,0.0029924582617125934,0.0036987527582658763,0.004405047254819159,0.00503699496226157,0.005260035329594186,0.005325088770066199,0.005213568586399891,0.005018408264983853,0.005064875008178147,0.005083461705455865,0.005352968815982776,0.005269328678233045,0.005157808494566737,0.005418022256454789,0.005743289458814853,0.004832541292206673,0.005473782348287942,0.005975623174786327,0.005576009183315391,0.0035965259232384277,0.006533224093117867,0.008540587399111408,0.007564785792031215,0.009228295198386973,0.01062229749421582,0.013716982590955863,0.013196555067179759,0.012276513551932721,0.01328948855356835,0.010873217907465012,0.01017621675955059,0.009767309419440793,0.00906101492288751,0.00871716102324973,0.009163241757914959,0.00797369313214101,0.007360332121976317,0.008159560104918188,0.007592665837947791,0.007629839232503228,0.00714658510328256,0.007982986480779868,0.010585124099660385,0.010111163319078577
13033,0.0006412410560812699,0.000650534404720129,0.000650534404720129,0.000687707799275565,0.0007899346343030137,0.0008271080288584497,0.0008735747720527446,0.0009479215611636166,0.0010222683502744885,0.0012824821121625398,0.0016263360118003224,0.0019330165168826691,0.0023419238569924645,0.0029924582617125934,0.0036987527582658763,0.004405047254819159,0.00503699496226157,0.005260035329594186,0.005325088770066199,0.005213568586399891,0.005018408264983853,0.005064875008178147,0.005083461705455865,0.005352968815982776,0.005269328678233045,0.005157808494566737,0.005418022256454789,0.005743289458814853,0.004832541292206673,0.005473782348287942,0.005975623174786327,0.005576009183315391,0.0035965259232384277,0.006533224093117867,0.008540587399111408,0.007564785792031215,0.009228295198386973,0.01062229749421582,0.013716982590955863,0.013196555067179759,0.012276513551932721,0.01328948855356835,0.010873217907465012,0.01017621675955059,0.009767309419440793,0.00906101492288751,0.00871716102324973,0.009163241757914959,0.00797369313214101,0.007360332121976317,0.008159560104918188,0.007592665837947791,0.007629839232503228,0.00714658510328256,0.007982986480779868,0.010585124099660385,0.010111163319078577
13035,0.0006412410560812699,0.000650534404720129,0.000650534404720129,0.000687707799275565,0.0007899346343030137,0.0008271080288584497,0.0008735747720527446,0.0009479215611636166,0.0010222683502744885,0.0012824821121625398,0.0016263360118003224,0.0019330165168826691,0.0023419238569924645,0.0029924582617125934,0.0036987527582658763,0.004405047254819159,0.00503699496226157,0.005260035329594186,0.005325088770066199,0.005213568586399891,0.005018408264983853,0.005064875008178147,0.005083461705455865,0.005352968815982776,0.005269328678233045,0.005157808494566737,0.005418022256454789,0.005743289458814853,0.004832541292206673,0.005473782348287942,0.005975623174786327,0.005576009183315391,0.0035965259232384277,0.006533224093117867,0.008540587399111408,0.007564785792031215,0.009228295198386973,0.01062229749421582,0.013716982590955863,0.013196555067179759,0.012276513551932721,0.01328948855356835,0.010873217907465012,0.01017621675955059,0.009767309419440793,0.00906101492288751,0.00871716102324973,0.009163241757914959,0.00797369313214101,0.007360332121976317,0.008159560104918188,0.007592665837947791,0.007629839232503228,0.00714658510328256,0.007982986480779868,0.010585124099660385,0.010111163319078577
13037,0.0006412410560812699,0.000650534404720129,0.000650534404720129,0.000687707799275565,0.0007899346343030137,0.0008271080288584497,0.0008735747720527446,0.0009479215611636166,0.0010222683502744885,0.0012824821121625398,0.0016263360118003224,0.0019330165168826691,0.0023419238569924645,0.0029924582617125934,0.0036987527582658763,0.004405047254819159,0.00503699496226157,0.005260035329594186,0.005325088770066199,0.005213568586399891,0.005018408264983853,0.005064875008178147,0.005083461705455865,0.005352968815982776,0.005269328678233045,0.005157808494566737,0.005418022256454789,0.005743289458814853,0.004832541292206673,0.005473782348287942,0.005975623174786327,0.005576009183315391,0.0035965259232384277,0.006533224093117867,0.008540587399111408,0.007564785792031215,0.009228295198386973,0.01062229749421582,0.013716982590955863,0.013196555067179759,0.012276513551932721,0.01328948855356835,0.010873217907465012,0.01017621675955059,0.009767309419440793,0.00906101492288751,0.00871716102324973,0.009163241757914959,0.00797369313214101,0.007360332121976317,0.008159560104918188,0.007592665837947791,0.007629839232503228,0.00714658510328256,0.007982986480779868,0.010585124099660385,0.010111163319078577
13039,0.0006412410560812699,0.000650534404720129,0.000650534404720129,0.000687707799275565,0.0007899346343030137,0.0008271080288584497,0.0008735747720527446,0.0009479215611636166,0.0010222683502744885,0.0012824821121625398,0.0016263360118003224,0.0019330165168826691,0.0023419238569924645,0.0029924582617125934,0.0036987527582658763,0.004405047254819159,0.00503699496226157,0.005260035329594186,0.005325088770066199,0.005213568586399891,0.005018408264983853,0.005064875008178147,0.005083461705455865,0.005352968815982776,0.005269328678233045,0.005157808494566737,0.005418022256454789,0.005743289458814853,0.004832541292206673,0.005473782348287942,0.005975623174786327,0.005576009183315391,0.0035965259232384277,0.006533224093117867,0.008540587399111408,0.007564785792031215,0.009228295198386973,0.01062229749421582,0.013716982590955863,0.013196555067179759,0.012276513551932721,0.01328948855356835,0.010873217907465012,0.01017621675955059,0.009767309419440793,0.00906101492288751,0.00871716102324973,0.009163241757914959,0.00797369313214101,0.007360332121976317,0.008159560104918188,0.007592665837947791,0.007629839232503228,0.00714658510328256,0.007982986480779868,0.010585124099660385,0.010111163319078577
13043,0.0006412410560812699,0.000650534404720129,0.000650534404720129,0.000687707799275565,0.0007899346343030137,0.0008271080288584497,0.0008735747720527446,0.0009479215611636166,0.0010222683502744885,0.0012824821121625398,0.0016263360118003224,0.0019330165168826691,0.0023419238569924645,0.0029924582617125934,0.0036987527582658763,0.004405047254819159,0.00503699496226157,0.005260035329594186,0.005325088770066199,0.005213568586399891,0.005018408264983853,0.005064875008178147,0.005083461705455865,0.005352968815982776,0.005269328678233045,0.005157808494566737,0.005418022256454789,0.005743289458814853,0.004832541292206673,0.005473782348287942,0.005975623174786327,0.005576009183315391,0.0035965259232384277,0.006533224093117867,0.008540587399111408,0.007564785792031215,0.009228295198386973,0.01062229749421582,0.013716982590955863,0.013196555067179759,0.012276513551932721,0.01328948855356835,0.010873217907465012,0.01017621675955059,0.009767309419440793,0.00906101492288751,0.00871716102324973,0.009163241757914959,0.00797369313214101,0.007360332121976317,0.008159560104918188,0.007592665837947791,0.007629839232503228,0.00714658510328256,0.007982986480779868,0.010585124099660385,0.010111163319078577
13045,0.0006412410560812699,0.000650534404720129,0.000650534404720129,0.000687707799275565,0.0007899346343030137,0.0008271080288584497,0.0008735747720527446,0.0009479215611636166,0.0010222683502744885,0.0012824821121625398,0.0016263360118003224,0.0019330165168826691,0.0023419238569924645,0.0029924582617125934,0.0036987527582658763,0.004405047254819159,0.00503699496226157,0.005260035329594186,0.005325088770066199,0.005213568586399891,0.005018408264983853,0.005064875008178147,0.005083461705455865,0.005352968815982776,0.005269328678233045,0.005157808494566737,0.005418022256454789,0.005743289458814853,0.004832541292206673,0.005473782348287942,0.005975623174786327,0.005576009183315391,0.0035965259232384277,0.006533224093117867,0.008540587399111408,0.007564785792031215,0.009228295198386973,0.01062229749421582,0.013716982590955863,0.013196555067179759,0.012276513551932721,0.01328948855356835,0.010873217907465012,0.01017621675955059,0.009767309419440793,0.00906101492288751,0.00871716102324973,0.009163241757914959,0.00797369313214101,0.007360332121976317,0.008159560104918188,0.007592665837947791,0.007629839232503228,0.00714658510328256,0.007982986480779868,0.010585124099660385,0.010111163319078577
13047,0.0006412410560812699,0.000650534404720129,0.000650534404720129,0.000687707799275565,0.0007899346343030137,0.0008271080288584497,0.0008735747720527446,0.0009479215611636166,0.0010222683502744885,0.0012824821121625398,0.0016263360118003224,0.0019330165168826691,0.0023419238569924645,0.0029924582617125934,0.0036987527582658763,0.004405047254819159,0.00503699496226157,0.005260035329594186,0.005325088770066199,0.005213568586399891,0.005018408264983853,0.005064875008178147,0.005083461705455865,0.005352968815982776,0.005269328678233045,0.005157808494566737,0.005418022256454789,0.005743289458814853,0.004832541292206673,0.005473782348287942,0.005975623174786327,0.005576009183315391,0.0035965259232384277,0.006533224093117867,0.008540587399111408,0.007564785792031215,0.009228295198386973,0.01062229749421582,0.013716982590955863,0.013196555067179759,0.012276513551932721,0.01328948855356835,0.010873217907465012,0.01017621675955059,0.009767309419440793,0.00906101492288751,0.00871716102324973,0.009163241757914959,0.00797369313214101,0.007360332121976317,0.008159560104918188,0.007592665837947791,0.007629839232503228,0.00714658510328256,0.007982986480779868,0.010585124099660385,0.010111163319078577
13049,0.0006412410560812699,0.000650534404720129,0.000650534404720129,0.000687707799275565,0.0007899346343030137,0.0008271080288584497,0.0008735747720527446,0.0009479215611636166,0.0010222683502744885,0.0012824821121625398,0.0016263360118003224,0.0019330165168826691,0.0023419238569924645,0.0029924582617125934,0.0036987527582658763,0.004405047254819159,0.00503699496226157,0.005260035329594186,0.005325088770066199,0.005213568586399891,0.005018408264983853,0.005064875008178147,0.005083461705455865,0.005352968815982776,0.005269328678233045,0.005157808494566737,0.005418022256454789,0.005743289458814853,0.004832541292206673,0.005473782348287942,0.005975623174786327,0.005576009183315391,0.0035965259232384277,0.006533224093117867,0.008540587399111408,0.007564785792031215,0.009228295198386973,0.01062229749421582,0.013716982590955863,0.013196555067179759,0.012276513551932721,0.01328948855356835,0.010873217907465012,0.01017621675955059,0.009767309419440793,0.00906101492288751,0.00871716102324973,0.009163241757914959,0.00797369313214101,0.007360332121976317,0.008159560104918188,0.007592665837947791,0.007629839232503228,0.00714658510328256,0.007982986480779868,0.010585124099660385,0.010111163319078577
13051,0.0006412410560812699,0.000650534404720129,0.000650534404720129,0.000687707799275565,0.0007899346343030137,0.0008271080288584497,0.0008735747720527446,0.0009479215611636166,0.0010222683502744885,0.0012824821121625398,0.0016263360118003224,0.0019330165168826691,0.0023419238569924645,0.0029924582617125934,0.0036987527582658763,0.004405047254819159,0.00503699496226157,0.005260035329594186,0.005325088770066199,0.005213568586399891,0.005018408264983853,0.005064875008178147,0.005083461705455865,0.005352968815982776,0.005269328678233045,0.005157808494566737,0.005418022256454789,0.005743289458814853,0.004832541292206673,0.005473782348287942,0.005975623174786327,0.005576009183315391,0.0035965259232384277,0.006533224093117867,0.008540587399111408,0.007564785792031215,0.009228295198386973,0.01062229749421582,0.013716982590955863,0.013196555067179759,0.012276513551932721,0.01328948855356835,0.010873217907465012,0.01017621675955059,0.009767309419440793,0.00906101492288751,0.00871716102324973,0.009163241757914959,0.00797369313214101,0.007360332121976317,0.008159560104918188,0.007592665837947791,0.007629839232503228,0.00714658510328256,0.007982986480779868,0.010585124099660385,0.010111163319078577
13053,0.0006412410560812699,0.000650534404720129,0.000650534404720129,0.000687707799275565,0.0007899346343030137,0.0008271080288584497,0.0008735747720527446,0.0009479215611636166,0.0010222683502744885,0.0012824821121625398,0.0016263360118003224,0.0019330165168826691,0.0023419238569924645,0.0029924582617125934,0.0036987527582658763,0.004405047254819159,0.00503699496226157,0.005260035329594186,0.005325088770066199,0.005213568586399891,0.005018408264983853,0.005064875008178147,0.005083461705455865,0.005352968815982776,0.005269328678233045,0.005157808494566737,0.005418022256454789,0.005743289458814853,0.004832541292206673,0.005473782348287942,0.005975623174786327,0.005576009183315391,0.0035965259232384277,0.006533224093117867,0.008540587399111408,0.007564785792031215,0.009228295198386973,0.01062229749421582,0.013716982590955863,0.013196555067179759,0.012276513551932721,0.01328948855356835,0.010873217907465012,0.01017621675955059,0.009767309419440793,0.00906101492288751,0.00871716102324973,0.009163241757914959,0.00797369313214101,0.007360332121976317,0.008159560104918188,0.007592665837947791,0.007629839232503228,0.00714658510328256,0.007982986480779868,0.010585124099660385,0.010111163319078577
13055,0.0006412410560812699,0.000650534404720129,0.000650534404720129,0.000687707799275565,0.0007899346343030137,0.0008271080288584497,0.0008735747720527446,0.0009479215611636166,0.0010222683502744885,0.0012824821121625398,0.0016263360118003224,0.0019330165168826691,0.0023419238569924645,0.0029924582617125934,0.0036987527582658763,0.004405047254819159,0.00503699496226157,0.005260035329594186,0.005325088770066199,0.005213568586399891,0.005018408264983853,0.005064875008178147,0.005083461705455865,0.005352968815982776,0.005269328678233045,0.005157808494566737,0.005418022256454789,0.005743289458814853,0.004832541292206673,0.005473782348287942,0.005975623174786327,0.005576009183315391,0.0035965259232384277,0.006533224093117867,0.008540587399111408,0.007564785792031215,0.009228295198386973,0.01062229749421582,0.013716982590955863,0.013196555067179759,0.012276513551932721,0.01328948855356835,0.010873217907465012,0.01017621675955059,0.009767309419440793,0.00906101492288751,0.00871716102324973,0.009163241757914959,0.00797369313214101,0.007360332121976317,0.008159560104918188,0.007592665837947791,0.007629839232503228,0.00714658510328256,0.007982986480779868,0.010585124099660385,0.010111163319078577
13057,0.0006412410560812699,0.000650534404720129,0.000650534404720129,0.000687707799275565,0.0007899346343030137,0.0008271080288584497,0.0008735747720527446,0.0009479215611636166,0.0010222683502744885,0.0012824821121625398,0.0016263360118003224,0.0019330165168826691,0.0023419238569924645,0.0029924582617125934,0.0036987527582658763,0.004405047254819159,0.00503699496226157,0.005260035329594186,0.005325088770066199,0.005213568586399891,0.005018408264983853,0.005064875008178147,0.005083461705455865,0.005352968815982776,0.005269328678233045,0.005157808494566737,0.005418022256454789,0.005743289458814853,0.004832541292206673,0.005473782348287942,0.005975623174786327,0.005576009183315391,0.0035965259232384277,0.006533224093117867,0.008540587399111408,0.007564785792031215,0.009228295198386973,0.01062229749421582,0.013716982590955863,0.013196555067179759,0.012276513551932721,0.01328948855356835,0.010873217907465012,0.01017621675955059,0.009767309419440793,0.00906101492288751,0.00871716102324973,0.009163241757914959,0.00797369313214101,0.007360332121976317,0.008159560104918188,0.007592665837947791,0.007629839232503228,0.00714658510328256,0.007982986480779868,0.010585124099660385,0.010111163319078577
13059,0.0006412410560812699,0.000650534404720129,0.000650534404720129,0.000687707799275565,0.0007899346343030137,0.0008271080288584497,0.0008735747720527446,0.0009479215611636166,0.0010222683502744885,0.0012824821121625398,0.0016263360118003224,0.0019330165168826691,0.0023419238569924645,0.0029924582617125934,0.0036987527582658763,0.004405047254819159,0.00503699496226157,0.005260035329594186,0.005325088770066199,0.005213568586399891,0.005018408264983853,0.005064875008178147,0.005083461705455865,0.005352968815982776,0.005269328678233045,0.005157808494566737,0.005418022256454789,0.005743289458814853,0.004832541292206673,0.005473782348287942,0.005975623174786327,0.005576009183315391,0.0035965259232384277,0.006533224093117867,0.008540587399111408,0.007564785792031215,0.009228295198386973,0.01062229749421582,0.013716982590955863,0.013196555067179759,0.012276513551932721,0.01328948855356835,0.010873217907465012,0.01017621675955059,0.009767309419440793,0.00906101492288751,0.00871716102324973,0.009163241757914959,0.00797369313214101,0.007360332121976317,0.008159560104918188,0.007592665837947791,0.007629839232503228,0.00714658510328256,0.007982986480779868,0.010585124099660385,0.010111163319078577
13061,0.0006412410560812699,0.000650534404720129,0.000650534404720129,0.000687707799275565,0.0007899346343030137,0.0008271080288584497,0.0008735747720527446,0.0009479215611636166,0.0010222683502744885,0.0012824821121625398,0.0016263360118003224,0.0019330165168826691,0.0023419238569924645,0.0029924582617125934,0.0036987527582658763,0.004405047254819159,0.00503699496226157,0.005260035329594186,0.005325088770066199,0.005213568586399891,0.005018408264983853,0.005064875008178147,0.005083461705455865,0.005352968815982776,0.005269328678233045,0.005157808494566737,0.005418022256454789,0.005743289458814853,0.004832541292206673,0.005473782348287942,0.005975623174786327,0.005576009183315391,0.0035965259232384277,0.006533224093117867,0.008540587399111408,0.007564785792031215,0.009228295198386973,0.01062229749421582,0.013716982590955863,0.013196555067179759,0.012276513551932721,0.01328948855356835,0.010873217907465012,0.01017621675955059,0.009767309419440793,0.00906101492288751,0.00871716102324973,0.009163241757914959,0.00797369313214101,0.007360332121976317,0.008159560104918188,0.007592665837947791,0.007629839232503228,0.00714658510328256,0.007982986480779868,0.010585124099660385,0.010111163319078577
13063,0.0006412410560812699,0.000650534404720129,0.000650534404720129,0.000687707799275565,0.0007899346343030137,0.0008271080288584497,0.0008735747720527446,0.0009479215611636166,0.0010222683502744885,0.0012824821121625398,0.0016263360118003224,0.0019330165168826691,0.0023419238569924645,0.0029924582617125934,0.0036987527582658763,0.004405047254819159,0.00503699496226157,0.005260035329594186,0.005325088770066199,0.005213568586399891,0.005018408264983853,0.005064875008178147,0.005083461705455865,0.005352968815982776,0.005269328678233045,0.005157808494566737,0.005418022256454789,0.005743289458814853,0.004832541292206673,0.005473782348287942,0.005975623174786327,0.005576009183315391,0.0035965259232384277,0.006533224093117867,0.008540587399111408,0.007564785792031215,0.009228295198386973,0.01062229749421582,0.013716982590955863,0.013196555067179759,0.012276513551932721,0.01328948855356835,0.010873217907465012,0.01017621675955059,0.009767309419440793,0.00906101492288751,0.00871716102324973,0.009163241757914959,0.00797369313214101,0.007360332121976317,0.008159560104918188,0.007592665837947791,0.007629839232503228,0.00714658510328256,0.007982986480779868,0.010585124099660385,0.010111163319078577
13065,0.0006412410560812699,0.000650534404720129,0.000650534404720129,0.000687707799275565,0.0007899346343030137,0.0008271080288584497,0.0008735747720527446,0.0009479215611636166,0.0010222683502744885,0.0012824821121625398,0.0016263360118003224,0.0019330165168826691,0.0023419238569924645,0.0029924582617125934,0.0036987527582658763,0.004405047254819159,0.00503699496226157,0.005260035329594186,0.005325088770066199,0.005213568586399891,0.005018408264983853,0.005064875008178147,0.005083461705455865,0.005352968815982776,0.005269328678233045,0.005157808494566737,0.005418022256454789,0.005743289458814853,0.004832541292206673,0.005473782348287942,0.005975623174786327,0.005576009183315391,0.0035965259232384277,0.006533224093117867,0.008540587399111408,0.007564785792031215,0.009228295198386973,0.01062229749421582,0.013716982590955863,0.013196555067179759,0.012276513551932721,0.01328948855356835,0.010873217907465012,0.01017621675955059,0.009767309419440793,0.00906101492288751,0.00871716102324973,0.009163241757914959,0.00797369313214101,0.007360332121976317,0.008159560104918188,0.007592665837947791,0.007629839232503228,0.00714658510328256,0.007982986480779868,0.010585124099660385,0.010111163319078577
13067,0.0006412410560812699,0.000650534404720129,0.000650534404720129,0.000687707799275565,0.0007899346343030137,0.0008271080288584497,0.0008735747720527446,0.0009479215611636166,0.0010222683502744885,0.0012824821121625398,0.0016263360118003224,0.0019330165168826691,0.0023419238569924645,0.0029924582617125934,0.0036987527582658763,0.004405047254819159,0.00503699496226157,0.005260035329594186,0.005325088770066199,0.005213568586399891,0.005018408264983853,0.005064875008178147,0.005083461705455865,0.005352968815982776,0.005269328678233045,0.005157808494566737,0.005418022256454789,0.005743289458814853,0.004832541292206673,0.005473782348287942,0.005975623174786327,0.005576009183315391,0.0035965259232384277,0.006533224093117867,0.008540587399111408,0.007564785792031215,0.009228295198386973,0.01062229749421582,0.013716982590955863,0.013196555067179759,0.012276513551932721,0.01328948855356835,0.010873217907465012,0.01017621675955059,0.009767309419440793,0.00906101492288751,0.00871716102324973,0.009163241757914959,0.00797369313214101,0.007360332121976317,0.008159560104918188,0.007592665837947791,0.007629839232503228,0.00714658510328256,0.007982986480779868,0.010585124099660385,0.010111163319078577
13069,0.0006412410560812699,0.000650534404720129,0.000650534404720129,0.000687707799275565,0.0007899346343030137,0.0008271080288584497,0.0008735747720527446,0.0009479215611636166,0.0010222683502744885,0.0012824821121625398,0.0016263360118003224,0.0019330165168826691,0.0023419238569924645,0.0029924582617125934,0.0036987527582658763,0.004405047254819159,0.00503699496226157,0.005260035329594186,0.005325088770066199,0.005213568586399891,0.005018408264983853,0.005064875008178147,0.005083461705455865,0.005352968815982776,0.005269328678233045,0.005157808494566737,0.005418022256454789,0.005743289458814853,0.004832541292206673,0.005473782348287942,0.005975623174786327,0.005576009183315391,0.0035965259232384277,0.006533224093117867,0.008540587399111408,0.007564785792031215,0.009228295198386973,0.01062229749421582,0.013716982590955863,0.013196555067179759,0.012276513551932721,0.01328948855356835,0.010873217907465012,0.01017621675955059,0.009767309419440793,0.00906101492288751,0.00871716102324973,0.009163241757914959,0.00797369313214101,0.007360332121976317,0.008159560104918188,0.007592665837947791,0.007629839232503228,0.00714658510328256,0.007982986480779868,0.010585124099660385,0.010111163319078577
13071,0.0006412410560812699,0.000650534404720129,0.000650534404720129,0.000687707799275565,0.0007899346343030137,0.0008271080288584497,0.0008735747720527446,0.0009479215611636166,0.0010222683502744885,0.0012824821121625398,0.0016263360118003224,0.0019330165168826691,0.0023419238569924645,0.0029924582617125934,0.0036987527582658763,0.004405047254819159,0.00503699496226157,0.005260035329594186,0.005325088770066199,0.005213568586399891,0.005018408264983853,0.005064875008178147,0.005083461705455865,0.005352968815982776,0.005269328678233045,0.005157808494566737,0.005418022256454789,0.005743289458814853,0.004832541292206673,0.005473782348287942,0.005975623174786327,0.005576009183315391,0.0035965259232384277,0.006533224093117867,0.008540587399111408,0.007564785792031215,0.009228295198386973,0.01062229749421582,0.013716982590955863,0.013196555067179759,0.012276513551932721,0.01328948855356835,0.010873217907465012,0.01017621675955059,0.009767309419440793,0.00906101492288751,0.00871716102324973,0.009163241757914959,0.00797369313214101,0.007360332121976317,0.008159560104918188,0.007592665837947791,0.007629839232503228,0.00714658510328256,0.007982986480779868,0.010585124099660385,0.010111163319078577
13073,0.0006412410560812699,0.000650534404720129,0.000650534404720129,0.000687707799275565,0.0007899346343030137,0.0008271080288584497,0.0008735747720527446,0.0009479215611636166,0.0010222683502744885,0.0012824821121625398,0.0016263360118003224,0.0019330165168826691,0.0023419238569924645,0.0029924582617125934,0.0036987527582658763,0.004405047254819159,0.00503699496226157,0.005260035329594186,0.005325088770066199,0.005213568586399891,0.005018408264983853,0.005064875008178147,0.005083461705455865,0.005352968815982776,0.005269328678233045,0.005157808494566737,0.005418022256454789,0.005743289458814853,0.004832541292206673,0.005473782348287942,0.005975623174786327,0.005576009183315391,0.0035965259232384277,0.006533224093117867,0.008540587399111408,0.007564785792031215,0.009228295198386973,0.01062229749421582,0.013716982590955863,0.013196555067179759,0.012276513551932721,0.01328948855356835,0.010873217907465012,0.01017621675955059,0.009767309419440793,0.00906101492288751,0.00871716102324973,0.009163241757914959,0.00797369313214101,0.007360332121976317,0.008159560104918188,0.007592665837947791,0.007629839232503228,0.00714658510328256,0.007982986480779868,0.010585124099660385,0.010111163319078577
13075,0.0006412410560812699,0.000650534404720129,0.000650534404720129,0.000687707799275565,0.0007899346343030137,0.0008271080288584497,0.0008735747720527446,0.0009479215611636166,0.0010222683502744885,0.0012824821121625398,0.0016263360118003224,0.0019330165168826691,0.0023419238569924645,0.0029924582617125934,0.0036987527582658763,0.004405047254819159,0.00503699496226157,0.005260035329594186,0.005325088770066199,0.005213568586399891,0.005018408264983853,0.005064875008178147,0.005083461705455865,0.005352968815982776,0.005269328678233045,0.005157808494566737,0.005418022256454789,0.005743289458814853,0.004832541292206673,0.005473782348287942,0.005975623174786327,0.005576009183315391,0.0035965259232384277,0.006533224093117867,0.008540587399111408,0.007564785792031215,0.009228295198386973,0.01062229749421582,0.013716982590955863,0.013196555067179759,0.012276513551932721,0.01328948855356835,0.010873217907465012,0.01017621675955059,0.009767309419440793,0.00906101492288751,0.00871716102324973,0.009163241757914959,0.00797369313214101,0.007360332121976317,0.008159560104918188,0.007592665837947791,0.007629839232503228,0.00714658510328256,0.007982986480779868,0.010585124099660385,0.010111163319078577
13077,0.0006412410560812699,0.000650534404720129,0.000650534404720129,0.000687707799275565,0.0007899346343030137,0.0008271080288584497,0.0008735747720527446,0.0009479215611636166,0.0010222683502744885,0.0012824821121625398,0.0016263360118003224,0.0019330165168826691,0.0023419238569924645,0.0029924582617125934,0.0036987527582658763,0.004405047254819159,0.00503699496226157,0.005260035329594186,0.005325088770066199,0.005213568586399891,0.005018408264983853,0.005064875008178147,0.005083461705455865,0.005352968815982776,0.005269328678233045,0.005157808494566737,0.005418022256454789,0.005743289458814853,0.004832541292206673,0.005473782348287942,0.005975623174786327,0.005576009183315391,0.0035965259232384277,0.006533224093117867,0.008540587399111408,0.007564785792031215,0.009228295198386973,0.01062229749421582,0.013716982590955863,0.013196555067179759,0.012276513551932721,0.01328948855356835,0.010873217907465012,0.01017621675955059,0.009767309419440793,0.00906101492288751,0.00871716102324973,0.009163241757914959,0.00797369313214101,0.007360332121976317,0.008159560104918188,0.007592665837947791,0.007629839232503228,0.00714658510328256,0.007982986480779868,0.010585124099660385,0.010111163319078577
13079,0.0006412410560812699,0.000650534404720129,0.000650534404720129,0.000687707799275565,0.0007899346343030137,0.0008271080288584497,0.0008735747720527446,0.0009479215611636166,0.0010222683502744885,0.0012824821121625398,0.0016263360118003224,0.0019330165168826691,0.0023419238569924645,0.0029924582617125934,0.0036987527582658763,0.004405047254819159,0.00503699496226157,0.005260035329594186,0.005325088770066199,0.005213568586399891,0.005018408264983853,0.005064875008178147,0.005083461705455865,0.005352968815982776,0.005269328678233045,0.005157808494566737,0.005418022256454789,0.005743289458814853,0.004832541292206673,0.005473782348287942,0.005975623174786327,0.005576009183315391,0.0035965259232384277,0.006533224093117867,0.008540587399111408,0.007564785792031215,0.009228295198386973,0.01062229749421582,0.013716982590955863,0.013196555067179759,0.012276513551932721,0.01328948855356835,0.010873217907465012,0.01017621675955059,0.009767309419440793,0.00906101492288751,0.00871716102324973,0.009163241757914959,0.00797369313214101,0.007360332121976317,0.008159560104918188,0.007592665837947791,0.007629839232503228,0.00714658510328256,0.007982986480779868,0.010585124099660385,0.010111163319078577
13081,0.0006412410560812699,0.000650534404720129,0.000650534404720129,0.000687707799275565,0.0007899346343030137,0.0008271080288584497,0.0008735747720527446,0.0009479215611636166,0.0010222683502744885,0.0012824821121625398,0.0016263360118003224,0.0019330165168826691,0.0023419238569924645,0.0029924582617125934,0.0036987527582658763,0.004405047254819159,0.00503699496226157,0.005260035329594186,0.005325088770066199,0.005213568586399891,0.005018408264983853,0.005064875008178147,0.005083461705455865,0.005352968815982776,0.005269328678233045,0.005157808494566737,0.005418022256454789,0.005743289458814853,0.004832541292206673,0.005473782348287942,0.005975623174786327,0.005576009183315391,0.0035965259232384277,0.006533224093117867,0.008540587399111408,0.007564785792031215,0.009228295198386973,0.01062229749421582,0.013716982590955863,0.013196555067179759,0.012276513551932721,0.01328948855356835,0.010873217907465012,0.01017621675955059,0.009767309419440793,0.00906101492288751,0.00871716102324973,0.009163241757914959,0.00797369313214101,0.007360332121976317,0.008159560104918188,0.007592665837947791,0.007629839232503228,0.00714658510328256,0.007982986480779868,0.010585124099660385,0.010111163319078577
13083,0.0006412410560812699,0.000650534404720129,0.000650534404720129,0.000687707799275565,0.0007899346343030137,0.0008271080288584497,0.0008735747720527446,0.0009479215611636166,0.0010222683502744885,0.0012824821121625398,0.0016263360118003224,0.0019330165168826691,0.0023419238569924645,0.0029924582617125934,0.0036987527582658763,0.004405047254819159,0.00503699496226157,0.005260035329594186,0.005325088770066199,0.005213568586399891,0.005018408264983853,0.005064875008178147,0.005083461705455865,0.005352968815982776,0.005269328678233045,0.005157808494566737,0.005418022256454789,0.005743289458814853,0.004832541292206673,0.005473782348287942,0.005975623174786327,0.005576009183315391,0.0035965259232384277,0.006533224093117867,0.008540587399111408,0.007564785792031215,0.009228295198386973,0.01062229749421582,0.013716982590955863,0.013196555067179759,0.012276513551932721,0.01328948855356835,0.010873217907465012,0.01017621675955059,0.009767309419440793,0.00906101492288751,0.00871716102324973,0.009163241757914959,0.00797369313214101,0.007360332121976317,0.008159560104918188,0.007592665837947791,0.007629839232503228,0.00714658510328256,0.007982986480779868,0.010585124099660385,0.010111163319078577
13085,0.0006412410560812699,0.000650534404720129,0.000650534404720129,0.000687707799275565,0.0007899346343030137,0.0008271080288584497,0.0008735747720527446,0.0009479215611636166,0.0010222683502744885,0.0012824821121625398,0.0016263360118003224,0.0019330165168826691,0.0023419238569924645,0.0029924582617125934,0.0036987527582658763,0.004405047254819159,0.00503699496226157,0.005260035329594186,0.005325088770066199,0.005213568586399891,0.005018408264983853,0.005064875008178147,0.005083461705455865,0.005352968815982776,0.005269328678233045,0.005157808494566737,0.005418022256454789,0.005743289458814853,0.004832541292206673,0.005473782348287942,0.005975623174786327,0.005576009183315391,0.0035965259232384277,0.006533224093117867,0.008540587399111408,0.007564785792031215,0.009228295198386973,0.01062229749421582,0.013716982590955863,0.013196555067179759,0.012276513551932721,0.01328948855356835,0.010873217907465012,0.01017621675955059,0.009767309419440793,0.00906101492288751,0.00871716102324973,0.009163241757914959,0.00797369313214101,0.007360332121976317,0.008159560104918188,0.007592665837947791,0.007629839232503228,0.00714658510328256,0.007982986480779868,0.010585124099660385,0.010111163319078577
13087,0.0006412410560812699,0.000650534404720129,0.000650534404720129,0.000687707799275565,0.0007899346343030137,0.0008271080288584497,0.0008735747720527446,0.0009479215611636166,0.0010222683502744885,0.0012824821121625398,0.0016263360118003224,0.0019330165168826691,0.0023419238569924645,0.0029924582617125934,0.0036987527582658763,0.004405047254819159,0.00503699496226157,0.005260035329594186,0.005325088770066199,0.005213568586399891,0.005018408264983853,0.005064875008178147,0.005083461705455865,0.005352968815982776,0.005269328678233045,0.005157808494566737,0.005418022256454789,0.005743289458814853,0.004832541292206673,0.005473782348287942,0.005975623174786327,0.005576009183315391,0.0035965259232384277,0.006533224093117867,0.008540587399111408,0.007564785792031215,0.009228295198386973,0.01062229749421582,0.013716982590955863,0.013196555067179759,0.012276513551932721,0.01328948855356835,0.010873217907465012,0.01017621675955059,0.009767309419440793,0.00906101492288751,0.00871716102324973,0.009163241757914959,0.00797369313214101,0.007360332121976317,0.008159560104918188,0.007592665837947791,0.007629839232503228,0.00714658510328256,0.007982986480779868,0.010585124099660385,0.010111163319078577
13089,0.0006412410560812699,0.000650534404720129,0.000650534404720129,0.000687707799275565,0.0007899346343030137,0.0008271080288584497,0.0008735747720527446,0.0009479215611636166,0.0010222683502744885,0.0012824821121625398,0.0016263360118003224,0.0019330165168826691,0.0023419238569924645,0.0029924582617125934,0.0036987527582658763,0.004405047254819159,0.00503699496226157,0.005260035329594186,0.005325088770066199,0.005213568586399891,0.005018408264983853,0.005064875008178147,0.005083461705455865,0.005352968815982776,0.005269328678233045,0.005157808494566737,0.005418022256454789,0.005743289458814853,0.004832541292206673,0.005473782348287942,0.005975623174786327,0.005576009183315391,0.0035965259232384277,0.006533224093117867,0.008540587399111408,0.007564785792031215,0.009228295198386973,0.01062229749421582,0.013716982590955863,0.013196555067179759,0.012276513551932721,0.01328948855356835,0.010873217907465012,0.01017621675955059,0.009767309419440793,0.00906101492288751,0.00871716102324973,0.009163241757914959,0.00797369313214101,0.007360332121976317,0.008159560104918188,0.007592665837947791,0.007629839232503228,0.00714658510328256,0.007982986480779868,0.010585124099660385,0.010111163319078577
13091,0.0006412410560812699,0.000650534404720129,0.000650534404720129,0.000687707799275565,0.0007899346343030137,0.0008271080288584497,0.0008735747720527446,0.0009479215611636166,0.0010222683502744885,0.0012824821121625398,0.0016263360118003224,0.0019330165168826691,0.0023419238569924645,0.0029924582617125934,0.0036987527582658763,0.004405047254819159,0.00503699496226157,0.005260035329594186,0.005325088770066199,0.005213568586399891,0.005018408264983853,0.005064875008178147,0.005083461705455865,0.005352968815982776,0.005269328678233045,0.005157808494566737,0.005418022256454789,0.005743289458814853,0.004832541292206673,0.005473782348287942,0.005975623174786327,0.005576009183315391,0.0035965259232384277,0.006533224093117867,0.008540587399111408,0.007564785792031215,0.009228295198386973,0.01062229749421582,0.013716982590955863,0.013196555067179759,0.012276513551932721,0.01328948855356835,0.010873217907465012,0.01017621675955059,0.009767309419440793,0.00906101492288751,0.00871716102324973,0.009163241757914959,0.00797369313214101,0.007360332121976317,0.008159560104918188,0.007592665837947791,0.007629839232503228,0.00714658510328256,0.007982986480779868,0.010585124099660385,0.010111163319078577
13093,0.0006412410560812699,0.000650534404720129,0.000650534404720129,0.000687707799275565,0.0007899346343030137,0.0008271080288584497,0.0008735747720527446,0.0009479215611636166,0.0010222683502744885,0.0012824821121625398,0.0016263360118003224,0.0019330165168826691,0.0023419238569924645,0.0029924582617125934,0.0036987527582658763,0.004405047254819159,0.00503699496226157,0.005260035329594186,0.005325088770066199,0.005213568586399891,0.005018408264983853,0.005064875008178147,0.005083461705455865,0.005352968815982776,0.005269328678233045,0.005157808494566737,0.005418022256454789,0.005743289458814853,0.004832541292206673,0.005473782348287942,0.005975623174786327,0.005576009183315391,0.0035965259232384277,0.006533224093117867,0.008540587399111408,0.007564785792031215,0.009228295198386973,0.01062229749421582,0.013716982590955863,0.013196555067179759,0.012276513551932721,0.01328948855356835,0.010873217907465012,0.01017621675955059,0.009767309419440793,0.00906101492288751,0.00871716102324973,0.009163241757914959,0.00797369313214101,0.007360332121976317,0.008159560104918188,0.007592665837947791,0.007629839232503228,0.00714658510328256,0.007982986480779868,0.010585124099660385,0.010111163319078577
13095,0.0006412410560812699,0.000650534404720129,0.000650534404720129,0.000687707799275565,0.0007899346343030137,0.0008271080288584497,0.0008735747720527446,0.0009479215611636166,0.0010222683502744885,0.0012824821121625398,0.0016263360118003224,0.0019330165168826691,0.0023419238569924645,0.0029924582617125934,0.0036987527582658763,0.004405047254819159,0.00503699496226157,0.005260035329594186,0.005325088770066199,0.005213568586399891,0.005018408264983853,0.005064875008178147,0.005083461705455865,0.005352968815982776,0.005269328678233045,0.005157808494566737,0.005418022256454789,0.005743289458814853,0.004832541292206673,0.005473782348287942,0.005975623174786327,0.005576009183315391,0.0035965259232384277,0.006533224093117867,0.008540587399111408,0.007564785792031215,0.009228295198386973,0.01062229749421582,0.013716982590955863,0.013196555067179759,0.012276513551932721,0.01328948855356835,0.010873217907465012,0.01017621675955059,0.009767309419440793,0.00906101492288751,0.00871716102324973,0.009163241757914959,0.00797369313214101,0.007360332121976317,0.008159560104918188,0.007592665837947791,0.007629839232503228,0.00714658510328256,0.007982986480779868,0.010585124099660385,0.010111163319078577
13097,0.0006412410560812699,0.000650534404720129,0.000650534404720129,0.000687707799275565,0.0007899346343030137,0.0008271080288584497,0.0008735747720527446,0.0009479215611636166,0.0010222683502744885,0.0012824821121625398,0.0016263360118003224,0.0019330165168826691,0.0023419238569924645,0.0029924582617125934,0.0036987527582658763,0.004405047254819159,0.00503699496226157,0.005260035329594186,0.005325088770066199,0.005213568586399891,0.005018408264983853,0.005064875008178147,0.005083461705455865,0.005352968815982776,0.005269328678233045,0.005157808494566737,0.005418022256454789,0.005743289458814853,0.004832541292206673,0.005473782348287942,0.005975623174786327,0.005576009183315391,0.0035965259232384277,0.006533224093117867,0.008540587399111408,0.007564785792031215,0.009228295198386973,0.01062229749421582,0.013716982590955863,0.013196555067179759,0.012276513551932721,0.01328948855356835,0.010873217907465012,0.01017621675955059,0.009767309419440793,0.00906101492288751,0.00871716102324973,0.009163241757914959,0.00797369313214101,0.007360332121976317,0.008159560104918188,0.007592665837947791,0.007629839232503228,0.00714658510328256,0.007982986480779868,0.010585124099660385,0.010111163319078577
13099,0.0006412410560812699,0.000650534404720129,0.000650534404720129,0.000687707799275565,0.0007899346343030137,0.0008271080288584497,0.0008735747720527446,0.0009479215611636166,0.0010222683502744885,0.0012824821121625398,0.0016263360118003224,0.0019330165168826691,0.0023419238569924645,0.0029924582617125934,0.0036987527582658763,0.004405047254819159,0.00503699496226157,0.005260035329594186,0.005325088770066199,0.005213568586399891,0.005018408264983853,0.005064875008178147,0.005083461705455865,0.005352968815982776,0.005269328678233045,0.005157808494566737,0.005418022256454789,0.005743289458814853,0.004832541292206673,0.005473782348287942,0.005975623174786327,0.005576009183315391,0.0035965259232384277,0.006533224093117867,0.008540587399111408,0.007564785792031215,0.009228295198386973,0.01062229749421582,0.013716982590955863,0.013196555067179759,0.012276513551932721,0.01328948855356835,0.010873217907465012,0.01017621675955059,0.009767309419440793,0.00906101492288751,0.00871716102324973,0.009163241757914959,0.00797369313214101,0.007360332121976317,0.008159560104918188,0.007592665837947791,0.007629839232503228,0.00714658510328256,0.007982986480779868,0.010585124099660385,0.010111163319078577
13101,0.0006412410560812699,0.000650534404720129,0.000650534404720129,0.000687707799275565,0.0007899346343030137,0.0008271080288584497,0.0008735747720527446,0.0009479215611636166,0.0010222683502744885,0.0012824821121625398,0.0016263360118003224,0.0019330165168826691,0.0023419238569924645,0.0029924582617125934,0.0036987527582658763,0.004405047254819159,0.00503699496226157,0.005260035329594186,0.005325088770066199,0.005213568586399891,0.005018408264983853,0.005064875008178147,0.005083461705455865,0.005352968815982776,0.005269328678233045,0.005157808494566737,0.005418022256454789,0.005743289458814853,0.004832541292206673,0.005473782348287942,0.005975623174786327,0.005576009183315391,0.0035965259232384277,0.006533224093117867,0.008540587399111408,0.007564785792031215,0.009228295198386973,0.01062229749421582,0.013716982590955863,0.013196555067179759,0.012276513551932721,0.01328948855356835,0.010873217907465012,0.01017621675955059,0.009767309419440793,0.00906101492288751,0.00871716102324973,0.009163241757914959,0.00797369313214101,0.007360332121976317,0.008159560104918188,0.007592665837947791,0.007629839232503228,0.00714658510328256,0.007982986480779868,0.010585124099660385,0.010111163319078577
13103,0.0006412410560812699,0.000650534404720129,0.000650534404720129,0.000687707799275565,0.0007899346343030137,0.0008271080288584497,0.0008735747720527446,0.0009479215611636166,0.0010222683502744885,0.0012824821121625398,0.0016263360118003224,0.0019330165168826691,0.0023419238569924645,0.0029924582617125934,0.0036987527582658763,0.004405047254819159,0.00503699496226157,0.005260035329594186,0.005325088770066199,0.005213568586399891,0.005018408264983853,0.005064875008178147,0.005083461705455865,0.005352968815982776,0.005269328678233045,0.005157808494566737,0.005418022256454789,0.005743289458814853,0.004832541292206673,0.005473782348287942,0.005975623174786327,0.005576009183315391,0.0035965259232384277,0.006533224093117867,0.008540587399111408,0.007564785792031215,0.009228295198386973,0.01062229749421582,0.013716982590955863,0.013196555067179759,0.012276513551932721,0.01328948855356835,0.010873217907465012,0.01017621675955059,0.009767309419440793,0.00906101492288751,0.00871716102324973,0.009163241757914959,0.00797369313214101,0.007360332121976317,0.008159560104918188,0.007592665837947791,0.007629839232503228,0.00714658510328256,0.007982986480779868,0.010585124099660385,0.010111163319078577
13105,0.0006412410560812699,0.000650534404720129,0.000650534404720129,0.000687707799275565,0.0007899346343030137,0.0008271080288584497,0.0008735747720527446,0.0009479215611636166,0.0010222683502744885,0.0012824821121625398,0.0016263360118003224,0.0019330165168826691,0.0023419238569924645,0.0029924582617125934,0.0036987527582658763,0.004405047254819159,0.00503699496226157,0.005260035329594186,0.005325088770066199,0.005213568586399891,0.005018408264983853,0.005064875008178147,0.005083461705455865,0.005352968815982776,0.005269328678233045,0.005157808494566737,0.005418022256454789,0.005743289458814853,0.004832541292206673,0.005473782348287942,0.005975623174786327,0.005576009183315391,0.0035965259232384277,0.006533224093117867,0.008540587399111408,0.007564785792031215,0.009228295198386973,0.01062229749421582,0.013716982590955863,0.013196555067179759,0.012276513551932721,0.01328948855356835,0.010873217907465012,0.01017621675955059,0.009767309419440793,0.00906101492288751,0.00871716102324973,0.009163241757914959,0.00797369313214101,0.007360332121976317,0.008159560104918188,0.007592665837947791,0.007629839232503228,0.00714658510328256,0.007982986480779868,0.010585124099660385,0.010111163319078577
13107,0.0006412410560812699,0.000650534404720129,0.000650534404720129,0.000687707799275565,0.0007899346343030137,0.0008271080288584497,0.0008735747720527446,0.0009479215611636166,0.0010222683502744885,0.0012824821121625398,0.0016263360118003224,0.0019330165168826691,0.0023419238569924645,0.0029924582617125934,0.0036987527582658763,0.004405047254819159,0.00503699496226157,0.005260035329594186,0.005325088770066199,0.005213568586399891,0.005018408264983853,0.005064875008178147,0.005083461705455865,0.005352968815982776,0.005269328678233045,0.005157808494566737,0.005418022256454789,0.005743289458814853,0.004832541292206673,0.005473782348287942,0.005975623174786327,0.005576009183315391,0.0035965259232384277,0.006533224093117867,0.008540587399111408,0.007564785792031215,0.009228295198386973,0.01062229749421582,0.013716982590955863,0.013196555067179759,0.012276513551932721,0.01328948855356835,0.010873217907465012,0.01017621675955059,0.009767309419440793,0.00906101492288751,0.00871716102324973,0.009163241757914959,0.00797369313214101,0.007360332121976317,0.008159560104918188,0.007592665837947791,0.007629839232503228,0.00714658510328256,0.007982986480779868,0.010585124099660385,0.010111163319078577
13109,0.0006412410560812699,0.000650534404720129,0.000650534404720129,0.000687707799275565,0.0007899346343030137,0.0008271080288584497,0.0008735747720527446,0.0009479215611636166,0.0010222683502744885,0.0012824821121625398,0.0016263360118003224,0.0019330165168826691,0.0023419238569924645,0.0029924582617125934,0.0036987527582658763,0.004405047254819159,0.00503699496226157,0.005260035329594186,0.005325088770066199,0.005213568586399891,0.005018408264983853,0.005064875008178147,0.005083461705455865,0.005352968815982776,0.005269328678233045,0.005157808494566737,0.005418022256454789,0.005743289458814853,0.004832541292206673,0.005473782348287942,0.005975623174786327,0.005576009183315391,0.0035965259232384277,0.006533224093117867,0.008540587399111408,0.007564785792031215,0.009228295198386973,0.01062229749421582,0.013716982590955863,0.013196555067179759,0.012276513551932721,0.01328948855356835,0.010873217907465012,0.01017621675955059,0.009767309419440793,0.00906101492288751,0.00871716102324973,0.009163241757914959,0.00797369313214101,0.007360332121976317,0.008159560104918188,0.007592665837947791,0.007629839232503228,0.00714658510328256,0.007982986480779868,0.010585124099660385,0.010111163319078577
13111,0.0006412410560812699,0.000650534404720129,0.000650534404720129,0.000687707799275565,0.0007899346343030137,0.0008271080288584497,0.0008735747720527446,0.0009479215611636166,0.0010222683502744885,0.0012824821121625398,0.0016263360118003224,0.0019330165168826691,0.0023419238569924645,0.0029924582617125934,0.0036987527582658763,0.004405047254819159,0.00503699496226157,0.005260035329594186,0.005325088770066199,0.005213568586399891,0.005018408264983853,0.005064875008178147,0.005083461705455865,0.005352968815982776,0.005269328678233045,0.005157808494566737,0.005418022256454789,0.005743289458814853,0.004832541292206673,0.005473782348287942,0.005975623174786327,0.005576009183315391,0.0035965259232384277,0.006533224093117867,0.008540587399111408,0.007564785792031215,0.009228295198386973,0.01062229749421582,0.013716982590955863,0.013196555067179759,0.012276513551932721,0.01328948855356835,0.010873217907465012,0.01017621675955059,0.009767309419440793,0.00906101492288751,0.00871716102324973,0.009163241757914959,0.00797369313214101,0.007360332121976317,0.008159560104918188,0.007592665837947791,0.007629839232503228,0.00714658510328256,0.007982986480779868,0.010585124099660385,0.010111163319078577
13113,0.0006412410560812699,0.000650534404720129,0.000650534404720129,0.000687707799275565,0.0007899346343030137,0.0008271080288584497,0.0008735747720527446,0.0009479215611636166,0.0010222683502744885,0.0012824821121625398,0.0016263360118003224,0.0019330165168826691,0.0023419238569924645,0.0029924582617125934,0.0036987527582658763,0.004405047254819159,0.00503699496226157,0.005260035329594186,0.005325088770066199,0.005213568586399891,0.005018408264983853,0.005064875008178147,0.005083461705455865,0.005352968815982776,0.005269328678233045,0.005157808494566737,0.005418022256454789,0.005743289458814853,0.004832541292206673,0.005473782348287942,0.005975623174786327,0.005576009183315391,0.0035965259232384277,0.006533224093117867,0.008540587399111408,0.007564785792031215,0.009228295198386973,0.01062229749421582,0.013716982590955863,0.013196555067179759,0.012276513551932721,0.01328948855356835,0.010873217907465012,0.01017621675955059,0.009767309419440793,0.00906101492288751,0.00871716102324973,0.009163241757914959,0.00797369313214101,0.007360332121976317,0.008159560104918188,0.007592665837947791,0.007629839232503228,0.00714658510328256,0.007982986480779868,0.010585124099660385,0.010111163319078577
13115,0.0006412410560812699,0.000650534404720129,0.000650534404720129,0.000687707799275565,0.0007899346343030137,0.0008271080288584497,0.0008735747720527446,0.0009479215611636166,0.0010222683502744885,0.0012824821121625398,0.0016263360118003224,0.0019330165168826691,0.0023419238569924645,0.0029924582617125934,0.0036987527582658763,0.004405047254819159,0.00503699496226157,0.005260035329594186,0.005325088770066199,0.005213568586399891,0.005018408264983853,0.005064875008178147,0.005083461705455865,0.005352968815982776,0.005269328678233045,0.005157808494566737,0.005418022256454789,0.005743289458814853,0.004832541292206673,0.005473782348287942,0.005975623174786327,0.005576009183315391,0.0035965259232384277,0.006533224093117867,0.008540587399111408,0.007564785792031215,0.009228295198386973,0.01062229749421582,0.013716982590955863,0.013196555067179759,0.012276513551932721,0.01328948855356835,0.010873217907465012,0.01017621675955059,0.009767309419440793,0.00906101492288751,0.00871716102324973,0.009163241757914959,0.00797369313214101,0.007360332121976317,0.008159560104918188,0.007592665837947791,0.007629839232503228,0.00714658510328256,0.007982986480779868,0.010585124099660385,0.010111163319078577
13117,0.0006412410560812699,0.000650534404720129,0.000650534404720129,0.000687707799275565,0.0007899346343030137,0.0008271080288584497,0.0008735747720527446,0.0009479215611636166,0.0010222683502744885,0.0012824821121625398,0.0016263360118003224,0.0019330165168826691,0.0023419238569924645,0.0029924582617125934,0.0036987527582658763,0.004405047254819159,0.00503699496226157,0.005260035329594186,0.005325088770066199,0.005213568586399891,0.005018408264983853,0.005064875008178147,0.005083461705455865,0.005352968815982776,0.005269328678233045,0.005157808494566737,0.005418022256454789,0.005743289458814853,0.004832541292206673,0.005473782348287942,0.005975623174786327,0.005576009183315391,0.0035965259232384277,0.006533224093117867,0.008540587399111408,0.007564785792031215,0.009228295198386973,0.01062229749421582,0.013716982590955863,0.013196555067179759,0.012276513551932721,0.01328948855356835,0.010873217907465012,0.01017621675955059,0.009767309419440793,0.00906101492288751,0.00871716102324973,0.009163241757914959,0.00797369313214101,0.007360332121976317,0.008159560104918188,0.007592665837947791,0.007629839232503228,0.00714658510328256,0.007982986480779868,0.010585124099660385,0.010111163319078577
13119,0.0006412410560812699,0.000650534404720129,0.000650534404720129,0.000687707799275565,0.0007899346343030137,0.0008271080288584497,0.0008735747720527446,0.0009479215611636166,0.0010222683502744885,0.0012824821121625398,0.0016263360118003224,0.0019330165168826691,0.0023419238569924645,0.0029924582617125934,0.0036987527582658763,0.004405047254819159,0.00503699496226157,0.005260035329594186,0.005325088770066199,0.005213568586399891,0.005018408264983853,0.005064875008178147,0.005083461705455865,0.005352968815982776,0.005269328678233045,0.005157808494566737,0.005418022256454789,0.005743289458814853,0.004832541292206673,0.005473782348287942,0.005975623174786327,0.005576009183315391,0.0035965259232384277,0.006533224093117867,0.008540587399111408,0.007564785792031215,0.009228295198386973,0.01062229749421582,0.013716982590955863,0.013196555067179759,0.012276513551932721,0.01328948855356835,0.010873217907465012,0.01017621675955059,0.009767309419440793,0.00906101492288751,0.00871716102324973,0.009163241757914959,0.00797369313214101,0.007360332121976317,0.008159560104918188,0.007592665837947791,0.007629839232503228,0.00714658510328256,0.007982986480779868,0.010585124099660385,0.010111163319078577
13121,0.0006412410560812699,0.000650534404720129,0.000650534404720129,0.000687707799275565,0.0007899346343030137,0.0008271080288584497,0.0008735747720527446,0.0009479215611636166,0.0010222683502744885,0.0012824821121625398,0.0016263360118003224,0.0019330165168826691,0.0023419238569924645,0.0029924582617125934,0.0036987527582658763,0.004405047254819159,0.00503699496226157,0.005260035329594186,0.005325088770066199,0.005213568586399891,0.005018408264983853,0.005064875008178147,0.005083461705455865,0.005352968815982776,0.005269328678233045,0.005157808494566737,0.005418022256454789,0.005743289458814853,0.004832541292206673,0.005473782348287942,0.005975623174786327,0.005576009183315391,0.0035965259232384277,0.006533224093117867,0.008540587399111408,0.007564785792031215,0.009228295198386973,0.01062229749421582,0.013716982590955863,0.013196555067179759,0.012276513551932721,0.01328948855356835,0.010873217907465012,0.01017621675955059,0.009767309419440793,0.00906101492288751,0.00871716102324973,0.009163241757914959,0.00797369313214101,0.007360332121976317,0.008159560104918188,0.007592665837947791,0.007629839232503228,0.00714658510328256,0.007982986480779868,0.010585124099660385,0.010111163319078577
13123,0.0006412410560812699,0.000650534404720129,0.000650534404720129,0.000687707799275565,0.0007899346343030137,0.0008271080288584497,0.0008735747720527446,0.0009479215611636166,0.0010222683502744885,0.0012824821121625398,0.0016263360118003224,0.0019330165168826691,0.0023419238569924645,0.0029924582617125934,0.0036987527582658763,0.004405047254819159,0.00503699496226157,0.005260035329594186,0.005325088770066199,0.005213568586399891,0.005018408264983853,0.005064875008178147,0.005083461705455865,0.005352968815982776,0.005269328678233045,0.005157808494566737,0.005418022256454789,0.005743289458814853,0.004832541292206673,0.005473782348287942,0.005975623174786327,0.005576009183315391,0.0035965259232384277,0.006533224093117867,0.008540587399111408,0.007564785792031215,0.009228295198386973,0.01062229749421582,0.013716982590955863,0.013196555067179759,0.012276513551932721,0.01328948855356835,0.010873217907465012,0.01017621675955059,0.009767309419440793,0.00906101492288751,0.00871716102324973,0.009163241757914959,0.00797369313214101,0.007360332121976317,0.008159560104918188,0.007592665837947791,0.007629839232503228,0.00714658510328256,0.007982986480779868,0.010585124099660385,0.010111163319078577
13125,0.0006412410560812699,0.000650534404720129,0.000650534404720129,0.000687707799275565,0.0007899346343030137,0.0008271080288584497,0.0008735747720527446,0.0009479215611636166,0.0010222683502744885,0.0012824821121625398,0.0016263360118003224,0.0019330165168826691,0.0023419238569924645,0.0029924582617125934,0.0036987527582658763,0.004405047254819159,0.00503699496226157,0.005260035329594186,0.005325088770066199,0.005213568586399891,0.005018408264983853,0.005064875008178147,0.005083461705455865,0.005352968815982776,0.005269328678233045,0.005157808494566737,0.005418022256454789,0.005743289458814853,0.004832541292206673,0.005473782348287942,0.005975623174786327,0.005576009183315391,0.0035965259232384277,0.006533224093117867,0.008540587399111408,0.007564785792031215,0.009228295198386973,0.01062229749421582,0.013716982590955863,0.013196555067179759,0.012276513551932721,0.01328948855356835,0.010873217907465012,0.01017621675955059,0.009767309419440793,0.00906101492288751,0.00871716102324973,0.009163241757914959,0.00797369313214101,0.007360332121976317,0.008159560104918188,0.007592665837947791,0.007629839232503228,0.00714658510328256,0.007982986480779868,0.010585124099660385,0.010111163319078577
13127,0.0006412410560812699,0.000650534404720129,0.000650534404720129,0.000687707799275565,0.0007899346343030137,0.0008271080288584497,0.0008735747720527446,0.0009479215611636166,0.0010222683502744885,0.0012824821121625398,0.0016263360118003224,0.0019330165168826691,0.0023419238569924645,0.0029924582617125934,0.0036987527582658763,0.004405047254819159,0.00503699496226157,0.005260035329594186,0.005325088770066199,0.005213568586399891,0.005018408264983853,0.005064875008178147,0.005083461705455865,0.005352968815982776,0.005269328678233045,0.005157808494566737,0.005418022256454789,0.005743289458814853,0.004832541292206673,0.005473782348287942,0.005975623174786327,0.005576009183315391,0.0035965259232384277,0.006533224093117867,0.008540587399111408,0.007564785792031215,0.009228295198386973,0.01062229749421582,0.013716982590955863,0.013196555067179759,0.012276513551932721,0.01328948855356835,0.010873217907465012,0.01017621675955059,0.009767309419440793,0.00906101492288751,0.00871716102324973,0.009163241757914959,0.00797369313214101,0.007360332121976317,0.008159560104918188,0.007592665837947791,0.007629839232503228,0.00714658510328256,0.007982986480779868,0.010585124099660385,0.010111163319078577
13129,0.0006412410560812699,0.000650534404720129,0.000650534404720129,0.000687707799275565,0.0007899346343030137,0.0008271080288584497,0.0008735747720527446,0.0009479215611636166,0.0010222683502744885,0.0012824821121625398,0.0016263360118003224,0.0019330165168826691,0.0023419238569924645,0.0029924582617125934,0.0036987527582658763,0.004405047254819159,0.00503699496226157,0.005260035329594186,0.005325088770066199,0.005213568586399891,0.005018408264983853,0.005064875008178147,0.005083461705455865,0.005352968815982776,0.005269328678233045,0.005157808494566737,0.005418022256454789,0.005743289458814853,0.004832541292206673,0.005473782348287942,0.005975623174786327,0.005576009183315391,0.0035965259232384277,0.006533224093117867,0.008540587399111408,0.007564785792031215,0.009228295198386973,0.01062229749421582,0.013716982590955863,0.013196555067179759,0.012276513551932721,0.01328948855356835,0.010873217907465012,0.01017621675955059,0.009767309419440793,0.00906101492288751,0.00871716102324973,0.009163241757914959,0.00797369313214101,0.007360332121976317,0.008159560104918188,0.007592665837947791,0.007629839232503228,0.00714658510328256,0.007982986480779868,0.010585124099660385,0.010111163319078577
13131,0.0006412410560812699,0.000650534404720129,0.000650534404720129,0.000687707799275565,0.0007899346343030137,0.0008271080288584497,0.0008735747720527446,0.0009479215611636166,0.0010222683502744885,0.0012824821121625398,0.0016263360118003224,0.0019330165168826691,0.0023419238569924645,0.0029924582617125934,0.0036987527582658763,0.004405047254819159,0.00503699496226157,0.005260035329594186,0.005325088770066199,0.005213568586399891,0.005018408264983853,0.005064875008178147,0.005083461705455865,0.005352968815982776,0.005269328678233045,0.005157808494566737,0.005418022256454789,0.005743289458814853,0.004832541292206673,0.005473782348287942,0.005975623174786327,0.005576009183315391,0.0035965259232384277,0.006533224093117867,0.008540587399111408,0.007564785792031215,0.009228295198386973,0.01062229749421582,0.013716982590955863,0.013196555067179759,0.012276513551932721,0.01328948855356835,0.010873217907465012,0.01017621675955059,0.009767309419440793,0.00906101492288751,0.00871716102324973,0.009163241757914959,0.00797369313214101,0.007360332121976317,0.008159560104918188,0.007592665837947791,0.007629839232503228,0.00714658510328256,0.007982986480779868,0.010585124099660385,0.010111163319078577
13133,0.0006412410560812699,0.000650534404720129,0.000650534404720129,0.000687707799275565,0.0007899346343030137,0.0008271080288584497,0.0008735747720527446,0.0009479215611636166,0.0010222683502744885,0.0012824821121625398,0.0016263360118003224,0.0019330165168826691,0.0023419238569924645,0.0029924582617125934,0.0036987527582658763,0.004405047254819159,0.00503699496226157,0.005260035329594186,0.005325088770066199,0.005213568586399891,0.005018408264983853,0.005064875008178147,0.005083461705455865,0.005352968815982776,0.005269328678233045,0.005157808494566737,0.005418022256454789,0.005743289458814853,0.004832541292206673,0.005473782348287942,0.005975623174786327,0.005576009183315391,0.0035965259232384277,0.006533224093117867,0.008540587399111408,0.007564785792031215,0.009228295198386973,0.01062229749421582,0.013716982590955863,0.013196555067179759,0.012276513551932721,0.01328948855356835,0.010873217907465012,0.01017621675955059,0.009767309419440793,0.00906101492288751,0.00871716102324973,0.009163241757914959,0.00797369313214101,0.007360332121976317,0.008159560104918188,0.007592665837947791,0.007629839232503228,0.00714658510328256,0.007982986480779868,0.010585124099660385,0.010111163319078577
13135,0.0006412410560812699,0.000650534404720129,0.000650534404720129,0.000687707799275565,0.0007899346343030137,0.0008271080288584497,0.0008735747720527446,0.0009479215611636166,0.0010222683502744885,0.0012824821121625398,0.0016263360118003224,0.0019330165168826691,0.0023419238569924645,0.0029924582617125934,0.0036987527582658763,0.004405047254819159,0.00503699496226157,0.005260035329594186,0.005325088770066199,0.005213568586399891,0.005018408264983853,0.005064875008178147,0.005083461705455865,0.005352968815982776,0.005269328678233045,0.005157808494566737,0.005418022256454789,0.005743289458814853,0.004832541292206673,0.005473782348287942,0.005975623174786327,0.005576009183315391,0.0035965259232384277,0.006533224093117867,0.008540587399111408,0.007564785792031215,0.009228295198386973,0.01062229749421582,0.013716982590955863,0.013196555067179759,0.012276513551932721,0.01328948855356835,0.010873217907465012,0.01017621675955059,0.009767309419440793,0.00906101492288751,0.00871716102324973,0.009163241757914959,0.00797369313214101,0.007360332121976317,0.008159560104918188,0.007592665837947791,0.007629839232503228,0.00714658510328256,0.007982986480779868,0.010585124099660385,0.010111163319078577
13137,0.0006412410560812699,0.000650534404720129,0.000650534404720129,0.000687707799275565,0.0007899346343030137,0.0008271080288584497,0.0008735747720527446,0.0009479215611636166,0.0010222683502744885,0.0012824821121625398,0.0016263360118003224,0.0019330165168826691,0.0023419238569924645,0.0029924582617125934,0.0036987527582658763,0.004405047254819159,0.00503699496226157,0.005260035329594186,0.005325088770066199,0.005213568586399891,0.005018408264983853,0.005064875008178147,0.005083461705455865,0.005352968815982776,0.005269328678233045,0.005157808494566737,0.005418022256454789,0.005743289458814853,0.004832541292206673,0.005473782348287942,0.005975623174786327,0.005576009183315391,0.0035965259232384277,0.006533224093117867,0.008540587399111408,0.007564785792031215,0.009228295198386973,0.01062229749421582,0.013716982590955863,0.013196555067179759,0.012276513551932721,0.01328948855356835,0.010873217907465012,0.01017621675955059,0.009767309419440793,0.00906101492288751,0.00871716102324973,0.009163241757914959,0.00797369313214101,0.007360332121976317,0.008159560104918188,0.007592665837947791,0.007629839232503228,0.00714658510328256,0.007982986480779868,0.010585124099660385,0.010111163319078577
13139,0.0006412410560812699,0.000650534404720129,0.000650534404720129,0.000687707799275565,0.0007899346343030137,0.0008271080288584497,0.0008735747720527446,0.0009479215611636166,0.0010222683502744885,0.0012824821121625398,0.0016263360118003224,0.0019330165168826691,0.0023419238569924645,0.0029924582617125934,0.0036987527582658763,0.004405047254819159,0.00503699496226157,0.005260035329594186,0.005325088770066199,0.005213568586399891,0.005018408264983853,0.005064875008178147,0.005083461705455865,0.005352968815982776,0.005269328678233045,0.005157808494566737,0.005418022256454789,0.005743289458814853,0.004832541292206673,0.005473782348287942,0.005975623174786327,0.005576009183315391,0.0035965259232384277,0.006533224093117867,0.008540587399111408,0.007564785792031215,0.009228295198386973,0.01062229749421582,0.013716982590955863,0.013196555067179759,0.012276513551932721,0.01328948855356835,0.010873217907465012,0.01017621675955059,0.009767309419440793,0.00906101492288751,0.00871716102324973,0.009163241757914959,0.00797369313214101,0.007360332121976317,0.008159560104918188,0.007592665837947791,0.007629839232503228,0.00714658510328256,0.007982986480779868,0.010585124099660385,0.010111163319078577
13141,0.0006412410560812699,0.000650534404720129,0.000650534404720129,0.000687707799275565,0.0007899346343030137,0.0008271080288584497,0.0008735747720527446,0.0009479215611636166,0.0010222683502744885,0.0012824821121625398,0.0016263360118003224,0.0019330165168826691,0.0023419238569924645,0.0029924582617125934,0.0036987527582658763,0.004405047254819159,0.00503699496226157,0.005260035329594186,0.005325088770066199,0.005213568586399891,0.005018408264983853,0.005064875008178147,0.005083461705455865,0.005352968815982776,0.005269328678233045,0.005157808494566737,0.005418022256454789,0.005743289458814853,0.004832541292206673,0.005473782348287942,0.005975623174786327,0.005576009183315391,0.0035965259232384277,0.006533224093117867,0.008540587399111408,0.007564785792031215,0.009228295198386973,0.01062229749421582,0.013716982590955863,0.013196555067179759,0.012276513551932721,0.01328948855356835,0.010873217907465012,0.01017621675955059,0.009767309419440793,0.00906101492288751,0.00871716102324973,0.009163241757914959,0.00797369313214101,0.007360332121976317,0.008159560104918188,0.007592665837947791,0.007629839232503228,0.00714658510328256,0.007982986480779868,0.010585124099660385,0.010111163319078577
13143,0.0006412410560812699,0.000650534404720129,0.000650534404720129,0.000687707799275565,0.0007899346343030137,0.0008271080288584497,0.0008735747720527446,0.0009479215611636166,0.0010222683502744885,0.0012824821121625398,0.0016263360118003224,0.0019330165168826691,0.0023419238569924645,0.0029924582617125934,0.0036987527582658763,0.004405047254819159,0.00503699496226157,0.005260035329594186,0.005325088770066199,0.005213568586399891,0.005018408264983853,0.005064875008178147,0.005083461705455865,0.005352968815982776,0.005269328678233045,0.005157808494566737,0.005418022256454789,0.005743289458814853,0.004832541292206673,0.005473782348287942,0.005975623174786327,0.005576009183315391,0.0035965259232384277,0.006533224093117867,0.008540587399111408,0.007564785792031215,0.009228295198386973,0.01062229749421582,0.013716982590955863,0.013196555067179759,0.012276513551932721,0.01328948855356835,0.010873217907465012,0.01017621675955059,0.009767309419440793,0.00906101492288751,0.00871716102324973,0.009163241757914959,0.00797369313214101,0.007360332121976317,0.008159560104918188,0.007592665837947791,0.007629839232503228,0.00714658510328256,0.007982986480779868,0.010585124099660385,0.010111163319078577
13145,0.0006412410560812699,0.000650534404720129,0.000650534404720129,0.000687707799275565,0.0007899346343030137,0.0008271080288584497,0.0008735747720527446,0.0009479215611636166,0.0010222683502744885,0.0012824821121625398,0.0016263360118003224,0.0019330165168826691,0.0023419238569924645,0.0029924582617125934,0.0036987527582658763,0.004405047254819159,0.00503699496226157,0.005260035329594186,0.005325088770066199,0.005213568586399891,0.005018408264983853,0.005064875008178147,0.005083461705455865,0.005352968815982776,0.005269328678233045,0.005157808494566737,0.005418022256454789,0.005743289458814853,0.004832541292206673,0.005473782348287942,0.005975623174786327,0.005576009183315391,0.0035965259232384277,0.006533224093117867,0.008540587399111408,0.007564785792031215,0.009228295198386973,0.01062229749421582,0.013716982590955863,0.013196555067179759,0.012276513551932721,0.01328948855356835,0.010873217907465012,0.01017621675955059,0.009767309419440793,0.00906101492288751,0.00871716102324973,0.009163241757914959,0.00797369313214101,0.007360332121976317,0.008159560104918188,0.007592665837947791,0.007629839232503228,0.00714658510328256,0.007982986480779868,0.010585124099660385,0.010111163319078577
13147,0.0006412410560812699,0.000650534404720129,0.000650534404720129,0.000687707799275565,0.0007899346343030137,0.0008271080288584497,0.0008735747720527446,0.0009479215611636166,0.0010222683502744885,0.0012824821121625398,0.0016263360118003224,0.0019330165168826691,0.0023419238569924645,0.0029924582617125934,0.0036987527582658763,0.004405047254819159,0.00503699496226157,0.005260035329594186,0.005325088770066199,0.005213568586399891,0.005018408264983853,0.005064875008178147,0.005083461705455865,0.005352968815982776,0.005269328678233045,0.005157808494566737,0.005418022256454789,0.005743289458814853,0.004832541292206673,0.005473782348287942,0.005975623174786327,0.005576009183315391,0.0035965259232384277,0.006533224093117867,0.008540587399111408,0.007564785792031215,0.009228295198386973,0.01062229749421582,0.013716982590955863,0.013196555067179759,0.012276513551932721,0.01328948855356835,0.010873217907465012,0.01017621675955059,0.009767309419440793,0.00906101492288751,0.00871716102324973,0.009163241757914959,0.00797369313214101,0.007360332121976317,0.008159560104918188,0.007592665837947791,0.007629839232503228,0.00714658510328256,0.007982986480779868,0.010585124099660385,0.010111163319078577
13149,0.0006412410560812699,0.000650534404720129,0.000650534404720129,0.000687707799275565,0.0007899346343030137,0.0008271080288584497,0.0008735747720527446,0.0009479215611636166,0.0010222683502744885,0.0012824821121625398,0.0016263360118003224,0.0019330165168826691,0.0023419238569924645,0.0029924582617125934,0.0036987527582658763,0.004405047254819159,0.00503699496226157,0.005260035329594186,0.005325088770066199,0.005213568586399891,0.005018408264983853,0.005064875008178147,0.005083461705455865,0.005352968815982776,0.005269328678233045,0.005157808494566737,0.005418022256454789,0.005743289458814853,0.004832541292206673,0.005473782348287942,0.005975623174786327,0.005576009183315391,0.0035965259232384277,0.006533224093117867,0.008540587399111408,0.007564785792031215,0.009228295198386973,0.01062229749421582,0.013716982590955863,0.013196555067179759,0.012276513551932721,0.01328948855356835,0.010873217907465012,0.01017621675955059,0.009767309419440793,0.00906101492288751,0.00871716102324973,0.009163241757914959,0.00797369313214101,0.007360332121976317,0.008159560104918188,0.007592665837947791,0.007629839232503228,0.00714658510328256,0.007982986480779868,0.010585124099660385,0.010111163319078577
13151,0.0006412410560812699,0.000650534404720129,0.000650534404720129,0.000687707799275565,0.0007899346343030137,0.0008271080288584497,0.0008735747720527446,0.0009479215611636166,0.0010222683502744885,0.0012824821121625398,0.0016263360118003224,0.0019330165168826691,0.0023419238569924645,0.0029924582617125934,0.0036987527582658763,0.004405047254819159,0.00503699496226157,0.005260035329594186,0.005325088770066199,0.005213568586399891,0.005018408264983853,0.005064875008178147,0.005083461705455865,0.005352968815982776,0.005269328678233045,0.005157808494566737,0.005418022256454789,0.005743289458814853,0.004832541292206673,0.005473782348287942,0.005975623174786327,0.005576009183315391,0.0035965259232384277,0.006533224093117867,0.008540587399111408,0.007564785792031215,0.009228295198386973,0.01062229749421582,0.013716982590955863,0.013196555067179759,0.012276513551932721,0.01328948855356835,0.010873217907465012,0.01017621675955059,0.009767309419440793,0.00906101492288751,0.00871716102324973,0.009163241757914959,0.00797369313214101,0.007360332121976317,0.008159560104918188,0.007592665837947791,0.007629839232503228,0.00714658510328256,0.007982986480779868,0.010585124099660385,0.010111163319078577
13153,0.0006412410560812699,0.000650534404720129,0.000650534404720129,0.000687707799275565,0.0007899346343030137,0.0008271080288584497,0.0008735747720527446,0.0009479215611636166,0.0010222683502744885,0.0012824821121625398,0.0016263360118003224,0.0019330165168826691,0.0023419238569924645,0.0029924582617125934,0.0036987527582658763,0.004405047254819159,0.00503699496226157,0.005260035329594186,0.005325088770066199,0.005213568586399891,0.005018408264983853,0.005064875008178147,0.005083461705455865,0.005352968815982776,0.005269328678233045,0.005157808494566737,0.005418022256454789,0.005743289458814853,0.004832541292206673,0.005473782348287942,0.005975623174786327,0.005576009183315391,0.0035965259232384277,0.006533224093117867,0.008540587399111408,0.007564785792031215,0.009228295198386973,0.01062229749421582,0.013716982590955863,0.013196555067179759,0.012276513551932721,0.01328948855356835,0.010873217907465012,0.01017621675955059,0.009767309419440793,0.00906101492288751,0.00871716102324973,0.009163241757914959,0.00797369313214101,0.007360332121976317,0.008159560104918188,0.007592665837947791,0.007629839232503228,0.00714658510328256,0.007982986480779868,0.010585124099660385,0.010111163319078577
13155,0.0006412410560812699,0.000650534404720129,0.000650534404720129,0.000687707799275565,0.0007899346343030137,0.0008271080288584497,0.0008735747720527446,0.0009479215611636166,0.0010222683502744885,0.0012824821121625398,0.0016263360118003224,0.0019330165168826691,0.0023419238569924645,0.0029924582617125934,0.0036987527582658763,0.004405047254819159,0.00503699496226157,0.005260035329594186,0.005325088770066199,0.005213568586399891,0.005018408264983853,0.005064875008178147,0.005083461705455865,0.005352968815982776,0.005269328678233045,0.005157808494566737,0.005418022256454789,0.005743289458814853,0.004832541292206673,0.005473782348287942,0.005975623174786327,0.005576009183315391,0.0035965259232384277,0.006533224093117867,0.008540587399111408,0.007564785792031215,0.009228295198386973,0.01062229749421582,0.013716982590955863,0.013196555067179759,0.012276513551932721,0.01328948855356835,0.010873217907465012,0.01017621675955059,0.009767309419440793,0.00906101492288751,0.00871716102324973,0.009163241757914959,0.00797369313214101,0.007360332121976317,0.008159560104918188,0.007592665837947791,0.007629839232503228,0.00714658510328256,0.007982986480779868,0.010585124099660385,0.010111163319078577
13157,0.0006412410560812699,0.000650534404720129,0.000650534404720129,0.000687707799275565,0.0007899346343030137,0.0008271080288584497,0.0008735747720527446,0.0009479215611636166,0.0010222683502744885,0.0012824821121625398,0.0016263360118003224,0.0019330165168826691,0.0023419238569924645,0.0029924582617125934,0.0036987527582658763,0.004405047254819159,0.00503699496226157,0.005260035329594186,0.005325088770066199,0.005213568586399891,0.005018408264983853,0.005064875008178147,0.005083461705455865,0.005352968815982776,0.005269328678233045,0.005157808494566737,0.005418022256454789,0.005743289458814853,0.004832541292206673,0.005473782348287942,0.005975623174786327,0.005576009183315391,0.0035965259232384277,0.006533224093117867,0.008540587399111408,0.007564785792031215,0.009228295198386973,0.01062229749421582,0.013716982590955863,0.013196555067179759,0.012276513551932721,0.01328948855356835,0.010873217907465012,0.01017621675955059,0.009767309419440793,0.00906101492288751,0.00871716102324973,0.009163241757914959,0.00797369313214101,0.007360332121976317,0.008159560104918188,0.007592665837947791,0.007629839232503228,0.00714658510328256,0.007982986480779868,0.010585124099660385,0.010111163319078577
13159,0.0006412410560812699,0.000650534404720129,0.000650534404720129,0.000687707799275565,0.0007899346343030137,0.0008271080288584497,0.0008735747720527446,0.0009479215611636166,0.0010222683502744885,0.0012824821121625398,0.0016263360118003224,0.0019330165168826691,0.0023419238569924645,0.0029924582617125934,0.0036987527582658763,0.004405047254819159,0.00503699496226157,0.005260035329594186,0.005325088770066199,0.005213568586399891,0.005018408264983853,0.005064875008178147,0.005083461705455865,0.005352968815982776,0.005269328678233045,0.005157808494566737,0.005418022256454789,0.005743289458814853,0.004832541292206673,0.005473782348287942,0.005975623174786327,0.005576009183315391,0.0035965259232384277,0.006533224093117867,0.008540587399111408,0.007564785792031215,0.009228295198386973,0.01062229749421582,0.013716982590955863,0.013196555067179759,0.012276513551932721,0.01328948855356835,0.010873217907465012,0.01017621675955059,0.009767309419440793,0.00906101492288751,0.00871716102324973,0.009163241757914959,0.00797369313214101,0.007360332121976317,0.008159560104918188,0.007592665837947791,0.007629839232503228,0.00714658510328256,0.007982986480779868,0.010585124099660385,0.010111163319078577
13161,0.0006412410560812699,0.000650534404720129,0.000650534404720129,0.000687707799275565,0.0007899346343030137,0.0008271080288584497,0.0008735747720527446,0.0009479215611636166,0.0010222683502744885,0.0012824821121625398,0.0016263360118003224,0.0019330165168826691,0.0023419238569924645,0.0029924582617125934,0.0036987527582658763,0.004405047254819159,0.00503699496226157,0.005260035329594186,0.005325088770066199,0.005213568586399891,0.005018408264983853,0.005064875008178147,0.005083461705455865,0.005352968815982776,0.005269328678233045,0.005157808494566737,0.005418022256454789,0.005743289458814853,0.004832541292206673,0.005473782348287942,0.005975623174786327,0.005576009183315391,0.0035965259232384277,0.006533224093117867,0.008540587399111408,0.007564785792031215,0.009228295198386973,0.01062229749421582,0.013716982590955863,0.013196555067179759,0.012276513551932721,0.01328948855356835,0.010873217907465012,0.01017621675955059,0.009767309419440793,0.00906101492288751,0.00871716102324973,0.009163241757914959,0.00797369313214101,0.007360332121976317,0.008159560104918188,0.007592665837947791,0.007629839232503228,0.00714658510328256,0.007982986480779868,0.010585124099660385,0.010111163319078577
13163,0.0006412410560812699,0.000650534404720129,0.000650534404720129,0.000687707799275565,0.0007899346343030137,0.0008271080288584497,0.0008735747720527446,0.0009479215611636166,0.0010222683502744885,0.0012824821121625398,0.0016263360118003224,0.0019330165168826691,0.0023419238569924645,0.0029924582617125934,0.0036987527582658763,0.004405047254819159,0.00503699496226157,0.005260035329594186,0.005325088770066199,0.005213568586399891,0.005018408264983853,0.005064875008178147,0.005083461705455865,0.005352968815982776,0.005269328678233045,0.005157808494566737,0.005418022256454789,0.005743289458814853,0.004832541292206673,0.005473782348287942,0.005975623174786327,0.005576009183315391,0.0035965259232384277,0.006533224093117867,0.008540587399111408,0.007564785792031215,0.009228295198386973,0.01062229749421582,0.013716982590955863,0.013196555067179759,0.012276513551932721,0.01328948855356835,0.010873217907465012,0.01017621675955059,0.009767309419440793,0.00906101492288751,0.00871716102324973,0.009163241757914959,0.00797369313214101,0.007360332121976317,0.008159560104918188,0.007592665837947791,0.007629839232503228,0.00714658510328256,0.007982986480779868,0.010585124099660385,0.010111163319078577
13165,0.0006412410560812699,0.000650534404720129,0.000650534404720129,0.000687707799275565,0.0007899346343030137,0.0008271080288584497,0.0008735747720527446,0.0009479215611636166,0.0010222683502744885,0.0012824821121625398,0.0016263360118003224,0.0019330165168826691,0.0023419238569924645,0.0029924582617125934,0.0036987527582658763,0.004405047254819159,0.00503699496226157,0.005260035329594186,0.005325088770066199,0.005213568586399891,0.005018408264983853,0.005064875008178147,0.005083461705455865,0.005352968815982776,0.005269328678233045,0.005157808494566737,0.005418022256454789,0.005743289458814853,0.004832541292206673,0.005473782348287942,0.005975623174786327,0.005576009183315391,0.0035965259232384277,0.006533224093117867,0.008540587399111408,0.007564785792031215,0.009228295198386973,0.01062229749421582,0.013716982590955863,0.013196555067179759,0.012276513551932721,0.01328948855356835,0.010873217907465012,0.01017621675955059,0.009767309419440793,0.00906101492288751,0.00871716102324973,0.009163241757914959,0.00797369313214101,0.007360332121976317,0.008159560104918188,0.007592665837947791,0.007629839232503228,0.00714658510328256,0.007982986480779868,0.010585124099660385,0.010111163319078577
13167,0.0006412410560812699,0.000650534404720129,0.000650534404720129,0.000687707799275565,0.0007899346343030137,0.0008271080288584497,0.0008735747720527446,0.0009479215611636166,0.0010222683502744885,0.0012824821121625398,0.0016263360118003224,0.0019330165168826691,0.0023419238569924645,0.0029924582617125934,0.0036987527582658763,0.004405047254819159,0.00503699496226157,0.005260035329594186,0.005325088770066199,0.005213568586399891,0.005018408264983853,0.005064875008178147,0.005083461705455865,0.005352968815982776,0.005269328678233045,0.005157808494566737,0.005418022256454789,0.005743289458814853,0.004832541292206673,0.005473782348287942,0.005975623174786327,0.005576009183315391,0.0035965259232384277,0.006533224093117867,0.008540587399111408,0.007564785792031215,0.009228295198386973,0.01062229749421582,0.013716982590955863,0.013196555067179759,0.012276513551932721,0.01328948855356835,0.010873217907465012,0.01017621675955059,0.009767309419440793,0.00906101492288751,0.00871716102324973,0.009163241757914959,0.00797369313214101,0.007360332121976317,0.008159560104918188,0.007592665837947791,0.007629839232503228,0.00714658510328256,0.007982986480779868,0.010585124099660385,0.010111163319078577
13169,0.0006412410560812699,0.000650534404720129,0.000650534404720129,0.000687707799275565,0.0007899346343030137,0.0008271080288584497,0.0008735747720527446,0.0009479215611636166,0.0010222683502744885,0.0012824821121625398,0.0016263360118003224,0.0019330165168826691,0.0023419238569924645,0.0029924582617125934,0.0036987527582658763,0.004405047254819159,0.00503699496226157,0.005260035329594186,0.005325088770066199,0.005213568586399891,0.005018408264983853,0.005064875008178147,0.005083461705455865,0.005352968815982776,0.005269328678233045,0.005157808494566737,0.005418022256454789,0.005743289458814853,0.004832541292206673,0.005473782348287942,0.005975623174786327,0.005576009183315391,0.0035965259232384277,0.006533224093117867,0.008540587399111408,0.007564785792031215,0.009228295198386973,0.01062229749421582,0.013716982590955863,0.013196555067179759,0.012276513551932721,0.01328948855356835,0.010873217907465012,0.01017621675955059,0.009767309419440793,0.00906101492288751,0.00871716102324973,0.009163241757914959,0.00797369313214101,0.007360332121976317,0.008159560104918188,0.007592665837947791,0.007629839232503228,0.00714658510328256,0.007982986480779868,0.010585124099660385,0.010111163319078577
13171,0.0006412410560812699,0.000650534404720129,0.000650534404720129,0.000687707799275565,0.0007899346343030137,0.0008271080288584497,0.0008735747720527446,0.0009479215611636166,0.0010222683502744885,0.0012824821121625398,0.0016263360118003224,0.0019330165168826691,0.0023419238569924645,0.0029924582617125934,0.0036987527582658763,0.004405047254819159,0.00503699496226157,0.005260035329594186,0.005325088770066199,0.005213568586399891,0.005018408264983853,0.005064875008178147,0.005083461705455865,0.005352968815982776,0.005269328678233045,0.005157808494566737,0.005418022256454789,0.005743289458814853,0.004832541292206673,0.005473782348287942,0.005975623174786327,0.005576009183315391,0.0035965259232384277,0.006533224093117867,0.008540587399111408,0.007564785792031215,0.009228295198386973,0.01062229749421582,0.013716982590955863,0.013196555067179759,0.012276513551932721,0.01328948855356835,0.010873217907465012,0.01017621675955059,0.009767309419440793,0.00906101492288751,0.00871716102324973,0.009163241757914959,0.00797369313214101,0.007360332121976317,0.008159560104918188,0.007592665837947791,0.007629839232503228,0.00714658510328256,0.007982986480779868,0.010585124099660385,0.010111163319078577
13173,0.0006412410560812699,0.000650534404720129,0.000650534404720129,0.000687707799275565,0.0007899346343030137,0.0008271080288584497,0.0008735747720527446,0.0009479215611636166,0.0010222683502744885,0.0012824821121625398,0.0016263360118003224,0.0019330165168826691,0.0023419238569924645,0.0029924582617125934,0.0036987527582658763,0.004405047254819159,0.00503699496226157,0.005260035329594186,0.005325088770066199,0.005213568586399891,0.005018408264983853,0.005064875008178147,0.005083461705455865,0.005352968815982776,0.005269328678233045,0.005157808494566737,0.005418022256454789,0.005743289458814853,0.004832541292206673,0.005473782348287942,0.005975623174786327,0.005576009183315391,0.0035965259232384277,0.006533224093117867,0.008540587399111408,0.007564785792031215,0.009228295198386973,0.01062229749421582,0.013716982590955863,0.013196555067179759,0.012276513551932721,0.01328948855356835,0.010873217907465012,0.01017621675955059,0.009767309419440793,0.00906101492288751,0.00871716102324973,0.009163241757914959,0.00797369313214101,0.007360332121976317,0.008159560104918188,0.007592665837947791,0.007629839232503228,0.00714658510328256,0.007982986480779868,0.010585124099660385,0.010111163319078577
13175,0.0006412410560812699,0.000650534404720129,0.000650534404720129,0.000687707799275565,0.0007899346343030137,0.0008271080288584497,0.0008735747720527446,0.0009479215611636166,0.0010222683502744885,0.0012824821121625398,0.0016263360118003224,0.0019330165168826691,0.0023419238569924645,0.0029924582617125934,0.0036987527582658763,0.004405047254819159,0.00503699496226157,0.005260035329594186,0.005325088770066199,0.005213568586399891,0.005018408264983853,0.005064875008178147,0.005083461705455865,0.005352968815982776,0.005269328678233045,0.005157808494566737,0.005418022256454789,0.005743289458814853,0.004832541292206673,0.005473782348287942,0.005975623174786327,0.005576009183315391,0.0035965259232384277,0.006533224093117867,0.008540587399111408,0.007564785792031215,0.009228295198386973,0.01062229749421582,0.013716982590955863,0.013196555067179759,0.012276513551932721,0.01328948855356835,0.010873217907465012,0.01017621675955059,0.009767309419440793,0.00906101492288751,0.00871716102324973,0.009163241757914959,0.00797369313214101,0.007360332121976317,0.008159560104918188,0.007592665837947791,0.007629839232503228,0.00714658510328256,0.007982986480779868,0.010585124099660385,0.010111163319078577
13177,0.0006412410560812699,0.000650534404720129,0.000650534404720129,0.000687707799275565,0.0007899346343030137,0.0008271080288584497,0.0008735747720527446,0.0009479215611636166,0.0010222683502744885,0.0012824821121625398,0.0016263360118003224,0.0019330165168826691,0.0023419238569924645,0.0029924582617125934,0.0036987527582658763,0.004405047254819159,0.00503699496226157,0.005260035329594186,0.005325088770066199,0.005213568586399891,0.005018408264983853,0.005064875008178147,0.005083461705455865,0.005352968815982776,0.005269328678233045,0.005157808494566737,0.005418022256454789,0.005743289458814853,0.004832541292206673,0.005473782348287942,0.005975623174786327,0.005576009183315391,0.0035965259232384277,0.006533224093117867,0.008540587399111408,0.007564785792031215,0.009228295198386973,0.01062229749421582,0.013716982590955863,0.013196555067179759,0.012276513551932721,0.01328948855356835,0.010873217907465012,0.01017621675955059,0.009767309419440793,0.00906101492288751,0.00871716102324973,0.009163241757914959,0.00797369313214101,0.007360332121976317,0.008159560104918188,0.007592665837947791,0.007629839232503228,0.00714658510328256,0.007982986480779868,0.010585124099660385,0.010111163319078577
13179,0.0006412410560812699,0.000650534404720129,0.000650534404720129,0.000687707799275565,0.0007899346343030137,0.0008271080288584497,0.0008735747720527446,0.0009479215611636166,0.0010222683502744885,0.0012824821121625398,0.0016263360118003224,0.0019330165168826691,0.0023419238569924645,0.0029924582617125934,0.0036987527582658763,0.004405047254819159,0.00503699496226157,0.005260035329594186,0.005325088770066199,0.005213568586399891,0.005018408264983853,0.005064875008178147,0.005083461705455865,0.005352968815982776,0.005269328678233045,0.005157808494566737,0.005418022256454789,0.005743289458814853,0.004832541292206673,0.005473782348287942,0.005975623174786327,0.005576009183315391,0.0035965259232384277,0.006533224093117867,0.008540587399111408,0.007564785792031215,0.009228295198386973,0.01062229749421582,0.013716982590955863,0.013196555067179759,0.012276513551932721,0.01328948855356835,0.010873217907465012,0.01017621675955059,0.009767309419440793,0.00906101492288751,0.00871716102324973,0.009163241757914959,0.00797369313214101,0.007360332121976317,0.008159560104918188,0.007592665837947791,0.007629839232503228,0.00714658510328256,0.007982986480779868,0.010585124099660385,0.010111163319078577
13181,0.0006412410560812699,0.000650534404720129,0.000650534404720129,0.000687707799275565,0.0007899346343030137,0.0008271080288584497,0.0008735747720527446,0.0009479215611636166,0.0010222683502744885,0.0012824821121625398,0.0016263360118003224,0.0019330165168826691,0.0023419238569924645,0.0029924582617125934,0.0036987527582658763,0.004405047254819159,0.00503699496226157,0.005260035329594186,0.005325088770066199,0.005213568586399891,0.005018408264983853,0.005064875008178147,0.005083461705455865,0.005352968815982776,0.005269328678233045,0.005157808494566737,0.005418022256454789,0.005743289458814853,0.004832541292206673,0.005473782348287942,0.005975623174786327,0.005576009183315391,0.0035965259232384277,0.006533224093117867,0.008540587399111408,0.007564785792031215,0.009228295198386973,0.01062229749421582,0.013716982590955863,0.013196555067179759,0.012276513551932721,0.01328948855356835,0.010873217907465012,0.01017621675955059,0.009767309419440793,0.00906101492288751,0.00871716102324973,0.009163241757914959,0.00797369313214101,0.007360332121976317,0.008159560104918188,0.007592665837947791,0.007629839232503228,0.00714658510328256,0.007982986480779868,0.010585124099660385,0.010111163319078577
13183,0.0006412410560812699,0.000650534404720129,0.000650534404720129,0.000687707799275565,0.0007899346343030137,0.0008271080288584497,0.0008735747720527446,0.0009479215611636166,0.0010222683502744885,0.0012824821121625398,0.0016263360118003224,0.0019330165168826691,0.0023419238569924645,0.0029924582617125934,0.0036987527582658763,0.004405047254819159,0.00503699496226157,0.005260035329594186,0.005325088770066199,0.005213568586399891,0.005018408264983853,0.005064875008178147,0.005083461705455865,0.005352968815982776,0.005269328678233045,0.005157808494566737,0.005418022256454789,0.005743289458814853,0.004832541292206673,0.005473782348287942,0.005975623174786327,0.005576009183315391,0.0035965259232384277,0.006533224093117867,0.008540587399111408,0.007564785792031215,0.009228295198386973,0.01062229749421582,0.013716982590955863,0.013196555067179759,0.012276513551932721,0.01328948855356835,0.010873217907465012,0.01017621675955059,0.009767309419440793,0.00906101492288751,0.00871716102324973,0.009163241757914959,0.00797369313214101,0.007360332121976317,0.008159560104918188,0.007592665837947791,0.007629839232503228,0.00714658510328256,0.007982986480779868,0.010585124099660385,0.010111163319078577
13185,0.0006412410560812699,0.000650534404720129,0.000650534404720129,0.000687707799275565,0.0007899346343030137,0.0008271080288584497,0.0008735747720527446,0.0009479215611636166,0.0010222683502744885,0.0012824821121625398,0.0016263360118003224,0.0019330165168826691,0.0023419238569924645,0.0029924582617125934,0.0036987527582658763,0.004405047254819159,0.00503699496226157,0.005260035329594186,0.005325088770066199,0.005213568586399891,0.005018408264983853,0.005064875008178147,0.005083461705455865,0.005352968815982776,0.005269328678233045,0.005157808494566737,0.005418022256454789,0.005743289458814853,0.004832541292206673,0.005473782348287942,0.005975623174786327,0.005576009183315391,0.0035965259232384277,0.006533224093117867,0.008540587399111408,0.007564785792031215,0.009228295198386973,0.01062229749421582,0.013716982590955863,0.013196555067179759,0.012276513551932721,0.01328948855356835,0.010873217907465012,0.01017621675955059,0.009767309419440793,0.00906101492288751,0.00871716102324973,0.009163241757914959,0.00797369313214101,0.007360332121976317,0.008159560104918188,0.007592665837947791,0.007629839232503228,0.00714658510328256,0.007982986480779868,0.010585124099660385,0.010111163319078577
13187,0.0006412410560812699,0.000650534404720129,0.000650534404720129,0.000687707799275565,0.0007899346343030137,0.0008271080288584497,0.0008735747720527446,0.0009479215611636166,0.0010222683502744885,0.0012824821121625398,0.0016263360118003224,0.0019330165168826691,0.0023419238569924645,0.0029924582617125934,0.0036987527582658763,0.004405047254819159,0.00503699496226157,0.005260035329594186,0.005325088770066199,0.005213568586399891,0.005018408264983853,0.005064875008178147,0.005083461705455865,0.005352968815982776,0.005269328678233045,0.005157808494566737,0.005418022256454789,0.005743289458814853,0.004832541292206673,0.005473782348287942,0.005975623174786327,0.005576009183315391,0.0035965259232384277,0.006533224093117867,0.008540587399111408,0.007564785792031215,0.009228295198386973,0.01062229749421582,0.013716982590955863,0.013196555067179759,0.012276513551932721,0.01328948855356835,0.010873217907465012,0.01017621675955059,0.009767309419440793,0.00906101492288751,0.00871716102324973,0.009163241757914959,0.00797369313214101,0.007360332121976317,0.008159560104918188,0.007592665837947791,0.007629839232503228,0.00714658510328256,0.007982986480779868,0.010585124099660385,0.010111163319078577
13189,0.0006412410560812699,0.000650534404720129,0.000650534404720129,0.000687707799275565,0.0007899346343030137,0.0008271080288584497,0.0008735747720527446,0.0009479215611636166,0.0010222683502744885,0.0012824821121625398,0.0016263360118003224,0.0019330165168826691,0.0023419238569924645,0.0029924582617125934,0.0036987527582658763,0.004405047254819159,0.00503699496226157,0.005260035329594186,0.005325088770066199,0.005213568586399891,0.005018408264983853,0.005064875008178147,0.005083461705455865,0.005352968815982776,0.005269328678233045,0.005157808494566737,0.005418022256454789,0.005743289458814853,0.004832541292206673,0.005473782348287942,0.005975623174786327,0.005576009183315391,0.0035965259232384277,0.006533224093117867,0.008540587399111408,0.007564785792031215,0.009228295198386973,0.01062229749421582,0.013716982590955863,0.013196555067179759,0.012276513551932721,0.01328948855356835,0.010873217907465012,0.01017621675955059,0.009767309419440793,0.00906101492288751,0.00871716102324973,0.009163241757914959,0.00797369313214101,0.007360332121976317,0.008159560104918188,0.007592665837947791,0.007629839232503228,0.00714658510328256,0.007982986480779868,0.010585124099660385,0.010111163319078577
13191,0.0006412410560812699,0.000650534404720129,0.000650534404720129,0.000687707799275565,0.0007899346343030137,0.0008271080288584497,0.0008735747720527446,0.0009479215611636166,0.0010222683502744885,0.0012824821121625398,0.0016263360118003224,0.0019330165168826691,0.0023419238569924645,0.0029924582617125934,0.0036987527582658763,0.004405047254819159,0.00503699496226157,0.005260035329594186,0.005325088770066199,0.005213568586399891,0.005018408264983853,0.005064875008178147,0.005083461705455865,0.005352968815982776,0.005269328678233045,0.005157808494566737,0.005418022256454789,0.005743289458814853,0.004832541292206673,0.005473782348287942,0.005975623174786327,0.005576009183315391,0.0035965259232384277,0.006533224093117867,0.008540587399111408,0.007564785792031215,0.009228295198386973,0.01062229749421582,0.013716982590955863,0.013196555067179759,0.012276513551932721,0.01328948855356835,0.010873217907465012,0.01017621675955059,0.009767309419440793,0.00906101492288751,0.00871716102324973,0.009163241757914959,0.00797369313214101,0.007360332121976317,0.008159560104918188,0.007592665837947791,0.007629839232503228,0.00714658510328256,0.007982986480779868,0.010585124099660385,0.010111163319078577
13193,0.0006412410560812699,0.000650534404720129,0.000650534404720129,0.000687707799275565,0.0007899346343030137,0.0008271080288584497,0.0008735747720527446,0.0009479215611636166,0.0010222683502744885,0.0012824821121625398,0.0016263360118003224,0.0019330165168826691,0.0023419238569924645,0.0029924582617125934,0.0036987527582658763,0.004405047254819159,0.00503699496226157,0.005260035329594186,0.005325088770066199,0.005213568586399891,0.005018408264983853,0.005064875008178147,0.005083461705455865,0.005352968815982776,0.005269328678233045,0.005157808494566737,0.005418022256454789,0.005743289458814853,0.004832541292206673,0.005473782348287942,0.005975623174786327,0.005576009183315391,0.0035965259232384277,0.006533224093117867,0.008540587399111408,0.007564785792031215,0.009228295198386973,0.01062229749421582,0.013716982590955863,0.013196555067179759,0.012276513551932721,0.01328948855356835,0.010873217907465012,0.01017621675955059,0.009767309419440793,0.00906101492288751,0.00871716102324973,0.009163241757914959,0.00797369313214101,0.007360332121976317,0.008159560104918188,0.007592665837947791,0.007629839232503228,0.00714658510328256,0.007982986480779868,0.010585124099660385,0.010111163319078577
13195,0.0006412410560812699,0.000650534404720129,0.000650534404720129,0.000687707799275565,0.0007899346343030137,0.0008271080288584497,0.0008735747720527446,0.0009479215611636166,0.0010222683502744885,0.0012824821121625398,0.0016263360118003224,0.0019330165168826691,0.0023419238569924645,0.0029924582617125934,0.0036987527582658763,0.004405047254819159,0.00503699496226157,0.005260035329594186,0.005325088770066199,0.005213568586399891,0.005018408264983853,0.005064875008178147,0.005083461705455865,0.005352968815982776,0.005269328678233045,0.005157808494566737,0.005418022256454789,0.005743289458814853,0.004832541292206673,0.005473782348287942,0.005975623174786327,0.005576009183315391,0.0035965259232384277,0.006533224093117867,0.008540587399111408,0.007564785792031215,0.009228295198386973,0.01062229749421582,0.013716982590955863,0.013196555067179759,0.012276513551932721,0.01328948855356835,0.010873217907465012,0.01017621675955059,0.009767309419440793,0.00906101492288751,0.00871716102324973,0.009163241757914959,0.00797369313214101,0.007360332121976317,0.008159560104918188,0.007592665837947791,0.007629839232503228,0.00714658510328256,0.007982986480779868,0.010585124099660385,0.010111163319078577
13197,0.0006412410560812699,0.000650534404720129,0.000650534404720129,0.000687707799275565,0.0007899346343030137,0.0008271080288584497,0.0008735747720527446,0.0009479215611636166,0.0010222683502744885,0.0012824821121625398,0.0016263360118003224,0.0019330165168826691,0.0023419238569924645,0.0029924582617125934,0.0036987527582658763,0.004405047254819159,0.00503699496226157,0.005260035329594186,0.005325088770066199,0.005213568586399891,0.005018408264983853,0.005064875008178147,0.005083461705455865,0.005352968815982776,0.005269328678233045,0.005157808494566737,0.005418022256454789,0.005743289458814853,0.004832541292206673,0.005473782348287942,0.005975623174786327,0.005576009183315391,0.0035965259232384277,0.006533224093117867,0.008540587399111408,0.007564785792031215,0.009228295198386973,0.01062229749421582,0.013716982590955863,0.013196555067179759,0.012276513551932721,0.01328948855356835,0.010873217907465012,0.01017621675955059,0.009767309419440793,0.00906101492288751,0.00871716102324973,0.009163241757914959,0.00797369313214101,0.007360332121976317,0.008159560104918188,0.007592665837947791,0.007629839232503228,0.00714658510328256,0.007982986480779868,0.010585124099660385,0.010111163319078577
13199,0.0006412410560812699,0.000650534404720129,0.000650534404720129,0.000687707799275565,0.0007899346343030137,0.0008271080288584497,0.0008735747720527446,0.0009479215611636166,0.0010222683502744885,0.0012824821121625398,0.0016263360118003224,0.0019330165168826691,0.0023419238569924645,0.0029924582617125934,0.0036987527582658763,0.004405047254819159,0.00503699496226157,0.005260035329594186,0.005325088770066199,0.005213568586399891,0.005018408264983853,0.005064875008178147,0.005083461705455865,0.005352968815982776,0.005269328678233045,0.005157808494566737,0.005418022256454789,0.005743289458814853,0.004832541292206673,0.005473782348287942,0.005975623174786327,0.005576009183315391,0.0035965259232384277,0.006533224093117867,0.008540587399111408,0.007564785792031215,0.009228295198386973,0.01062229749421582,0.013716982590955863,0.013196555067179759,0.012276513551932721,0.01328948855356835,0.010873217907465012,0.01017621675955059,0.009767309419440793,0.00906101492288751,0.00871716102324973,0.009163241757914959,0.00797369313214101,0.007360332121976317,0.008159560104918188,0.007592665837947791,0.007629839232503228,0.00714658510328256,0.007982986480779868,0.010585124099660385,0.010111163319078577
13201,0.0006412410560812699,0.000650534404720129,0.000650534404720129,0.000687707799275565,0.0007899346343030137,0.0008271080288584497,0.0008735747720527446,0.0009479215611636166,0.0010222683502744885,0.0012824821121625398,0.0016263360118003224,0.0019330165168826691,0.0023419238569924645,0.0029924582617125934,0.0036987527582658763,0.004405047254819159,0.00503699496226157,0.005260035329594186,0.005325088770066199,0.005213568586399891,0.005018408264983853,0.005064875008178147,0.005083461705455865,0.005352968815982776,0.005269328678233045,0.005157808494566737,0.005418022256454789,0.005743289458814853,0.004832541292206673,0.005473782348287942,0.005975623174786327,0.005576009183315391,0.0035965259232384277,0.006533224093117867,0.008540587399111408,0.007564785792031215,0.009228295198386973,0.01062229749421582,0.013716982590955863,0.013196555067179759,0.012276513551932721,0.01328948855356835,0.010873217907465012,0.01017621675955059,0.009767309419440793,0.00906101492288751,0.00871716102324973,0.009163241757914959,0.00797369313214101,0.007360332121976317,0.008159560104918188,0.007592665837947791,0.007629839232503228,0.00714658510328256,0.007982986480779868,0.010585124099660385,0.010111163319078577
13205,0.0006412410560812699,0.000650534404720129,0.000650534404720129,0.000687707799275565,0.0007899346343030137,0.0008271080288584497,0.0008735747720527446,0.0009479215611636166,0.0010222683502744885,0.0012824821121625398,0.0016263360118003224,0.0019330165168826691,0.0023419238569924645,0.0029924582617125934,0.0036987527582658763,0.004405047254819159,0.00503699496226157,0.005260035329594186,0.005325088770066199,0.005213568586399891,0.005018408264983853,0.005064875008178147,0.005083461705455865,0.005352968815982776,0.005269328678233045,0.005157808494566737,0.005418022256454789,0.005743289458814853,0.004832541292206673,0.005473782348287942,0.005975623174786327,0.005576009183315391,0.0035965259232384277,0.006533224093117867,0.008540587399111408,0.007564785792031215,0.009228295198386973,0.01062229749421582,0.013716982590955863,0.013196555067179759,0.012276513551932721,0.01328948855356835,0.010873217907465012,0.01017621675955059,0.009767309419440793,0.00906101492288751,0.00871716102324973,0.009163241757914959,0.00797369313214101,0.007360332121976317,0.008159560104918188,0.007592665837947791,0.007629839232503228,0.00714658510328256,0.007982986480779868,0.010585124099660385,0.010111163319078577
13207,0.0006412410560812699,0.000650534404720129,0.000650534404720129,0.000687707799275565,0.0007899346343030137,0.0008271080288584497,0.0008735747720527446,0.0009479215611636166,0.0010222683502744885,0.0012824821121625398,0.0016263360118003224,0.0019330165168826691,0.0023419238569924645,0.0029924582617125934,0.0036987527582658763,0.004405047254819159,0.00503699496226157,0.005260035329594186,0.005325088770066199,0.005213568586399891,0.005018408264983853,0.005064875008178147,0.005083461705455865,0.005352968815982776,0.005269328678233045,0.005157808494566737,0.005418022256454789,0.005743289458814853,0.004832541292206673,0.005473782348287942,0.005975623174786327,0.005576009183315391,0.0035965259232384277,0.006533224093117867,0.008540587399111408,0.007564785792031215,0.009228295198386973,0.01062229749421582,0.013716982590955863,0.013196555067179759,0.012276513551932721,0.01328948855356835,0.010873217907465012,0.01017621675955059,0.009767309419440793,0.00906101492288751,0.00871716102324973,0.009163241757914959,0.00797369313214101,0.007360332121976317,0.008159560104918188,0.007592665837947791,0.007629839232503228,0.00714658510328256,0.007982986480779868,0.010585124099660385,0.010111163319078577
13209,0.0006412410560812699,0.000650534404720129,0.000650534404720129,0.000687707799275565,0.0007899346343030137,0.0008271080288584497,0.0008735747720527446,0.0009479215611636166,0.0010222683502744885,0.0012824821121625398,0.0016263360118003224,0.0019330165168826691,0.0023419238569924645,0.0029924582617125934,0.0036987527582658763,0.004405047254819159,0.00503699496226157,0.005260035329594186,0.005325088770066199,0.005213568586399891,0.005018408264983853,0.005064875008178147,0.005083461705455865,0.005352968815982776,0.005269328678233045,0.005157808494566737,0.005418022256454789,0.005743289458814853,0.004832541292206673,0.005473782348287942,0.005975623174786327,0.005576009183315391,0.0035965259232384277,0.006533224093117867,0.008540587399111408,0.007564785792031215,0.009228295198386973,0.01062229749421582,0.013716982590955863,0.013196555067179759,0.012276513551932721,0.01328948855356835,0.010873217907465012,0.01017621675955059,0.009767309419440793,0.00906101492288751,0.00871716102324973,0.009163241757914959,0.00797369313214101,0.007360332121976317,0.008159560104918188,0.007592665837947791,0.007629839232503228,0.00714658510328256,0.007982986480779868,0.010585124099660385,0.010111163319078577
13211,0.0006412410560812699,0.000650534404720129,0.000650534404720129,0.000687707799275565,0.0007899346343030137,0.0008271080288584497,0.0008735747720527446,0.0009479215611636166,0.0010222683502744885,0.0012824821121625398,0.0016263360118003224,0.0019330165168826691,0.0023419238569924645,0.0029924582617125934,0.0036987527582658763,0.004405047254819159,0.00503699496226157,0.005260035329594186,0.005325088770066199,0.005213568586399891,0.005018408264983853,0.005064875008178147,0.005083461705455865,0.005352968815982776,0.005269328678233045,0.005157808494566737,0.005418022256454789,0.005743289458814853,0.004832541292206673,0.005473782348287942,0.005975623174786327,0.005576009183315391,0.0035965259232384277,0.006533224093117867,0.008540587399111408,0.007564785792031215,0.009228295198386973,0.01062229749421582,0.013716982590955863,0.013196555067179759,0.012276513551932721,0.01328948855356835,0.010873217907465012,0.01017621675955059,0.009767309419440793,0.00906101492288751,0.00871716102324973,0.009163241757914959,0.00797369313214101,0.007360332121976317,0.008159560104918188,0.007592665837947791,0.007629839232503228,0.00714658510328256,0.007982986480779868,0.010585124099660385,0.010111163319078577
13213,0.0006412410560812699,0.000650534404720129,0.000650534404720129,0.000687707799275565,0.0007899346343030137,0.0008271080288584497,0.0008735747720527446,0.0009479215611636166,0.0010222683502744885,0.0012824821121625398,0.0016263360118003224,0.0019330165168826691,0.0023419238569924645,0.0029924582617125934,0.0036987527582658763,0.004405047254819159,0.00503699496226157,0.005260035329594186,0.005325088770066199,0.005213568586399891,0.005018408264983853,0.005064875008178147,0.005083461705455865,0.005352968815982776,0.005269328678233045,0.005157808494566737,0.005418022256454789,0.005743289458814853,0.004832541292206673,0.005473782348287942,0.005975623174786327,0.005576009183315391,0.0035965259232384277,0.006533224093117867,0.008540587399111408,0.007564785792031215,0.009228295198386973,0.01062229749421582,0.013716982590955863,0.013196555067179759,0.012276513551932721,0.01328948855356835,0.010873217907465012,0.01017621675955059,0.009767309419440793,0.00906101492288751,0.00871716102324973,0.009163241757914959,0.00797369313214101,0.007360332121976317,0.008159560104918188,0.007592665837947791,0.007629839232503228,0.00714658510328256,0.007982986480779868,0.010585124099660385,0.010111163319078577
13215,0.0006412410560812699,0.000650534404720129,0.000650534404720129,0.000687707799275565,0.0007899346343030137,0.0008271080288584497,0.0008735747720527446,0.0009479215611636166,0.0010222683502744885,0.0012824821121625398,0.0016263360118003224,0.0019330165168826691,0.0023419238569924645,0.0029924582617125934,0.0036987527582658763,0.004405047254819159,0.00503699496226157,0.005260035329594186,0.005325088770066199,0.005213568586399891,0.005018408264983853,0.005064875008178147,0.005083461705455865,0.005352968815982776,0.005269328678233045,0.005157808494566737,0.005418022256454789,0.005743289458814853,0.004832541292206673,0.005473782348287942,0.005975623174786327,0.005576009183315391,0.0035965259232384277,0.006533224093117867,0.008540587399111408,0.007564785792031215,0.009228295198386973,0.01062229749421582,0.013716982590955863,0.013196555067179759,0.012276513551932721,0.01328948855356835,0.010873217907465012,0.01017621675955059,0.009767309419440793,0.00906101492288751,0.00871716102324973,0.009163241757914959,0.00797369313214101,0.007360332121976317,0.008159560104918188,0.007592665837947791,0.007629839232503228,0.00714658510328256,0.007982986480779868,0.010585124099660385,0.010111163319078577
13217,0.0006412410560812699,0.000650534404720129,0.000650534404720129,0.000687707799275565,0.0007899346343030137,0.0008271080288584497,0.0008735747720527446,0.0009479215611636166,0.0010222683502744885,0.0012824821121625398,0.0016263360118003224,0.0019330165168826691,0.0023419238569924645,0.0029924582617125934,0.0036987527582658763,0.004405047254819159,0.00503699496226157,0.005260035329594186,0.005325088770066199,0.005213568586399891,0.005018408264983853,0.005064875008178147,0.005083461705455865,0.005352968815982776,0.005269328678233045,0.005157808494566737,0.005418022256454789,0.005743289458814853,0.004832541292206673,0.005473782348287942,0.005975623174786327,0.005576009183315391,0.0035965259232384277,0.006533224093117867,0.008540587399111408,0.007564785792031215,0.009228295198386973,0.01062229749421582,0.013716982590955863,0.013196555067179759,0.012276513551932721,0.01328948855356835,0.010873217907465012,0.01017621675955059,0.009767309419440793,0.00906101492288751,0.00871716102324973,0.009163241757914959,0.00797369313214101,0.007360332121976317,0.008159560104918188,0.007592665837947791,0.007629839232503228,0.00714658510328256,0.007982986480779868,0.010585124099660385,0.010111163319078577
13219,0.0006412410560812699,0.000650534404720129,0.000650534404720129,0.000687707799275565,0.0007899346343030137,0.0008271080288584497,0.0008735747720527446,0.0009479215611636166,0.0010222683502744885,0.0012824821121625398,0.0016263360118003224,0.0019330165168826691,0.0023419238569924645,0.0029924582617125934,0.0036987527582658763,0.004405047254819159,0.00503699496226157,0.005260035329594186,0.005325088770066199,0.005213568586399891,0.005018408264983853,0.005064875008178147,0.005083461705455865,0.005352968815982776,0.005269328678233045,0.005157808494566737,0.005418022256454789,0.005743289458814853,0.004832541292206673,0.005473782348287942,0.005975623174786327,0.005576009183315391,0.0035965259232384277,0.006533224093117867,0.008540587399111408,0.007564785792031215,0.009228295198386973,0.01062229749421582,0.013716982590955863,0.013196555067179759,0.012276513551932721,0.01328948855356835,0.010873217907465012,0.01017621675955059,0.009767309419440793,0.00906101492288751,0.00871716102324973,0.009163241757914959,0.00797369313214101,0.007360332121976317,0.008159560104918188,0.007592665837947791,0.007629839232503228,0.00714658510328256,0.007982986480779868,0.010585124099660385,0.010111163319078577
13221,0.0006412410560812699,0.000650534404720129,0.000650534404720129,0.000687707799275565,0.0007899346343030137,0.0008271080288584497,0.0008735747720527446,0.0009479215611636166,0.0010222683502744885,0.0012824821121625398,0.0016263360118003224,0.0019330165168826691,0.0023419238569924645,0.0029924582617125934,0.0036987527582658763,0.004405047254819159,0.00503699496226157,0.005260035329594186,0.005325088770066199,0.005213568586399891,0.005018408264983853,0.005064875008178147,0.005083461705455865,0.005352968815982776,0.005269328678233045,0.005157808494566737,0.005418022256454789,0.005743289458814853,0.004832541292206673,0.005473782348287942,0.005975623174786327,0.005576009183315391,0.0035965259232384277,0.006533224093117867,0.008540587399111408,0.007564785792031215,0.009228295198386973,0.01062229749421582,0.013716982590955863,0.013196555067179759,0.012276513551932721,0.01328948855356835,0.010873217907465012,0.01017621675955059,0.009767309419440793,0.00906101492288751,0.00871716102324973,0.009163241757914959,0.00797369313214101,0.007360332121976317,0.008159560104918188,0.007592665837947791,0.007629839232503228,0.00714658510328256,0.007982986480779868,0.010585124099660385,0.010111163319078577
13223,0.0006412410560812699,0.000650534404720129,0.000650534404720129,0.000687707799275565,0.0007899346343030137,0.0008271080288584497,0.0008735747720527446,0.0009479215611636166,0.0010222683502744885,0.0012824821121625398,0.0016263360118003224,0.0019330165168826691,0.0023419238569924645,0.0029924582617125934,0.0036987527582658763,0.004405047254819159,0.00503699496226157,0.005260035329594186,0.005325088770066199,0.005213568586399891,0.005018408264983853,0.005064875008178147,0.005083461705455865,0.005352968815982776,0.005269328678233045,0.005157808494566737,0.005418022256454789,0.005743289458814853,0.004832541292206673,0.005473782348287942,0.005975623174786327,0.005576009183315391,0.0035965259232384277,0.006533224093117867,0.008540587399111408,0.007564785792031215,0.009228295198386973,0.01062229749421582,0.013716982590955863,0.013196555067179759,0.012276513551932721,0.01328948855356835,0.010873217907465012,0.01017621675955059,0.009767309419440793,0.00906101492288751,0.00871716102324973,0.009163241757914959,0.00797369313214101,0.007360332121976317,0.008159560104918188,0.007592665837947791,0.007629839232503228,0.00714658510328256,0.007982986480779868,0.010585124099660385,0.010111163319078577
13225,0.0006412410560812699,0.000650534404720129,0.000650534404720129,0.000687707799275565,0.0007899346343030137,0.0008271080288584497,0.0008735747720527446,0.0009479215611636166,0.0010222683502744885,0.0012824821121625398,0.0016263360118003224,0.0019330165168826691,0.0023419238569924645,0.0029924582617125934,0.0036987527582658763,0.004405047254819159,0.00503699496226157,0.005260035329594186,0.005325088770066199,0.005213568586399891,0.005018408264983853,0.005064875008178147,0.005083461705455865,0.005352968815982776,0.005269328678233045,0.005157808494566737,0.005418022256454789,0.005743289458814853,0.004832541292206673,0.005473782348287942,0.005975623174786327,0.005576009183315391,0.0035965259232384277,0.006533224093117867,0.008540587399111408,0.007564785792031215,0.009228295198386973,0.01062229749421582,0.013716982590955863,0.013196555067179759,0.012276513551932721,0.01328948855356835,0.010873217907465012,0.01017621675955059,0.009767309419440793,0.00906101492288751,0.00871716102324973,0.009163241757914959,0.00797369313214101,0.007360332121976317,0.008159560104918188,0.007592665837947791,0.007629839232503228,0.00714658510328256,0.007982986480779868,0.010585124099660385,0.010111163319078577
13227,0.0006412410560812699,0.000650534404720129,0.000650534404720129,0.000687707799275565,0.0007899346343030137,0.0008271080288584497,0.0008735747720527446,0.0009479215611636166,0.0010222683502744885,0.0012824821121625398,0.0016263360118003224,0.0019330165168826691,0.0023419238569924645,0.0029924582617125934,0.0036987527582658763,0.004405047254819159,0.00503699496226157,0.005260035329594186,0.005325088770066199,0.005213568586399891,0.005018408264983853,0.005064875008178147,0.005083461705455865,0.005352968815982776,0.005269328678233045,0.005157808494566737,0.005418022256454789,0.005743289458814853,0.004832541292206673,0.005473782348287942,0.005975623174786327,0.005576009183315391,0.0035965259232384277,0.006533224093117867,0.008540587399111408,0.007564785792031215,0.009228295198386973,0.01062229749421582,0.013716982590955863,0.013196555067179759,0.012276513551932721,0.01328948855356835,0.010873217907465012,0.01017621675955059,0.009767309419440793,0.00906101492288751,0.00871716102324973,0.009163241757914959,0.00797369313214101,0.007360332121976317,0.008159560104918188,0.007592665837947791,0.007629839232503228,0.00714658510328256,0.007982986480779868,0.010585124099660385,0.010111163319078577
13229,0.0006412410560812699,0.000650534404720129,0.000650534404720129,0.000687707799275565,0.0007899346343030137,0.0008271080288584497,0.0008735747720527446,0.0009479215611636166,0.0010222683502744885,0.0012824821121625398,0.0016263360118003224,0.0019330165168826691,0.0023419238569924645,0.0029924582617125934,0.0036987527582658763,0.004405047254819159,0.00503699496226157,0.005260035329594186,0.005325088770066199,0.005213568586399891,0.005018408264983853,0.005064875008178147,0.005083461705455865,0.005352968815982776,0.005269328678233045,0.005157808494566737,0.005418022256454789,0.005743289458814853,0.004832541292206673,0.005473782348287942,0.005975623174786327,0.005576009183315391,0.0035965259232384277,0.006533224093117867,0.008540587399111408,0.007564785792031215,0.009228295198386973,0.01062229749421582,0.013716982590955863,0.013196555067179759,0.012276513551932721,0.01328948855356835,0.010873217907465012,0.01017621675955059,0.009767309419440793,0.00906101492288751,0.00871716102324973,0.009163241757914959,0.00797369313214101,0.007360332121976317,0.008159560104918188,0.007592665837947791,0.007629839232503228,0.00714658510328256,0.007982986480779868,0.010585124099660385,0.010111163319078577
13231,0.0006412410560812699,0.000650534404720129,0.000650534404720129,0.000687707799275565,0.0007899346343030137,0.0008271080288584497,0.0008735747720527446,0.0009479215611636166,0.0010222683502744885,0.0012824821121625398,0.0016263360118003224,0.0019330165168826691,0.0023419238569924645,0.0029924582617125934,0.0036987527582658763,0.004405047254819159,0.00503699496226157,0.005260035329594186,0.005325088770066199,0.005213568586399891,0.005018408264983853,0.005064875008178147,0.005083461705455865,0.005352968815982776,0.005269328678233045,0.005157808494566737,0.005418022256454789,0.005743289458814853,0.004832541292206673,0.005473782348287942,0.005975623174786327,0.005576009183315391,0.0035965259232384277,0.006533224093117867,0.008540587399111408,0.007564785792031215,0.009228295198386973,0.01062229749421582,0.013716982590955863,0.013196555067179759,0.012276513551932721,0.01328948855356835,0.010873217907465012,0.01017621675955059,0.009767309419440793,0.00906101492288751,0.00871716102324973,0.009163241757914959,0.00797369313214101,0.007360332121976317,0.008159560104918188,0.007592665837947791,0.007629839232503228,0.00714658510328256,0.007982986480779868,0.010585124099660385,0.010111163319078577
13233,0.0006412410560812699,0.000650534404720129,0.000650534404720129,0.000687707799275565,0.0007899346343030137,0.0008271080288584497,0.0008735747720527446,0.0009479215611636166,0.0010222683502744885,0.0012824821121625398,0.0016263360118003224,0.0019330165168826691,0.0023419238569924645,0.0029924582617125934,0.0036987527582658763,0.004405047254819159,0.00503699496226157,0.005260035329594186,0.005325088770066199,0.005213568586399891,0.005018408264983853,0.005064875008178147,0.005083461705455865,0.005352968815982776,0.005269328678233045,0.005157808494566737,0.005418022256454789,0.005743289458814853,0.004832541292206673,0.005473782348287942,0.005975623174786327,0.005576009183315391,0.0035965259232384277,0.006533224093117867,0.008540587399111408,0.007564785792031215,0.009228295198386973,0.01062229749421582,0.013716982590955863,0.013196555067179759,0.012276513551932721,0.01328948855356835,0.010873217907465012,0.01017621675955059,0.009767309419440793,0.00906101492288751,0.00871716102324973,0.009163241757914959,0.00797369313214101,0.007360332121976317,0.008159560104918188,0.007592665837947791,0.007629839232503228,0.00714658510328256,0.007982986480779868,0.010585124099660385,0.010111163319078577
13235,0.0006412410560812699,0.000650534404720129,0.000650534404720129,0.000687707799275565,0.0007899346343030137,0.0008271080288584497,0.0008735747720527446,0.0009479215611636166,0.0010222683502744885,0.0012824821121625398,0.0016263360118003224,0.0019330165168826691,0.0023419238569924645,0.0029924582617125934,0.0036987527582658763,0.004405047254819159,0.00503699496226157,0.005260035329594186,0.005325088770066199,0.005213568586399891,0.005018408264983853,0.005064875008178147,0.005083461705455865,0.005352968815982776,0.005269328678233045,0.005157808494566737,0.005418022256454789,0.005743289458814853,0.004832541292206673,0.005473782348287942,0.005975623174786327,0.005576009183315391,0.0035965259232384277,0.006533224093117867,0.008540587399111408,0.007564785792031215,0.009228295198386973,0.01062229749421582,0.013716982590955863,0.013196555067179759,0.012276513551932721,0.01328948855356835,0.010873217907465012,0.01017621675955059,0.009767309419440793,0.00906101492288751,0.00871716102324973,0.009163241757914959,0.00797369313214101,0.007360332121976317,0.008159560104918188,0.007592665837947791,0.007629839232503228,0.00714658510328256,0.007982986480779868,0.010585124099660385,0.010111163319078577
13237,0.0006412410560812699,0.000650534404720129,0.000650534404720129,0.000687707799275565,0.0007899346343030137,0.0008271080288584497,0.0008735747720527446,0.0009479215611636166,0.0010222683502744885,0.0012824821121625398,0.0016263360118003224,0.0019330165168826691,0.0023419238569924645,0.0029924582617125934,0.0036987527582658763,0.004405047254819159,0.00503699496226157,0.005260035329594186,0.005325088770066199,0.005213568586399891,0.005018408264983853,0.005064875008178147,0.005083461705455865,0.005352968815982776,0.005269328678233045,0.005157808494566737,0.005418022256454789,0.005743289458814853,0.004832541292206673,0.005473782348287942,0.005975623174786327,0.005576009183315391,0.0035965259232384277,0.006533224093117867,0.008540587399111408,0.007564785792031215,0.009228295198386973,0.01062229749421582,0.013716982590955863,0.013196555067179759,0.012276513551932721,0.01328948855356835,0.010873217907465012,0.01017621675955059,0.009767309419440793,0.00906101492288751,0.00871716102324973,0.009163241757914959,0.00797369313214101,0.007360332121976317,0.008159560104918188,0.007592665837947791,0.007629839232503228,0.00714658510328256,0.007982986480779868,0.010585124099660385,0.010111163319078577
13239,0.0006412410560812699,0.000650534404720129,0.000650534404720129,0.000687707799275565,0.0007899346343030137,0.0008271080288584497,0.0008735747720527446,0.0009479215611636166,0.0010222683502744885,0.0012824821121625398,0.0016263360118003224,0.0019330165168826691,0.0023419238569924645,0.0029924582617125934,0.0036987527582658763,0.004405047254819159,0.00503699496226157,0.005260035329594186,0.005325088770066199,0.005213568586399891,0.005018408264983853,0.005064875008178147,0.005083461705455865,0.005352968815982776,0.005269328678233045,0.005157808494566737,0.005418022256454789,0.005743289458814853,0.004832541292206673,0.005473782348287942,0.005975623174786327,0.005576009183315391,0.0035965259232384277,0.006533224093117867,0.008540587399111408,0.007564785792031215,0.009228295198386973,0.01062229749421582,0.013716982590955863,0.013196555067179759,0.012276513551932721,0.01328948855356835,0.010873217907465012,0.01017621675955059,0.009767309419440793,0.00906101492288751,0.00871716102324973,0.009163241757914959,0.00797369313214101,0.007360332121976317,0.008159560104918188,0.007592665837947791,0.007629839232503228,0.00714658510328256,0.007982986480779868,0.010585124099660385,0.010111163319078577
13241,0.0006412410560812699,0.000650534404720129,0.000650534404720129,0.000687707799275565,0.0007899346343030137,0.0008271080288584497,0.0008735747720527446,0.0009479215611636166,0.0010222683502744885,0.0012824821121625398,0.0016263360118003224,0.0019330165168826691,0.0023419238569924645,0.0029924582617125934,0.0036987527582658763,0.004405047254819159,0.00503699496226157,0.005260035329594186,0.005325088770066199,0.005213568586399891,0.005018408264983853,0.005064875008178147,0.005083461705455865,0.005352968815982776,0.005269328678233045,0.005157808494566737,0.005418022256454789,0.005743289458814853,0.004832541292206673,0.005473782348287942,0.005975623174786327,0.005576009183315391,0.0035965259232384277,0.006533224093117867,0.008540587399111408,0.007564785792031215,0.009228295198386973,0.01062229749421582,0.013716982590955863,0.013196555067179759,0.012276513551932721,0.01328948855356835,0.010873217907465012,0.01017621675955059,0.009767309419440793,0.00906101492288751,0.00871716102324973,0.009163241757914959,0.00797369313214101,0.007360332121976317,0.008159560104918188,0.007592665837947791,0.007629839232503228,0.00714658510328256,0.007982986480779868,0.010585124099660385,0.010111163319078577
13243,0.0006412410560812699,0.000650534404720129,0.000650534404720129,0.000687707799275565,0.0007899346343030137,0.0008271080288584497,0.0008735747720527446,0.0009479215611636166,0.0010222683502744885,0.0012824821121625398,0.0016263360118003224,0.0019330165168826691,0.0023419238569924645,0.0029924582617125934,0.0036987527582658763,0.004405047254819159,0.00503699496226157,0.005260035329594186,0.005325088770066199,0.005213568586399891,0.005018408264983853,0.005064875008178147,0.005083461705455865,0.005352968815982776,0.005269328678233045,0.005157808494566737,0.005418022256454789,0.005743289458814853,0.004832541292206673,0.005473782348287942,0.005975623174786327,0.005576009183315391,0.0035965259232384277,0.006533224093117867,0.008540587399111408,0.007564785792031215,0.009228295198386973,0.01062229749421582,0.013716982590955863,0.013196555067179759,0.012276513551932721,0.01328948855356835,0.010873217907465012,0.01017621675955059,0.009767309419440793,0.00906101492288751,0.00871716102324973,0.009163241757914959,0.00797369313214101,0.007360332121976317,0.008159560104918188,0.007592665837947791,0.007629839232503228,0.00714658510328256,0.007982986480779868,0.010585124099660385,0.010111163319078577
13245,0.0006412410560812699,0.000650534404720129,0.000650534404720129,0.000687707799275565,0.0007899346343030137,0.0008271080288584497,0.0008735747720527446,0.0009479215611636166,0.0010222683502744885,0.0012824821121625398,0.0016263360118003224,0.0019330165168826691,0.0023419238569924645,0.0029924582617125934,0.0036987527582658763,0.004405047254819159,0.00503699496226157,0.005260035329594186,0.005325088770066199,0.005213568586399891,0.005018408264983853,0.005064875008178147,0.005083461705455865,0.005352968815982776,0.005269328678233045,0.005157808494566737,0.005418022256454789,0.005743289458814853,0.004832541292206673,0.005473782348287942,0.005975623174786327,0.005576009183315391,0.0035965259232384277,0.006533224093117867,0.008540587399111408,0.007564785792031215,0.009228295198386973,0.01062229749421582,0.013716982590955863,0.013196555067179759,0.012276513551932721,0.01328948855356835,0.010873217907465012,0.01017621675955059,0.009767309419440793,0.00906101492288751,0.00871716102324973,0.009163241757914959,0.00797369313214101,0.007360332121976317,0.008159560104918188,0.007592665837947791,0.007629839232503228,0.00714658510328256,0.007982986480779868,0.010585124099660385,0.010111163319078577
13247,0.0006412410560812699,0.000650534404720129,0.000650534404720129,0.000687707799275565,0.0007899346343030137,0.0008271080288584497,0.0008735747720527446,0.0009479215611636166,0.0010222683502744885,0.0012824821121625398,0.0016263360118003224,0.0019330165168826691,0.0023419238569924645,0.0029924582617125934,0.0036987527582658763,0.004405047254819159,0.00503699496226157,0.005260035329594186,0.005325088770066199,0.005213568586399891,0.005018408264983853,0.005064875008178147,0.005083461705455865,0.005352968815982776,0.005269328678233045,0.005157808494566737,0.005418022256454789,0.005743289458814853,0.004832541292206673,0.005473782348287942,0.005975623174786327,0.005576009183315391,0.0035965259232384277,0.006533224093117867,0.008540587399111408,0.007564785792031215,0.009228295198386973,0.01062229749421582,0.013716982590955863,0.013196555067179759,0.012276513551932721,0.01328948855356835,0.010873217907465012,0.01017621675955059,0.009767309419440793,0.00906101492288751,0.00871716102324973,0.009163241757914959,0.00797369313214101,0.007360332121976317,0.008159560104918188,0.007592665837947791,0.007629839232503228,0.00714658510328256,0.007982986480779868,0.010585124099660385,0.010111163319078577
13249,0.0006412410560812699,0.000650534404720129,0.000650534404720129,0.000687707799275565,0.0007899346343030137,0.0008271080288584497,0.0008735747720527446,0.0009479215611636166,0.0010222683502744885,0.0012824821121625398,0.0016263360118003224,0.0019330165168826691,0.0023419238569924645,0.0029924582617125934,0.0036987527582658763,0.004405047254819159,0.00503699496226157,0.005260035329594186,0.005325088770066199,0.005213568586399891,0.005018408264983853,0.005064875008178147,0.005083461705455865,0.005352968815982776,0.005269328678233045,0.005157808494566737,0.005418022256454789,0.005743289458814853,0.004832541292206673,0.005473782348287942,0.005975623174786327,0.005576009183315391,0.0035965259232384277,0.006533224093117867,0.008540587399111408,0.007564785792031215,0.009228295198386973,0.01062229749421582,0.013716982590955863,0.013196555067179759,0.012276513551932721,0.01328948855356835,0.010873217907465012,0.01017621675955059,0.009767309419440793,0.00906101492288751,0.00871716102324973,0.009163241757914959,0.00797369313214101,0.007360332121976317,0.008159560104918188,0.007592665837947791,0.007629839232503228,0.00714658510328256,0.007982986480779868,0.010585124099660385,0.010111163319078577
13251,0.0006412410560812699,0.000650534404720129,0.000650534404720129,0.000687707799275565,0.0007899346343030137,0.0008271080288584497,0.0008735747720527446,0.0009479215611636166,0.0010222683502744885,0.0012824821121625398,0.0016263360118003224,0.0019330165168826691,0.0023419238569924645,0.0029924582617125934,0.0036987527582658763,0.004405047254819159,0.00503699496226157,0.005260035329594186,0.005325088770066199,0.005213568586399891,0.005018408264983853,0.005064875008178147,0.005083461705455865,0.005352968815982776,0.005269328678233045,0.005157808494566737,0.005418022256454789,0.005743289458814853,0.004832541292206673,0.005473782348287942,0.005975623174786327,0.005576009183315391,0.0035965259232384277,0.006533224093117867,0.008540587399111408,0.007564785792031215,0.009228295198386973,0.01062229749421582,0.013716982590955863,0.013196555067179759,0.012276513551932721,0.01328948855356835,0.010873217907465012,0.01017621675955059,0.009767309419440793,0.00906101492288751,0.00871716102324973,0.009163241757914959,0.00797369313214101,0.007360332121976317,0.008159560104918188,0.007592665837947791,0.007629839232503228,0.00714658510328256,0.007982986480779868,0.010585124099660385,0.010111163319078577
13253,0.0006412410560812699,0.000650534404720129,0.000650534404720129,0.000687707799275565,0.0007899346343030137,0.0008271080288584497,0.0008735747720527446,0.0009479215611636166,0.0010222683502744885,0.0012824821121625398,0.0016263360118003224,0.0019330165168826691,0.0023419238569924645,0.0029924582617125934,0.0036987527582658763,0.004405047254819159,0.00503699496226157,0.005260035329594186,0.005325088770066199,0.005213568586399891,0.005018408264983853,0.005064875008178147,0.005083461705455865,0.005352968815982776,0.005269328678233045,0.005157808494566737,0.005418022256454789,0.005743289458814853,0.004832541292206673,0.005473782348287942,0.005975623174786327,0.005576009183315391,0.0035965259232384277,0.006533224093117867,0.008540587399111408,0.007564785792031215,0.009228295198386973,0.01062229749421582,0.013716982590955863,0.013196555067179759,0.012276513551932721,0.01328948855356835,0.010873217907465012,0.01017621675955059,0.009767309419440793,0.00906101492288751,0.00871716102324973,0.009163241757914959,0.00797369313214101,0.007360332121976317,0.008159560104918188,0.007592665837947791,0.007629839232503228,0.00714658510328256,0.007982986480779868,0.010585124099660385,0.010111163319078577
13255,0.0006412410560812699,0.000650534404720129,0.000650534404720129,0.000687707799275565,0.0007899346343030137,0.0008271080288584497,0.0008735747720527446,0.0009479215611636166,0.0010222683502744885,0.0012824821121625398,0.0016263360118003224,0.0019330165168826691,0.0023419238569924645,0.0029924582617125934,0.0036987527582658763,0.004405047254819159,0.00503699496226157,0.005260035329594186,0.005325088770066199,0.005213568586399891,0.005018408264983853,0.005064875008178147,0.005083461705455865,0.005352968815982776,0.005269328678233045,0.005157808494566737,0.005418022256454789,0.005743289458814853,0.004832541292206673,0.005473782348287942,0.005975623174786327,0.005576009183315391,0.0035965259232384277,0.006533224093117867,0.008540587399111408,0.007564785792031215,0.009228295198386973,0.01062229749421582,0.013716982590955863,0.013196555067179759,0.012276513551932721,0.01328948855356835,0.010873217907465012,0.01017621675955059,0.009767309419440793,0.00906101492288751,0.00871716102324973,0.009163241757914959,0.00797369313214101,0.007360332121976317,0.008159560104918188,0.007592665837947791,0.007629839232503228,0.00714658510328256,0.007982986480779868,0.010585124099660385,0.010111163319078577
13257,0.0006412410560812699,0.000650534404720129,0.000650534404720129,0.000687707799275565,0.0007899346343030137,0.0008271080288584497,0.0008735747720527446,0.0009479215611636166,0.0010222683502744885,0.0012824821121625398,0.0016263360118003224,0.0019330165168826691,0.0023419238569924645,0.0029924582617125934,0.0036987527582658763,0.004405047254819159,0.00503699496226157,0.005260035329594186,0.005325088770066199,0.005213568586399891,0.005018408264983853,0.005064875008178147,0.005083461705455865,0.005352968815982776,0.005269328678233045,0.005157808494566737,0.005418022256454789,0.005743289458814853,0.004832541292206673,0.005473782348287942,0.005975623174786327,0.005576009183315391,0.0035965259232384277,0.006533224093117867,0.008540587399111408,0.007564785792031215,0.009228295198386973,0.01062229749421582,0.013716982590955863,0.013196555067179759,0.012276513551932721,0.01328948855356835,0.010873217907465012,0.01017621675955059,0.009767309419440793,0.00906101492288751,0.00871716102324973,0.009163241757914959,0.00797369313214101,0.007360332121976317,0.008159560104918188,0.007592665837947791,0.007629839232503228,0.00714658510328256,0.007982986480779868,0.010585124099660385,0.010111163319078577
13259,0.0006412410560812699,0.000650534404720129,0.000650534404720129,0.000687707799275565,0.0007899346343030137,0.0008271080288584497,0.0008735747720527446,0.0009479215611636166,0.0010222683502744885,0.0012824821121625398,0.0016263360118003224,0.0019330165168826691,0.0023419238569924645,0.0029924582617125934,0.0036987527582658763,0.004405047254819159,0.00503699496226157,0.005260035329594186,0.005325088770066199,0.005213568586399891,0.005018408264983853,0.005064875008178147,0.005083461705455865,0.005352968815982776,0.005269328678233045,0.005157808494566737,0.005418022256454789,0.005743289458814853,0.004832541292206673,0.005473782348287942,0.005975623174786327,0.005576009183315391,0.0035965259232384277,0.006533224093117867,0.008540587399111408,0.007564785792031215,0.009228295198386973,0.01062229749421582,0.013716982590955863,0.013196555067179759,0.012276513551932721,0.01328948855356835,0.010873217907465012,0.01017621675955059,0.009767309419440793,0.00906101492288751,0.00871716102324973,0.009163241757914959,0.00797369313214101,0.007360332121976317,0.008159560104918188,0.007592665837947791,0.007629839232503228,0.00714658510328256,0.007982986480779868,0.010585124099660385,0.010111163319078577
13261,0.0006412410560812699,0.000650534404720129,0.000650534404720129,0.000687707799275565,0.0007899346343030137,0.0008271080288584497,0.0008735747720527446,0.0009479215611636166,0.0010222683502744885,0.0012824821121625398,0.0016263360118003224,0.0019330165168826691,0.0023419238569924645,0.0029924582617125934,0.0036987527582658763,0.004405047254819159,0.00503699496226157,0.005260035329594186,0.005325088770066199,0.005213568586399891,0.005018408264983853,0.005064875008178147,0.005083461705455865,0.005352968815982776,0.005269328678233045,0.005157808494566737,0.005418022256454789,0.005743289458814853,0.004832541292206673,0.005473782348287942,0.005975623174786327,0.005576009183315391,0.0035965259232384277,0.006533224093117867,0.008540587399111408,0.007564785792031215,0.009228295198386973,0.01062229749421582,0.013716982590955863,0.013196555067179759,0.012276513551932721,0.01328948855356835,0.010873217907465012,0.01017621675955059,0.009767309419440793,0.00906101492288751,0.00871716102324973,0.009163241757914959,0.00797369313214101,0.007360332121976317,0.008159560104918188,0.007592665837947791,0.007629839232503228,0.00714658510328256,0.007982986480779868,0.010585124099660385,0.010111163319078577
13263,0.0006412410560812699,0.000650534404720129,0.000650534404720129,0.000687707799275565,0.0007899346343030137,0.0008271080288584497,0.0008735747720527446,0.0009479215611636166,0.0010222683502744885,0.0012824821121625398,0.0016263360118003224,0.0019330165168826691,0.0023419238569924645,0.0029924582617125934,0.0036987527582658763,0.004405047254819159,0.00503699496226157,0.005260035329594186,0.005325088770066199,0.005213568586399891,0.005018408264983853,0.005064875008178147,0.005083461705455865,0.005352968815982776,0.005269328678233045,0.005157808494566737,0.005418022256454789,0.005743289458814853,0.004832541292206673,0.005473782348287942,0.005975623174786327,0.005576009183315391,0.0035965259232384277,0.006533224093117867,0.008540587399111408,0.007564785792031215,0.009228295198386973,0.01062229749421582,0.013716982590955863,0.013196555067179759,0.012276513551932721,0.01328948855356835,0.010873217907465012,0.01017621675955059,0.009767309419440793,0.00906101492288751,0.00871716102324973,0.009163241757914959,0.00797369313214101,0.007360332121976317,0.008159560104918188,0.007592665837947791,0.007629839232503228,0.00714658510328256,0.007982986480779868,0.010585124099660385,0.010111163319078577
13265,0.0006412410560812699,0.000650534404720129,0.000650534404720129,0.000687707799275565,0.0007899346343030137,0.0008271080288584497,0.0008735747720527446,0.0009479215611636166,0.0010222683502744885,0.0012824821121625398,0.0016263360118003224,0.0019330165168826691,0.0023419238569924645,0.0029924582617125934,0.0036987527582658763,0.004405047254819159,0.00503699496226157,0.005260035329594186,0.005325088770066199,0.005213568586399891,0.005018408264983853,0.005064875008178147,0.005083461705455865,0.005352968815982776,0.005269328678233045,0.005157808494566737,0.005418022256454789,0.005743289458814853,0.004832541292206673,0.005473782348287942,0.005975623174786327,0.005576009183315391,0.0035965259232384277,0.006533224093117867,0.008540587399111408,0.007564785792031215,0.009228295198386973,0.01062229749421582,0.013716982590955863,0.013196555067179759,0.012276513551932721,0.01328948855356835,0.010873217907465012,0.01017621675955059,0.009767309419440793,0.00906101492288751,0.00871716102324973,0.009163241757914959,0.00797369313214101,0.007360332121976317,0.008159560104918188,0.007592665837947791,0.007629839232503228,0.00714658510328256,0.007982986480779868,0.010585124099660385,0.010111163319078577
13267,0.0006412410560812699,0.000650534404720129,0.000650534404720129,0.000687707799275565,0.0007899346343030137,0.0008271080288584497,0.0008735747720527446,0.0009479215611636166,0.0010222683502744885,0.0012824821121625398,0.0016263360118003224,0.0019330165168826691,0.0023419238569924645,0.0029924582617125934,0.0036987527582658763,0.004405047254819159,0.00503699496226157,0.005260035329594186,0.005325088770066199,0.005213568586399891,0.005018408264983853,0.005064875008178147,0.005083461705455865,0.005352968815982776,0.005269328678233045,0.005157808494566737,0.005418022256454789,0.005743289458814853,0.004832541292206673,0.005473782348287942,0.005975623174786327,0.005576009183315391,0.0035965259232384277,0.006533224093117867,0.008540587399111408,0.007564785792031215,0.009228295198386973,0.01062229749421582,0.013716982590955863,0.013196555067179759,0.012276513551932721,0.01328948855356835,0.010873217907465012,0.01017621675955059,0.009767309419440793,0.00906101492288751,0.00871716102324973,0.009163241757914959,0.00797369313214101,0.007360332121976317,0.008159560104918188,0.007592665837947791,0.007629839232503228,0.00714658510328256,0.007982986480779868,0.010585124099660385,0.010111163319078577
13269,0.0006412410560812699,0.000650534404720129,0.000650534404720129,0.000687707799275565,0.0007899346343030137,0.0008271080288584497,0.0008735747720527446,0.0009479215611636166,0.0010222683502744885,0.0012824821121625398,0.0016263360118003224,0.0019330165168826691,0.0023419238569924645,0.0029924582617125934,0.0036987527582658763,0.004405047254819159,0.00503699496226157,0.005260035329594186,0.005325088770066199,0.005213568586399891,0.005018408264983853,0.005064875008178147,0.005083461705455865,0.005352968815982776,0.005269328678233045,0.005157808494566737,0.005418022256454789,0.005743289458814853,0.004832541292206673,0.005473782348287942,0.005975623174786327,0.005576009183315391,0.0035965259232384277,0.006533224093117867,0.008540587399111408,0.007564785792031215,0.009228295198386973,0.01062229749421582,0.013716982590955863,0.013196555067179759,0.012276513551932721,0.01328948855356835,0.010873217907465012,0.01017621675955059,0.009767309419440793,0.00906101492288751,0.00871716102324973,0.009163241757914959,0.00797369313214101,0.007360332121976317,0.008159560104918188,0.007592665837947791,0.007629839232503228,0.00714658510328256,0.007982986480779868,0.010585124099660385,0.010111163319078577
13271,0.0006412410560812699,0.000650534404720129,0.000650534404720129,0.000687707799275565,0.0007899346343030137,0.0008271080288584497,0.0008735747720527446,0.0009479215611636166,0.0010222683502744885,0.0012824821121625398,0.0016263360118003224,0.0019330165168826691,0.0023419238569924645,0.0029924582617125934,0.0036987527582658763,0.004405047254819159,0.00503699496226157,0.005260035329594186,0.005325088770066199,0.005213568586399891,0.005018408264983853,0.005064875008178147,0.005083461705455865,0.005352968815982776,0.005269328678233045,0.005157808494566737,0.005418022256454789,0.005743289458814853,0.004832541292206673,0.005473782348287942,0.005975623174786327,0.005576009183315391,0.0035965259232384277,0.006533224093117867,0.008540587399111408,0.007564785792031215,0.009228295198386973,0.01062229749421582,0.013716982590955863,0.013196555067179759,0.012276513551932721,0.01328948855356835,0.010873217907465012,0.01017621675955059,0.009767309419440793,0.00906101492288751,0.00871716102324973,0.009163241757914959,0.00797369313214101,0.007360332121976317,0.008159560104918188,0.007592665837947791,0.007629839232503228,0.00714658510328256,0.007982986480779868,0.010585124099660385,0.010111163319078577
13273,0.0006412410560812699,0.000650534404720129,0.000650534404720129,0.000687707799275565,0.0007899346343030137,0.0008271080288584497,0.0008735747720527446,0.0009479215611636166,0.0010222683502744885,0.0012824821121625398,0.0016263360118003224,0.0019330165168826691,0.0023419238569924645,0.0029924582617125934,0.0036987527582658763,0.004405047254819159,0.00503699496226157,0.005260035329594186,0.005325088770066199,0.005213568586399891,0.005018408264983853,0.005064875008178147,0.005083461705455865,0.005352968815982776,0.005269328678233045,0.005157808494566737,0.005418022256454789,0.005743289458814853,0.004832541292206673,0.005473782348287942,0.005975623174786327,0.005576009183315391,0.0035965259232384277,0.006533224093117867,0.008540587399111408,0.007564785792031215,0.009228295198386973,0.01062229749421582,0.013716982590955863,0.013196555067179759,0.012276513551932721,0.01328948855356835,0.010873217907465012,0.01017621675955059,0.009767309419440793,0.00906101492288751,0.00871716102324973,0.009163241757914959,0.00797369313214101,0.007360332121976317,0.008159560104918188,0.007592665837947791,0.007629839232503228,0.00714658510328256,0.007982986480779868,0.010585124099660385,0.010111163319078577
13275,0.0006412410560812699,0.000650534404720129,0.000650534404720129,0.000687707799275565,0.0007899346343030137,0.0008271080288584497,0.0008735747720527446,0.0009479215611636166,0.0010222683502744885,0.0012824821121625398,0.0016263360118003224,0.0019330165168826691,0.0023419238569924645,0.0029924582617125934,0.0036987527582658763,0.004405047254819159,0.00503699496226157,0.005260035329594186,0.005325088770066199,0.005213568586399891,0.005018408264983853,0.005064875008178147,0.005083461705455865,0.005352968815982776,0.005269328678233045,0.005157808494566737,0.005418022256454789,0.005743289458814853,0.004832541292206673,0.005473782348287942,0.005975623174786327,0.005576009183315391,0.0035965259232384277,0.006533224093117867,0.008540587399111408,0.007564785792031215,0.009228295198386973,0.01062229749421582,0.013716982590955863,0.013196555067179759,0.012276513551932721,0.01328948855356835,0.010873217907465012,0.01017621675955059,0.009767309419440793,0.00906101492288751,0.00871716102324973,0.009163241757914959,0.00797369313214101,0.007360332121976317,0.008159560104918188,0.007592665837947791,0.007629839232503228,0.00714658510328256,0.007982986480779868,0.010585124099660385,0.010111163319078577
13277,0.0006412410560812699,0.000650534404720129,0.000650534404720129,0.000687707799275565,0.0007899346343030137,0.0008271080288584497,0.0008735747720527446,0.0009479215611636166,0.0010222683502744885,0.0012824821121625398,0.0016263360118003224,0.0019330165168826691,0.0023419238569924645,0.0029924582617125934,0.0036987527582658763,0.004405047254819159,0.00503699496226157,0.005260035329594186,0.005325088770066199,0.005213568586399891,0.005018408264983853,0.005064875008178147,0.005083461705455865,0.005352968815982776,0.005269328678233045,0.005157808494566737,0.005418022256454789,0.005743289458814853,0.004832541292206673,0.005473782348287942,0.005975623174786327,0.005576009183315391,0.0035965259232384277,0.006533224093117867,0.008540587399111408,0.007564785792031215,0.009228295198386973,0.01062229749421582,0.013716982590955863,0.013196555067179759,0.012276513551932721,0.01328948855356835,0.010873217907465012,0.01017621675955059,0.009767309419440793,0.00906101492288751,0.00871716102324973,0.009163241757914959,0.00797369313214101,0.007360332121976317,0.008159560104918188,0.007592665837947791,0.007629839232503228,0.00714658510328256,0.007982986480779868,0.010585124099660385,0.010111163319078577
13279,0.0006412410560812699,0.000650534404720129,0.000650534404720129,0.000687707799275565,0.0007899346343030137,0.0008271080288584497,0.0008735747720527446,0.0009479215611636166,0.0010222683502744885,0.0012824821121625398,0.0016263360118003224,0.0019330165168826691,0.0023419238569924645,0.0029924582617125934,0.0036987527582658763,0.004405047254819159,0.00503699496226157,0.005260035329594186,0.005325088770066199,0.005213568586399891,0.005018408264983853,0.005064875008178147,0.005083461705455865,0.005352968815982776,0.005269328678233045,0.005157808494566737,0.005418022256454789,0.005743289458814853,0.004832541292206673,0.005473782348287942,0.005975623174786327,0.005576009183315391,0.0035965259232384277,0.006533224093117867,0.008540587399111408,0.007564785792031215,0.009228295198386973,0.01062229749421582,0.013716982590955863,0.013196555067179759,0.012276513551932721,0.01328948855356835,0.010873217907465012,0.01017621675955059,0.009767309419440793,0.00906101492288751,0.00871716102324973,0.009163241757914959,0.00797369313214101,0.007360332121976317,0.008159560104918188,0.007592665837947791,0.007629839232503228,0.00714658510328256,0.007982986480779868,0.010585124099660385,0.010111163319078577
13281,0.0006412410560812699,0.000650534404720129,0.000650534404720129,0.000687707799275565,0.0007899346343030137,0.0008271080288584497,0.0008735747720527446,0.0009479215611636166,0.0010222683502744885,0.0012824821121625398,0.0016263360118003224,0.0019330165168826691,0.0023419238569924645,0.0029924582617125934,0.0036987527582658763,0.004405047254819159,0.00503699496226157,0.005260035329594186,0.005325088770066199,0.005213568586399891,0.005018408264983853,0.005064875008178147,0.005083461705455865,0.005352968815982776,0.005269328678233045,0.005157808494566737,0.005418022256454789,0.005743289458814853,0.004832541292206673,0.005473782348287942,0.005975623174786327,0.005576009183315391,0.0035965259232384277,0.006533224093117867,0.008540587399111408,0.007564785792031215,0.009228295198386973,0.01062229749421582,0.013716982590955863,0.013196555067179759,0.012276513551932721,0.01328948855356835,0.010873217907465012,0.01017621675955059,0.009767309419440793,0.00906101492288751,0.00871716102324973,0.009163241757914959,0.00797369313214101,0.007360332121976317,0.008159560104918188,0.007592665837947791,0.007629839232503228,0.00714658510328256,0.007982986480779868,0.010585124099660385,0.010111163319078577
13283,0.0006412410560812699,0.000650534404720129,0.000650534404720129,0.000687707799275565,0.0007899346343030137,0.0008271080288584497,0.0008735747720527446,0.0009479215611636166,0.0010222683502744885,0.0012824821121625398,0.0016263360118003224,0.0019330165168826691,0.0023419238569924645,0.0029924582617125934,0.0036987527582658763,0.004405047254819159,0.00503699496226157,0.005260035329594186,0.005325088770066199,0.005213568586399891,0.005018408264983853,0.005064875008178147,0.005083461705455865,0.005352968815982776,0.005269328678233045,0.005157808494566737,0.005418022256454789,0.005743289458814853,0.004832541292206673,0.005473782348287942,0.005975623174786327,0.005576009183315391,0.0035965259232384277,0.006533224093117867,0.008540587399111408,0.007564785792031215,0.009228295198386973,0.01062229749421582,0.013716982590955863,0.013196555067179759,0.012276513551932721,0.01328948855356835,0.010873217907465012,0.01017621675955059,0.009767309419440793,0.00906101492288751,0.00871716102324973,0.009163241757914959,0.00797369313214101,0.007360332121976317,0.008159560104918188,0.007592665837947791,0.007629839232503228,0.00714658510328256,0.007982986480779868,0.010585124099660385,0.010111163319078577
13285,0.0006412410560812699,0.000650534404720129,0.000650534404720129,0.000687707799275565,0.0007899346343030137,0.0008271080288584497,0.0008735747720527446,0.0009479215611636166,0.0010222683502744885,0.0012824821121625398,0.0016263360118003224,0.0019330165168826691,0.0023419238569924645,0.0029924582617125934,0.0036987527582658763,0.004405047254819159,0.00503699496226157,0.005260035329594186,0.005325088770066199,0.005213568586399891,0.005018408264983853,0.005064875008178147,0.005083461705455865,0.005352968815982776,0.005269328678233045,0.005157808494566737,0.005418022256454789,0.005743289458814853,0.004832541292206673,0.005473782348287942,0.005975623174786327,0.005576009183315391,0.0035965259232384277,0.006533224093117867,0.008540587399111408,0.007564785792031215,0.009228295198386973,0.01062229749421582,0.013716982590955863,0.013196555067179759,0.012276513551932721,0.01328948855356835,0.010873217907465012,0.01017621675955059,0.009767309419440793,0.00906101492288751,0.00871716102324973,0.009163241757914959,0.00797369313214101,0.007360332121976317,0.008159560104918188,0.007592665837947791,0.007629839232503228,0.00714658510328256,0.007982986480779868,0.010585124099660385,0.010111163319078577
13287,0.0006412410560812699,0.000650534404720129,0.000650534404720129,0.000687707799275565,0.0007899346343030137,0.0008271080288584497,0.0008735747720527446,0.0009479215611636166,0.0010222683502744885,0.0012824821121625398,0.0016263360118003224,0.0019330165168826691,0.0023419238569924645,0.0029924582617125934,0.0036987527582658763,0.004405047254819159,0.00503699496226157,0.005260035329594186,0.005325088770066199,0.005213568586399891,0.005018408264983853,0.005064875008178147,0.005083461705455865,0.005352968815982776,0.005269328678233045,0.005157808494566737,0.005418022256454789,0.005743289458814853,0.004832541292206673,0.005473782348287942,0.005975623174786327,0.005576009183315391,0.0035965259232384277,0.006533224093117867,0.008540587399111408,0.007564785792031215,0.009228295198386973,0.01062229749421582,0.013716982590955863,0.013196555067179759,0.012276513551932721,0.01328948855356835,0.010873217907465012,0.01017621675955059,0.009767309419440793,0.00906101492288751,0.00871716102324973,0.009163241757914959,0.00797369313214101,0.007360332121976317,0.008159560104918188,0.007592665837947791,0.007629839232503228,0.00714658510328256,0.007982986480779868,0.010585124099660385,0.010111163319078577
13289,0.0006412410560812699,0.000650534404720129,0.000650534404720129,0.000687707799275565,0.0007899346343030137,0.0008271080288584497,0.0008735747720527446,0.0009479215611636166,0.0010222683502744885,0.0012824821121625398,0.0016263360118003224,0.0019330165168826691,0.0023419238569924645,0.0029924582617125934,0.0036987527582658763,0.004405047254819159,0.00503699496226157,0.005260035329594186,0.005325088770066199,0.005213568586399891,0.005018408264983853,0.005064875008178147,0.005083461705455865,0.005352968815982776,0.005269328678233045,0.005157808494566737,0.005418022256454789,0.005743289458814853,0.004832541292206673,0.005473782348287942,0.005975623174786327,0.005576009183315391,0.0035965259232384277,0.006533224093117867,0.008540587399111408,0.007564785792031215,0.009228295198386973,0.01062229749421582,0.013716982590955863,0.013196555067179759,0.012276513551932721,0.01328948855356835,0.010873217907465012,0.01017621675955059,0.009767309419440793,0.00906101492288751,0.00871716102324973,0.009163241757914959,0.00797369313214101,0.007360332121976317,0.008159560104918188,0.007592665837947791,0.007629839232503228,0.00714658510328256,0.007982986480779868,0.010585124099660385,0.010111163319078577
13291,0.0006412410560812699,0.000650534404720129,0.000650534404720129,0.000687707799275565,0.0007899346343030137,0.0008271080288584497,0.0008735747720527446,0.0009479215611636166,0.0010222683502744885,0.0012824821121625398,0.0016263360118003224,0.0019330165168826691,0.0023419238569924645,0.0029924582617125934,0.0036987527582658763,0.004405047254819159,0.00503699496226157,0.005260035329594186,0.005325088770066199,0.005213568586399891,0.005018408264983853,0.005064875008178147,0.005083461705455865,0.005352968815982776,0.005269328678233045,0.005157808494566737,0.005418022256454789,0.005743289458814853,0.004832541292206673,0.005473782348287942,0.005975623174786327,0.005576009183315391,0.0035965259232384277,0.006533224093117867,0.008540587399111408,0.007564785792031215,0.009228295198386973,0.01062229749421582,0.013716982590955863,0.013196555067179759,0.012276513551932721,0.01328948855356835,0.010873217907465012,0.01017621675955059,0.009767309419440793,0.00906101492288751,0.00871716102324973,0.009163241757914959,0.00797369313214101,0.007360332121976317,0.008159560104918188,0.007592665837947791,0.007629839232503228,0.00714658510328256,0.007982986480779868,0.010585124099660385,0.010111163319078577
13293,0.0006412410560812699,0.000650534404720129,0.000650534404720129,0.000687707799275565,0.0007899346343030137,0.0008271080288584497,0.0008735747720527446,0.0009479215611636166,0.0010222683502744885,0.0012824821121625398,0.0016263360118003224,0.0019330165168826691,0.0023419238569924645,0.0029924582617125934,0.0036987527582658763,0.004405047254819159,0.00503699496226157,0.005260035329594186,0.005325088770066199,0.005213568586399891,0.005018408264983853,0.005064875008178147,0.005083461705455865,0.005352968815982776,0.005269328678233045,0.005157808494566737,0.005418022256454789,0.005743289458814853,0.004832541292206673,0.005473782348287942,0.005975623174786327,0.005576009183315391,0.0035965259232384277,0.006533224093117867,0.008540587399111408,0.007564785792031215,0.009228295198386973,0.01062229749421582,0.013716982590955863,0.013196555067179759,0.012276513551932721,0.01328948855356835,0.010873217907465012,0.01017621675955059,0.009767309419440793,0.00906101492288751,0.00871716102324973,0.009163241757914959,0.00797369313214101,0.007360332121976317,0.008159560104918188,0.007592665837947791,0.007629839232503228,0.00714658510328256,0.007982986480779868,0.010585124099660385,0.010111163319078577
13295,0.0006412410560812699,0.000650534404720129,0.000650534404720129,0.000687707799275565,0.0007899346343030137,0.0008271080288584497,0.0008735747720527446,0.0009479215611636166,0.0010222683502744885,0.0012824821121625398,0.0016263360118003224,0.0019330165168826691,0.0023419238569924645,0.0029924582617125934,0.0036987527582658763,0.004405047254819159,0.00503699496226157,0.005260035329594186,0.005325088770066199,0.005213568586399891,0.005018408264983853,0.005064875008178147,0.005083461705455865,0.005352968815982776,0.005269328678233045,0.005157808494566737,0.005418022256454789,0.005743289458814853,0.004832541292206673,0.005473782348287942,0.005975623174786327,0.005576009183315391,0.0035965259232384277,0.006533224093117867,0.008540587399111408,0.007564785792031215,0.009228295198386973,0.01062229749421582,0.013716982590955863,0.013196555067179759,0.012276513551932721,0.01328948855356835,0.010873217907465012,0.01017621675955059,0.009767309419440793,0.00906101492288751,0.00871716102324973,0.009163241757914959,0.00797369313214101,0.007360332121976317,0.008159560104918188,0.007592665837947791,0.007629839232503228,0.00714658510328256,0.007982986480779868,0.010585124099660385,0.010111163319078577
13297,0.0006412410560812699,0.000650534404720129,0.000650534404720129,0.000687707799275565,0.0007899346343030137,0.0008271080288584497,0.0008735747720527446,0.0009479215611636166,0.0010222683502744885,0.0012824821121625398,0.0016263360118003224,0.0019330165168826691,0.0023419238569924645,0.0029924582617125934,0.0036987527582658763,0.004405047254819159,0.00503699496226157,0.005260035329594186,0.005325088770066199,0.005213568586399891,0.005018408264983853,0.005064875008178147,0.005083461705455865,0.005352968815982776,0.005269328678233045,0.005157808494566737,0.005418022256454789,0.005743289458814853,0.004832541292206673,0.005473782348287942,0.005975623174786327,0.005576009183315391,0.0035965259232384277,0.006533224093117867,0.008540587399111408,0.007564785792031215,0.009228295198386973,0.01062229749421582,0.013716982590955863,0.013196555067179759,0.012276513551932721,0.01328948855356835,0.010873217907465012,0.01017621675955059,0.009767309419440793,0.00906101492288751,0.00871716102324973,0.009163241757914959,0.00797369313214101,0.007360332121976317,0.008159560104918188,0.007592665837947791,0.007629839232503228,0.00714658510328256,0.007982986480779868,0.010585124099660385,0.010111163319078577
13299,0.0006412410560812699,0.000650534404720129,0.000650534404720129,0.000687707799275565,0.0007899346343030137,0.0008271080288584497,0.0008735747720527446,0.0009479215611636166,0.0010222683502744885,0.0012824821121625398,0.0016263360118003224,0.0019330165168826691,0.0023419238569924645,0.0029924582617125934,0.0036987527582658763,0.004405047254819159,0.00503699496226157,0.005260035329594186,0.005325088770066199,0.005213568586399891,0.005018408264983853,0.005064875008178147,0.005083461705455865,0.005352968815982776,0.005269328678233045,0.005157808494566737,0.005418022256454789,0.005743289458814853,0.004832541292206673,0.005473782348287942,0.005975623174786327,0.005576009183315391,0.0035965259232384277,0.006533224093117867,0.008540587399111408,0.007564785792031215,0.009228295198386973,0.01062229749421582,0.013716982590955863,0.013196555067179759,0.012276513551932721,0.01328948855356835,0.010873217907465012,0.01017621675955059,0.009767309419440793,0.00906101492288751,0.00871716102324973,0.009163241757914959,0.00797369313214101,0.007360332121976317,0.008159560104918188,0.007592665837947791,0.007629839232503228,0.00714658510328256,0.007982986480779868,0.010585124099660385,0.010111163319078577
13301,0.0006412410560812699,0.000650534404720129,0.000650534404720129,0.000687707799275565,0.0007899346343030137,0.0008271080288584497,0.0008735747720527446,0.0009479215611636166,0.0010222683502744885,0.0012824821121625398,0.0016263360118003224,0.0019330165168826691,0.0023419238569924645,0.0029924582617125934,0.0036987527582658763,0.004405047254819159,0.00503699496226157,0.005260035329594186,0.005325088770066199,0.005213568586399891,0.005018408264983853,0.005064875008178147,0.005083461705455865,0.005352968815982776,0.005269328678233045,0.005157808494566737,0.005418022256454789,0.005743289458814853,0.004832541292206673,0.005473782348287942,0.005975623174786327,0.005576009183315391,0.0035965259232384277,0.006533224093117867,0.008540587399111408,0.007564785792031215,0.009228295198386973,0.01062229749421582,0.013716982590955863,0.013196555067179759,0.012276513551932721,0.01328948855356835,0.010873217907465012,0.01017621675955059,0.009767309419440793,0.00906101492288751,0.00871716102324973,0.009163241757914959,0.00797369313214101,0.007360332121976317,0.008159560104918188,0.007592665837947791,0.007629839232503228,0.00714658510328256,0.007982986480779868,0.010585124099660385,0.010111163319078577
13303,0.0006412410560812699,0.000650534404720129,0.000650534404720129,0.000687707799275565,0.0007899346343030137,0.0008271080288584497,0.0008735747720527446,0.0009479215611636166,0.0010222683502744885,0.0012824821121625398,0.0016263360118003224,0.0019330165168826691,0.0023419238569924645,0.0029924582617125934,0.0036987527582658763,0.004405047254819159,0.00503699496226157,0.005260035329594186,0.005325088770066199,0.005213568586399891,0.005018408264983853,0.005064875008178147,0.005083461705455865,0.005352968815982776,0.005269328678233045,0.005157808494566737,0.005418022256454789,0.005743289458814853,0.004832541292206673,0.005473782348287942,0.005975623174786327,0.005576009183315391,0.0035965259232384277,0.006533224093117867,0.008540587399111408,0.007564785792031215,0.009228295198386973,0.01062229749421582,0.013716982590955863,0.013196555067179759,0.012276513551932721,0.01328948855356835,0.010873217907465012,0.01017621675955059,0.009767309419440793,0.00906101492288751,0.00871716102324973,0.009163241757914959,0.00797369313214101,0.007360332121976317,0.008159560104918188,0.007592665837947791,0.007629839232503228,0.00714658510328256,0.007982986480779868,0.010585124099660385,0.010111163319078577
13305,0.0006412410560812699,0.000650534404720129,0.000650534404720129,0.000687707799275565,0.0007899346343030137,0.0008271080288584497,0.0008735747720527446,0.0009479215611636166,0.0010222683502744885,0.0012824821121625398,0.0016263360118003224,0.0019330165168826691,0.0023419238569924645,0.0029924582617125934,0.0036987527582658763,0.004405047254819159,0.00503699496226157,0.005260035329594186,0.005325088770066199,0.005213568586399891,0.005018408264983853,0.005064875008178147,0.005083461705455865,0.005352968815982776,0.005269328678233045,0.005157808494566737,0.005418022256454789,0.005743289458814853,0.004832541292206673,0.005473782348287942,0.005975623174786327,0.005576009183315391,0.0035965259232384277,0.006533224093117867,0.008540587399111408,0.007564785792031215,0.009228295198386973,0.01062229749421582,0.013716982590955863,0.013196555067179759,0.012276513551932721,0.01328948855356835,0.010873217907465012,0.01017621675955059,0.009767309419440793,0.00906101492288751,0.00871716102324973,0.009163241757914959,0.00797369313214101,0.007360332121976317,0.008159560104918188,0.007592665837947791,0.007629839232503228,0.00714658510328256,0.007982986480779868,0.010585124099660385,0.010111163319078577
13307,0.0006412410560812699,0.000650534404720129,0.000650534404720129,0.000687707799275565,0.0007899346343030137,0.0008271080288584497,0.0008735747720527446,0.0009479215611636166,0.0010222683502744885,0.0012824821121625398,0.0016263360118003224,0.0019330165168826691,0.0023419238569924645,0.0029924582617125934,0.0036987527582658763,0.004405047254819159,0.00503699496226157,0.005260035329594186,0.005325088770066199,0.005213568586399891,0.005018408264983853,0.005064875008178147,0.005083461705455865,0.005352968815982776,0.005269328678233045,0.005157808494566737,0.005418022256454789,0.005743289458814853,0.004832541292206673,0.005473782348287942,0.005975623174786327,0.005576009183315391,0.0035965259232384277,0.006533224093117867,0.008540587399111408,0.007564785792031215,0.009228295198386973,0.01062229749421582,0.013716982590955863,0.013196555067179759,0.012276513551932721,0.01328948855356835,0.010873217907465012,0.01017621675955059,0.009767309419440793,0.00906101492288751,0.00871716102324973,0.009163241757914959,0.00797369313214101,0.007360332121976317,0.008159560104918188,0.007592665837947791,0.007629839232503228,0.00714658510328256,0.007982986480779868,0.010585124099660385,0.010111163319078577
13309,0.0006412410560812699,0.000650534404720129,0.000650534404720129,0.000687707799275565,0.0007899346343030137,0.0008271080288584497,0.0008735747720527446,0.0009479215611636166,0.0010222683502744885,0.0012824821121625398,0.0016263360118003224,0.0019330165168826691,0.0023419238569924645,0.0029924582617125934,0.0036987527582658763,0.004405047254819159,0.00503699496226157,0.005260035329594186,0.005325088770066199,0.005213568586399891,0.005018408264983853,0.005064875008178147,0.005083461705455865,0.005352968815982776,0.005269328678233045,0.005157808494566737,0.005418022256454789,0.005743289458814853,0.004832541292206673,0.005473782348287942,0.005975623174786327,0.005576009183315391,0.0035965259232384277,0.006533224093117867,0.008540587399111408,0.007564785792031215,0.009228295198386973,0.01062229749421582,0.013716982590955863,0.013196555067179759,0.012276513551932721,0.01328948855356835,0.010873217907465012,0.01017621675955059,0.009767309419440793,0.00906101492288751,0.00871716102324973,0.009163241757914959,0.00797369313214101,0.007360332121976317,0.008159560104918188,0.007592665837947791,0.007629839232503228,0.00714658510328256,0.007982986480779868,0.010585124099660385,0.010111163319078577
13311,0.0006412410560812699,0.000650534404720129,0.000650534404720129,0.000687707799275565,0.0007899346343030137,0.0008271080288584497,0.0008735747720527446,0.0009479215611636166,0.0010222683502744885,0.0012824821121625398,0.0016263360118003224,0.0019330165168826691,0.0023419238569924645,0.0029924582617125934,0.0036987527582658763,0.004405047254819159,0.00503699496226157,0.005260035329594186,0.005325088770066199,0.005213568586399891,0.005018408264983853,0.005064875008178147,0.005083461705455865,0.005352968815982776,0.005269328678233045,0.005157808494566737,0.005418022256454789,0.005743289458814853,0.004832541292206673,0.005473782348287942,0.005975623174786327,0.005576009183315391,0.0035965259232384277,0.006533224093117867,0.008540587399111408,0.007564785792031215,0.009228295198386973,0.01062229749421582,0.013716982590955863,0.013196555067179759,0.012276513551932721,0.01328948855356835,0.010873217907465012,0.01017621675955059,0.009767309419440793,0.00906101492288751,0.00871716102324973,0.009163241757914959,0.00797369313214101,0.007360332121976317,0.008159560104918188,0.007592665837947791,0.007629839232503228,0.00714658510328256,0.007982986480779868,0.010585124099660385,0.010111163319078577
13313,0.0006412410560812699,0.000650534404720129,0.000650534404720129,0.000687707799275565,0.0007899346343030137,0.0008271080288584497,0.0008735747720527446,0.0009479215611636166,0.0010222683502744885,0.0012824821121625398,0.0016263360118003224,0.0019330165168826691,0.0023419238569924645,0.0029924582617125934,0.0036987527582658763,0.004405047254819159,0.00503699496226157,0.005260035329594186,0.005325088770066199,0.005213568586399891,0.005018408264983853,0.005064875008178147,0.005083461705455865,0.005352968815982776,0.005269328678233045,0.005157808494566737,0.005418022256454789,0.005743289458814853,0.004832541292206673,0.005473782348287942,0.005975623174786327,0.005576009183315391,0.0035965259232384277,0.006533224093117867,0.008540587399111408,0.007564785792031215,0.009228295198386973,0.01062229749421582,0.013716982590955863,0.013196555067179759,0.012276513551932721,0.01328948855356835,0.010873217907465012,0.01017621675955059,0.009767309419440793,0.00906101492288751,0.00871716102324973,0.009163241757914959,0.00797369313214101,0.007360332121976317,0.008159560104918188,0.007592665837947791,0.007629839232503228,0.00714658510328256,0.007982986480779868,0.010585124099660385,0.010111163319078577
13315,0.0006412410560812699,0.000650534404720129,0.000650534404720129,0.000687707799275565,0.0007899346343030137,0.0008271080288584497,0.0008735747720527446,0.0009479215611636166,0.0010222683502744885,0.0012824821121625398,0.0016263360118003224,0.0019330165168826691,0.0023419238569924645,0.0029924582617125934,0.0036987527582658763,0.004405047254819159,0.00503699496226157,0.005260035329594186,0.005325088770066199,0.005213568586399891,0.005018408264983853,0.005064875008178147,0.005083461705455865,0.005352968815982776,0.005269328678233045,0.005157808494566737,0.005418022256454789,0.005743289458814853,0.004832541292206673,0.005473782348287942,0.005975623174786327,0.005576009183315391,0.0035965259232384277,0.006533224093117867,0.008540587399111408,0.007564785792031215,0.009228295198386973,0.01062229749421582,0.013716982590955863,0.013196555067179759,0.012276513551932721,0.01328948855356835,0.010873217907465012,0.01017621675955059,0.009767309419440793,0.00906101492288751,0.00871716102324973,0.009163241757914959,0.00797369313214101,0.007360332121976317,0.008159560104918188,0.007592665837947791,0.007629839232503228,0.00714658510328256,0.007982986480779868,0.010585124099660385,0.010111163319078577
13317,0.0006412410560812699,0.000650534404720129,0.000650534404720129,0.000687707799275565,0.0007899346343030137,0.0008271080288584497,0.0008735747720527446,0.0009479215611636166,0.0010222683502744885,0.0012824821121625398,0.0016263360118003224,0.0019330165168826691,0.0023419238569924645,0.0029924582617125934,0.0036987527582658763,0.004405047254819159,0.00503699496226157,0.005260035329594186,0.005325088770066199,0.005213568586399891,0.005018408264983853,0.005064875008178147,0.005083461705455865,0.005352968815982776,0.005269328678233045,0.005157808494566737,0.005418022256454789,0.005743289458814853,0.004832541292206673,0.005473782348287942,0.005975623174786327,0.005576009183315391,0.0035965259232384277,0.006533224093117867,0.008540587399111408,0.007564785792031215,0.009228295198386973,0.01062229749421582,0.013716982590955863,0.013196555067179759,0.012276513551932721,0.01328948855356835,0.010873217907465012,0.01017621675955059,0.009767309419440793,0.00906101492288751,0.00871716102324973,0.009163241757914959,0.00797369313214101,0.007360332121976317,0.008159560104918188,0.007592665837947791,0.007629839232503228,0.00714658510328256,0.007982986480779868,0.010585124099660385,0.010111163319078577
13319,0.0006412410560812699,0.000650534404720129,0.000650534404720129,0.000687707799275565,0.0007899346343030137,0.0008271080288584497,0.0008735747720527446,0.0009479215611636166,0.0010222683502744885,0.0012824821121625398,0.0016263360118003224,0.0019330165168826691,0.0023419238569924645,0.0029924582617125934,0.0036987527582658763,0.004405047254819159,0.00503699496226157,0.005260035329594186,0.005325088770066199,0.005213568586399891,0.005018408264983853,0.005064875008178147,0.005083461705455865,0.005352968815982776,0.005269328678233045,0.005157808494566737,0.005418022256454789,0.005743289458814853,0.004832541292206673,0.005473782348287942,0.005975623174786327,0.005576009183315391,0.0035965259232384277,0.006533224093117867,0.008540587399111408,0.007564785792031215,0.009228295198386973,0.01062229749421582,0.013716982590955863,0.013196555067179759,0.012276513551932721,0.01328948855356835,0.010873217907465012,0.01017621675955059,0.009767309419440793,0.00906101492288751,0.00871716102324973,0.009163241757914959,0.00797369313214101,0.007360332121976317,0.008159560104918188,0.007592665837947791,0.007629839232503228,0.00714658510328256,0.007982986480779868,0.010585124099660385,0.010111163319078577
13321,0.0006412410560812699,0.000650534404720129,0.000650534404720129,0.000687707799275565,0.0007899346343030137,0.0008271080288584497,0.0008735747720527446,0.0009479215611636166,0.0010222683502744885,0.0012824821121625398,0.0016263360118003224,0.0019330165168826691,0.0023419238569924645,0.0029924582617125934,0.0036987527582658763,0.004405047254819159,0.00503699496226157,0.005260035329594186,0.005325088770066199,0.005213568586399891,0.005018408264983853,0.005064875008178147,0.005083461705455865,0.005352968815982776,0.005269328678233045,0.005157808494566737,0.005418022256454789,0.005743289458814853,0.004832541292206673,0.005473782348287942,0.005975623174786327,0.005576009183315391,0.0035965259232384277,0.006533224093117867,0.008540587399111408,0.007564785792031215,0.009228295198386973,0.01062229749421582,0.013716982590955863,0.013196555067179759,0.012276513551932721,0.01328948855356835,0.010873217907465012,0.01017621675955059,0.009767309419440793,0.00906101492288751,0.00871716102324973,0.009163241757914959,0.00797369313214101,0.007360332121976317,0.008159560104918188,0.007592665837947791,0.007629839232503228,0.00714658510328256,0.007982986480779868,0.010585124099660385,0.010111163319078577
16001,0.0008828681206916036,0.0008364013774973088,0.0008456947261361677,0.0009386282125247575,0.0009386282125247575,0.0009572149098024755,0.0009943883043579116,0.0011244951853019373,0.0014404690390231428,0.001914429819604951,0.0022489903706038746,0.0028623513807685677,0.003215498629045209,0.004265647025236274,0.004646674319429493,0.0056875293669816996,0.005789756202009148,0.00530650207278848,0.005287915375510763,0.004442220649374595,0.004200593584764261,0.004200593584764261,0.003903206428320774,0.0038846197310430557,0.004107660098375671,0.004089073401097954,0.004321407117069429,0.004655967668068352,0.004525860787124326,0.004237766979319697,0.004172713538847685,0.004293527071152851,0.0044329273007357355,0.005092755054094724,0.007044358268255111,0.007183758497837996,0.006440290606729277,0.00777853281072497,0.009163241757914959,0.010678057586048974,0.009916002997662538,0.009553562400747036,0.009079601620165228,0.007629839232503228,0.00751831904883692,0.006830611249561354,0.0067748511577282,0.007155878451921419,0.00705365161689397,0.006616864230867598,0.006152196798924648,0.005603889229231968,0.005055581659539289,0.005194981889122173,0.0054830756969268014,0.006598277533589879,0.008122386710362754
16003,0.0008828681206916036,0.0008364013774973088,0.0008456947261361677,0.0009386282125247575,0.0009386282125247575,0.0009572149098024755,0.0009943883043579116,0.0011244951853019373,0.0014404690390231428,0.001914429819604951,0.0022489903706038746,0.0028623513807685677,0.003215498629045209,0.004265647025236274,0.004646674319429493,0.0056875293669816996,0.005789756202009148,0.00530650207278848,0.005287915375510763,0.004442220649374595,0.004200593584764261,0.004200593584764261,0.003903206428320774,0.0038846197310430557,0.004107660098375671,0.004089073401097954,0.004321407117069429,0.004655967668068352,0.004525860787124326,0.004237766979319697,0.004172713538847685,0.004293527071152851,0.0044329273007357355,0.005092755054094724,0.007044358268255111,0.007183758497837996,0.006440290606729277,0.00777853281072497,0.009163241757914959,0.010678057586048974,0.009916002997662538,0.009553562400747036,0.009079601620165228,0.007629839232503228,0.00751831904883692,0.006830611249561354,0.0067748511577282,0.007155878451921419,0.00705365161689397,0.006616864230867598,0.006152196798924648,0.005603889229231968,0.005055581659539289,0.005194981889122173,0.0054830756969268014,0.006598277533589879,0.008122386710362754
16005,0.0008828681206916036,0.0008364013774973088,0.0008456947261361677,0.0009386282125247575,0.0009386282125247575,0.0009572149098024755,0.0009943883043579116,0.0011244951853019373,0.0014404690390231428,0.001914429819604951,0.0022489903706038746,0.0028623513807685677,0.003215498629045209,0.004265647025236274,0.004646674319429493,0.0056875293669816996,0.005789756202009148,0.00530650207278848,0.005287915375510763,0.004442220649374595,0.004200593584764261,0.004200593584764261,0.003903206428320774,0.0038846197310430557,0.004107660098375671,0.004089073401097954,0.004321407117069429,0.004655967668068352,0.004525860787124326,0.004237766979319697,0.004172713538847685,0.004293527071152851,0.0044329273007357355,0.005092755054094724,0.007044358268255111,0.007183758497837996,0.006440290606729277,0.00777853281072497,0.009163241757914959,0.010678057586048974,0.009916002997662538,0.009553562400747036,0.009079601620165228,0.007629839232503228,0.00751831904883692,0.006830611249561354,0.0067748511577282,0.007155878451921419,0.00705365161689397,0.006616864230867598,0.006152196798924648,0.005603889229231968,0.005055581659539289,0.005194981889122173,0.0054830756969268014,0.006598277533589879,0.008122386710362754
16007,0.0008828681206916036,0.0008364013774973088,0.0008456947261361677,0.0009386282125247575,0.0009386282125247575,0.0009572149098024755,0.0009943883043579116,0.0011244951853019373,0.0014404690390231428,0.001914429819604951,0.0022489903706038746,0.0028623513807685677,0.003215498629045209,0.004265647025236274,0.004646674319429493,0.0056875293669816996,0.005789756202009148,0.00530650207278848,0.005287915375510763,0.004442220649374595,0.004200593584764261,0.004200593584764261,0.003903206428320774,0.0038846197310430557,0.004107660098375671,0.004089073401097954,0.004321407117069429,0.004655967668068352,0.004525860787124326,0.004237766979319697,0.004172713538847685,0.004293527071152851,0.0044329273007357355,0.005092755054094724,0.007044358268255111,0.007183758497837996,0.006440290606729277,0.00777853281072497,0.009163241757914959,0.010678057586048974,0.009916002997662538,0.009553562400747036,0.009079601620165228,0.007629839232503228,0.00751831904883692,0.006830611249561354,0.0067748511577282,0.007155878451921419,0.00705365161689397,0.006616864230867598,0.006152196798924648,0.005603889229231968,0.005055581659539289,0.005194981889122173,0.0054830756969268014,0.006598277533589879,0.008122386710362754
16009,0.0008828681206916036,0.0008364013774973088,0.0008456947261361677,0.0009386282125247575,0.0009386282125247575,0.0009572149098024755,0.0009943883043579116,0.0011244951853019373,0.0014404690390231428,0.001914429819604951,0.0022489903706038746,0.0028623513807685677,0.003215498629045209,0.004265647025236274,0.004646674319429493,0.0056875293669816996,0.005789756202009148,0.00530650207278848,0.005287915375510763,0.004442220649374595,0.004200593584764261,0.004200593584764261,0.003903206428320774,0.0038846197310430557,0.004107660098375671,0.004089073401097954,0.004321407117069429,0.004655967668068352,0.004525860787124326,0.004237766979319697,0.004172713538847685,0.004293527071152851,0.0044329273007357355,0.005092755054094724,0.007044358268255111,0.007183758497837996,0.006440290606729277,0.00777853281072497,0.009163241757914959,0.010678057586048974,0.009916002997662538,0.009553562400747036,0.009079601620165228,0.007629839232503228,0.00751831904883692,0.006830611249561354,0.0067748511577282,0.007155878451921419,0.00705365161689397,0.006616864230867598,0.006152196798924648,0.005603889229231968,0.005055581659539289,0.005194981889122173,0.0054830756969268014,0.006598277533589879,0.008122386710362754
16011,0.0008828681206916036,0.0008364013774973088,0.0008456947261361677,0.0009386282125247575,0.0009386282125247575,0.0009572149098024755,0.0009943883043579116,0.0011244951853019373,0.0014404690390231428,0.001914429819604951,0.0022489903706038746,0.0028623513807685677,0.003215498629045209,0.004265647025236274,0.004646674319429493,0.0056875293669816996,0.005789756202009148,0.00530650207278848,0.005287915375510763,0.004442220649374595,0.004200593584764261,0.004200593584764261,0.003903206428320774,0.0038846197310430557,0.004107660098375671,0.004089073401097954,0.004321407117069429,0.004655967668068352,0.004525860787124326,0.004237766979319697,0.004172713538847685,0.004293527071152851,0.0044329273007357355,0.005092755054094724,0.007044358268255111,0.007183758497837996,0.006440290606729277,0.00777853281072497,0.009163241757914959,0.010678057586048974,0.009916002997662538,0.009553562400747036,0.009079601620165228,0.007629839232503228,0.00751831904883692,0.006830611249561354,0.0067748511577282,0.007155878451921419,0.00705365161689397,0.006616864230867598,0.006152196798924648,0.005603889229231968,0.005055581659539289,0.005194981889122173,0.0054830756969268014,0.006598277533589879,0.008122386710362754
16013,0.0008828681206916036,0.0008364013774973088,0.0008456947261361677,0.0009386282125247575,0.0009386282125247575,0.0009572149098024755,0.0009943883043579116,0.0011244951853019373,0.0014404690390231428,0.001914429819604951,0.0022489903706038746,0.0028623513807685677,0.003215498629045209,0.004265647025236274,0.004646674319429493,0.0056875293669816996,0.005789756202009148,0.00530650207278848,0.005287915375510763,0.004442220649374595,0.004200593584764261,0.004200593584764261,0.003903206428320774,0.0038846197310430557,0.004107660098375671,0.004089073401097954,0.004321407117069429,0.004655967668068352,0.004525860787124326,0.004237766979319697,0.004172713538847685,0.004293527071152851,0.0044329273007357355,0.005092755054094724,0.007044358268255111,0.007183758497837996,0.006440290606729277,0.00777853281072497,0.009163241757914959,0.010678057586048974,0.009916002997662538,0.009553562400747036,0.009079601620165228,0.007629839232503228,0.00751831904883692,0.006830611249561354,0.0067748511577282,0.007155878451921419,0.00705365161689397,0.006616864230867598,0.006152196798924648,0.005603889229231968,0.005055581659539289,0.005194981889122173,0.0054830756969268014,0.006598277533589879,0.008122386710362754
16015,0.0008828681206916036,0.0008364013774973088,0.0008456947261361677,0.0009386282125247575,0.0009386282125247575,0.0009572149098024755,0.0009943883043579116,0.0011244951853019373,0.0014404690390231428,0.001914429819604951,0.0022489903706038746,0.0028623513807685677,0.003215498629045209,0.004265647025236274,0.004646674319429493,0.0056875293669816996,0.005789756202009148,0.00530650207278848,0.005287915375510763,0.004442220649374595,0.004200593584764261,0.004200593584764261,0.003903206428320774,0.0038846197310430557,0.004107660098375671,0.004089073401097954,0.004321407117069429,0.004655967668068352,0.004525860787124326,0.004237766979319697,0.004172713538847685,0.004293527071152851,0.0044329273007357355,0.005092755054094724,0.007044358268255111,0.007183758497837996,0.006440290606729277,0.00777853281072497,0.009163241757914959,0.010678057586048974,0.009916002997662538,0.009553562400747036,0.009079601620165228,0.007629839232503228,0.00751831904883692,0.006830611249561354,0.0067748511577282,0.007155878451921419,0.00705365161689397,0.006616864230867598,0.006152196798924648,0.005603889229231968,0.005055581659539289,0.005194981889122173,0.0054830756969268014,0.006598277533589879,0.008122386710362754
16017,0.0008828681206916036,0.0008364013774973088,0.0008456947261361677,0.0009386282125247575,0.0009386282125247575,0.0009572149098024755,0.0009943883043579116,0.0011244951853019373,0.0014404690390231428,0.001914429819604951,0.0022489903706038746,0.0028623513807685677,0.003215498629045209,0.004265647025236274,0.004646674319429493,0.0056875293669816996,0.005789756202009148,0.00530650207278848,0.005287915375510763,0.004442220649374595,0.004200593584764261,0.004200593584764261,0.003903206428320774,0.0038846197310430557,0.004107660098375671,0.004089073401097954,0.004321407117069429,0.004655967668068352,0.004525860787124326,0.004237766979319697,0.004172713538847685,0.004293527071152851,0.0044329273007357355,0.005092755054094724,0.007044358268255111,0.007183758497837996,0.006440290606729277,0.00777853281072497,0.009163241757914959,0.010678057586048974,0.009916002997662538,0.009553562400747036,0.009079601620165228,0.007629839232503228,0.00751831904883692,0.006830611249561354,0.0067748511577282,0.007155878451921419,0.00705365161689397,0.006616864230867598,0.006152196798924648,0.005603889229231968,0.005055581659539289,0.005194981889122173,0.0054830756969268014,0.006598277533589879,0.008122386710362754
16019,0.0008828681206916036,0.0008364013774973088,0.0008456947261361677,0.0009386282125247575,0.0009386282125247575,0.0009572149098024755,0.0009943883043579116,0.0011244951853019373,0.0014404690390231428,0.001914429819604951,0.0022489903706038746,0.0028623513807685677,0.003215498629045209,0.004265647025236274,0.004646674319429493,0.0056875293669816996,0.005789756202009148,0.00530650207278848,0.005287915375510763,0.004442220649374595,0.004200593584764261,0.004200593584764261,0.003903206428320774,0.0038846197310430557,0.004107660098375671,0.004089073401097954,0.004321407117069429,0.004655967668068352,0.004525860787124326,0.004237766979319697,0.004172713538847685,0.004293527071152851,0.0044329273007357355,0.005092755054094724,0.007044358268255111,0.007183758497837996,0.006440290606729277,0.00777853281072497,0.009163241757914959,0.010678057586048974,0.009916002997662538,0.009553562400747036,0.009079601620165228,0.007629839232503228,0.00751831904883692,0.006830611249561354,0.0067748511577282,0.007155878451921419,0.00705365161689397,0.006616864230867598,0.006152196798924648,0.005603889229231968,0.005055581659539289,0.005194981889122173,0.0054830756969268014,0.006598277533589879,0.008122386710362754
16021,0.0008828681206916036,0.0008364013774973088,0.0008456947261361677,0.0009386282125247575,0.0009386282125247575,0.0009572149098024755,0.0009943883043579116,0.0011244951853019373,0.0014404690390231428,0.001914429819604951,0.0022489903706038746,0.0028623513807685677,0.003215498629045209,0.004265647025236274,0.004646674319429493,0.0056875293669816996,0.005789756202009148,0.00530650207278848,0.005287915375510763,0.004442220649374595,0.004200593584764261,0.004200593584764261,0.003903206428320774,0.0038846197310430557,0.004107660098375671,0.004089073401097954,0.004321407117069429,0.004655967668068352,0.004525860787124326,0.004237766979319697,0.004172713538847685,0.004293527071152851,0.0044329273007357355,0.005092755054094724,0.007044358268255111,0.007183758497837996,0.006440290606729277,0.00777853281072497,0.009163241757914959,0.010678057586048974,0.009916002997662538,0.009553562400747036,0.009079601620165228,0.007629839232503228,0.00751831904883692,0.006830611249561354,0.0067748511577282,0.007155878451921419,0.00705365161689397,0.006616864230867598,0.006152196798924648,0.005603889229231968,0.005055581659539289,0.005194981889122173,0.0054830756969268014,0.006598277533589879,0.008122386710362754
16023,0.0008828681206916036,0.0008364013774973088,0.0008456947261361677,0.0009386282125247575,0.0009386282125247575,0.0009572149098024755,0.0009943883043579116,0.0011244951853019373,0.0014404690390231428,0.001914429819604951,0.0022489903706038746,0.0028623513807685677,0.003215498629045209,0.004265647025236274,0.004646674319429493,0.0056875293669816996,0.005789756202009148,0.00530650207278848,0.005287915375510763,0.004442220649374595,0.004200593584764261,0.004200593584764261,0.003903206428320774,0.0038846197310430557,0.004107660098375671,0.004089073401097954,0.004321407117069429,0.004655967668068352,0.004525860787124326,0.004237766979319697,0.004172713538847685,0.004293527071152851,0.0044329273007357355,0.005092755054094724,0.007044358268255111,0.007183758497837996,0.006440290606729277,0.00777853281072497,0.009163241757914959,0.010678057586048974,0.009916002997662538,0.009553562400747036,0.009079601620165228,0.007629839232503228,0.00751831904883692,0.006830611249561354,0.0067748511577282,0.007155878451921419,0.00705365161689397,0.006616864230867598,0.006152196798924648,0.005603889229231968,0.005055581659539289,0.005194981889122173,0.0054830756969268014,0.006598277533589879,0.008122386710362754
16025,0.0008828681206916036,0.0008364013774973088,0.0008456947261361677,0.0009386282125247575,0.0009386282125247575,0.0009572149098024755,0.0009943883043579116,0.0011244951853019373,0.0014404690390231428,0.001914429819604951,0.0022489903706038746,0.0028623513807685677,0.003215498629045209,0.004265647025236274,0.004646674319429493,0.0056875293669816996,0.005789756202009148,0.00530650207278848,0.005287915375510763,0.004442220649374595,0.004200593584764261,0.004200593584764261,0.003903206428320774,0.0038846197310430557,0.004107660098375671,0.004089073401097954,0.004321407117069429,0.004655967668068352,0.004525860787124326,0.004237766979319697,0.004172713538847685,0.004293527071152851,0.0044329273007357355,0.005092755054094724,0.007044358268255111,0.007183758497837996,0.006440290606729277,0.00777853281072497,0.009163241757914959,0.010678057586048974,0.009916002997662538,0.009553562400747036,0.009079601620165228,0.007629839232503228,0.00751831904883692,0.006830611249561354,0.0067748511577282,0.007155878451921419,0.00705365161689397,0.006616864230867598,0.006152196798924648,0.005603889229231968,0.005055581659539289,0.005194981889122173,0.0054830756969268014,0.006598277533589879,0.008122386710362754
16027,0.0008828681206916036,0.0008364013774973088,0.0008456947261361677,0.0009386282125247575,0.0009386282125247575,0.0009572149098024755,0.0009943883043579116,0.0011244951853019373,0.0014404690390231428,0.001914429819604951,0.0022489903706038746,0.0028623513807685677,0.003215498629045209,0.004265647025236274,0.004646674319429493,0.0056875293669816996,0.005789756202009148,0.00530650207278848,0.005287915375510763,0.004442220649374595,0.004200593584764261,0.004200593584764261,0.003903206428320774,0.0038846197310430557,0.004107660098375671,0.004089073401097954,0.004321407117069429,0.004655967668068352,0.004525860787124326,0.004237766979319697,0.004172713538847685,0.004293527071152851,0.0044329273007357355,0.005092755054094724,0.007044358268255111,0.007183758497837996,0.006440290606729277,0.00777853281072497,0.009163241757914959,0.010678057586048974,0.009916002997662538,0.009553562400747036,0.009079601620165228,0.007629839232503228,0.00751831904883692,0.006830611249561354,0.0067748511577282,0.007155878451921419,0.00705365161689397,0.006616864230867598,0.006152196798924648,0.005603889229231968,0.005055581659539289,0.005194981889122173,0.0054830756969268014,0.006598277533589879,0.008122386710362754
16029,0.0008828681206916036,0.0008364013774973088,0.0008456947261361677,0.0009386282125247575,0.0009386282125247575,0.0009572149098024755,0.0009943883043579116,0.0011244951853019373,0.0014404690390231428,0.001914429819604951,0.0022489903706038746,0.0028623513807685677,0.003215498629045209,0.004265647025236274,0.004646674319429493,0.0056875293669816996,0.005789756202009148,0.00530650207278848,0.005287915375510763,0.004442220649374595,0.004200593584764261,0.004200593584764261,0.003903206428320774,0.0038846197310430557,0.004107660098375671,0.004089073401097954,0.004321407117069429,0.004655967668068352,0.004525860787124326,0.004237766979319697,0.004172713538847685,0.004293527071152851,0.0044329273007357355,0.005092755054094724,0.007044358268255111,0.007183758497837996,0.006440290606729277,0.00777853281072497,0.009163241757914959,0.010678057586048974,0.009916002997662538,0.009553562400747036,0.009079601620165228,0.007629839232503228,0.00751831904883692,0.006830611249561354,0.0067748511577282,0.007155878451921419,0.00705365161689397,0.006616864230867598,0.006152196798924648,0.005603889229231968,0.005055581659539289,0.005194981889122173,0.0054830756969268014,0.006598277533589879,0.008122386710362754
16031,0.0008828681206916036,0.0008364013774973088,0.0008456947261361677,0.0009386282125247575,0.0009386282125247575,0.0009572149098024755,0.0009943883043579116,0.0011244951853019373,0.0014404690390231428,0.001914429819604951,0.0022489903706038746,0.0028623513807685677,0.003215498629045209,0.004265647025236274,0.004646674319429493,0.0056875293669816996,0.005789756202009148,0.00530650207278848,0.005287915375510763,0.004442220649374595,0.004200593584764261,0.004200593584764261,0.003903206428320774,0.0038846197310430557,0.004107660098375671,0.004089073401097954,0.004321407117069429,0.004655967668068352,0.004525860787124326,0.004237766979319697,0.004172713538847685,0.004293527071152851,0.0044329273007357355,0.005092755054094724,0.007044358268255111,0.007183758497837996,0.006440290606729277,0.00777853281072497,0.009163241757914959,0.010678057586048974,0.009916002997662538,0.009553562400747036,0.009079601620165228,0.007629839232503228,0.00751831904883692,0.006830611249561354,0.0067748511577282,0.007155878451921419,0.00705365161689397,0.006616864230867598,0.006152196798924648,0.005603889229231968,0.005055581659539289,0.005194981889122173,0.0054830756969268014,0.006598277533589879,0.008122386710362754
16033,0.0008828681206916036,0.0008364013774973088,0.0008456947261361677,0.0009386282125247575,0.0009386282125247575,0.0009572149098024755,0.0009943883043579116,0.0011244951853019373,0.0014404690390231428,0.001914429819604951,0.0022489903706038746,0.0028623513807685677,0.003215498629045209,0.004265647025236274,0.004646674319429493,0.0056875293669816996,0.005789756202009148,0.00530650207278848,0.005287915375510763,0.004442220649374595,0.004200593584764261,0.004200593584764261,0.003903206428320774,0.0038846197310430557,0.004107660098375671,0.004089073401097954,0.004321407117069429,0.004655967668068352,0.004525860787124326,0.004237766979319697,0.004172713538847685,0.004293527071152851,0.0044329273007357355,0.005092755054094724,0.007044358268255111,0.007183758497837996,0.006440290606729277,0.00777853281072497,0.009163241757914959,0.010678057586048974,0.009916002997662538,0.009553562400747036,0.009079601620165228,0.007629839232503228,0.00751831904883692,0.006830611249561354,0.0067748511577282,0.007155878451921419,0.00705365161689397,0.006616864230867598,0.006152196798924648,0.005603889229231968,0.005055581659539289,0.005194981889122173,0.0054830756969268014,0.006598277533589879,0.008122386710362754
16035,0.0008828681206916036,0.0008364013774973088,0.0008456947261361677,0.0009386282125247575,0.0009386282125247575,0.0009572149098024755,0.0009943883043579116,0.0011244951853019373,0.0014404690390231428,0.001914429819604951,0.0022489903706038746,0.0028623513807685677,0.003215498629045209,0.004265647025236274,0.004646674319429493,0.0056875293669816996,0.005789756202009148,0.00530650207278848,0.005287915375510763,0.004442220649374595,0.004200593584764261,0.004200593584764261,0.003903206428320774,0.0038846197310430557,0.004107660098375671,0.004089073401097954,0.004321407117069429,0.004655967668068352,0.004525860787124326,0.004237766979319697,0.004172713538847685,0.004293527071152851,0.0044329273007357355,0.005092755054094724,0.007044358268255111,0.007183758497837996,0.006440290606729277,0.00777853281072497,0.009163241757914959,0.010678057586048974,0.009916002997662538,0.009553562400747036,0.009079601620165228,0.007629839232503228,0.00751831904883692,0.006830611249561354,0.0067748511577282,0.007155878451921419,0.00705365161689397,0.006616864230867598,0.006152196798924648,0.005603889229231968,0.005055581659539289,0.005194981889122173,0.0054830756969268014,0.006598277533589879,0.008122386710362754
16037,0.0008828681206916036,0.0008364013774973088,0.0008456947261361677,0.0009386282125247575,0.0009386282125247575,0.0009572149098024755,0.0009943883043579116,0.0011244951853019373,0.0014404690390231428,0.001914429819604951,0.0022489903706038746,0.0028623513807685677,0.003215498629045209,0.004265647025236274,0.004646674319429493,0.0056875293669816996,0.005789756202009148,0.00530650207278848,0.005287915375510763,0.004442220649374595,0.004200593584764261,0.004200593584764261,0.003903206428320774,0.0038846197310430557,0.004107660098375671,0.004089073401097954,0.004321407117069429,0.004655967668068352,0.004525860787124326,0.004237766979319697,0.004172713538847685,0.004293527071152851,0.0044329273007357355,0.005092755054094724,0.007044358268255111,0.007183758497837996,0.006440290606729277,0.00777853281072497,0.009163241757914959,0.010678057586048974,0.009916002997662538,0.009553562400747036,0.009079601620165228,0.007629839232503228,0.00751831904883692,0.006830611249561354,0.0067748511577282,0.007155878451921419,0.00705365161689397,0.006616864230867598,0.006152196798924648,0.005603889229231968,0.005055581659539289,0.005194981889122173,0.0054830756969268014,0.006598277533589879,0.008122386710362754
16039,0.0008828681206916036,0.0008364013774973088,0.0008456947261361677,0.0009386282125247575,0.0009386282125247575,0.0009572149098024755,0.0009943883043579116,0.0011244951853019373,0.0014404690390231428,0.001914429819604951,0.0022489903706038746,0.0028623513807685677,0.003215498629045209,0.004265647025236274,0.004646674319429493,0.0056875293669816996,0.005789756202009148,0.00530650207278848,0.005287915375510763,0.004442220649374595,0.004200593584764261,0.004200593584764261,0.003903206428320774,0.0038846197310430557,0.004107660098375671,0.004089073401097954,0.004321407117069429,0.004655967668068352,0.004525860787124326,0.004237766979319697,0.004172713538847685,0.004293527071152851,0.0044329273007357355,0.005092755054094724,0.007044358268255111,0.007183758497837996,0.006440290606729277,0.00777853281072497,0.009163241757914959,0.010678057586048974,0.009916002997662538,0.009553562400747036,0.009079601620165228,0.007629839232503228,0.00751831904883692,0.006830611249561354,0.0067748511577282,0.007155878451921419,0.00705365161689397,0.006616864230867598,0.006152196798924648,0.005603889229231968,0.005055581659539289,0.005194981889122173,0.0054830756969268014,0.006598277533589879,0.008122386710362754
16041,0.0008828681206916036,0.0008364013774973088,0.0008456947261361677,0.0009386282125247575,0.0009386282125247575,0.0009572149098024755,0.0009943883043579116,0.0011244951853019373,0.0014404690390231428,0.001914429819604951,0.0022489903706038746,0.0028623513807685677,0.003215498629045209,0.004265647025236274,0.004646674319429493,0.0056875293669816996,0.005789756202009148,0.00530650207278848,0.005287915375510763,0.004442220649374595,0.004200593584764261,0.004200593584764261,0.003903206428320774,0.0038846197310430557,0.004107660098375671,0.004089073401097954,0.004321407117069429,0.004655967668068352,0.004525860787124326,0.004237766979319697,0.004172713538847685,0.004293527071152851,0.0044329273007357355,0.005092755054094724,0.007044358268255111,0.007183758497837996,0.006440290606729277,0.00777853281072497,0.009163241757914959,0.010678057586048974,0.009916002997662538,0.009553562400747036,0.009079601620165228,0.007629839232503228,0.00751831904883692,0.006830611249561354,0.0067748511577282,0.007155878451921419,0.00705365161689397,0.006616864230867598,0.006152196798924648,0.005603889229231968,0.005055581659539289,0.005194981889122173,0.0054830756969268014,0.006598277533589879,0.008122386710362754
16043,0.0008828681206916036,0.0008364013774973088,0.0008456947261361677,0.0009386282125247575,0.0009386282125247575,0.0009572149098024755,0.0009943883043579116,0.0011244951853019373,0.0014404690390231428,0.001914429819604951,0.0022489903706038746,0.0028623513807685677,0.003215498629045209,0.004265647025236274,0.004646674319429493,0.0056875293669816996,0.005789756202009148,0.00530650207278848,0.005287915375510763,0.004442220649374595,0.004200593584764261,0.004200593584764261,0.003903206428320774,0.0038846197310430557,0.004107660098375671,0.004089073401097954,0.004321407117069429,0.004655967668068352,0.004525860787124326,0.004237766979319697,0.004172713538847685,0.004293527071152851,0.0044329273007357355,0.005092755054094724,0.007044358268255111,0.007183758497837996,0.006440290606729277,0.00777853281072497,0.009163241757914959,0.010678057586048974,0.009916002997662538,0.009553562400747036,0.009079601620165228,0.007629839232503228,0.00751831904883692,0.006830611249561354,0.0067748511577282,0.007155878451921419,0.00705365161689397,0.006616864230867598,0.006152196798924648,0.005603889229231968,0.005055581659539289,0.005194981889122173,0.0054830756969268014,0.006598277533589879,0.008122386710362754
16045,0.0008828681206916036,0.0008364013774973088,0.0008456947261361677,0.0009386282125247575,0.0009386282125247575,0.0009572149098024755,0.0009943883043579116,0.0011244951853019373,0.0014404690390231428,0.001914429819604951,0.0022489903706038746,0.0028623513807685677,0.003215498629045209,0.004265647025236274,0.004646674319429493,0.0056875293669816996,0.005789756202009148,0.00530650207278848,0.005287915375510763,0.004442220649374595,0.004200593584764261,0.004200593584764261,0.003903206428320774,0.0038846197310430557,0.004107660098375671,0.004089073401097954,0.004321407117069429,0.004655967668068352,0.004525860787124326,0.004237766979319697,0.004172713538847685,0.004293527071152851,0.0044329273007357355,0.005092755054094724,0.007044358268255111,0.007183758497837996,0.006440290606729277,0.00777853281072497,0.009163241757914959,0.010678057586048974,0.009916002997662538,0.009553562400747036,0.009079601620165228,0.007629839232503228,0.00751831904883692,0.006830611249561354,0.0067748511577282,0.007155878451921419,0.00705365161689397,0.006616864230867598,0.006152196798924648,0.005603889229231968,0.005055581659539289,0.005194981889122173,0.0054830756969268014,0.006598277533589879,0.008122386710362754
16047,0.0008828681206916036,0.0008364013774973088,0.0008456947261361677,0.0009386282125247575,0.0009386282125247575,0.0009572149098024755,0.0009943883043579116,0.0011244951853019373,0.0014404690390231428,0.001914429819604951,0.0022489903706038746,0.0028623513807685677,0.003215498629045209,0.004265647025236274,0.004646674319429493,0.0056875293669816996,0.005789756202009148,0.00530650207278848,0.005287915375510763,0.004442220649374595,0.004200593584764261,0.004200593584764261,0.003903206428320774,0.0038846197310430557,0.004107660098375671,0.004089073401097954,0.004321407117069429,0.004655967668068352,0.004525860787124326,0.004237766979319697,0.004172713538847685,0.004293527071152851,0.0044329273007357355,0.005092755054094724,0.007044358268255111,0.007183758497837996,0.006440290606729277,0.00777853281072497,0.009163241757914959,0.010678057586048974,0.009916002997662538,0.009553562400747036,0.009079601620165228,0.007629839232503228,0.00751831904883692,0.006830611249561354,0.0067748511577282,0.007155878451921419,0.00705365161689397,0.006616864230867598,0.006152196798924648,0.005603889229231968,0.005055581659539289,0.005194981889122173,0.0054830756969268014,0.006598277533589879,0.008122386710362754
16049,0.0008828681206916036,0.0008364013774973088,0.0008456947261361677,0.0009386282125247575,0.0009386282125247575,0.0009572149098024755,0.0009943883043579116,0.0011244951853019373,0.0014404690390231428,0.001914429819604951,0.0022489903706038746,0.0028623513807685677,0.003215498629045209,0.004265647025236274,0.004646674319429493,0.0056875293669816996,0.005789756202009148,0.00530650207278848,0.005287915375510763,0.004442220649374595,0.004200593584764261,0.004200593584764261,0.003903206428320774,0.0038846197310430557,0.004107660098375671,0.004089073401097954,0.004321407117069429,0.004655967668068352,0.004525860787124326,0.004237766979319697,0.004172713538847685,0.004293527071152851,0.0044329273007357355,0.005092755054094724,0.007044358268255111,0.007183758497837996,0.006440290606729277,0.00777853281072497,0.009163241757914959,0.010678057586048974,0.009916002997662538,0.009553562400747036,0.009079601620165228,0.007629839232503228,0.00751831904883692,0.006830611249561354,0.0067748511577282,0.007155878451921419,0.00705365161689397,0.006616864230867598,0.006152196798924648,0.005603889229231968,0.005055581659539289,0.005194981889122173,0.0054830756969268014,0.006598277533589879,0.008122386710362754
16051,0.0008828681206916036,0.0008364013774973088,0.0008456947261361677,0.0009386282125247575,0.0009386282125247575,0.0009572149098024755,0.0009943883043579116,0.0011244951853019373,0.0014404690390231428,0.001914429819604951,0.0022489903706038746,0.0028623513807685677,0.003215498629045209,0.004265647025236274,0.004646674319429493,0.0056875293669816996,0.005789756202009148,0.00530650207278848,0.005287915375510763,0.004442220649374595,0.004200593584764261,0.004200593584764261,0.003903206428320774,0.0038846197310430557,0.004107660098375671,0.004089073401097954,0.004321407117069429,0.004655967668068352,0.004525860787124326,0.004237766979319697,0.004172713538847685,0.004293527071152851,0.0044329273007357355,0.005092755054094724,0.007044358268255111,0.007183758497837996,0.006440290606729277,0.00777853281072497,0.009163241757914959,0.010678057586048974,0.009916002997662538,0.009553562400747036,0.009079601620165228,0.007629839232503228,0.00751831904883692,0.006830611249561354,0.0067748511577282,0.007155878451921419,0.00705365161689397,0.006616864230867598,0.006152196798924648,0.005603889229231968,0.005055581659539289,0.005194981889122173,0.0054830756969268014,0.006598277533589879,0.008122386710362754
16053,0.0008828681206916036,0.0008364013774973088,0.0008456947261361677,0.0009386282125247575,0.0009386282125247575,0.0009572149098024755,0.0009943883043579116,0.0011244951853019373,0.0014404690390231428,0.001914429819604951,0.0022489903706038746,0.0028623513807685677,0.003215498629045209,0.004265647025236274,0.004646674319429493,0.0056875293669816996,0.005789756202009148,0.00530650207278848,0.005287915375510763,0.004442220649374595,0.004200593584764261,0.004200593584764261,0.003903206428320774,0.0038846197310430557,0.004107660098375671,0.004089073401097954,0.004321407117069429,0.004655967668068352,0.004525860787124326,0.004237766979319697,0.004172713538847685,0.004293527071152851,0.0044329273007357355,0.005092755054094724,0.007044358268255111,0.007183758497837996,0.006440290606729277,0.00777853281072497,0.009163241757914959,0.010678057586048974,0.009916002997662538,0.009553562400747036,0.009079601620165228,0.007629839232503228,0.00751831904883692,0.006830611249561354,0.0067748511577282,0.007155878451921419,0.00705365161689397,0.006616864230867598,0.006152196798924648,0.005603889229231968,0.005055581659539289,0.005194981889122173,0.0054830756969268014,0.006598277533589879,0.008122386710362754
16055,0.0008828681206916036,0.0008364013774973088,0.0008456947261361677,0.0009386282125247575,0.0009386282125247575,0.0009572149098024755,0.0009943883043579116,0.0011244951853019373,0.0014404690390231428,0.001914429819604951,0.0022489903706038746,0.0028623513807685677,0.003215498629045209,0.004265647025236274,0.004646674319429493,0.0056875293669816996,0.005789756202009148,0.00530650207278848,0.005287915375510763,0.004442220649374595,0.004200593584764261,0.004200593584764261,0.003903206428320774,0.0038846197310430557,0.004107660098375671,0.004089073401097954,0.004321407117069429,0.004655967668068352,0.004525860787124326,0.004237766979319697,0.004172713538847685,0.004293527071152851,0.0044329273007357355,0.005092755054094724,0.007044358268255111,0.007183758497837996,0.006440290606729277,0.00777853281072497,0.009163241757914959,0.010678057586048974,0.009916002997662538,0.009553562400747036,0.009079601620165228,0.007629839232503228,0.00751831904883692,0.006830611249561354,0.0067748511577282,0.007155878451921419,0.00705365161689397,0.006616864230867598,0.006152196798924648,0.005603889229231968,0.005055581659539289,0.005194981889122173,0.0054830756969268014,0.006598277533589879,0.008122386710362754
16057,0.0008828681206916036,0.0008364013774973088,0.0008456947261361677,0.0009386282125247575,0.0009386282125247575,0.0009572149098024755,0.0009943883043579116,0.0011244951853019373,0.0014404690390231428,0.001914429819604951,0.0022489903706038746,0.0028623513807685677,0.003215498629045209,0.004265647025236274,0.004646674319429493,0.0056875293669816996,0.005789756202009148,0.00530650207278848,0.005287915375510763,0.004442220649374595,0.004200593584764261,0.004200593584764261,0.003903206428320774,0.0038846197310430557,0.004107660098375671,0.004089073401097954,0.004321407117069429,0.004655967668068352,0.004525860787124326,0.004237766979319697,0.004172713538847685,0.004293527071152851,0.0044329273007357355,0.005092755054094724,0.007044358268255111,0.007183758497837996,0.006440290606729277,0.00777853281072497,0.009163241757914959,0.010678057586048974,0.009916002997662538,0.009553562400747036,0.009079601620165228,0.007629839232503228,0.00751831904883692,0.006830611249561354,0.0067748511577282,0.007155878451921419,0.00705365161689397,0.006616864230867598,0.006152196798924648,0.005603889229231968,0.005055581659539289,0.005194981889122173,0.0054830756969268014,0.006598277533589879,0.008122386710362754
16059,0.0008828681206916036,0.0008364013774973088,0.0008456947261361677,0.0009386282125247575,0.0009386282125247575,0.0009572149098024755,0.0009943883043579116,0.0011244951853019373,0.0014404690390231428,0.001914429819604951,0.0022489903706038746,0.0028623513807685677,0.003215498629045209,0.004265647025236274,0.004646674319429493,0.0056875293669816996,0.005789756202009148,0.00530650207278848,0.005287915375510763,0.004442220649374595,0.004200593584764261,0.004200593584764261,0.003903206428320774,0.0038846197310430557,0.004107660098375671,0.004089073401097954,0.004321407117069429,0.004655967668068352,0.004525860787124326,0.004237766979319697,0.004172713538847685,0.004293527071152851,0.0044329273007357355,0.005092755054094724,0.007044358268255111,0.007183758497837996,0.006440290606729277,0.00777853281072497,0.009163241757914959,0.010678057586048974,0.009916002997662538,0.009553562400747036,0.009079601620165228,0.007629839232503228,0.00751831904883692,0.006830611249561354,0.0067748511577282,0.007155878451921419,0.00705365161689397,0.006616864230867598,0.006152196798924648,0.005603889229231968,0.005055581659539289,0.005194981889122173,0.0054830756969268014,0.006598277533589879,0.008122386710362754
16061,0.0008828681206916036,0.0008364013774973088,0.0008456947261361677,0.0009386282125247575,0.0009386282125247575,0.0009572149098024755,0.0009943883043579116,0.0011244951853019373,0.0014404690390231428,0.001914429819604951,0.0022489903706038746,0.0028623513807685677,0.003215498629045209,0.004265647025236274,0.004646674319429493,0.0056875293669816996,0.005789756202009148,0.00530650207278848,0.005287915375510763,0.004442220649374595,0.004200593584764261,0.004200593584764261,0.003903206428320774,0.0038846197310430557,0.004107660098375671,0.004089073401097954,0.004321407117069429,0.004655967668068352,0.004525860787124326,0.004237766979319697,0.004172713538847685,0.004293527071152851,0.0044329273007357355,0.005092755054094724,0.007044358268255111,0.007183758497837996,0.006440290606729277,0.00777853281072497,0.009163241757914959,0.010678057586048974,0.009916002997662538,0.009553562400747036,0.009079601620165228,0.007629839232503228,0.00751831904883692,0.006830611249561354,0.0067748511577282,0.007155878451921419,0.00705365161689397,0.006616864230867598,0.006152196798924648,0.005603889229231968,0.005055581659539289,0.005194981889122173,0.0054830756969268014,0.006598277533589879,0.008122386710362754
16063,0.0008828681206916036,0.0008364013774973088,0.0008456947261361677,0.0009386282125247575,0.0009386282125247575,0.0009572149098024755,0.0009943883043579116,0.0011244951853019373,0.0014404690390231428,0.001914429819604951,0.0022489903706038746,0.0028623513807685677,0.003215498629045209,0.004265647025236274,0.004646674319429493,0.0056875293669816996,0.005789756202009148,0.00530650207278848,0.005287915375510763,0.004442220649374595,0.004200593584764261,0.004200593584764261,0.003903206428320774,0.0038846197310430557,0.004107660098375671,0.004089073401097954,0.004321407117069429,0.004655967668068352,0.004525860787124326,0.004237766979319697,0.004172713538847685,0.004293527071152851,0.0044329273007357355,0.005092755054094724,0.007044358268255111,0.007183758497837996,0.006440290606729277,0.00777853281072497,0.009163241757914959,0.010678057586048974,0.009916002997662538,0.009553562400747036,0.009079601620165228,0.007629839232503228,0.00751831904883692,0.006830611249561354,0.0067748511577282,0.007155878451921419,0.00705365161689397,0.006616864230867598,0.006152196798924648,0.005603889229231968,0.005055581659539289,0.005194981889122173,0.0054830756969268014,0.006598277533589879,0.008122386710362754
16065,0.0008828681206916036,0.0008364013774973088,0.0008456947261361677,0.0009386282125247575,0.0009386282125247575,0.0009572149098024755,0.0009943883043579116,0.0011244951853019373,0.0014404690390231428,0.001914429819604951,0.0022489903706038746,0.0028623513807685677,0.003215498629045209,0.004265647025236274,0.004646674319429493,0.0056875293669816996,0.005789756202009148,0.00530650207278848,0.005287915375510763,0.004442220649374595,0.004200593584764261,0.004200593584764261,0.003903206428320774,0.0038846197310430557,0.004107660098375671,0.004089073401097954,0.004321407117069429,0.004655967668068352,0.004525860787124326,0.004237766979319697,0.004172713538847685,0.004293527071152851,0.0044329273007357355,0.005092755054094724,0.007044358268255111,0.007183758497837996,0.006440290606729277,0.00777853281072497,0.009163241757914959,0.010678057586048974,0.009916002997662538,0.009553562400747036,0.009079601620165228,0.007629839232503228,0.00751831904883692,0.006830611249561354,0.0067748511577282,0.007155878451921419,0.00705365161689397,0.006616864230867598,0.006152196798924648,0.005603889229231968,0.005055581659539289,0.005194981889122173,0.0054830756969268014,0.006598277533589879,0.008122386710362754
16067,0.0008828681206916036,0.0008364013774973088,0.0008456947261361677,0.0009386282125247575,0.0009386282125247575,0.0009572149098024755,0.0009943883043579116,0.0011244951853019373,0.0014404690390231428,0.001914429819604951,0.0022489903706038746,0.0028623513807685677,0.003215498629045209,0.004265647025236274,0.004646674319429493,0.0056875293669816996,0.005789756202009148,0.00530650207278848,0.005287915375510763,0.004442220649374595,0.004200593584764261,0.004200593584764261,0.003903206428320774,0.0038846197310430557,0.004107660098375671,0.004089073401097954,0.004321407117069429,0.004655967668068352,0.004525860787124326,0.004237766979319697,0.004172713538847685,0.004293527071152851,0.0044329273007357355,0.005092755054094724,0.007044358268255111,0.007183758497837996,0.006440290606729277,0.00777853281072497,0.009163241757914959,0.010678057586048974,0.009916002997662538,0.009553562400747036,0.009079601620165228,0.007629839232503228,0.00751831904883692,0.006830611249561354,0.0067748511577282,0.007155878451921419,0.00705365161689397,0.006616864230867598,0.006152196798924648,0.005603889229231968,0.005055581659539289,0.005194981889122173,0.0054830756969268014,0.006598277533589879,0.008122386710362754
16069,0.0008828681206916036,0.0008364013774973088,0.0008456947261361677,0.0009386282125247575,0.0009386282125247575,0.0009572149098024755,0.0009943883043579116,0.0011244951853019373,0.0014404690390231428,0.001914429819604951,0.0022489903706038746,0.0028623513807685677,0.003215498629045209,0.004265647025236274,0.004646674319429493,0.0056875293669816996,0.005789756202009148,0.00530650207278848,0.005287915375510763,0.004442220649374595,0.004200593584764261,0.004200593584764261,0.003903206428320774,0.0038846197310430557,0.004107660098375671,0.004089073401097954,0.004321407117069429,0.004655967668068352,0.004525860787124326,0.004237766979319697,0.004172713538847685,0.004293527071152851,0.0044329273007357355,0.005092755054094724,0.007044358268255111,0.007183758497837996,0.006440290606729277,0.00777853281072497,0.009163241757914959,0.010678057586048974,0.009916002997662538,0.009553562400747036,0.009079601620165228,0.007629839232503228,0.00751831904883692,0.006830611249561354,0.0067748511577282,0.007155878451921419,0.00705365161689397,0.006616864230867598,0.006152196798924648,0.005603889229231968,0.005055581659539289,0.005194981889122173,0.0054830756969268014,0.006598277533589879,0.008122386710362754
16071,0.0008828681206916036,0.0008364013774973088,0.0008456947261361677,0.0009386282125247575,0.0009386282125247575,0.0009572149098024755,0.0009943883043579116,0.0011244951853019373,0.0014404690390231428,0.001914429819604951,0.0022489903706038746,0.0028623513807685677,0.003215498629045209,0.004265647025236274,0.004646674319429493,0.0056875293669816996,0.005789756202009148,0.00530650207278848,0.005287915375510763,0.004442220649374595,0.004200593584764261,0.004200593584764261,0.003903206428320774,0.0038846197310430557,0.004107660098375671,0.004089073401097954,0.004321407117069429,0.004655967668068352,0.004525860787124326,0.004237766979319697,0.004172713538847685,0.004293527071152851,0.0044329273007357355,0.005092755054094724,0.007044358268255111,0.007183758497837996,0.006440290606729277,0.00777853281072497,0.009163241757914959,0.010678057586048974,0.009916002997662538,0.009553562400747036,0.009079601620165228,0.007629839232503228,0.00751831904883692,0.006830611249561354,0.0067748511577282,0.007155878451921419,0.00705365161689397,0.006616864230867598,0.006152196798924648,0.005603889229231968,0.005055581659539289,0.005194981889122173,0.0054830756969268014,0.006598277533589879,0.008122386710362754
16073,0.0008828681206916036,0.0008364013774973088,0.0008456947261361677,0.0009386282125247575,0.0009386282125247575,0.0009572149098024755,0.0009943883043579116,0.0011244951853019373,0.0014404690390231428,0.001914429819604951,0.0022489903706038746,0.0028623513807685677,0.003215498629045209,0.004265647025236274,0.004646674319429493,0.0056875293669816996,0.005789756202009148,0.00530650207278848,0.005287915375510763,0.004442220649374595,0.004200593584764261,0.004200593584764261,0.003903206428320774,0.0038846197310430557,0.004107660098375671,0.004089073401097954,0.004321407117069429,0.004655967668068352,0.004525860787124326,0.004237766979319697,0.004172713538847685,0.004293527071152851,0.0044329273007357355,0.005092755054094724,0.007044358268255111,0.007183758497837996,0.006440290606729277,0.00777853281072497,0.009163241757914959,0.010678057586048974,0.009916002997662538,0.009553562400747036,0.009079601620165228,0.007629839232503228,0.00751831904883692,0.006830611249561354,0.0067748511577282,0.007155878451921419,0.00705365161689397,0.006616864230867598,0.006152196798924648,0.005603889229231968,0.005055581659539289,0.005194981889122173,0.0054830756969268014,0.006598277533589879,0.008122386710362754
16075,0.0008828681206916036,0.0008364013774973088,0.0008456947261361677,0.0009386282125247575,0.0009386282125247575,0.0009572149098024755,0.0009943883043579116,0.0011244951853019373,0.0014404690390231428,0.001914429819604951,0.0022489903706038746,0.0028623513807685677,0.003215498629045209,0.004265647025236274,0.004646674319429493,0.0056875293669816996,0.005789756202009148,0.00530650207278848,0.005287915375510763,0.004442220649374595,0.004200593584764261,0.004200593584764261,0.003903206428320774,0.0038846197310430557,0.004107660098375671,0.004089073401097954,0.004321407117069429,0.004655967668068352,0.004525860787124326,0.004237766979319697,0.004172713538847685,0.004293527071152851,0.0044329273007357355,0.005092755054094724,0.007044358268255111,0.007183758497837996,0.006440290606729277,0.00777853281072497,0.009163241757914959,0.010678057586048974,0.009916002997662538,0.009553562400747036,0.009079601620165228,0.007629839232503228,0.00751831904883692,0.006830611249561354,0.0067748511577282,0.007155878451921419,0.00705365161689397,0.006616864230867598,0.006152196798924648,0.005603889229231968,0.005055581659539289,0.005194981889122173,0.0054830756969268014,0.006598277533589879,0.008122386710362754
16077,0.0008828681206916036,0.0008364013774973088,0.0008456947261361677,0.0009386282125247575,0.0009386282125247575,0.0009572149098024755,0.0009943883043579116,0.0011244951853019373,0.0014404690390231428,0.001914429819604951,0.0022489903706038746,0.0028623513807685677,0.003215498629045209,0.004265647025236274,0.004646674319429493,0.0056875293669816996,0.005789756202009148,0.00530650207278848,0.005287915375510763,0.004442220649374595,0.004200593584764261,0.004200593584764261,0.003903206428320774,0.0038846197310430557,0.004107660098375671,0.004089073401097954,0.004321407117069429,0.004655967668068352,0.004525860787124326,0.004237766979319697,0.004172713538847685,0.004293527071152851,0.0044329273007357355,0.005092755054094724,0.007044358268255111,0.007183758497837996,0.006440290606729277,0.00777853281072497,0.009163241757914959,0.010678057586048974,0.009916002997662538,0.009553562400747036,0.009079601620165228,0.007629839232503228,0.00751831904883692,0.006830611249561354,0.0067748511577282,0.007155878451921419,0.00705365161689397,0.006616864230867598,0.006152196798924648,0.005603889229231968,0.005055581659539289,0.005194981889122173,0.0054830756969268014,0.006598277533589879,0.008122386710362754
16079,0.0008828681206916036,0.0008364013774973088,0.0008456947261361677,0.0009386282125247575,0.0009386282125247575,0.0009572149098024755,0.0009943883043579116,0.0011244951853019373,0.0014404690390231428,0.001914429819604951,0.0022489903706038746,0.0028623513807685677,0.003215498629045209,0.004265647025236274,0.004646674319429493,0.0056875293669816996,0.005789756202009148,0.00530650207278848,0.005287915375510763,0.004442220649374595,0.004200593584764261,0.004200593584764261,0.003903206428320774,0.0038846197310430557,0.004107660098375671,0.004089073401097954,0.004321407117069429,0.004655967668068352,0.004525860787124326,0.004237766979319697,0.004172713538847685,0.004293527071152851,0.0044329273007357355,0.005092755054094724,0.007044358268255111,0.007183758497837996,0.006440290606729277,0.00777853281072497,0.009163241757914959,0.010678057586048974,0.009916002997662538,0.009553562400747036,0.009079601620165228,0.007629839232503228,0.00751831904883692,0.006830611249561354,0.0067748511577282,0.007155878451921419,0.00705365161689397,0.006616864230867598,0.006152196798924648,0.005603889229231968,0.005055581659539289,0.005194981889122173,0.0054830756969268014,0.006598277533589879,0.008122386710362754
16081,0.0008828681206916036,0.0008364013774973088,0.0008456947261361677,0.0009386282125247575,0.0009386282125247575,0.0009572149098024755,0.0009943883043579116,0.0011244951853019373,0.0014404690390231428,0.001914429819604951,0.0022489903706038746,0.0028623513807685677,0.003215498629045209,0.004265647025236274,0.004646674319429493,0.0056875293669816996,0.005789756202009148,0.00530650207278848,0.005287915375510763,0.004442220649374595,0.004200593584764261,0.004200593584764261,0.003903206428320774,0.0038846197310430557,0.004107660098375671,0.004089073401097954,0.004321407117069429,0.004655967668068352,0.004525860787124326,0.004237766979319697,0.004172713538847685,0.004293527071152851,0.0044329273007357355,0.005092755054094724,0.007044358268255111,0.007183758497837996,0.006440290606729277,0.00777853281072497,0.009163241757914959,0.010678057586048974,0.009916002997662538,0.009553562400747036,0.009079601620165228,0.007629839232503228,0.00751831904883692,0.006830611249561354,0.0067748511577282,0.007155878451921419,0.00705365161689397,0.006616864230867598,0.006152196798924648,0.005603889229231968,0.005055581659539289,0.005194981889122173,0.0054830756969268014,0.006598277533589879,0.008122386710362754
16083,0.0008828681206916036,0.0008364013774973088,0.0008456947261361677,0.0009386282125247575,0.0009386282125247575,0.0009572149098024755,0.0009943883043579116,0.0011244951853019373,0.0014404690390231428,0.001914429819604951,0.0022489903706038746,0.0028623513807685677,0.003215498629045209,0.004265647025236274,0.004646674319429493,0.0056875293669816996,0.005789756202009148,0.00530650207278848,0.005287915375510763,0.004442220649374595,0.004200593584764261,0.004200593584764261,0.003903206428320774,0.0038846197310430557,0.004107660098375671,0.004089073401097954,0.004321407117069429,0.004655967668068352,0.004525860787124326,0.004237766979319697,0.004172713538847685,0.004293527071152851,0.0044329273007357355,0.005092755054094724,0.007044358268255111,0.007183758497837996,0.006440290606729277,0.00777853281072497,0.009163241757914959,0.010678057586048974,0.009916002997662538,0.009553562400747036,0.009079601620165228,0.007629839232503228,0.00751831904883692,0.006830611249561354,0.0067748511577282,0.007155878451921419,0.00705365161689397,0.006616864230867598,0.006152196798924648,0.005603889229231968,0.005055581659539289,0.005194981889122173,0.0054830756969268014,0.006598277533589879,0.008122386710362754
16085,0.0008828681206916036,0.0008364013774973088,0.0008456947261361677,0.0009386282125247575,0.0009386282125247575,0.0009572149098024755,0.0009943883043579116,0.0011244951853019373,0.0014404690390231428,0.001914429819604951,0.0022489903706038746,0.0028623513807685677,0.003215498629045209,0.004265647025236274,0.004646674319429493,0.0056875293669816996,0.005789756202009148,0.00530650207278848,0.005287915375510763,0.004442220649374595,0.004200593584764261,0.004200593584764261,0.003903206428320774,0.0038846197310430557,0.004107660098375671,0.004089073401097954,0.004321407117069429,0.004655967668068352,0.004525860787124326,0.004237766979319697,0.004172713538847685,0.004293527071152851,0.0044329273007357355,0.005092755054094724,0.007044358268255111,0.007183758497837996,0.006440290606729277,0.00777853281072497,0.009163241757914959,0.010678057586048974,0.009916002997662538,0.009553562400747036,0.009079601620165228,0.007629839232503228,0.00751831904883692,0.006830611249561354,0.0067748511577282,0.007155878451921419,0.00705365161689397,0.006616864230867598,0.006152196798924648,0.005603889229231968,0.005055581659539289,0.005194981889122173,0.0054830756969268014,0.006598277533589879,0.008122386710362754
16087,0.0008828681206916036,0.0008364013774973088,0.0008456947261361677,0.0009386282125247575,0.0009386282125247575,0.0009572149098024755,0.0009943883043579116,0.0011244951853019373,0.0014404690390231428,0.001914429819604951,0.0022489903706038746,0.0028623513807685677,0.003215498629045209,0.004265647025236274,0.004646674319429493,0.0056875293669816996,0.005789756202009148,0.00530650207278848,0.005287915375510763,0.004442220649374595,0.004200593584764261,0.004200593584764261,0.003903206428320774,0.0038846197310430557,0.004107660098375671,0.004089073401097954,0.004321407117069429,0.004655967668068352,0.004525860787124326,0.004237766979319697,0.004172713538847685,0.004293527071152851,0.0044329273007357355,0.005092755054094724,0.007044358268255111,0.007183758497837996,0.006440290606729277,0.00777853281072497,0.009163241757914959,0.010678057586048974,0.009916002997662538,0.009553562400747036,0.009079601620165228,0.007629839232503228,0.00751831904883692,0.006830611249561354,0.0067748511577282,0.007155878451921419,0.00705365161689397,0.006616864230867598,0.006152196798924648,0.005603889229231968,0.005055581659539289,0.005194981889122173,0.0054830756969268014,0.006598277533589879,0.008122386710362754
17001,0.0006970011479144239,0.0006784144506367059,0.0006598277533589879,0.0006970011479144239,0.0007248811938310009,0.0007806412856641548,0.0008271080288584497,0.0009479215611636166,0.0012174286716905272,0.0015241091767728735,0.0018493763791329382,0.0021095901410209898,0.002611430967519375,0.003103978445378901,0.0034757123909332607,0.00412624679565339,0.004618794273512915,0.0045165674384854675,0.00467455436534607,0.004237766979319697,0.004079780052459094,0.0038939130796819153,0.004228473630680838,0.004312113768430569,0.004237766979319697,0.004321407117069429,0.004739607805818082,0.004758194503095801,0.004107660098375671,0.004572327530318621,0.005046288310900429,0.004711727759901506,0.004832541292206673,0.0064124105608127,0.007945813086224433,0.006942131433227662,0.007685599324336381,0.008456947261361676,0.010408550475522063,0.010139043364995153,0.009665082584413346,0.010873217907465012,0.008048039921251882,0.008140973407640471,0.007685599324336381,0.007230225241032291,0.007035064919616253,0.00823390689402906,0.0067748511577282,0.006635450928145315,0.007230225241032291,0.006728384414533906,0.006523930744479008,0.006356650468979546,0.008456947261361676,0.011337885339407962,0.009181828455192678
17003,0.0006970011479144239,0.0006784144506367059,0.0006598277533589879,0.0006970011479144239,0.0007248811938310009,0.0007806412856641548,0.0008271080288584497,0.0009479215611636166,0.0012174286716905272,0.0015241091767728735,0.0018493763791329382,0.0021095901410209898,0.002611430967519375,0.003103978445378901,0.0034757123909332607,0.00412624679565339,0.004618794273512915,0.0045165674384854675,0.00467455436534607,0.004237766979319697,0.004079780052459094,0.0038939130796819153,0.004228473630680838,0.004312113768430569,0.004237766979319697,0.004321407117069429,0.004739607805818082,0.004758194503095801,0.004107660098375671,0.004572327530318621,0.005046288310900429,0.004711727759901506,0.004832541292206673,0.0064124105608127,0.007945813086224433,0.006942131433227662,0.007685599324336381,0.008456947261361676,0.010408550475522063,0.010139043364995153,0.009665082584413346,0.010873217907465012,0.008048039921251882,0.008140973407640471,0.007685599324336381,0.007230225241032291,0.007035064919616253,0.00823390689402906,0.0067748511577282,0.006635450928145315,0.007230225241032291,0.006728384414533906,0.006523930744479008,0.006356650468979546,0.008456947261361676,0.011337885339407962,0.009181828455192678
17005,0.0006970011479144239,0.0006784144506367059,0.0006598277533589879,0.0006970011479144239,0.0007248811938310009,0.0007806412856641548,0.0008271080288584497,0.0009479215611636166,0.0012174286716905272,0.0015241091767728735,0.0018493763791329382,0.0021095901410209898,0.002611430967519375,0.003103978445378901,0.0034757123909332607,0.00412624679565339,0.004618794273512915,0.0045165674384854675,0.00467455436534607,0.004237766979319697,0.004079780052459094,0.0038939130796819153,0.004228473630680838,0.004312113768430569,0.004237766979319697,0.004321407117069429,0.004739607805818082,0.004758194503095801,0.004107660098375671,0.004572327530318621,0.005046288310900429,0.004711727759901506,0.004832541292206673,0.0064124105608127,0.007945813086224433,0.006942131433227662,0.007685599324336381,0.008456947261361676,0.010408550475522063,0.010139043364995153,0.009665082584413346,0.010873217907465012,0.008048039921251882,0.008140973407640471,0.007685599324336381,0.007230225241032291,0.007035064919616253,0.00823390689402906,0.0067748511577282,0.006635450928145315,0.007230225241032291,0.006728384414533906,0.006523930744479008,0.006356650468979546,0.008456947261361676,0.011337885339407962,0.009181828455192678
17007,0.0006970011479144239,0.0006784144506367059,0.0006598277533589879,0.0006970011479144239,0.0007248811938310009,0.0007806412856641548,0.0008271080288584497,0.0009479215611636166,0.0012174286716905272,0.0015241091767728735,0.0018493763791329382,0.0021095901410209898,0.002611430967519375,0.003103978445378901,0.0034757123909332607,0.00412624679565339,0.004618794273512915,0.0045165674384854675,0.00467455436534607,0.004237766979319697,0.004079780052459094,0.0038939130796819153,0.004228473630680838,0.004312113768430569,0.004237766979319697,0.004321407117069429,0.004739607805818082,0.004758194503095801,0.004107660098375671,0.004572327530318621,0.005046288310900429,0.004711727759901506,0.004832541292206673,0.0064124105608127,0.007945813086224433,0.006942131433227662,0.007685599324336381,0.008456947261361676,0.010408550475522063,0.010139043364995153,0.009665082584413346,0.010873217907465012,0.008048039921251882,0.008140973407640471,0.007685599324336381,0.007230225241032291,0.007035064919616253,0.00823390689402906,0.0067748511577282,0.006635450928145315,0.007230225241032291,0.006728384414533906,0.006523930744479008,0.006356650468979546,0.008456947261361676,0.011337885339407962,0.009181828455192678
17009,0.0006970011479144239,0.0006784144506367059,0.0006598277533589879,0.0006970011479144239,0.0007248811938310009,0.0007806412856641548,0.0008271080288584497,0.0009479215611636166,0.0012174286716905272,0.0015241091767728735,0.0018493763791329382,0.0021095901410209898,0.002611430967519375,0.003103978445378901,0.0034757123909332607,0.00412624679565339,0.004618794273512915,0.0045165674384854675,0.00467455436534607,0.004237766979319697,0.004079780052459094,0.0038939130796819153,0.004228473630680838,0.004312113768430569,0.004237766979319697,0.004321407117069429,0.004739607805818082,0.004758194503095801,0.004107660098375671,0.004572327530318621,0.005046288310900429,0.004711727759901506,0.004832541292206673,0.0064124105608127,0.007945813086224433,0.006942131433227662,0.007685599324336381,0.008456947261361676,0.010408550475522063,0.010139043364995153,0.009665082584413346,0.010873217907465012,0.008048039921251882,0.008140973407640471,0.007685599324336381,0.007230225241032291,0.007035064919616253,0.00823390689402906,0.0067748511577282,0.006635450928145315,0.007230225241032291,0.006728384414533906,0.006523930744479008,0.006356650468979546,0.008456947261361676,0.011337885339407962,0.009181828455192678
17011,0.0006970011479144239,0.0006784144506367059,0.0006598277533589879,0.0006970011479144239,0.0007248811938310009,0.0007806412856641548,0.0008271080288584497,0.0009479215611636166,0.0012174286716905272,0.0015241091767728735,0.0018493763791329382,0.0021095901410209898,0.002611430967519375,0.003103978445378901,0.0034757123909332607,0.00412624679565339,0.004618794273512915,0.0045165674384854675,0.00467455436534607,0.004237766979319697,0.004079780052459094,0.0038939130796819153,0.004228473630680838,0.004312113768430569,0.004237766979319697,0.004321407117069429,0.004739607805818082,0.004758194503095801,0.004107660098375671,0.004572327530318621,0.005046288310900429,0.004711727759901506,0.004832541292206673,0.0064124105608127,0.007945813086224433,0.006942131433227662,0.007685599324336381,0.008456947261361676,0.010408550475522063,0.010139043364995153,0.009665082584413346,0.010873217907465012,0.008048039921251882,0.008140973407640471,0.007685599324336381,0.007230225241032291,0.007035064919616253,0.00823390689402906,0.0067748511577282,0.006635450928145315,0.007230225241032291,0.006728384414533906,0.006523930744479008,0.006356650468979546,0.008456947261361676,0.011337885339407962,0.009181828455192678
17013,0.0006970011479144239,0.0006784144506367059,0.0006598277533589879,0.0006970011479144239,0.0007248811938310009,0.0007806412856641548,0.0008271080288584497,0.0009479215611636166,0.0012174286716905272,0.0015241091767728735,0.0018493763791329382,0.0021095901410209898,0.002611430967519375,0.003103978445378901,0.0034757123909332607,0.00412624679565339,0.004618794273512915,0.0045165674384854675,0.00467455436534607,0.004237766979319697,0.004079780052459094,0.0038939130796819153,0.004228473630680838,0.004312113768430569,0.004237766979319697,0.004321407117069429,0.004739607805818082,0.004758194503095801,0.004107660098375671,0.004572327530318621,0.005046288310900429,0.004711727759901506,0.004832541292206673,0.0064124105608127,0.007945813086224433,0.006942131433227662,0.007685599324336381,0.008456947261361676,0.010408550475522063,0.010139043364995153,0.009665082584413346,0.010873217907465012,0.008048039921251882,0.008140973407640471,0.007685599324336381,0.007230225241032291,0.007035064919616253,0.00823390689402906,0.0067748511577282,0.006635450928145315,0.007230225241032291,0.006728384414533906,0.006523930744479008,0.006356650468979546,0.008456947261361676,0.011337885339407962,0.009181828455192678
17015,0.0006970011479144239,0.0006784144506367059,0.0006598277533589879,0.0006970011479144239,0.0007248811938310009,0.0007806412856641548,0.0008271080288584497,0.0009479215611636166,0.0012174286716905272,0.0015241091767728735,0.0018493763791329382,0.0021095901410209898,0.002611430967519375,0.003103978445378901,0.0034757123909332607,0.00412624679565339,0.004618794273512915,0.0045165674384854675,0.00467455436534607,0.004237766979319697,0.004079780052459094,0.0038939130796819153,0.004228473630680838,0.004312113768430569,0.004237766979319697,0.004321407117069429,0.004739607805818082,0.004758194503095801,0.004107660098375671,0.004572327530318621,0.005046288310900429,0.004711727759901506,0.004832541292206673,0.0064124105608127,0.007945813086224433,0.006942131433227662,0.007685599324336381,0.008456947261361676,0.010408550475522063,0.010139043364995153,0.009665082584413346,0.010873217907465012,0.008048039921251882,0.008140973407640471,0.007685599324336381,0.007230225241032291,0.007035064919616253,0.00823390689402906,0.0067748511577282,0.006635450928145315,0.007230225241032291,0.006728384414533906,0.006523930744479008,0.006356650468979546,0.008456947261361676,0.011337885339407962,0.009181828455192678
17017,0.0006970011479144239,0.0006784144506367059,0.0006598277533589879,0.0006970011479144239,0.0007248811938310009,0.0007806412856641548,0.0008271080288584497,0.0009479215611636166,0.0012174286716905272,0.0015241091767728735,0.0018493763791329382,0.0021095901410209898,0.002611430967519375,0.003103978445378901,0.0034757123909332607,0.00412624679565339,0.004618794273512915,0.0045165674384854675,0.00467455436534607,0.004237766979319697,0.004079780052459094,0.0038939130796819153,0.004228473630680838,0.004312113768430569,0.004237766979319697,0.004321407117069429,0.004739607805818082,0.004758194503095801,0.004107660098375671,0.004572327530318621,0.005046288310900429,0.004711727759901506,0.004832541292206673,0.0064124105608127,0.007945813086224433,0.006942131433227662,0.007685599324336381,0.008456947261361676,0.010408550475522063,0.010139043364995153,0.009665082584413346,0.010873217907465012,0.008048039921251882,0.008140973407640471,0.007685599324336381,0.007230225241032291,0.007035064919616253,0.00823390689402906,0.0067748511577282,0.006635450928145315,0.007230225241032291,0.006728384414533906,0.006523930744479008,0.006356650468979546,0.008456947261361676,0.011337885339407962,0.009181828455192678
17019,0.0006970011479144239,0.0006784144506367059,0.0006598277533589879,0.0006970011479144239,0.0007248811938310009,0.0007806412856641548,0.0008271080288584497,0.0009479215611636166,0.0012174286716905272,0.0015241091767728735,0.0018493763791329382,0.0021095901410209898,0.002611430967519375,0.003103978445378901,0.0034757123909332607,0.00412624679565339,0.004618794273512915,0.0045165674384854675,0.00467455436534607,0.004237766979319697,0.004079780052459094,0.0038939130796819153,0.004228473630680838,0.004312113768430569,0.004237766979319697,0.004321407117069429,0.004739607805818082,0.004758194503095801,0.004107660098375671,0.004572327530318621,0.005046288310900429,0.004711727759901506,0.004832541292206673,0.0064124105608127,0.007945813086224433,0.006942131433227662,0.007685599324336381,0.008456947261361676,0.010408550475522063,0.010139043364995153,0.009665082584413346,0.010873217907465012,0.008048039921251882,0.008140973407640471,0.007685599324336381,0.007230225241032291,0.007035064919616253,0.00823390689402906,0.0067748511577282,0.006635450928145315,0.007230225241032291,0.006728384414533906,0.006523930744479008,0.006356650468979546,0.008456947261361676,0.011337885339407962,0.009181828455192678
17021,0.0006970011479144239,0.0006784144506367059,0.0006598277533589879,0.0006970011479144239,0.0007248811938310009,0.0007806412856641548,0.0008271080288584497,0.0009479215611636166,0.0012174286716905272,0.0015241091767728735,0.0018493763791329382,0.0021095901410209898,0.002611430967519375,0.003103978445378901,0.0034757123909332607,0.00412624679565339,0.004618794273512915,0.0045165674384854675,0.00467455436534607,0.004237766979319697,0.004079780052459094,0.0038939130796819153,0.004228473630680838,0.004312113768430569,0.004237766979319697,0.004321407117069429,0.004739607805818082,0.004758194503095801,0.004107660098375671,0.004572327530318621,0.005046288310900429,0.004711727759901506,0.004832541292206673,0.0064124105608127,0.007945813086224433,0.006942131433227662,0.007685599324336381,0.008456947261361676,0.010408550475522063,0.010139043364995153,0.009665082584413346,0.010873217907465012,0.008048039921251882,0.008140973407640471,0.007685599324336381,0.007230225241032291,0.007035064919616253,0.00823390689402906,0.0067748511577282,0.006635450928145315,0.007230225241032291,0.006728384414533906,0.006523930744479008,0.006356650468979546,0.008456947261361676,0.011337885339407962,0.009181828455192678
17023,0.0006970011479144239,0.0006784144506367059,0.0006598277533589879,0.0006970011479144239,0.0007248811938310009,0.0007806412856641548,0.0008271080288584497,0.0009479215611636166,0.0012174286716905272,0.0015241091767728735,0.0018493763791329382,0.0021095901410209898,0.002611430967519375,0.003103978445378901,0.0034757123909332607,0.00412624679565339,0.004618794273512915,0.0045165674384854675,0.00467455436534607,0.004237766979319697,0.004079780052459094,0.0038939130796819153,0.004228473630680838,0.004312113768430569,0.004237766979319697,0.004321407117069429,0.004739607805818082,0.004758194503095801,0.004107660098375671,0.004572327530318621,0.005046288310900429,0.004711727759901506,0.004832541292206673,0.0064124105608127,0.007945813086224433,0.006942131433227662,0.007685599324336381,0.008456947261361676,0.010408550475522063,0.010139043364995153,0.009665082584413346,0.010873217907465012,0.008048039921251882,0.008140973407640471,0.007685599324336381,0.007230225241032291,0.007035064919616253,0.00823390689402906,0.0067748511577282,0.006635450928145315,0.007230225241032291,0.006728384414533906,0.006523930744479008,0.006356650468979546,0.008456947261361676,0.011337885339407962,0.009181828455192678
17025,0.0006970011479144239,0.0006784144506367059,0.0006598277533589879,0.0006970011479144239,0.0007248811938310009,0.0007806412856641548,0.0008271080288584497,0.0009479215611636166,0.0012174286716905272,0.0015241091767728735,0.0018493763791329382,0.0021095901410209898,0.002611430967519375,0.003103978445378901,0.0034757123909332607,0.00412624679565339,0.004618794273512915,0.0045165674384854675,0.00467455436534607,0.004237766979319697,0.004079780052459094,0.0038939130796819153,0.004228473630680838,0.004312113768430569,0.004237766979319697,0.004321407117069429,0.004739607805818082,0.004758194503095801,0.004107660098375671,0.004572327530318621,0.005046288310900429,0.004711727759901506,0.004832541292206673,0.0064124105608127,0.007945813086224433,0.006942131433227662,0.007685599324336381,0.008456947261361676,0.010408550475522063,0.010139043364995153,0.009665082584413346,0.010873217907465012,0.008048039921251882,0.008140973407640471,0.007685599324336381,0.007230225241032291,0.007035064919616253,0.00823390689402906,0.0067748511577282,0.006635450928145315,0.007230225241032291,0.006728384414533906,0.006523930744479008,0.006356650468979546,0.008456947261361676,0.011337885339407962,0.009181828455192678
17027,0.0006970011479144239,0.0006784144506367059,0.0006598277533589879,0.0006970011479144239,0.0007248811938310009,0.0007806412856641548,0.0008271080288584497,0.0009479215611636166,0.0012174286716905272,0.0015241091767728735,0.0018493763791329382,0.0021095901410209898,0.002611430967519375,0.003103978445378901,0.0034757123909332607,0.00412624679565339,0.004618794273512915,0.0045165674384854675,0.00467455436534607,0.004237766979319697,0.004079780052459094,0.0038939130796819153,0.004228473630680838,0.004312113768430569,0.004237766979319697,0.004321407117069429,0.004739607805818082,0.004758194503095801,0.004107660098375671,0.004572327530318621,0.005046288310900429,0.004711727759901506,0.004832541292206673,0.0064124105608127,0.007945813086224433,0.006942131433227662,0.007685599324336381,0.008456947261361676,0.010408550475522063,0.010139043364995153,0.009665082584413346,0.010873217907465012,0.008048039921251882,0.008140973407640471,0.007685599324336381,0.007230225241032291,0.007035064919616253,0.00823390689402906,0.0067748511577282,0.006635450928145315,0.007230225241032291,0.006728384414533906,0.006523930744479008,0.006356650468979546,0.008456947261361676,0.011337885339407962,0.009181828455192678
17029,0.0006970011479144239,0.0006784144506367059,0.0006598277533589879,0.0006970011479144239,0.0007248811938310009,0.0007806412856641548,0.0008271080288584497,0.0009479215611636166,0.0012174286716905272,0.0015241091767728735,0.0018493763791329382,0.0021095901410209898,0.002611430967519375,0.003103978445378901,0.0034757123909332607,0.00412624679565339,0.004618794273512915,0.0045165674384854675,0.00467455436534607,0.004237766979319697,0.004079780052459094,0.0038939130796819153,0.004228473630680838,0.004312113768430569,0.004237766979319697,0.004321407117069429,0.004739607805818082,0.004758194503095801,0.004107660098375671,0.004572327530318621,0.005046288310900429,0.004711727759901506,0.004832541292206673,0.0064124105608127,0.007945813086224433,0.006942131433227662,0.007685599324336381,0.008456947261361676,0.010408550475522063,0.010139043364995153,0.009665082584413346,0.010873217907465012,0.008048039921251882,0.008140973407640471,0.007685599324336381,0.007230225241032291,0.007035064919616253,0.00823390689402906,0.0067748511577282,0.006635450928145315,0.007230225241032291,0.006728384414533906,0.006523930744479008,0.006356650468979546,0.008456947261361676,0.011337885339407962,0.009181828455192678
17031,0.0006970011479144239,0.0006784144506367059,0.0006598277533589879,0.0006970011479144239,0.0007248811938310009,0.0007806412856641548,0.0008271080288584497,0.0009479215611636166,0.0012174286716905272,0.0015241091767728735,0.0018493763791329382,0.0021095901410209898,0.002611430967519375,0.003103978445378901,0.0034757123909332607,0.00412624679565339,0.004618794273512915,0.0045165674384854675,0.00467455436534607,0.004237766979319697,0.004079780052459094,0.0038939130796819153,0.004228473630680838,0.004312113768430569,0.004237766979319697,0.004321407117069429,0.004739607805818082,0.004758194503095801,0.004107660098375671,0.004572327530318621,0.005046288310900429,0.004711727759901506,0.004832541292206673,0.0064124105608127,0.007945813086224433,0.006942131433227662,0.007685599324336381,0.008456947261361676,0.010408550475522063,0.010139043364995153,0.009665082584413346,0.010873217907465012,0.008048039921251882,0.008140973407640471,0.007685599324336381,0.007230225241032291,0.007035064919616253,0.00823390689402906,0.0067748511577282,0.006635450928145315,0.007230225241032291,0.006728384414533906,0.006523930744479008,0.006356650468979546,0.008456947261361676,0.011337885339407962,0.009181828455192678
17033,0.0006970011479144239,0.0006784144506367059,0.0006598277533589879,0.0006970011479144239,0.0007248811938310009,0.0007806412856641548,0.0008271080288584497,0.0009479215611636166,0.0012174286716905272,0.0015241091767728735,0.0018493763791329382,0.0021095901410209898,0.002611430967519375,0.003103978445378901,0.0034757123909332607,0.00412624679565339,0.004618794273512915,0.0045165674384854675,0.00467455436534607,0.004237766979319697,0.004079780052459094,0.0038939130796819153,0.004228473630680838,0.004312113768430569,0.004237766979319697,0.004321407117069429,0.004739607805818082,0.004758194503095801,0.004107660098375671,0.004572327530318621,0.005046288310900429,0.004711727759901506,0.004832541292206673,0.0064124105608127,0.007945813086224433,0.006942131433227662,0.007685599324336381,0.008456947261361676,0.010408550475522063,0.010139043364995153,0.009665082584413346,0.010873217907465012,0.008048039921251882,0.008140973407640471,0.007685599324336381,0.007230225241032291,0.007035064919616253,0.00823390689402906,0.0067748511577282,0.006635450928145315,0.007230225241032291,0.006728384414533906,0.006523930744479008,0.006356650468979546,0.008456947261361676,0.011337885339407962,0.009181828455192678
17035,0.0006970011479144239,0.0006784144506367059,0.0006598277533589879,0.0006970011479144239,0.0007248811938310009,0.0007806412856641548,0.0008271080288584497,0.0009479215611636166,0.0012174286716905272,0.0015241091767728735,0.0018493763791329382,0.0021095901410209898,0.002611430967519375,0.003103978445378901,0.0034757123909332607,0.00412624679565339,0.004618794273512915,0.0045165674384854675,0.00467455436534607,0.004237766979319697,0.004079780052459094,0.0038939130796819153,0.004228473630680838,0.004312113768430569,0.004237766979319697,0.004321407117069429,0.004739607805818082,0.004758194503095801,0.004107660098375671,0.004572327530318621,0.005046288310900429,0.004711727759901506,0.004832541292206673,0.0064124105608127,0.007945813086224433,0.006942131433227662,0.007685599324336381,0.008456947261361676,0.010408550475522063,0.010139043364995153,0.009665082584413346,0.010873217907465012,0.008048039921251882,0.008140973407640471,0.007685599324336381,0.007230225241032291,0.007035064919616253,0.00823390689402906,0.0067748511577282,0.006635450928145315,0.007230225241032291,0.006728384414533906,0.006523930744479008,0.006356650468979546,0.008456947261361676,0.011337885339407962,0.009181828455192678
17037,0.0006970011479144239,0.0006784144506367059,0.0006598277533589879,0.0006970011479144239,0.0007248811938310009,0.0007806412856641548,0.0008271080288584497,0.0009479215611636166,0.0012174286716905272,0.0015241091767728735,0.0018493763791329382,0.0021095901410209898,0.002611430967519375,0.003103978445378901,0.0034757123909332607,0.00412624679565339,0.004618794273512915,0.0045165674384854675,0.00467455436534607,0.004237766979319697,0.004079780052459094,0.0038939130796819153,0.004228473630680838,0.004312113768430569,0.004237766979319697,0.004321407117069429,0.004739607805818082,0.004758194503095801,0.004107660098375671,0.004572327530318621,0.005046288310900429,0.004711727759901506,0.004832541292206673,0.0064124105608127,0.007945813086224433,0.006942131433227662,0.007685599324336381,0.008456947261361676,0.010408550475522063,0.010139043364995153,0.009665082584413346,0.010873217907465012,0.008048039921251882,0.008140973407640471,0.007685599324336381,0.007230225241032291,0.007035064919616253,0.00823390689402906,0.0067748511577282,0.006635450928145315,0.007230225241032291,0.006728384414533906,0.006523930744479008,0.006356650468979546,0.008456947261361676,0.011337885339407962,0.009181828455192678
17039,0.0006970011479144239,0.0006784144506367059,0.0006598277533589879,0.0006970011479144239,0.0007248811938310009,0.0007806412856641548,0.0008271080288584497,0.0009479215611636166,0.0012174286716905272,0.0015241091767728735,0.0018493763791329382,0.0021095901410209898,0.002611430967519375,0.003103978445378901,0.0034757123909332607,0.00412624679565339,0.004618794273512915,0.0045165674384854675,0.00467455436534607,0.004237766979319697,0.004079780052459094,0.0038939130796819153,0.004228473630680838,0.004312113768430569,0.004237766979319697,0.004321407117069429,0.004739607805818082,0.004758194503095801,0.004107660098375671,0.004572327530318621,0.005046288310900429,0.004711727759901506,0.004832541292206673,0.0064124105608127,0.007945813086224433,0.006942131433227662,0.007685599324336381,0.008456947261361676,0.010408550475522063,0.010139043364995153,0.009665082584413346,0.010873217907465012,0.008048039921251882,0.008140973407640471,0.007685599324336381,0.007230225241032291,0.007035064919616253,0.00823390689402906,0.0067748511577282,0.006635450928145315,0.007230225241032291,0.006728384414533906,0.006523930744479008,0.006356650468979546,0.008456947261361676,0.011337885339407962,0.009181828455192678
17041,0.0006970011479144239,0.0006784144506367059,0.0006598277533589879,0.0006970011479144239,0.0007248811938310009,0.0007806412856641548,0.0008271080288584497,0.0009479215611636166,0.0012174286716905272,0.0015241091767728735,0.0018493763791329382,0.0021095901410209898,0.002611430967519375,0.003103978445378901,0.0034757123909332607,0.00412624679565339,0.004618794273512915,0.0045165674384854675,0.00467455436534607,0.004237766979319697,0.004079780052459094,0.0038939130796819153,0.004228473630680838,0.004312113768430569,0.004237766979319697,0.004321407117069429,0.004739607805818082,0.004758194503095801,0.004107660098375671,0.004572327530318621,0.005046288310900429,0.004711727759901506,0.004832541292206673,0.0064124105608127,0.007945813086224433,0.006942131433227662,0.007685599324336381,0.008456947261361676,0.010408550475522063,0.010139043364995153,0.009665082584413346,0.010873217907465012,0.008048039921251882,0.008140973407640471,0.007685599324336381,0.007230225241032291,0.007035064919616253,0.00823390689402906,0.0067748511577282,0.006635450928145315,0.007230225241032291,0.006728384414533906,0.006523930744479008,0.006356650468979546,0.008456947261361676,0.011337885339407962,0.009181828455192678
17043,0.0006970011479144239,0.0006784144506367059,0.0006598277533589879,0.0006970011479144239,0.0007248811938310009,0.0007806412856641548,0.0008271080288584497,0.0009479215611636166,0.0012174286716905272,0.0015241091767728735,0.0018493763791329382,0.0021095901410209898,0.002611430967519375,0.003103978445378901,0.0034757123909332607,0.00412624679565339,0.004618794273512915,0.0045165674384854675,0.00467455436534607,0.004237766979319697,0.004079780052459094,0.0038939130796819153,0.004228473630680838,0.004312113768430569,0.004237766979319697,0.004321407117069429,0.004739607805818082,0.004758194503095801,0.004107660098375671,0.004572327530318621,0.005046288310900429,0.004711727759901506,0.004832541292206673,0.0064124105608127,0.007945813086224433,0.006942131433227662,0.007685599324336381,0.008456947261361676,0.010408550475522063,0.010139043364995153,0.009665082584413346,0.010873217907465012,0.008048039921251882,0.008140973407640471,0.007685599324336381,0.007230225241032291,0.007035064919616253,0.00823390689402906,0.0067748511577282,0.006635450928145315,0.007230225241032291,0.006728384414533906,0.006523930744479008,0.006356650468979546,0.008456947261361676,0.011337885339407962,0.009181828455192678
17045,0.0006970011479144239,0.0006784144506367059,0.0006598277533589879,0.0006970011479144239,0.0007248811938310009,0.0007806412856641548,0.0008271080288584497,0.0009479215611636166,0.0012174286716905272,0.0015241091767728735,0.0018493763791329382,0.0021095901410209898,0.002611430967519375,0.003103978445378901,0.0034757123909332607,0.00412624679565339,0.004618794273512915,0.0045165674384854675,0.00467455436534607,0.004237766979319697,0.004079780052459094,0.0038939130796819153,0.004228473630680838,0.004312113768430569,0.004237766979319697,0.004321407117069429,0.004739607805818082,0.004758194503095801,0.004107660098375671,0.004572327530318621,0.005046288310900429,0.004711727759901506,0.004832541292206673,0.0064124105608127,0.007945813086224433,0.006942131433227662,0.007685599324336381,0.008456947261361676,0.010408550475522063,0.010139043364995153,0.009665082584413346,0.010873217907465012,0.008048039921251882,0.008140973407640471,0.007685599324336381,0.007230225241032291,0.007035064919616253,0.00823390689402906,0.0067748511577282,0.006635450928145315,0.007230225241032291,0.006728384414533906,0.006523930744479008,0.006356650468979546,0.008456947261361676,0.011337885339407962,0.009181828455192678
17047,0.0006970011479144239,0.0006784144506367059,0.0006598277533589879,0.0006970011479144239,0.0007248811938310009,0.0007806412856641548,0.0008271080288584497,0.0009479215611636166,0.0012174286716905272,0.0015241091767728735,0.0018493763791329382,0.0021095901410209898,0.002611430967519375,0.003103978445378901,0.0034757123909332607,0.00412624679565339,0.004618794273512915,0.0045165674384854675,0.00467455436534607,0.004237766979319697,0.004079780052459094,0.0038939130796819153,0.004228473630680838,0.004312113768430569,0.004237766979319697,0.004321407117069429,0.004739607805818082,0.004758194503095801,0.004107660098375671,0.004572327530318621,0.005046288310900429,0.004711727759901506,0.004832541292206673,0.0064124105608127,0.007945813086224433,0.006942131433227662,0.007685599324336381,0.008456947261361676,0.010408550475522063,0.010139043364995153,0.009665082584413346,0.010873217907465012,0.008048039921251882,0.008140973407640471,0.007685599324336381,0.007230225241032291,0.007035064919616253,0.00823390689402906,0.0067748511577282,0.006635450928145315,0.007230225241032291,0.006728384414533906,0.006523930744479008,0.006356650468979546,0.008456947261361676,0.011337885339407962,0.009181828455192678
17049,0.0006970011479144239,0.0006784144506367059,0.0006598277533589879,0.0006970011479144239,0.0007248811938310009,0.0007806412856641548,0.0008271080288584497,0.0009479215611636166,0.0012174286716905272,0.0015241091767728735,0.0018493763791329382,0.0021095901410209898,0.002611430967519375,0.003103978445378901,0.0034757123909332607,0.00412624679565339,0.004618794273512915,0.0045165674384854675,0.00467455436534607,0.004237766979319697,0.004079780052459094,0.0038939130796819153,0.004228473630680838,0.004312113768430569,0.004237766979319697,0.004321407117069429,0.004739607805818082,0.004758194503095801,0.004107660098375671,0.004572327530318621,0.005046288310900429,0.004711727759901506,0.004832541292206673,0.0064124105608127,0.007945813086224433,0.006942131433227662,0.007685599324336381,0.008456947261361676,0.010408550475522063,0.010139043364995153,0.009665082584413346,0.010873217907465012,0.008048039921251882,0.008140973407640471,0.007685599324336381,0.007230225241032291,0.007035064919616253,0.00823390689402906,0.0067748511577282,0.006635450928145315,0.007230225241032291,0.006728384414533906,0.006523930744479008,0.006356650468979546,0.008456947261361676,0.011337885339407962,0.009181828455192678
17051,0.0006970011479144239,0.0006784144506367059,0.0006598277533589879,0.0006970011479144239,0.0007248811938310009,0.0007806412856641548,0.0008271080288584497,0.0009479215611636166,0.0012174286716905272,0.0015241091767728735,0.0018493763791329382,0.0021095901410209898,0.002611430967519375,0.003103978445378901,0.0034757123909332607,0.00412624679565339,0.004618794273512915,0.0045165674384854675,0.00467455436534607,0.004237766979319697,0.004079780052459094,0.0038939130796819153,0.004228473630680838,0.004312113768430569,0.004237766979319697,0.004321407117069429,0.004739607805818082,0.004758194503095801,0.004107660098375671,0.004572327530318621,0.005046288310900429,0.004711727759901506,0.004832541292206673,0.0064124105608127,0.007945813086224433,0.006942131433227662,0.007685599324336381,0.008456947261361676,0.010408550475522063,0.010139043364995153,0.009665082584413346,0.010873217907465012,0.008048039921251882,0.008140973407640471,0.007685599324336381,0.007230225241032291,0.007035064919616253,0.00823390689402906,0.0067748511577282,0.006635450928145315,0.007230225241032291,0.006728384414533906,0.006523930744479008,0.006356650468979546,0.008456947261361676,0.011337885339407962,0.009181828455192678
17053,0.0006970011479144239,0.0006784144506367059,0.0006598277533589879,0.0006970011479144239,0.0007248811938310009,0.0007806412856641548,0.0008271080288584497,0.0009479215611636166,0.0012174286716905272,0.0015241091767728735,0.0018493763791329382,0.0021095901410209898,0.002611430967519375,0.003103978445378901,0.0034757123909332607,0.00412624679565339,0.004618794273512915,0.0045165674384854675,0.00467455436534607,0.004237766979319697,0.004079780052459094,0.0038939130796819153,0.004228473630680838,0.004312113768430569,0.004237766979319697,0.004321407117069429,0.004739607805818082,0.004758194503095801,0.004107660098375671,0.004572327530318621,0.005046288310900429,0.004711727759901506,0.004832541292206673,0.0064124105608127,0.007945813086224433,0.006942131433227662,0.007685599324336381,0.008456947261361676,0.010408550475522063,0.010139043364995153,0.009665082584413346,0.010873217907465012,0.008048039921251882,0.008140973407640471,0.007685599324336381,0.007230225241032291,0.007035064919616253,0.00823390689402906,0.0067748511577282,0.006635450928145315,0.007230225241032291,0.006728384414533906,0.006523930744479008,0.006356650468979546,0.008456947261361676,0.011337885339407962,0.009181828455192678
17055,0.0006970011479144239,0.0006784144506367059,0.0006598277533589879,0.0006970011479144239,0.0007248811938310009,0.0007806412856641548,0.0008271080288584497,0.0009479215611636166,0.0012174286716905272,0.0015241091767728735,0.0018493763791329382,0.0021095901410209898,0.002611430967519375,0.003103978445378901,0.0034757123909332607,0.00412624679565339,0.004618794273512915,0.0045165674384854675,0.00467455436534607,0.004237766979319697,0.004079780052459094,0.0038939130796819153,0.004228473630680838,0.004312113768430569,0.004237766979319697,0.004321407117069429,0.004739607805818082,0.004758194503095801,0.004107660098375671,0.004572327530318621,0.005046288310900429,0.004711727759901506,0.004832541292206673,0.0064124105608127,0.007945813086224433,0.006942131433227662,0.007685599324336381,0.008456947261361676,0.010408550475522063,0.010139043364995153,0.009665082584413346,0.010873217907465012,0.008048039921251882,0.008140973407640471,0.007685599324336381,0.007230225241032291,0.007035064919616253,0.00823390689402906,0.0067748511577282,0.006635450928145315,0.007230225241032291,0.006728384414533906,0.006523930744479008,0.006356650468979546,0.008456947261361676,0.011337885339407962,0.009181828455192678
17057,0.0006970011479144239,0.0006784144506367059,0.0006598277533589879,0.0006970011479144239,0.0007248811938310009,0.0007806412856641548,0.0008271080288584497,0.0009479215611636166,0.0012174286716905272,0.0015241091767728735,0.0018493763791329382,0.0021095901410209898,0.002611430967519375,0.003103978445378901,0.0034757123909332607,0.00412624679565339,0.004618794273512915,0.0045165674384854675,0.00467455436534607,0.004237766979319697,0.004079780052459094,0.0038939130796819153,0.004228473630680838,0.004312113768430569,0.004237766979319697,0.004321407117069429,0.004739607805818082,0.004758194503095801,0.004107660098375671,0.004572327530318621,0.005046288310900429,0.004711727759901506,0.004832541292206673,0.0064124105608127,0.007945813086224433,0.006942131433227662,0.007685599324336381,0.008456947261361676,0.010408550475522063,0.010139043364995153,0.009665082584413346,0.010873217907465012,0.008048039921251882,0.008140973407640471,0.007685599324336381,0.007230225241032291,0.007035064919616253,0.00823390689402906,0.0067748511577282,0.006635450928145315,0.007230225241032291,0.006728384414533906,0.006523930744479008,0.006356650468979546,0.008456947261361676,0.011337885339407962,0.009181828455192678
17059,0.0006970011479144239,0.0006784144506367059,0.0006598277533589879,0.0006970011479144239,0.0007248811938310009,0.0007806412856641548,0.0008271080288584497,0.0009479215611636166,0.0012174286716905272,0.0015241091767728735,0.0018493763791329382,0.0021095901410209898,0.002611430967519375,0.003103978445378901,0.0034757123909332607,0.00412624679565339,0.004618794273512915,0.0045165674384854675,0.00467455436534607,0.004237766979319697,0.004079780052459094,0.0038939130796819153,0.004228473630680838,0.004312113768430569,0.004237766979319697,0.004321407117069429,0.004739607805818082,0.004758194503095801,0.004107660098375671,0.004572327530318621,0.005046288310900429,0.004711727759901506,0.004832541292206673,0.0064124105608127,0.007945813086224433,0.006942131433227662,0.007685599324336381,0.008456947261361676,0.010408550475522063,0.010139043364995153,0.009665082584413346,0.010873217907465012,0.008048039921251882,0.008140973407640471,0.007685599324336381,0.007230225241032291,0.007035064919616253,0.00823390689402906,0.0067748511577282,0.006635450928145315,0.007230225241032291,0.006728384414533906,0.006523930744479008,0.006356650468979546,0.008456947261361676,0.011337885339407962,0.009181828455192678
17061,0.0006970011479144239,0.0006784144506367059,0.0006598277533589879,0.0006970011479144239,0.0007248811938310009,0.0007806412856641548,0.0008271080288584497,0.0009479215611636166,0.0012174286716905272,0.0015241091767728735,0.0018493763791329382,0.0021095901410209898,0.002611430967519375,0.003103978445378901,0.0034757123909332607,0.00412624679565339,0.004618794273512915,0.0045165674384854675,0.00467455436534607,0.004237766979319697,0.004079780052459094,0.0038939130796819153,0.004228473630680838,0.004312113768430569,0.004237766979319697,0.004321407117069429,0.004739607805818082,0.004758194503095801,0.004107660098375671,0.004572327530318621,0.005046288310900429,0.004711727759901506,0.004832541292206673,0.0064124105608127,0.007945813086224433,0.006942131433227662,0.007685599324336381,0.008456947261361676,0.010408550475522063,0.010139043364995153,0.009665082584413346,0.010873217907465012,0.008048039921251882,0.008140973407640471,0.007685599324336381,0.007230225241032291,0.007035064919616253,0.00823390689402906,0.0067748511577282,0.006635450928145315,0.007230225241032291,0.006728384414533906,0.006523930744479008,0.006356650468979546,0.008456947261361676,0.011337885339407962,0.009181828455192678
17063,0.0006970011479144239,0.0006784144506367059,0.0006598277533589879,0.0006970011479144239,0.0007248811938310009,0.0007806412856641548,0.0008271080288584497,0.0009479215611636166,0.0012174286716905272,0.0015241091767728735,0.0018493763791329382,0.0021095901410209898,0.002611430967519375,0.003103978445378901,0.0034757123909332607,0.00412624679565339,0.004618794273512915,0.0045165674384854675,0.00467455436534607,0.004237766979319697,0.004079780052459094,0.0038939130796819153,0.004228473630680838,0.004312113768430569,0.004237766979319697,0.004321407117069429,0.004739607805818082,0.004758194503095801,0.004107660098375671,0.004572327530318621,0.005046288310900429,0.004711727759901506,0.004832541292206673,0.0064124105608127,0.007945813086224433,0.006942131433227662,0.007685599324336381,0.008456947261361676,0.010408550475522063,0.010139043364995153,0.009665082584413346,0.010873217907465012,0.008048039921251882,0.008140973407640471,0.007685599324336381,0.007230225241032291,0.007035064919616253,0.00823390689402906,0.0067748511577282,0.006635450928145315,0.007230225241032291,0.006728384414533906,0.006523930744479008,0.006356650468979546,0.008456947261361676,0.011337885339407962,0.009181828455192678
17065,0.0006970011479144239,0.0006784144506367059,0.0006598277533589879,0.0006970011479144239,0.0007248811938310009,0.0007806412856641548,0.0008271080288584497,0.0009479215611636166,0.0012174286716905272,0.0015241091767728735,0.0018493763791329382,0.0021095901410209898,0.002611430967519375,0.003103978445378901,0.0034757123909332607,0.00412624679565339,0.004618794273512915,0.0045165674384854675,0.00467455436534607,0.004237766979319697,0.004079780052459094,0.0038939130796819153,0.004228473630680838,0.004312113768430569,0.004237766979319697,0.004321407117069429,0.004739607805818082,0.004758194503095801,0.004107660098375671,0.004572327530318621,0.005046288310900429,0.004711727759901506,0.004832541292206673,0.0064124105608127,0.007945813086224433,0.006942131433227662,0.007685599324336381,0.008456947261361676,0.010408550475522063,0.010139043364995153,0.009665082584413346,0.010873217907465012,0.008048039921251882,0.008140973407640471,0.007685599324336381,0.007230225241032291,0.007035064919616253,0.00823390689402906,0.0067748511577282,0.006635450928145315,0.007230225241032291,0.006728384414533906,0.006523930744479008,0.006356650468979546,0.008456947261361676,0.011337885339407962,0.009181828455192678
17067,0.0006970011479144239,0.0006784144506367059,0.0006598277533589879,0.0006970011479144239,0.0007248811938310009,0.0007806412856641548,0.0008271080288584497,0.0009479215611636166,0.0012174286716905272,0.0015241091767728735,0.0018493763791329382,0.0021095901410209898,0.002611430967519375,0.003103978445378901,0.0034757123909332607,0.00412624679565339,0.004618794273512915,0.0045165674384854675,0.00467455436534607,0.004237766979319697,0.004079780052459094,0.0038939130796819153,0.004228473630680838,0.004312113768430569,0.004237766979319697,0.004321407117069429,0.004739607805818082,0.004758194503095801,0.004107660098375671,0.004572327530318621,0.005046288310900429,0.004711727759901506,0.004832541292206673,0.0064124105608127,0.007945813086224433,0.006942131433227662,0.007685599324336381,0.008456947261361676,0.010408550475522063,0.010139043364995153,0.009665082584413346,0.010873217907465012,0.008048039921251882,0.008140973407640471,0.007685599324336381,0.007230225241032291,0.007035064919616253,0.00823390689402906,0.0067748511577282,0.006635450928145315,0.007230225241032291,0.006728384414533906,0.006523930744479008,0.006356650468979546,0.008456947261361676,0.011337885339407962,0.009181828455192678
17069,0.0006970011479144239,0.0006784144506367059,0.0006598277533589879,0.0006970011479144239,0.0007248811938310009,0.0007806412856641548,0.0008271080288584497,0.0009479215611636166,0.0012174286716905272,0.0015241091767728735,0.0018493763791329382,0.0021095901410209898,0.002611430967519375,0.003103978445378901,0.0034757123909332607,0.00412624679565339,0.004618794273512915,0.0045165674384854675,0.00467455436534607,0.004237766979319697,0.004079780052459094,0.0038939130796819153,0.004228473630680838,0.004312113768430569,0.004237766979319697,0.004321407117069429,0.004739607805818082,0.004758194503095801,0.004107660098375671,0.004572327530318621,0.005046288310900429,0.004711727759901506,0.004832541292206673,0.0064124105608127,0.007945813086224433,0.006942131433227662,0.007685599324336381,0.008456947261361676,0.010408550475522063,0.010139043364995153,0.009665082584413346,0.010873217907465012,0.008048039921251882,0.008140973407640471,0.007685599324336381,0.007230225241032291,0.007035064919616253,0.00823390689402906,0.0067748511577282,0.006635450928145315,0.007230225241032291,0.006728384414533906,0.006523930744479008,0.006356650468979546,0.008456947261361676,0.011337885339407962,0.009181828455192678
17071,0.0006970011479144239,0.0006784144506367059,0.0006598277533589879,0.0006970011479144239,0.0007248811938310009,0.0007806412856641548,0.0008271080288584497,0.0009479215611636166,0.0012174286716905272,0.0015241091767728735,0.0018493763791329382,0.0021095901410209898,0.002611430967519375,0.003103978445378901,0.0034757123909332607,0.00412624679565339,0.004618794273512915,0.0045165674384854675,0.00467455436534607,0.004237766979319697,0.004079780052459094,0.0038939130796819153,0.004228473630680838,0.004312113768430569,0.004237766979319697,0.004321407117069429,0.004739607805818082,0.004758194503095801,0.004107660098375671,0.004572327530318621,0.005046288310900429,0.004711727759901506,0.004832541292206673,0.0064124105608127,0.007945813086224433,0.006942131433227662,0.007685599324336381,0.008456947261361676,0.010408550475522063,0.010139043364995153,0.009665082584413346,0.010873217907465012,0.008048039921251882,0.008140973407640471,0.007685599324336381,0.007230225241032291,0.007035064919616253,0.00823390689402906,0.0067748511577282,0.006635450928145315,0.007230225241032291,0.006728384414533906,0.006523930744479008,0.006356650468979546,0.008456947261361676,0.011337885339407962,0.009181828455192678
17073,0.0006970011479144239,0.0006784144506367059,0.0006598277533589879,0.0006970011479144239,0.0007248811938310009,0.0007806412856641548,0.0008271080288584497,0.0009479215611636166,0.0012174286716905272,0.0015241091767728735,0.0018493763791329382,0.0021095901410209898,0.002611430967519375,0.003103978445378901,0.0034757123909332607,0.00412624679565339,0.004618794273512915,0.0045165674384854675,0.00467455436534607,0.004237766979319697,0.004079780052459094,0.0038939130796819153,0.004228473630680838,0.004312113768430569,0.004237766979319697,0.004321407117069429,0.004739607805818082,0.004758194503095801,0.004107660098375671,0.004572327530318621,0.005046288310900429,0.004711727759901506,0.004832541292206673,0.0064124105608127,0.007945813086224433,0.006942131433227662,0.007685599324336381,0.008456947261361676,0.010408550475522063,0.010139043364995153,0.009665082584413346,0.010873217907465012,0.008048039921251882,0.008140973407640471,0.007685599324336381,0.007230225241032291,0.007035064919616253,0.00823390689402906,0.0067748511577282,0.006635450928145315,0.007230225241032291,0.006728384414533906,0.006523930744479008,0.006356650468979546,0.008456947261361676,0.011337885339407962,0.009181828455192678
17075,0.0006970011479144239,0.0006784144506367059,0.0006598277533589879,0.0006970011479144239,0.0007248811938310009,0.0007806412856641548,0.0008271080288584497,0.0009479215611636166,0.0012174286716905272,0.0015241091767728735,0.0018493763791329382,0.0021095901410209898,0.002611430967519375,0.003103978445378901,0.0034757123909332607,0.00412624679565339,0.004618794273512915,0.0045165674384854675,0.00467455436534607,0.004237766979319697,0.004079780052459094,0.0038939130796819153,0.004228473630680838,0.004312113768430569,0.004237766979319697,0.004321407117069429,0.004739607805818082,0.004758194503095801,0.004107660098375671,0.004572327530318621,0.005046288310900429,0.004711727759901506,0.004832541292206673,0.0064124105608127,0.007945813086224433,0.006942131433227662,0.007685599324336381,0.008456947261361676,0.010408550475522063,0.010139043364995153,0.009665082584413346,0.010873217907465012,0.008048039921251882,0.008140973407640471,0.007685599324336381,0.007230225241032291,0.007035064919616253,0.00823390689402906,0.0067748511577282,0.006635450928145315,0.007230225241032291,0.006728384414533906,0.006523930744479008,0.006356650468979546,0.008456947261361676,0.011337885339407962,0.009181828455192678
17077,0.0006970011479144239,0.0006784144506367059,0.0006598277533589879,0.0006970011479144239,0.0007248811938310009,0.0007806412856641548,0.0008271080288584497,0.0009479215611636166,0.0012174286716905272,0.0015241091767728735,0.0018493763791329382,0.0021095901410209898,0.002611430967519375,0.003103978445378901,0.0034757123909332607,0.00412624679565339,0.004618794273512915,0.0045165674384854675,0.00467455436534607,0.004237766979319697,0.004079780052459094,0.0038939130796819153,0.004228473630680838,0.004312113768430569,0.004237766979319697,0.004321407117069429,0.004739607805818082,0.004758194503095801,0.004107660098375671,0.004572327530318621,0.005046288310900429,0.004711727759901506,0.004832541292206673,0.0064124105608127,0.007945813086224433,0.006942131433227662,0.007685599324336381,0.008456947261361676,0.010408550475522063,0.010139043364995153,0.009665082584413346,0.010873217907465012,0.008048039921251882,0.008140973407640471,0.007685599324336381,0.007230225241032291,0.007035064919616253,0.00823390689402906,0.0067748511577282,0.006635450928145315,0.007230225241032291,0.006728384414533906,0.006523930744479008,0.006356650468979546,0.008456947261361676,0.011337885339407962,0.009181828455192678
17079,0.0006970011479144239,0.0006784144506367059,0.0006598277533589879,0.0006970011479144239,0.0007248811938310009,0.0007806412856641548,0.0008271080288584497,0.0009479215611636166,0.0012174286716905272,0.0015241091767728735,0.0018493763791329382,0.0021095901410209898,0.002611430967519375,0.003103978445378901,0.0034757123909332607,0.00412624679565339,0.004618794273512915,0.0045165674384854675,0.00467455436534607,0.004237766979319697,0.004079780052459094,0.0038939130796819153,0.004228473630680838,0.004312113768430569,0.004237766979319697,0.004321407117069429,0.004739607805818082,0.004758194503095801,0.004107660098375671,0.004572327530318621,0.005046288310900429,0.004711727759901506,0.004832541292206673,0.0064124105608127,0.007945813086224433,0.006942131433227662,0.007685599324336381,0.008456947261361676,0.010408550475522063,0.010139043364995153,0.009665082584413346,0.010873217907465012,0.008048039921251882,0.008140973407640471,0.007685599324336381,0.007230225241032291,0.007035064919616253,0.00823390689402906,0.0067748511577282,0.006635450928145315,0.007230225241032291,0.006728384414533906,0.006523930744479008,0.006356650468979546,0.008456947261361676,0.011337885339407962,0.009181828455192678
17081,0.0006970011479144239,0.0006784144506367059,0.0006598277533589879,0.0006970011479144239,0.0007248811938310009,0.0007806412856641548,0.0008271080288584497,0.0009479215611636166,0.0012174286716905272,0.0015241091767728735,0.0018493763791329382,0.0021095901410209898,0.002611430967519375,0.003103978445378901,0.0034757123909332607,0.00412624679565339,0.004618794273512915,0.0045165674384854675,0.00467455436534607,0.004237766979319697,0.004079780052459094,0.0038939130796819153,0.004228473630680838,0.004312113768430569,0.004237766979319697,0.004321407117069429,0.004739607805818082,0.004758194503095801,0.004107660098375671,0.004572327530318621,0.005046288310900429,0.004711727759901506,0.004832541292206673,0.0064124105608127,0.007945813086224433,0.006942131433227662,0.007685599324336381,0.008456947261361676,0.010408550475522063,0.010139043364995153,0.009665082584413346,0.010873217907465012,0.008048039921251882,0.008140973407640471,0.007685599324336381,0.007230225241032291,0.007035064919616253,0.00823390689402906,0.0067748511577282,0.006635450928145315,0.007230225241032291,0.006728384414533906,0.006523930744479008,0.006356650468979546,0.008456947261361676,0.011337885339407962,0.009181828455192678
17083,0.0006970011479144239,0.0006784144506367059,0.0006598277533589879,0.0006970011479144239,0.0007248811938310009,0.0007806412856641548,0.0008271080288584497,0.0009479215611636166,0.0012174286716905272,0.0015241091767728735,0.0018493763791329382,0.0021095901410209898,0.002611430967519375,0.003103978445378901,0.0034757123909332607,0.00412624679565339,0.004618794273512915,0.0045165674384854675,0.00467455436534607,0.004237766979319697,0.004079780052459094,0.0038939130796819153,0.004228473630680838,0.004312113768430569,0.004237766979319697,0.004321407117069429,0.004739607805818082,0.004758194503095801,0.004107660098375671,0.004572327530318621,0.005046288310900429,0.004711727759901506,0.004832541292206673,0.0064124105608127,0.007945813086224433,0.006942131433227662,0.007685599324336381,0.008456947261361676,0.010408550475522063,0.010139043364995153,0.009665082584413346,0.010873217907465012,0.008048039921251882,0.008140973407640471,0.007685599324336381,0.007230225241032291,0.007035064919616253,0.00823390689402906,0.0067748511577282,0.006635450928145315,0.007230225241032291,0.006728384414533906,0.006523930744479008,0.006356650468979546,0.008456947261361676,0.011337885339407962,0.009181828455192678
17085,0.0006970011479144239,0.0006784144506367059,0.0006598277533589879,0.0006970011479144239,0.0007248811938310009,0.0007806412856641548,0.0008271080288584497,0.0009479215611636166,0.0012174286716905272,0.0015241091767728735,0.0018493763791329382,0.0021095901410209898,0.002611430967519375,0.003103978445378901,0.0034757123909332607,0.00412624679565339,0.004618794273512915,0.0045165674384854675,0.00467455436534607,0.004237766979319697,0.004079780052459094,0.0038939130796819153,0.004228473630680838,0.004312113768430569,0.004237766979319697,0.004321407117069429,0.004739607805818082,0.004758194503095801,0.004107660098375671,0.004572327530318621,0.005046288310900429,0.004711727759901506,0.004832541292206673,0.0064124105608127,0.007945813086224433,0.006942131433227662,0.007685599324336381,0.008456947261361676,0.010408550475522063,0.010139043364995153,0.009665082584413346,0.010873217907465012,0.008048039921251882,0.008140973407640471,0.007685599324336381,0.007230225241032291,0.007035064919616253,0.00823390689402906,0.0067748511577282,0.006635450928145315,0.007230225241032291,0.006728384414533906,0.006523930744479008,0.006356650468979546,0.008456947261361676,0.011337885339407962,0.009181828455192678
17087,0.0006970011479144239,0.0006784144506367059,0.0006598277533589879,0.0006970011479144239,0.0007248811938310009,0.0007806412856641548,0.0008271080288584497,0.0009479215611636166,0.0012174286716905272,0.0015241091767728735,0.0018493763791329382,0.0021095901410209898,0.002611430967519375,0.003103978445378901,0.0034757123909332607,0.00412624679565339,0.004618794273512915,0.0045165674384854675,0.00467455436534607,0.004237766979319697,0.004079780052459094,0.0038939130796819153,0.004228473630680838,0.004312113768430569,0.004237766979319697,0.004321407117069429,0.004739607805818082,0.004758194503095801,0.004107660098375671,0.004572327530318621,0.005046288310900429,0.004711727759901506,0.004832541292206673,0.0064124105608127,0.007945813086224433,0.006942131433227662,0.007685599324336381,0.008456947261361676,0.010408550475522063,0.010139043364995153,0.009665082584413346,0.010873217907465012,0.008048039921251882,0.008140973407640471,0.007685599324336381,0.007230225241032291,0.007035064919616253,0.00823390689402906,0.0067748511577282,0.006635450928145315,0.007230225241032291,0.006728384414533906,0.006523930744479008,0.006356650468979546,0.008456947261361676,0.011337885339407962,0.009181828455192678
17089,0.0006970011479144239,0.0006784144506367059,0.0006598277533589879,0.0006970011479144239,0.0007248811938310009,0.0007806412856641548,0.0008271080288584497,0.0009479215611636166,0.0012174286716905272,0.0015241091767728735,0.0018493763791329382,0.0021095901410209898,0.002611430967519375,0.003103978445378901,0.0034757123909332607,0.00412624679565339,0.004618794273512915,0.0045165674384854675,0.00467455436534607,0.004237766979319697,0.004079780052459094,0.0038939130796819153,0.004228473630680838,0.004312113768430569,0.004237766979319697,0.004321407117069429,0.004739607805818082,0.004758194503095801,0.004107660098375671,0.004572327530318621,0.005046288310900429,0.004711727759901506,0.004832541292206673,0.0064124105608127,0.007945813086224433,0.006942131433227662,0.007685599324336381,0.008456947261361676,0.010408550475522063,0.010139043364995153,0.009665082584413346,0.010873217907465012,0.008048039921251882,0.008140973407640471,0.007685599324336381,0.007230225241032291,0.007035064919616253,0.00823390689402906,0.0067748511577282,0.006635450928145315,0.007230225241032291,0.006728384414533906,0.006523930744479008,0.006356650468979546,0.008456947261361676,0.011337885339407962,0.009181828455192678
17091,0.0006970011479144239,0.0006784144506367059,0.0006598277533589879,0.0006970011479144239,0.0007248811938310009,0.0007806412856641548,0.0008271080288584497,0.0009479215611636166,0.0012174286716905272,0.0015241091767728735,0.0018493763791329382,0.0021095901410209898,0.002611430967519375,0.003103978445378901,0.0034757123909332607,0.00412624679565339,0.004618794273512915,0.0045165674384854675,0.00467455436534607,0.004237766979319697,0.004079780052459094,0.0038939130796819153,0.004228473630680838,0.004312113768430569,0.004237766979319697,0.004321407117069429,0.004739607805818082,0.004758194503095801,0.004107660098375671,0.004572327530318621,0.005046288310900429,0.004711727759901506,0.004832541292206673,0.0064124105608127,0.007945813086224433,0.006942131433227662,0.007685599324336381,0.008456947261361676,0.010408550475522063,0.010139043364995153,0.009665082584413346,0.010873217907465012,0.008048039921251882,0.008140973407640471,0.007685599324336381,0.007230225241032291,0.007035064919616253,0.00823390689402906,0.0067748511577282,0.006635450928145315,0.007230225241032291,0.006728384414533906,0.006523930744479008,0.006356650468979546,0.008456947261361676,0.011337885339407962,0.009181828455192678
17093,0.0006970011479144239,0.0006784144506367059,0.0006598277533589879,0.0006970011479144239,0.0007248811938310009,0.0007806412856641548,0.0008271080288584497,0.0009479215611636166,0.0012174286716905272,0.0015241091767728735,0.0018493763791329382,0.0021095901410209898,0.002611430967519375,0.003103978445378901,0.0034757123909332607,0.00412624679565339,0.004618794273512915,0.0045165674384854675,0.00467455436534607,0.004237766979319697,0.004079780052459094,0.0038939130796819153,0.004228473630680838,0.004312113768430569,0.004237766979319697,0.004321407117069429,0.004739607805818082,0.004758194503095801,0.004107660098375671,0.004572327530318621,0.005046288310900429,0.004711727759901506,0.004832541292206673,0.0064124105608127,0.007945813086224433,0.006942131433227662,0.007685599324336381,0.008456947261361676,0.010408550475522063,0.010139043364995153,0.009665082584413346,0.010873217907465012,0.008048039921251882,0.008140973407640471,0.007685599324336381,0.007230225241032291,0.007035064919616253,0.00823390689402906,0.0067748511577282,0.006635450928145315,0.007230225241032291,0.006728384414533906,0.006523930744479008,0.006356650468979546,0.008456947261361676,0.011337885339407962,0.009181828455192678
17095,0.0006970011479144239,0.0006784144506367059,0.0006598277533589879,0.0006970011479144239,0.0007248811938310009,0.0007806412856641548,0.0008271080288584497,0.0009479215611636166,0.0012174286716905272,0.0015241091767728735,0.0018493763791329382,0.0021095901410209898,0.002611430967519375,0.003103978445378901,0.0034757123909332607,0.00412624679565339,0.004618794273512915,0.0045165674384854675,0.00467455436534607,0.004237766979319697,0.004079780052459094,0.0038939130796819153,0.004228473630680838,0.004312113768430569,0.004237766979319697,0.004321407117069429,0.004739607805818082,0.004758194503095801,0.004107660098375671,0.004572327530318621,0.005046288310900429,0.004711727759901506,0.004832541292206673,0.0064124105608127,0.007945813086224433,0.006942131433227662,0.007685599324336381,0.008456947261361676,0.010408550475522063,0.010139043364995153,0.009665082584413346,0.010873217907465012,0.008048039921251882,0.008140973407640471,0.007685599324336381,0.007230225241032291,0.007035064919616253,0.00823390689402906,0.0067748511577282,0.006635450928145315,0.007230225241032291,0.006728384414533906,0.006523930744479008,0.006356650468979546,0.008456947261361676,0.011337885339407962,0.009181828455192678
17097,0.0006970011479144239,0.0006784144506367059,0.0006598277533589879,0.0006970011479144239,0.0007248811938310009,0.0007806412856641548,0.0008271080288584497,0.0009479215611636166,0.0012174286716905272,0.0015241091767728735,0.0018493763791329382,0.0021095901410209898,0.002611430967519375,0.003103978445378901,0.0034757123909332607,0.00412624679565339,0.004618794273512915,0.0045165674384854675,0.00467455436534607,0.004237766979319697,0.004079780052459094,0.0038939130796819153,0.004228473630680838,0.004312113768430569,0.004237766979319697,0.004321407117069429,0.004739607805818082,0.004758194503095801,0.004107660098375671,0.004572327530318621,0.005046288310900429,0.004711727759901506,0.004832541292206673,0.0064124105608127,0.007945813086224433,0.006942131433227662,0.007685599324336381,0.008456947261361676,0.010408550475522063,0.010139043364995153,0.009665082584413346,0.010873217907465012,0.008048039921251882,0.008140973407640471,0.007685599324336381,0.007230225241032291,0.007035064919616253,0.00823390689402906,0.0067748511577282,0.006635450928145315,0.007230225241032291,0.006728384414533906,0.006523930744479008,0.006356650468979546,0.008456947261361676,0.011337885339407962,0.009181828455192678
17099,0.0006970011479144239,0.0006784144506367059,0.0006598277533589879,0.0006970011479144239,0.0007248811938310009,0.0007806412856641548,0.0008271080288584497,0.0009479215611636166,0.0012174286716905272,0.0015241091767728735,0.0018493763791329382,0.0021095901410209898,0.002611430967519375,0.003103978445378901,0.0034757123909332607,0.00412624679565339,0.004618794273512915,0.0045165674384854675,0.00467455436534607,0.004237766979319697,0.004079780052459094,0.0038939130796819153,0.004228473630680838,0.004312113768430569,0.004237766979319697,0.004321407117069429,0.004739607805818082,0.004758194503095801,0.004107660098375671,0.004572327530318621,0.005046288310900429,0.004711727759901506,0.004832541292206673,0.0064124105608127,0.007945813086224433,0.006942131433227662,0.007685599324336381,0.008456947261361676,0.010408550475522063,0.010139043364995153,0.009665082584413346,0.010873217907465012,0.008048039921251882,0.008140973407640471,0.007685599324336381,0.007230225241032291,0.007035064919616253,0.00823390689402906,0.0067748511577282,0.006635450928145315,0.007230225241032291,0.006728384414533906,0.006523930744479008,0.006356650468979546,0.008456947261361676,0.011337885339407962,0.009181828455192678
17101,0.0006970011479144239,0.0006784144506367059,0.0006598277533589879,0.0006970011479144239,0.0007248811938310009,0.0007806412856641548,0.0008271080288584497,0.0009479215611636166,0.0012174286716905272,0.0015241091767728735,0.0018493763791329382,0.0021095901410209898,0.002611430967519375,0.003103978445378901,0.0034757123909332607,0.00412624679565339,0.004618794273512915,0.0045165674384854675,0.00467455436534607,0.004237766979319697,0.004079780052459094,0.0038939130796819153,0.004228473630680838,0.004312113768430569,0.004237766979319697,0.004321407117069429,0.004739607805818082,0.004758194503095801,0.004107660098375671,0.004572327530318621,0.005046288310900429,0.004711727759901506,0.004832541292206673,0.0064124105608127,0.007945813086224433,0.006942131433227662,0.007685599324336381,0.008456947261361676,0.010408550475522063,0.010139043364995153,0.009665082584413346,0.010873217907465012,0.008048039921251882,0.008140973407640471,0.007685599324336381,0.007230225241032291,0.007035064919616253,0.00823390689402906,0.0067748511577282,0.006635450928145315,0.007230225241032291,0.006728384414533906,0.006523930744479008,0.006356650468979546,0.008456947261361676,0.011337885339407962,0.009181828455192678
17103,0.0006970011479144239,0.0006784144506367059,0.0006598277533589879,0.0006970011479144239,0.0007248811938310009,0.0007806412856641548,0.0008271080288584497,0.0009479215611636166,0.0012174286716905272,0.0015241091767728735,0.0018493763791329382,0.0021095901410209898,0.002611430967519375,0.003103978445378901,0.0034757123909332607,0.00412624679565339,0.004618794273512915,0.0045165674384854675,0.00467455436534607,0.004237766979319697,0.004079780052459094,0.0038939130796819153,0.004228473630680838,0.004312113768430569,0.004237766979319697,0.004321407117069429,0.004739607805818082,0.004758194503095801,0.004107660098375671,0.004572327530318621,0.005046288310900429,0.004711727759901506,0.004832541292206673,0.0064124105608127,0.007945813086224433,0.006942131433227662,0.007685599324336381,0.008456947261361676,0.010408550475522063,0.010139043364995153,0.009665082584413346,0.010873217907465012,0.008048039921251882,0.008140973407640471,0.007685599324336381,0.007230225241032291,0.007035064919616253,0.00823390689402906,0.0067748511577282,0.006635450928145315,0.007230225241032291,0.006728384414533906,0.006523930744479008,0.006356650468979546,0.008456947261361676,0.011337885339407962,0.009181828455192678
17105,0.0006970011479144239,0.0006784144506367059,0.0006598277533589879,0.0006970011479144239,0.0007248811938310009,0.0007806412856641548,0.0008271080288584497,0.0009479215611636166,0.0012174286716905272,0.0015241091767728735,0.0018493763791329382,0.0021095901410209898,0.002611430967519375,0.003103978445378901,0.0034757123909332607,0.00412624679565339,0.004618794273512915,0.0045165674384854675,0.00467455436534607,0.004237766979319697,0.004079780052459094,0.0038939130796819153,0.004228473630680838,0.004312113768430569,0.004237766979319697,0.004321407117069429,0.004739607805818082,0.004758194503095801,0.004107660098375671,0.004572327530318621,0.005046288310900429,0.004711727759901506,0.004832541292206673,0.0064124105608127,0.007945813086224433,0.006942131433227662,0.007685599324336381,0.008456947261361676,0.010408550475522063,0.010139043364995153,0.009665082584413346,0.010873217907465012,0.008048039921251882,0.008140973407640471,0.007685599324336381,0.007230225241032291,0.007035064919616253,0.00823390689402906,0.0067748511577282,0.006635450928145315,0.007230225241032291,0.006728384414533906,0.006523930744479008,0.006356650468979546,0.008456947261361676,0.011337885339407962,0.009181828455192678
17107,0.0006970011479144239,0.0006784144506367059,0.0006598277533589879,0.0006970011479144239,0.0007248811938310009,0.0007806412856641548,0.0008271080288584497,0.0009479215611636166,0.0012174286716905272,0.0015241091767728735,0.0018493763791329382,0.0021095901410209898,0.002611430967519375,0.003103978445378901,0.0034757123909332607,0.00412624679565339,0.004618794273512915,0.0045165674384854675,0.00467455436534607,0.004237766979319697,0.004079780052459094,0.0038939130796819153,0.004228473630680838,0.004312113768430569,0.004237766979319697,0.004321407117069429,0.004739607805818082,0.004758194503095801,0.004107660098375671,0.004572327530318621,0.005046288310900429,0.004711727759901506,0.004832541292206673,0.0064124105608127,0.007945813086224433,0.006942131433227662,0.007685599324336381,0.008456947261361676,0.010408550475522063,0.010139043364995153,0.009665082584413346,0.010873217907465012,0.008048039921251882,0.008140973407640471,0.007685599324336381,0.007230225241032291,0.007035064919616253,0.00823390689402906,0.0067748511577282,0.006635450928145315,0.007230225241032291,0.006728384414533906,0.006523930744479008,0.006356650468979546,0.008456947261361676,0.011337885339407962,0.009181828455192678
17109,0.0006970011479144239,0.0006784144506367059,0.0006598277533589879,0.0006970011479144239,0.0007248811938310009,0.0007806412856641548,0.0008271080288584497,0.0009479215611636166,0.0012174286716905272,0.0015241091767728735,0.0018493763791329382,0.0021095901410209898,0.002611430967519375,0.003103978445378901,0.0034757123909332607,0.00412624679565339,0.004618794273512915,0.0045165674384854675,0.00467455436534607,0.004237766979319697,0.004079780052459094,0.0038939130796819153,0.004228473630680838,0.004312113768430569,0.004237766979319697,0.004321407117069429,0.004739607805818082,0.004758194503095801,0.004107660098375671,0.004572327530318621,0.005046288310900429,0.004711727759901506,0.004832541292206673,0.0064124105608127,0.007945813086224433,0.006942131433227662,0.007685599324336381,0.008456947261361676,0.010408550475522063,0.010139043364995153,0.009665082584413346,0.010873217907465012,0.008048039921251882,0.008140973407640471,0.007685599324336381,0.007230225241032291,0.007035064919616253,0.00823390689402906,0.0067748511577282,0.006635450928145315,0.007230225241032291,0.006728384414533906,0.006523930744479008,0.006356650468979546,0.008456947261361676,0.011337885339407962,0.009181828455192678
17111,0.0006970011479144239,0.0006784144506367059,0.0006598277533589879,0.0006970011479144239,0.0007248811938310009,0.0007806412856641548,0.0008271080288584497,0.0009479215611636166,0.0012174286716905272,0.0015241091767728735,0.0018493763791329382,0.0021095901410209898,0.002611430967519375,0.003103978445378901,0.0034757123909332607,0.00412624679565339,0.004618794273512915,0.0045165674384854675,0.00467455436534607,0.004237766979319697,0.004079780052459094,0.0038939130796819153,0.004228473630680838,0.004312113768430569,0.004237766979319697,0.004321407117069429,0.004739607805818082,0.004758194503095801,0.004107660098375671,0.004572327530318621,0.005046288310900429,0.004711727759901506,0.004832541292206673,0.0064124105608127,0.007945813086224433,0.006942131433227662,0.007685599324336381,0.008456947261361676,0.010408550475522063,0.010139043364995153,0.009665082584413346,0.010873217907465012,0.008048039921251882,0.008140973407640471,0.007685599324336381,0.007230225241032291,0.007035064919616253,0.00823390689402906,0.0067748511577282,0.006635450928145315,0.007230225241032291,0.006728384414533906,0.006523930744479008,0.006356650468979546,0.008456947261361676,0.011337885339407962,0.009181828455192678
17113,0.0006970011479144239,0.0006784144506367059,0.0006598277533589879,0.0006970011479144239,0.0007248811938310009,0.0007806412856641548,0.0008271080288584497,0.0009479215611636166,0.0012174286716905272,0.0015241091767728735,0.0018493763791329382,0.0021095901410209898,0.002611430967519375,0.003103978445378901,0.0034757123909332607,0.00412624679565339,0.004618794273512915,0.0045165674384854675,0.00467455436534607,0.004237766979319697,0.004079780052459094,0.0038939130796819153,0.004228473630680838,0.004312113768430569,0.004237766979319697,0.004321407117069429,0.004739607805818082,0.004758194503095801,0.004107660098375671,0.004572327530318621,0.005046288310900429,0.004711727759901506,0.004832541292206673,0.0064124105608127,0.007945813086224433,0.006942131433227662,0.007685599324336381,0.008456947261361676,0.010408550475522063,0.010139043364995153,0.009665082584413346,0.010873217907465012,0.008048039921251882,0.008140973407640471,0.007685599324336381,0.007230225241032291,0.007035064919616253,0.00823390689402906,0.0067748511577282,0.006635450928145315,0.007230225241032291,0.006728384414533906,0.006523930744479008,0.006356650468979546,0.008456947261361676,0.011337885339407962,0.009181828455192678
17115,0.0006970011479144239,0.0006784144506367059,0.0006598277533589879,0.0006970011479144239,0.0007248811938310009,0.0007806412856641548,0.0008271080288584497,0.0009479215611636166,0.0012174286716905272,0.0015241091767728735,0.0018493763791329382,0.0021095901410209898,0.002611430967519375,0.003103978445378901,0.0034757123909332607,0.00412624679565339,0.004618794273512915,0.0045165674384854675,0.00467455436534607,0.004237766979319697,0.004079780052459094,0.0038939130796819153,0.004228473630680838,0.004312113768430569,0.004237766979319697,0.004321407117069429,0.004739607805818082,0.004758194503095801,0.004107660098375671,0.004572327530318621,0.005046288310900429,0.004711727759901506,0.004832541292206673,0.0064124105608127,0.007945813086224433,0.006942131433227662,0.007685599324336381,0.008456947261361676,0.010408550475522063,0.010139043364995153,0.009665082584413346,0.010873217907465012,0.008048039921251882,0.008140973407640471,0.007685599324336381,0.007230225241032291,0.007035064919616253,0.00823390689402906,0.0067748511577282,0.006635450928145315,0.007230225241032291,0.006728384414533906,0.006523930744479008,0.006356650468979546,0.008456947261361676,0.011337885339407962,0.009181828455192678
17117,0.0006970011479144239,0.0006784144506367059,0.0006598277533589879,0.0006970011479144239,0.0007248811938310009,0.0007806412856641548,0.0008271080288584497,0.0009479215611636166,0.0012174286716905272,0.0015241091767728735,0.0018493763791329382,0.0021095901410209898,0.002611430967519375,0.003103978445378901,0.0034757123909332607,0.00412624679565339,0.004618794273512915,0.0045165674384854675,0.00467455436534607,0.004237766979319697,0.004079780052459094,0.0038939130796819153,0.004228473630680838,0.004312113768430569,0.004237766979319697,0.004321407117069429,0.004739607805818082,0.004758194503095801,0.004107660098375671,0.004572327530318621,0.005046288310900429,0.004711727759901506,0.004832541292206673,0.0064124105608127,0.007945813086224433,0.006942131433227662,0.007685599324336381,0.008456947261361676,0.010408550475522063,0.010139043364995153,0.009665082584413346,0.010873217907465012,0.008048039921251882,0.008140973407640471,0.007685599324336381,0.007230225241032291,0.007035064919616253,0.00823390689402906,0.0067748511577282,0.006635450928145315,0.007230225241032291,0.006728384414533906,0.006523930744479008,0.006356650468979546,0.008456947261361676,0.011337885339407962,0.009181828455192678
17119,0.0006970011479144239,0.0006784144506367059,0.0006598277533589879,0.0006970011479144239,0.0007248811938310009,0.0007806412856641548,0.0008271080288584497,0.0009479215611636166,0.0012174286716905272,0.0015241091767728735,0.0018493763791329382,0.0021095901410209898,0.002611430967519375,0.003103978445378901,0.0034757123909332607,0.00412624679565339,0.004618794273512915,0.0045165674384854675,0.00467455436534607,0.004237766979319697,0.004079780052459094,0.0038939130796819153,0.004228473630680838,0.004312113768430569,0.004237766979319697,0.004321407117069429,0.004739607805818082,0.004758194503095801,0.004107660098375671,0.004572327530318621,0.005046288310900429,0.004711727759901506,0.004832541292206673,0.0064124105608127,0.007945813086224433,0.006942131433227662,0.007685599324336381,0.008456947261361676,0.010408550475522063,0.010139043364995153,0.009665082584413346,0.010873217907465012,0.008048039921251882,0.008140973407640471,0.007685599324336381,0.007230225241032291,0.007035064919616253,0.00823390689402906,0.0067748511577282,0.006635450928145315,0.007230225241032291,0.006728384414533906,0.006523930744479008,0.006356650468979546,0.008456947261361676,0.011337885339407962,0.009181828455192678
17121,0.0006970011479144239,0.0006784144506367059,0.0006598277533589879,0.0006970011479144239,0.0007248811938310009,0.0007806412856641548,0.0008271080288584497,0.0009479215611636166,0.0012174286716905272,0.0015241091767728735,0.0018493763791329382,0.0021095901410209898,0.002611430967519375,0.003103978445378901,0.0034757123909332607,0.00412624679565339,0.004618794273512915,0.0045165674384854675,0.00467455436534607,0.004237766979319697,0.004079780052459094,0.0038939130796819153,0.004228473630680838,0.004312113768430569,0.004237766979319697,0.004321407117069429,0.004739607805818082,0.004758194503095801,0.004107660098375671,0.004572327530318621,0.005046288310900429,0.004711727759901506,0.004832541292206673,0.0064124105608127,0.007945813086224433,0.006942131433227662,0.007685599324336381,0.008456947261361676,0.010408550475522063,0.010139043364995153,0.009665082584413346,0.010873217907465012,0.008048039921251882,0.008140973407640471,0.007685599324336381,0.007230225241032291,0.007035064919616253,0.00823390689402906,0.0067748511577282,0.006635450928145315,0.007230225241032291,0.006728384414533906,0.006523930744479008,0.006356650468979546,0.008456947261361676,0.011337885339407962,0.009181828455192678
17123,0.0006970011479144239,0.0006784144506367059,0.0006598277533589879,0.0006970011479144239,0.0007248811938310009,0.0007806412856641548,0.0008271080288584497,0.0009479215611636166,0.0012174286716905272,0.0015241091767728735,0.0018493763791329382,0.0021095901410209898,0.002611430967519375,0.003103978445378901,0.0034757123909332607,0.00412624679565339,0.004618794273512915,0.0045165674384854675,0.00467455436534607,0.004237766979319697,0.004079780052459094,0.0038939130796819153,0.004228473630680838,0.004312113768430569,0.004237766979319697,0.004321407117069429,0.004739607805818082,0.004758194503095801,0.004107660098375671,0.004572327530318621,0.005046288310900429,0.004711727759901506,0.004832541292206673,0.0064124105608127,0.007945813086224433,0.006942131433227662,0.007685599324336381,0.008456947261361676,0.010408550475522063,0.010139043364995153,0.009665082584413346,0.010873217907465012,0.008048039921251882,0.008140973407640471,0.007685599324336381,0.007230225241032291,0.007035064919616253,0.00823390689402906,0.0067748511577282,0.006635450928145315,0.007230225241032291,0.006728384414533906,0.006523930744479008,0.006356650468979546,0.008456947261361676,0.011337885339407962,0.009181828455192678
17125,0.0006970011479144239,0.0006784144506367059,0.0006598277533589879,0.0006970011479144239,0.0007248811938310009,0.0007806412856641548,0.0008271080288584497,0.0009479215611636166,0.0012174286716905272,0.0015241091767728735,0.0018493763791329382,0.0021095901410209898,0.002611430967519375,0.003103978445378901,0.0034757123909332607,0.00412624679565339,0.004618794273512915,0.0045165674384854675,0.00467455436534607,0.004237766979319697,0.004079780052459094,0.0038939130796819153,0.004228473630680838,0.004312113768430569,0.004237766979319697,0.004321407117069429,0.004739607805818082,0.004758194503095801,0.004107660098375671,0.004572327530318621,0.005046288310900429,0.004711727759901506,0.004832541292206673,0.0064124105608127,0.007945813086224433,0.006942131433227662,0.007685599324336381,0.008456947261361676,0.010408550475522063,0.010139043364995153,0.009665082584413346,0.010873217907465012,0.008048039921251882,0.008140973407640471,0.007685599324336381,0.007230225241032291,0.007035064919616253,0.00823390689402906,0.0067748511577282,0.006635450928145315,0.007230225241032291,0.006728384414533906,0.006523930744479008,0.006356650468979546,0.008456947261361676,0.011337885339407962,0.009181828455192678
17127,0.0006970011479144239,0.0006784144506367059,0.0006598277533589879,0.0006970011479144239,0.0007248811938310009,0.0007806412856641548,0.0008271080288584497,0.0009479215611636166,0.0012174286716905272,0.0015241091767728735,0.0018493763791329382,0.0021095901410209898,0.002611430967519375,0.003103978445378901,0.0034757123909332607,0.00412624679565339,0.004618794273512915,0.0045165674384854675,0.00467455436534607,0.004237766979319697,0.004079780052459094,0.0038939130796819153,0.004228473630680838,0.004312113768430569,0.004237766979319697,0.004321407117069429,0.004739607805818082,0.004758194503095801,0.004107660098375671,0.004572327530318621,0.005046288310900429,0.004711727759901506,0.004832541292206673,0.0064124105608127,0.007945813086224433,0.006942131433227662,0.007685599324336381,0.008456947261361676,0.010408550475522063,0.010139043364995153,0.009665082584413346,0.010873217907465012,0.008048039921251882,0.008140973407640471,0.007685599324336381,0.007230225241032291,0.007035064919616253,0.00823390689402906,0.0067748511577282,0.006635450928145315,0.007230225241032291,0.006728384414533906,0.006523930744479008,0.006356650468979546,0.008456947261361676,0.011337885339407962,0.009181828455192678
17129,0.0006970011479144239,0.0006784144506367059,0.0006598277533589879,0.0006970011479144239,0.0007248811938310009,0.0007806412856641548,0.0008271080288584497,0.0009479215611636166,0.0012174286716905272,0.0015241091767728735,0.0018493763791329382,0.0021095901410209898,0.002611430967519375,0.003103978445378901,0.0034757123909332607,0.00412624679565339,0.004618794273512915,0.0045165674384854675,0.00467455436534607,0.004237766979319697,0.004079780052459094,0.0038939130796819153,0.004228473630680838,0.004312113768430569,0.004237766979319697,0.004321407117069429,0.004739607805818082,0.004758194503095801,0.004107660098375671,0.004572327530318621,0.005046288310900429,0.004711727759901506,0.004832541292206673,0.0064124105608127,0.007945813086224433,0.006942131433227662,0.007685599324336381,0.008456947261361676,0.010408550475522063,0.010139043364995153,0.009665082584413346,0.010873217907465012,0.008048039921251882,0.008140973407640471,0.007685599324336381,0.007230225241032291,0.007035064919616253,0.00823390689402906,0.0067748511577282,0.006635450928145315,0.007230225241032291,0.006728384414533906,0.006523930744479008,0.006356650468979546,0.008456947261361676,0.011337885339407962,0.009181828455192678
17131,0.0006970011479144239,0.0006784144506367059,0.0006598277533589879,0.0006970011479144239,0.0007248811938310009,0.0007806412856641548,0.0008271080288584497,0.0009479215611636166,0.0012174286716905272,0.0015241091767728735,0.0018493763791329382,0.0021095901410209898,0.002611430967519375,0.003103978445378901,0.0034757123909332607,0.00412624679565339,0.004618794273512915,0.0045165674384854675,0.00467455436534607,0.004237766979319697,0.004079780052459094,0.0038939130796819153,0.004228473630680838,0.004312113768430569,0.004237766979319697,0.004321407117069429,0.004739607805818082,0.004758194503095801,0.004107660098375671,0.004572327530318621,0.005046288310900429,0.004711727759901506,0.004832541292206673,0.0064124105608127,0.007945813086224433,0.006942131433227662,0.007685599324336381,0.008456947261361676,0.010408550475522063,0.010139043364995153,0.009665082584413346,0.010873217907465012,0.008048039921251882,0.008140973407640471,0.007685599324336381,0.007230225241032291,0.007035064919616253,0.00823390689402906,0.0067748511577282,0.006635450928145315,0.007230225241032291,0.006728384414533906,0.006523930744479008,0.006356650468979546,0.008456947261361676,0.011337885339407962,0.009181828455192678
17133,0.0006970011479144239,0.0006784144506367059,0.0006598277533589879,0.0006970011479144239,0.0007248811938310009,0.0007806412856641548,0.0008271080288584497,0.0009479215611636166,0.0012174286716905272,0.0015241091767728735,0.0018493763791329382,0.0021095901410209898,0.002611430967519375,0.003103978445378901,0.0034757123909332607,0.00412624679565339,0.004618794273512915,0.0045165674384854675,0.00467455436534607,0.004237766979319697,0.004079780052459094,0.0038939130796819153,0.004228473630680838,0.004312113768430569,0.004237766979319697,0.004321407117069429,0.004739607805818082,0.004758194503095801,0.004107660098375671,0.004572327530318621,0.005046288310900429,0.004711727759901506,0.004832541292206673,0.0064124105608127,0.007945813086224433,0.006942131433227662,0.007685599324336381,0.008456947261361676,0.010408550475522063,0.010139043364995153,0.009665082584413346,0.010873217907465012,0.008048039921251882,0.008140973407640471,0.007685599324336381,0.007230225241032291,0.007035064919616253,0.00823390689402906,0.0067748511577282,0.006635450928145315,0.007230225241032291,0.006728384414533906,0.006523930744479008,0.006356650468979546,0.008456947261361676,0.011337885339407962,0.009181828455192678
17135,0.0006970011479144239,0.0006784144506367059,0.0006598277533589879,0.0006970011479144239,0.0007248811938310009,0.0007806412856641548,0.0008271080288584497,0.0009479215611636166,0.0012174286716905272,0.0015241091767728735,0.0018493763791329382,0.0021095901410209898,0.002611430967519375,0.003103978445378901,0.0034757123909332607,0.00412624679565339,0.004618794273512915,0.0045165674384854675,0.00467455436534607,0.004237766979319697,0.004079780052459094,0.0038939130796819153,0.004228473630680838,0.004312113768430569,0.004237766979319697,0.004321407117069429,0.004739607805818082,0.004758194503095801,0.004107660098375671,0.004572327530318621,0.005046288310900429,0.004711727759901506,0.004832541292206673,0.0064124105608127,0.007945813086224433,0.006942131433227662,0.007685599324336381,0.008456947261361676,0.010408550475522063,0.010139043364995153,0.009665082584413346,0.010873217907465012,0.008048039921251882,0.008140973407640471,0.007685599324336381,0.007230225241032291,0.007035064919616253,0.00823390689402906,0.0067748511577282,0.006635450928145315,0.007230225241032291,0.006728384414533906,0.006523930744479008,0.006356650468979546,0.008456947261361676,0.011337885339407962,0.009181828455192678
17137,0.0006970011479144239,0.0006784144506367059,0.0006598277533589879,0.0006970011479144239,0.0007248811938310009,0.0007806412856641548,0.0008271080288584497,0.0009479215611636166,0.0012174286716905272,0.0015241091767728735,0.0018493763791329382,0.0021095901410209898,0.002611430967519375,0.003103978445378901,0.0034757123909332607,0.00412624679565339,0.004618794273512915,0.0045165674384854675,0.00467455436534607,0.004237766979319697,0.004079780052459094,0.0038939130796819153,0.004228473630680838,0.004312113768430569,0.004237766979319697,0.004321407117069429,0.004739607805818082,0.004758194503095801,0.004107660098375671,0.004572327530318621,0.005046288310900429,0.004711727759901506,0.004832541292206673,0.0064124105608127,0.007945813086224433,0.006942131433227662,0.007685599324336381,0.008456947261361676,0.010408550475522063,0.010139043364995153,0.009665082584413346,0.010873217907465012,0.008048039921251882,0.008140973407640471,0.007685599324336381,0.007230225241032291,0.007035064919616253,0.00823390689402906,0.0067748511577282,0.006635450928145315,0.007230225241032291,0.006728384414533906,0.006523930744479008,0.006356650468979546,0.008456947261361676,0.011337885339407962,0.009181828455192678
17139,0.0006970011479144239,0.0006784144506367059,0.0006598277533589879,0.0006970011479144239,0.0007248811938310009,0.0007806412856641548,0.0008271080288584497,0.0009479215611636166,0.0012174286716905272,0.0015241091767728735,0.0018493763791329382,0.0021095901410209898,0.002611430967519375,0.003103978445378901,0.0034757123909332607,0.00412624679565339,0.004618794273512915,0.0045165674384854675,0.00467455436534607,0.004237766979319697,0.004079780052459094,0.0038939130796819153,0.004228473630680838,0.004312113768430569,0.004237766979319697,0.004321407117069429,0.004739607805818082,0.004758194503095801,0.004107660098375671,0.004572327530318621,0.005046288310900429,0.004711727759901506,0.004832541292206673,0.0064124105608127,0.007945813086224433,0.006942131433227662,0.007685599324336381,0.008456947261361676,0.010408550475522063,0.010139043364995153,0.009665082584413346,0.010873217907465012,0.008048039921251882,0.008140973407640471,0.007685599324336381,0.007230225241032291,0.007035064919616253,0.00823390689402906,0.0067748511577282,0.006635450928145315,0.007230225241032291,0.006728384414533906,0.006523930744479008,0.006356650468979546,0.008456947261361676,0.011337885339407962,0.009181828455192678
17141,0.0006970011479144239,0.0006784144506367059,0.0006598277533589879,0.0006970011479144239,0.0007248811938310009,0.0007806412856641548,0.0008271080288584497,0.0009479215611636166,0.0012174286716905272,0.0015241091767728735,0.0018493763791329382,0.0021095901410209898,0.002611430967519375,0.003103978445378901,0.0034757123909332607,0.00412624679565339,0.004618794273512915,0.0045165674384854675,0.00467455436534607,0.004237766979319697,0.004079780052459094,0.0038939130796819153,0.004228473630680838,0.004312113768430569,0.004237766979319697,0.004321407117069429,0.004739607805818082,0.004758194503095801,0.004107660098375671,0.004572327530318621,0.005046288310900429,0.004711727759901506,0.004832541292206673,0.0064124105608127,0.007945813086224433,0.006942131433227662,0.007685599324336381,0.008456947261361676,0.010408550475522063,0.010139043364995153,0.009665082584413346,0.010873217907465012,0.008048039921251882,0.008140973407640471,0.007685599324336381,0.007230225241032291,0.007035064919616253,0.00823390689402906,0.0067748511577282,0.006635450928145315,0.007230225241032291,0.006728384414533906,0.006523930744479008,0.006356650468979546,0.008456947261361676,0.011337885339407962,0.009181828455192678
17143,0.0006970011479144239,0.0006784144506367059,0.0006598277533589879,0.0006970011479144239,0.0007248811938310009,0.0007806412856641548,0.0008271080288584497,0.0009479215611636166,0.0012174286716905272,0.0015241091767728735,0.0018493763791329382,0.0021095901410209898,0.002611430967519375,0.003103978445378901,0.0034757123909332607,0.00412624679565339,0.004618794273512915,0.0045165674384854675,0.00467455436534607,0.004237766979319697,0.004079780052459094,0.0038939130796819153,0.004228473630680838,0.004312113768430569,0.004237766979319697,0.004321407117069429,0.004739607805818082,0.004758194503095801,0.004107660098375671,0.004572327530318621,0.005046288310900429,0.004711727759901506,0.004832541292206673,0.0064124105608127,0.007945813086224433,0.006942131433227662,0.007685599324336381,0.008456947261361676,0.010408550475522063,0.010139043364995153,0.009665082584413346,0.010873217907465012,0.008048039921251882,0.008140973407640471,0.007685599324336381,0.007230225241032291,0.007035064919616253,0.00823390689402906,0.0067748511577282,0.006635450928145315,0.007230225241032291,0.006728384414533906,0.006523930744479008,0.006356650468979546,0.008456947261361676,0.011337885339407962,0.009181828455192678
17145,0.0006970011479144239,0.0006784144506367059,0.0006598277533589879,0.0006970011479144239,0.0007248811938310009,0.0007806412856641548,0.0008271080288584497,0.0009479215611636166,0.0012174286716905272,0.0015241091767728735,0.0018493763791329382,0.0021095901410209898,0.002611430967519375,0.003103978445378901,0.0034757123909332607,0.00412624679565339,0.004618794273512915,0.0045165674384854675,0.00467455436534607,0.004237766979319697,0.004079780052459094,0.0038939130796819153,0.004228473630680838,0.004312113768430569,0.004237766979319697,0.004321407117069429,0.004739607805818082,0.004758194503095801,0.004107660098375671,0.004572327530318621,0.005046288310900429,0.004711727759901506,0.004832541292206673,0.0064124105608127,0.007945813086224433,0.006942131433227662,0.007685599324336381,0.008456947261361676,0.010408550475522063,0.010139043364995153,0.009665082584413346,0.010873217907465012,0.008048039921251882,0.008140973407640471,0.007685599324336381,0.007230225241032291,0.007035064919616253,0.00823390689402906,0.0067748511577282,0.006635450928145315,0.007230225241032291,0.006728384414533906,0.006523930744479008,0.006356650468979546,0.008456947261361676,0.011337885339407962,0.009181828455192678
17147,0.0006970011479144239,0.0006784144506367059,0.0006598277533589879,0.0006970011479144239,0.0007248811938310009,0.0007806412856641548,0.0008271080288584497,0.0009479215611636166,0.0012174286716905272,0.0015241091767728735,0.0018493763791329382,0.0021095901410209898,0.002611430967519375,0.003103978445378901,0.0034757123909332607,0.00412624679565339,0.004618794273512915,0.0045165674384854675,0.00467455436534607,0.004237766979319697,0.004079780052459094,0.0038939130796819153,0.004228473630680838,0.004312113768430569,0.004237766979319697,0.004321407117069429,0.004739607805818082,0.004758194503095801,0.004107660098375671,0.004572327530318621,0.005046288310900429,0.004711727759901506,0.004832541292206673,0.0064124105608127,0.007945813086224433,0.006942131433227662,0.007685599324336381,0.008456947261361676,0.010408550475522063,0.010139043364995153,0.009665082584413346,0.010873217907465012,0.008048039921251882,0.008140973407640471,0.007685599324336381,0.007230225241032291,0.007035064919616253,0.00823390689402906,0.0067748511577282,0.006635450928145315,0.007230225241032291,0.006728384414533906,0.006523930744479008,0.006356650468979546,0.008456947261361676,0.011337885339407962,0.009181828455192678
17149,0.0006970011479144239,0.0006784144506367059,0.0006598277533589879,0.0006970011479144239,0.0007248811938310009,0.0007806412856641548,0.0008271080288584497,0.0009479215611636166,0.0012174286716905272,0.0015241091767728735,0.0018493763791329382,0.0021095901410209898,0.002611430967519375,0.003103978445378901,0.0034757123909332607,0.00412624679565339,0.004618794273512915,0.0045165674384854675,0.00467455436534607,0.004237766979319697,0.004079780052459094,0.0038939130796819153,0.004228473630680838,0.004312113768430569,0.004237766979319697,0.004321407117069429,0.004739607805818082,0.004758194503095801,0.004107660098375671,0.004572327530318621,0.005046288310900429,0.004711727759901506,0.004832541292206673,0.0064124105608127,0.007945813086224433,0.006942131433227662,0.007685599324336381,0.008456947261361676,0.010408550475522063,0.010139043364995153,0.009665082584413346,0.010873217907465012,0.008048039921251882,0.008140973407640471,0.007685599324336381,0.007230225241032291,0.007035064919616253,0.00823390689402906,0.0067748511577282,0.006635450928145315,0.007230225241032291,0.006728384414533906,0.006523930744479008,0.006356650468979546,0.008456947261361676,0.011337885339407962,0.009181828455192678
17151,0.0006970011479144239,0.0006784144506367059,0.0006598277533589879,0.0006970011479144239,0.0007248811938310009,0.0007806412856641548,0.0008271080288584497,0.0009479215611636166,0.0012174286716905272,0.0015241091767728735,0.0018493763791329382,0.0021095901410209898,0.002611430967519375,0.003103978445378901,0.0034757123909332607,0.00412624679565339,0.004618794273512915,0.0045165674384854675,0.00467455436534607,0.004237766979319697,0.004079780052459094,0.0038939130796819153,0.004228473630680838,0.004312113768430569,0.004237766979319697,0.004321407117069429,0.004739607805818082,0.004758194503095801,0.004107660098375671,0.004572327530318621,0.005046288310900429,0.004711727759901506,0.004832541292206673,0.0064124105608127,0.007945813086224433,0.006942131433227662,0.007685599324336381,0.008456947261361676,0.010408550475522063,0.010139043364995153,0.009665082584413346,0.010873217907465012,0.008048039921251882,0.008140973407640471,0.007685599324336381,0.007230225241032291,0.007035064919616253,0.00823390689402906,0.0067748511577282,0.006635450928145315,0.007230225241032291,0.006728384414533906,0.006523930744479008,0.006356650468979546,0.008456947261361676,0.011337885339407962,0.009181828455192678
17153,0.0006970011479144239,0.0006784144506367059,0.0006598277533589879,0.0006970011479144239,0.0007248811938310009,0.0007806412856641548,0.0008271080288584497,0.0009479215611636166,0.0012174286716905272,0.0015241091767728735,0.0018493763791329382,0.0021095901410209898,0.002611430967519375,0.003103978445378901,0.0034757123909332607,0.00412624679565339,0.004618794273512915,0.0045165674384854675,0.00467455436534607,0.004237766979319697,0.004079780052459094,0.0038939130796819153,0.004228473630680838,0.004312113768430569,0.004237766979319697,0.004321407117069429,0.004739607805818082,0.004758194503095801,0.004107660098375671,0.004572327530318621,0.005046288310900429,0.004711727759901506,0.004832541292206673,0.0064124105608127,0.007945813086224433,0.006942131433227662,0.007685599324336381,0.008456947261361676,0.010408550475522063,0.010139043364995153,0.009665082584413346,0.010873217907465012,0.008048039921251882,0.008140973407640471,0.007685599324336381,0.007230225241032291,0.007035064919616253,0.00823390689402906,0.0067748511577282,0.006635450928145315,0.007230225241032291,0.006728384414533906,0.006523930744479008,0.006356650468979546,0.008456947261361676,0.011337885339407962,0.009181828455192678
17155,0.0006970011479144239,0.0006784144506367059,0.0006598277533589879,0.0006970011479144239,0.0007248811938310009,0.0007806412856641548,0.0008271080288584497,0.0009479215611636166,0.0012174286716905272,0.0015241091767728735,0.0018493763791329382,0.0021095901410209898,0.002611430967519375,0.003103978445378901,0.0034757123909332607,0.00412624679565339,0.004618794273512915,0.0045165674384854675,0.00467455436534607,0.004237766979319697,0.004079780052459094,0.0038939130796819153,0.004228473630680838,0.004312113768430569,0.004237766979319697,0.004321407117069429,0.004739607805818082,0.004758194503095801,0.004107660098375671,0.004572327530318621,0.005046288310900429,0.004711727759901506,0.004832541292206673,0.0064124105608127,0.007945813086224433,0.006942131433227662,0.007685599324336381,0.008456947261361676,0.010408550475522063,0.010139043364995153,0.009665082584413346,0.010873217907465012,0.008048039921251882,0.008140973407640471,0.007685599324336381,0.007230225241032291,0.007035064919616253,0.00823390689402906,0.0067748511577282,0.006635450928145315,0.007230225241032291,0.006728384414533906,0.006523930744479008,0.006356650468979546,0.008456947261361676,0.011337885339407962,0.009181828455192678
17157,0.0006970011479144239,0.0006784144506367059,0.0006598277533589879,0.0006970011479144239,0.0007248811938310009,0.0007806412856641548,0.0008271080288584497,0.0009479215611636166,0.0012174286716905272,0.0015241091767728735,0.0018493763791329382,0.0021095901410209898,0.002611430967519375,0.003103978445378901,0.0034757123909332607,0.00412624679565339,0.004618794273512915,0.0045165674384854675,0.00467455436534607,0.004237766979319697,0.004079780052459094,0.0038939130796819153,0.004228473630680838,0.004312113768430569,0.004237766979319697,0.004321407117069429,0.004739607805818082,0.004758194503095801,0.004107660098375671,0.004572327530318621,0.005046288310900429,0.004711727759901506,0.004832541292206673,0.0064124105608127,0.007945813086224433,0.006942131433227662,0.007685599324336381,0.008456947261361676,0.010408550475522063,0.010139043364995153,0.009665082584413346,0.010873217907465012,0.008048039921251882,0.008140973407640471,0.007685599324336381,0.007230225241032291,0.007035064919616253,0.00823390689402906,0.0067748511577282,0.006635450928145315,0.007230225241032291,0.006728384414533906,0.006523930744479008,0.006356650468979546,0.008456947261361676,0.011337885339407962,0.009181828455192678
17159,0.0006970011479144239,0.0006784144506367059,0.0006598277533589879,0.0006970011479144239,0.0007248811938310009,0.0007806412856641548,0.0008271080288584497,0.0009479215611636166,0.0012174286716905272,0.0015241091767728735,0.0018493763791329382,0.0021095901410209898,0.002611430967519375,0.003103978445378901,0.0034757123909332607,0.00412624679565339,0.004618794273512915,0.0045165674384854675,0.00467455436534607,0.004237766979319697,0.004079780052459094,0.0038939130796819153,0.004228473630680838,0.004312113768430569,0.004237766979319697,0.004321407117069429,0.004739607805818082,0.004758194503095801,0.004107660098375671,0.004572327530318621,0.005046288310900429,0.004711727759901506,0.004832541292206673,0.0064124105608127,0.007945813086224433,0.006942131433227662,0.007685599324336381,0.008456947261361676,0.010408550475522063,0.010139043364995153,0.009665082584413346,0.010873217907465012,0.008048039921251882,0.008140973407640471,0.007685599324336381,0.007230225241032291,0.007035064919616253,0.00823390689402906,0.0067748511577282,0.006635450928145315,0.007230225241032291,0.006728384414533906,0.006523930744479008,0.006356650468979546,0.008456947261361676,0.011337885339407962,0.009181828455192678
17161,0.0006970011479144239,0.0006784144506367059,0.0006598277533589879,0.0006970011479144239,0.0007248811938310009,0.0007806412856641548,0.0008271080288584497,0.0009479215611636166,0.0012174286716905272,0.0015241091767728735,0.0018493763791329382,0.0021095901410209898,0.002611430967519375,0.003103978445378901,0.0034757123909332607,0.00412624679565339,0.004618794273512915,0.0045165674384854675,0.00467455436534607,0.004237766979319697,0.004079780052459094,0.0038939130796819153,0.004228473630680838,0.004312113768430569,0.004237766979319697,0.004321407117069429,0.004739607805818082,0.004758194503095801,0.004107660098375671,0.004572327530318621,0.005046288310900429,0.004711727759901506,0.004832541292206673,0.0064124105608127,0.007945813086224433,0.006942131433227662,0.007685599324336381,0.008456947261361676,0.010408550475522063,0.010139043364995153,0.009665082584413346,0.010873217907465012,0.008048039921251882,0.008140973407640471,0.007685599324336381,0.007230225241032291,0.007035064919616253,0.00823390689402906,0.0067748511577282,0.006635450928145315,0.007230225241032291,0.006728384414533906,0.006523930744479008,0.006356650468979546,0.008456947261361676,0.011337885339407962,0.009181828455192678
17163,0.0006970011479144239,0.0006784144506367059,0.0006598277533589879,0.0006970011479144239,0.0007248811938310009,0.0007806412856641548,0.0008271080288584497,0.0009479215611636166,0.0012174286716905272,0.0015241091767728735,0.0018493763791329382,0.0021095901410209898,0.002611430967519375,0.003103978445378901,0.0034757123909332607,0.00412624679565339,0.004618794273512915,0.0045165674384854675,0.00467455436534607,0.004237766979319697,0.004079780052459094,0.0038939130796819153,0.004228473630680838,0.004312113768430569,0.004237766979319697,0.004321407117069429,0.004739607805818082,0.004758194503095801,0.004107660098375671,0.004572327530318621,0.005046288310900429,0.004711727759901506,0.004832541292206673,0.0064124105608127,0.007945813086224433,0.006942131433227662,0.007685599324336381,0.008456947261361676,0.010408550475522063,0.010139043364995153,0.009665082584413346,0.010873217907465012,0.008048039921251882,0.008140973407640471,0.007685599324336381,0.007230225241032291,0.007035064919616253,0.00823390689402906,0.0067748511577282,0.006635450928145315,0.007230225241032291,0.006728384414533906,0.006523930744479008,0.006356650468979546,0.008456947261361676,0.011337885339407962,0.009181828455192678
17165,0.0006970011479144239,0.0006784144506367059,0.0006598277533589879,0.0006970011479144239,0.0007248811938310009,0.0007806412856641548,0.0008271080288584497,0.0009479215611636166,0.0012174286716905272,0.0015241091767728735,0.0018493763791329382,0.0021095901410209898,0.002611430967519375,0.003103978445378901,0.0034757123909332607,0.00412624679565339,0.004618794273512915,0.0045165674384854675,0.00467455436534607,0.004237766979319697,0.004079780052459094,0.0038939130796819153,0.004228473630680838,0.004312113768430569,0.004237766979319697,0.004321407117069429,0.004739607805818082,0.004758194503095801,0.004107660098375671,0.004572327530318621,0.005046288310900429,0.004711727759901506,0.004832541292206673,0.0064124105608127,0.007945813086224433,0.006942131433227662,0.007685599324336381,0.008456947261361676,0.010408550475522063,0.010139043364995153,0.009665082584413346,0.010873217907465012,0.008048039921251882,0.008140973407640471,0.007685599324336381,0.007230225241032291,0.007035064919616253,0.00823390689402906,0.0067748511577282,0.006635450928145315,0.007230225241032291,0.006728384414533906,0.006523930744479008,0.006356650468979546,0.008456947261361676,0.011337885339407962,0.009181828455192678
17167,0.0006970011479144239,0.0006784144506367059,0.0006598277533589879,0.0006970011479144239,0.0007248811938310009,0.0007806412856641548,0.0008271080288584497,0.0009479215611636166,0.0012174286716905272,0.0015241091767728735,0.0018493763791329382,0.0021095901410209898,0.002611430967519375,0.003103978445378901,0.0034757123909332607,0.00412624679565339,0.004618794273512915,0.0045165674384854675,0.00467455436534607,0.004237766979319697,0.004079780052459094,0.0038939130796819153,0.004228473630680838,0.004312113768430569,0.004237766979319697,0.004321407117069429,0.004739607805818082,0.004758194503095801,0.004107660098375671,0.004572327530318621,0.005046288310900429,0.004711727759901506,0.004832541292206673,0.0064124105608127,0.007945813086224433,0.006942131433227662,0.007685599324336381,0.008456947261361676,0.010408550475522063,0.010139043364995153,0.009665082584413346,0.010873217907465012,0.008048039921251882,0.008140973407640471,0.007685599324336381,0.007230225241032291,0.007035064919616253,0.00823390689402906,0.0067748511577282,0.006635450928145315,0.007230225241032291,0.006728384414533906,0.006523930744479008,0.006356650468979546,0.008456947261361676,0.011337885339407962,0.009181828455192678
17169,0.0006970011479144239,0.0006784144506367059,0.0006598277533589879,0.0006970011479144239,0.0007248811938310009,0.0007806412856641548,0.0008271080288584497,0.0009479215611636166,0.0012174286716905272,0.0015241091767728735,0.0018493763791329382,0.0021095901410209898,0.002611430967519375,0.003103978445378901,0.0034757123909332607,0.00412624679565339,0.004618794273512915,0.0045165674384854675,0.00467455436534607,0.004237766979319697,0.004079780052459094,0.0038939130796819153,0.004228473630680838,0.004312113768430569,0.004237766979319697,0.004321407117069429,0.004739607805818082,0.004758194503095801,0.004107660098375671,0.004572327530318621,0.005046288310900429,0.004711727759901506,0.004832541292206673,0.0064124105608127,0.007945813086224433,0.006942131433227662,0.007685599324336381,0.008456947261361676,0.010408550475522063,0.010139043364995153,0.009665082584413346,0.010873217907465012,0.008048039921251882,0.008140973407640471,0.007685599324336381,0.007230225241032291,0.007035064919616253,0.00823390689402906,0.0067748511577282,0.006635450928145315,0.007230225241032291,0.006728384414533906,0.006523930744479008,0.006356650468979546,0.008456947261361676,0.011337885339407962,0.009181828455192678
17171,0.0006970011479144239,0.0006784144506367059,0.0006598277533589879,0.0006970011479144239,0.0007248811938310009,0.0007806412856641548,0.0008271080288584497,0.0009479215611636166,0.0012174286716905272,0.0015241091767728735,0.0018493763791329382,0.0021095901410209898,0.002611430967519375,0.003103978445378901,0.0034757123909332607,0.00412624679565339,0.004618794273512915,0.0045165674384854675,0.00467455436534607,0.004237766979319697,0.004079780052459094,0.0038939130796819153,0.004228473630680838,0.004312113768430569,0.004237766979319697,0.004321407117069429,0.004739607805818082,0.004758194503095801,0.004107660098375671,0.004572327530318621,0.005046288310900429,0.004711727759901506,0.004832541292206673,0.0064124105608127,0.007945813086224433,0.006942131433227662,0.007685599324336381,0.008456947261361676,0.010408550475522063,0.010139043364995153,0.009665082584413346,0.010873217907465012,0.008048039921251882,0.008140973407640471,0.007685599324336381,0.007230225241032291,0.007035064919616253,0.00823390689402906,0.0067748511577282,0.006635450928145315,0.007230225241032291,0.006728384414533906,0.006523930744479008,0.006356650468979546,0.008456947261361676,0.011337885339407962,0.009181828455192678
17173,0.0006970011479144239,0.0006784144506367059,0.0006598277533589879,0.0006970011479144239,0.0007248811938310009,0.0007806412856641548,0.0008271080288584497,0.0009479215611636166,0.0012174286716905272,0.0015241091767728735,0.0018493763791329382,0.0021095901410209898,0.002611430967519375,0.003103978445378901,0.0034757123909332607,0.00412624679565339,0.004618794273512915,0.0045165674384854675,0.00467455436534607,0.004237766979319697,0.004079780052459094,0.0038939130796819153,0.004228473630680838,0.004312113768430569,0.004237766979319697,0.004321407117069429,0.004739607805818082,0.004758194503095801,0.004107660098375671,0.004572327530318621,0.005046288310900429,0.004711727759901506,0.004832541292206673,0.0064124105608127,0.007945813086224433,0.006942131433227662,0.007685599324336381,0.008456947261361676,0.010408550475522063,0.010139043364995153,0.009665082584413346,0.010873217907465012,0.008048039921251882,0.008140973407640471,0.007685599324336381,0.007230225241032291,0.007035064919616253,0.00823390689402906,0.0067748511577282,0.006635450928145315,0.007230225241032291,0.006728384414533906,0.006523930744479008,0.006356650468979546,0.008456947261361676,0.011337885339407962,0.009181828455192678
17175,0.0006970011479144239,0.0006784144506367059,0.0006598277533589879,0.0006970011479144239,0.0007248811938310009,0.0007806412856641548,0.0008271080288584497,0.0009479215611636166,0.0012174286716905272,0.0015241091767728735,0.0018493763791329382,0.0021095901410209898,0.002611430967519375,0.003103978445378901,0.0034757123909332607,0.00412624679565339,0.004618794273512915,0.0045165674384854675,0.00467455436534607,0.004237766979319697,0.004079780052459094,0.0038939130796819153,0.004228473630680838,0.004312113768430569,0.004237766979319697,0.004321407117069429,0.004739607805818082,0.004758194503095801,0.004107660098375671,0.004572327530318621,0.005046288310900429,0.004711727759901506,0.004832541292206673,0.0064124105608127,0.007945813086224433,0.006942131433227662,0.007685599324336381,0.008456947261361676,0.010408550475522063,0.010139043364995153,0.009665082584413346,0.010873217907465012,0.008048039921251882,0.008140973407640471,0.007685599324336381,0.007230225241032291,0.007035064919616253,0.00823390689402906,0.0067748511577282,0.006635450928145315,0.007230225241032291,0.006728384414533906,0.006523930744479008,0.006356650468979546,0.008456947261361676,0.011337885339407962,0.009181828455192678
17177,0.0006970011479144239,0.0006784144506367059,0.0006598277533589879,0.0006970011479144239,0.0007248811938310009,0.0007806412856641548,0.0008271080288584497,0.0009479215611636166,0.0012174286716905272,0.0015241091767728735,0.0018493763791329382,0.0021095901410209898,0.002611430967519375,0.003103978445378901,0.0034757123909332607,0.00412624679565339,0.004618794273512915,0.0045165674384854675,0.00467455436534607,0.004237766979319697,0.004079780052459094,0.0038939130796819153,0.004228473630680838,0.004312113768430569,0.004237766979319697,0.004321407117069429,0.004739607805818082,0.004758194503095801,0.004107660098375671,0.004572327530318621,0.005046288310900429,0.004711727759901506,0.004832541292206673,0.0064124105608127,0.007945813086224433,0.006942131433227662,0.007685599324336381,0.008456947261361676,0.010408550475522063,0.010139043364995153,0.009665082584413346,0.010873217907465012,0.008048039921251882,0.008140973407640471,0.007685599324336381,0.007230225241032291,0.007035064919616253,0.00823390689402906,0.0067748511577282,0.006635450928145315,0.007230225241032291,0.006728384414533906,0.006523930744479008,0.006356650468979546,0.008456947261361676,0.011337885339407962,0.009181828455192678
17179,0.0006970011479144239,0.0006784144506367059,0.0006598277533589879,0.0006970011479144239,0.0007248811938310009,0.0007806412856641548,0.0008271080288584497,0.0009479215611636166,0.0012174286716905272,0.0015241091767728735,0.0018493763791329382,0.0021095901410209898,0.002611430967519375,0.003103978445378901,0.0034757123909332607,0.00412624679565339,0.004618794273512915,0.0045165674384854675,0.00467455436534607,0.004237766979319697,0.004079780052459094,0.0038939130796819153,0.004228473630680838,0.004312113768430569,0.004237766979319697,0.004321407117069429,0.004739607805818082,0.004758194503095801,0.004107660098375671,0.004572327530318621,0.005046288310900429,0.004711727759901506,0.004832541292206673,0.0064124105608127,0.007945813086224433,0.006942131433227662,0.007685599324336381,0.008456947261361676,0.010408550475522063,0.010139043364995153,0.009665082584413346,0.010873217907465012,0.008048039921251882,0.008140973407640471,0.007685599324336381,0.007230225241032291,0.007035064919616253,0.00823390689402906,0.0067748511577282,0.006635450928145315,0.007230225241032291,0.006728384414533906,0.006523930744479008,0.006356650468979546,0.008456947261361676,0.011337885339407962,0.009181828455192678
17181,0.0006970011479144239,0.0006784144506367059,0.0006598277533589879,0.0006970011479144239,0.0007248811938310009,0.0007806412856641548,0.0008271080288584497,0.0009479215611636166,0.0012174286716905272,0.0015241091767728735,0.0018493763791329382,0.0021095901410209898,0.002611430967519375,0.003103978445378901,0.0034757123909332607,0.00412624679565339,0.004618794273512915,0.0045165674384854675,0.00467455436534607,0.004237766979319697,0.004079780052459094,0.0038939130796819153,0.004228473630680838,0.004312113768430569,0.004237766979319697,0.004321407117069429,0.004739607805818082,0.004758194503095801,0.004107660098375671,0.004572327530318621,0.005046288310900429,0.004711727759901506,0.004832541292206673,0.0064124105608127,0.007945813086224433,0.006942131433227662,0.007685599324336381,0.008456947261361676,0.010408550475522063,0.010139043364995153,0.009665082584413346,0.010873217907465012,0.008048039921251882,0.008140973407640471,0.007685599324336381,0.007230225241032291,0.007035064919616253,0.00823390689402906,0.0067748511577282,0.006635450928145315,0.007230225241032291,0.006728384414533906,0.006523930744479008,0.006356650468979546,0.008456947261361676,0.011337885339407962,0.009181828455192678
17183,0.0006970011479144239,0.0006784144506367059,0.0006598277533589879,0.0006970011479144239,0.0007248811938310009,0.0007806412856641548,0.0008271080288584497,0.0009479215611636166,0.0012174286716905272,0.0015241091767728735,0.0018493763791329382,0.0021095901410209898,0.002611430967519375,0.003103978445378901,0.0034757123909332607,0.00412624679565339,0.004618794273512915,0.0045165674384854675,0.00467455436534607,0.004237766979319697,0.004079780052459094,0.0038939130796819153,0.004228473630680838,0.004312113768430569,0.004237766979319697,0.004321407117069429,0.004739607805818082,0.004758194503095801,0.004107660098375671,0.004572327530318621,0.005046288310900429,0.004711727759901506,0.004832541292206673,0.0064124105608127,0.007945813086224433,0.006942131433227662,0.007685599324336381,0.008456947261361676,0.010408550475522063,0.010139043364995153,0.009665082584413346,0.010873217907465012,0.008048039921251882,0.008140973407640471,0.007685599324336381,0.007230225241032291,0.007035064919616253,0.00823390689402906,0.0067748511577282,0.006635450928145315,0.007230225241032291,0.006728384414533906,0.006523930744479008,0.006356650468979546,0.008456947261361676,0.011337885339407962,0.009181828455192678
17185,0.0006970011479144239,0.0006784144506367059,0.0006598277533589879,0.0006970011479144239,0.0007248811938310009,0.0007806412856641548,0.0008271080288584497,0.0009479215611636166,0.0012174286716905272,0.0015241091767728735,0.0018493763791329382,0.0021095901410209898,0.002611430967519375,0.003103978445378901,0.0034757123909332607,0.00412624679565339,0.004618794273512915,0.0045165674384854675,0.00467455436534607,0.004237766979319697,0.004079780052459094,0.0038939130796819153,0.004228473630680838,0.004312113768430569,0.004237766979319697,0.004321407117069429,0.004739607805818082,0.004758194503095801,0.004107660098375671,0.004572327530318621,0.005046288310900429,0.004711727759901506,0.004832541292206673,0.0064124105608127,0.007945813086224433,0.006942131433227662,0.007685599324336381,0.008456947261361676,0.010408550475522063,0.010139043364995153,0.009665082584413346,0.010873217907465012,0.008048039921251882,0.008140973407640471,0.007685599324336381,0.007230225241032291,0.007035064919616253,0.00823390689402906,0.0067748511577282,0.006635450928145315,0.007230225241032291,0.006728384414533906,0.006523930744479008,0.006356650468979546,0.008456947261361676,0.011337885339407962,0.009181828455192678
17187,0.0006970011479144239,0.0006784144506367059,0.0006598277533589879,0.0006970011479144239,0.0007248811938310009,0.0007806412856641548,0.0008271080288584497,0.0009479215611636166,0.0012174286716905272,0.0015241091767728735,0.0018493763791329382,0.0021095901410209898,0.002611430967519375,0.003103978445378901,0.0034757123909332607,0.00412624679565339,0.004618794273512915,0.0045165674384854675,0.00467455436534607,0.004237766979319697,0.004079780052459094,0.0038939130796819153,0.004228473630680838,0.004312113768430569,0.004237766979319697,0.004321407117069429,0.004739607805818082,0.004758194503095801,0.004107660098375671,0.004572327530318621,0.005046288310900429,0.004711727759901506,0.004832541292206673,0.0064124105608127,0.007945813086224433,0.006942131433227662,0.007685599324336381,0.008456947261361676,0.010408550475522063,0.010139043364995153,0.009665082584413346,0.010873217907465012,0.008048039921251882,0.008140973407640471,0.007685599324336381,0.007230225241032291,0.007035064919616253,0.00823390689402906,0.0067748511577282,0.006635450928145315,0.007230225241032291,0.006728384414533906,0.006523930744479008,0.006356650468979546,0.008456947261361676,0.011337885339407962,0.009181828455192678
17189,0.0006970011479144239,0.0006784144506367059,0.0006598277533589879,0.0006970011479144239,0.0007248811938310009,0.0007806412856641548,0.0008271080288584497,0.0009479215611636166,0.0012174286716905272,0.0015241091767728735,0.0018493763791329382,0.0021095901410209898,0.002611430967519375,0.003103978445378901,0.0034757123909332607,0.00412624679565339,0.004618794273512915,0.0045165674384854675,0.00467455436534607,0.004237766979319697,0.004079780052459094,0.0038939130796819153,0.004228473630680838,0.004312113768430569,0.004237766979319697,0.004321407117069429,0.004739607805818082,0.004758194503095801,0.004107660098375671,0.004572327530318621,0.005046288310900429,0.004711727759901506,0.004832541292206673,0.0064124105608127,0.007945813086224433,0.006942131433227662,0.007685599324336381,0.008456947261361676,0.010408550475522063,0.010139043364995153,0.009665082584413346,0.010873217907465012,0.008048039921251882,0.008140973407640471,0.007685599324336381,0.007230225241032291,0.007035064919616253,0.00823390689402906,0.0067748511577282,0.006635450928145315,0.007230225241032291,0.006728384414533906,0.006523930744479008,0.006356650468979546,0.008456947261361676,0.011337885339407962,0.009181828455192678
17191,0.0006970011479144239,0.0006784144506367059,0.0006598277533589879,0.0006970011479144239,0.0007248811938310009,0.0007806412856641548,0.0008271080288584497,0.0009479215611636166,0.0012174286716905272,0.0015241091767728735,0.0018493763791329382,0.0021095901410209898,0.002611430967519375,0.003103978445378901,0.0034757123909332607,0.00412624679565339,0.004618794273512915,0.0045165674384854675,0.00467455436534607,0.004237766979319697,0.004079780052459094,0.0038939130796819153,0.004228473630680838,0.004312113768430569,0.004237766979319697,0.004321407117069429,0.004739607805818082,0.004758194503095801,0.004107660098375671,0.004572327530318621,0.005046288310900429,0.004711727759901506,0.004832541292206673,0.0064124105608127,0.007945813086224433,0.006942131433227662,0.007685599324336381,0.008456947261361676,0.010408550475522063,0.010139043364995153,0.009665082584413346,0.010873217907465012,0.008048039921251882,0.008140973407640471,0.007685599324336381,0.007230225241032291,0.007035064919616253,0.00823390689402906,0.0067748511577282,0.006635450928145315,0.007230225241032291,0.006728384414533906,0.006523930744479008,0.006356650468979546,0.008456947261361676,0.011337885339407962,0.009181828455192678
17193,0.0006970011479144239,0.0006784144506367059,0.0006598277533589879,0.0006970011479144239,0.0007248811938310009,0.0007806412856641548,0.0008271080288584497,0.0009479215611636166,0.0012174286716905272,0.0015241091767728735,0.0018493763791329382,0.0021095901410209898,0.002611430967519375,0.003103978445378901,0.0034757123909332607,0.00412624679565339,0.004618794273512915,0.0045165674384854675,0.00467455436534607,0.004237766979319697,0.004079780052459094,0.0038939130796819153,0.004228473630680838,0.004312113768430569,0.004237766979319697,0.004321407117069429,0.004739607805818082,0.004758194503095801,0.004107660098375671,0.004572327530318621,0.005046288310900429,0.004711727759901506,0.004832541292206673,0.0064124105608127,0.007945813086224433,0.006942131433227662,0.007685599324336381,0.008456947261361676,0.010408550475522063,0.010139043364995153,0.009665082584413346,0.010873217907465012,0.008048039921251882,0.008140973407640471,0.007685599324336381,0.007230225241032291,0.007035064919616253,0.00823390689402906,0.0067748511577282,0.006635450928145315,0.007230225241032291,0.006728384414533906,0.006523930744479008,0.006356650468979546,0.008456947261361676,0.011337885339407962,0.009181828455192678
17195,0.0006970011479144239,0.0006784144506367059,0.0006598277533589879,0.0006970011479144239,0.0007248811938310009,0.0007806412856641548,0.0008271080288584497,0.0009479215611636166,0.0012174286716905272,0.0015241091767728735,0.0018493763791329382,0.0021095901410209898,0.002611430967519375,0.003103978445378901,0.0034757123909332607,0.00412624679565339,0.004618794273512915,0.0045165674384854675,0.00467455436534607,0.004237766979319697,0.004079780052459094,0.0038939130796819153,0.004228473630680838,0.004312113768430569,0.004237766979319697,0.004321407117069429,0.004739607805818082,0.004758194503095801,0.004107660098375671,0.004572327530318621,0.005046288310900429,0.004711727759901506,0.004832541292206673,0.0064124105608127,0.007945813086224433,0.006942131433227662,0.007685599324336381,0.008456947261361676,0.010408550475522063,0.010139043364995153,0.009665082584413346,0.010873217907465012,0.008048039921251882,0.008140973407640471,0.007685599324336381,0.007230225241032291,0.007035064919616253,0.00823390689402906,0.0067748511577282,0.006635450928145315,0.007230225241032291,0.006728384414533906,0.006523930744479008,0.006356650468979546,0.008456947261361676,0.011337885339407962,0.009181828455192678
17197,0.0006970011479144239,0.0006784144506367059,0.0006598277533589879,0.0006970011479144239,0.0007248811938310009,0.0007806412856641548,0.0008271080288584497,0.0009479215611636166,0.0012174286716905272,0.0015241091767728735,0.0018493763791329382,0.0021095901410209898,0.002611430967519375,0.003103978445378901,0.0034757123909332607,0.00412624679565339,0.004618794273512915,0.0045165674384854675,0.00467455436534607,0.004237766979319697,0.004079780052459094,0.0038939130796819153,0.004228473630680838,0.004312113768430569,0.004237766979319697,0.004321407117069429,0.004739607805818082,0.004758194503095801,0.004107660098375671,0.004572327530318621,0.005046288310900429,0.004711727759901506,0.004832541292206673,0.0064124105608127,0.007945813086224433,0.006942131433227662,0.007685599324336381,0.008456947261361676,0.010408550475522063,0.010139043364995153,0.009665082584413346,0.010873217907465012,0.008048039921251882,0.008140973407640471,0.007685599324336381,0.007230225241032291,0.007035064919616253,0.00823390689402906,0.0067748511577282,0.006635450928145315,0.007230225241032291,0.006728384414533906,0.006523930744479008,0.006356650468979546,0.008456947261361676,0.011337885339407962,0.009181828455192678
17199,0.0006970011479144239,0.0006784144506367059,0.0006598277533589879,0.0006970011479144239,0.0007248811938310009,0.0007806412856641548,0.0008271080288584497,0.0009479215611636166,0.0012174286716905272,0.0015241091767728735,0.0018493763791329382,0.0021095901410209898,0.002611430967519375,0.003103978445378901,0.0034757123909332607,0.00412624679565339,0.004618794273512915,0.0045165674384854675,0.00467455436534607,0.004237766979319697,0.004079780052459094,0.0038939130796819153,0.004228473630680838,0.004312113768430569,0.004237766979319697,0.004321407117069429,0.004739607805818082,0.004758194503095801,0.004107660098375671,0.004572327530318621,0.005046288310900429,0.004711727759901506,0.004832541292206673,0.0064124105608127,0.007945813086224433,0.006942131433227662,0.007685599324336381,0.008456947261361676,0.010408550475522063,0.010139043364995153,0.009665082584413346,0.010873217907465012,0.008048039921251882,0.008140973407640471,0.007685599324336381,0.007230225241032291,0.007035064919616253,0.00823390689402906,0.0067748511577282,0.006635450928145315,0.007230225241032291,0.006728384414533906,0.006523930744479008,0.006356650468979546,0.008456947261361676,0.011337885339407962,0.009181828455192678
17201,0.0006970011479144239,0.0006784144506367059,0.0006598277533589879,0.0006970011479144239,0.0007248811938310009,0.0007806412856641548,0.0008271080288584497,0.0009479215611636166,0.0012174286716905272,0.0015241091767728735,0.0018493763791329382,0.0021095901410209898,0.002611430967519375,0.003103978445378901,0.0034757123909332607,0.00412624679565339,0.004618794273512915,0.0045165674384854675,0.00467455436534607,0.004237766979319697,0.004079780052459094,0.0038939130796819153,0.004228473630680838,0.004312113768430569,0.004237766979319697,0.004321407117069429,0.004739607805818082,0.004758194503095801,0.004107660098375671,0.004572327530318621,0.005046288310900429,0.004711727759901506,0.004832541292206673,0.0064124105608127,0.007945813086224433,0.006942131433227662,0.007685599324336381,0.008456947261361676,0.010408550475522063,0.010139043364995153,0.009665082584413346,0.010873217907465012,0.008048039921251882,0.008140973407640471,0.007685599324336381,0.007230225241032291,0.007035064919616253,0.00823390689402906,0.0067748511577282,0.006635450928145315,0.007230225241032291,0.006728384414533906,0.006523930744479008,0.006356650468979546,0.008456947261361676,0.011337885339407962,0.009181828455192678
17203,0.0006970011479144239,0.0006784144506367059,0.0006598277533589879,0.0006970011479144239,0.0007248811938310009,0.0007806412856641548,0.0008271080288584497,0.0009479215611636166,0.0012174286716905272,0.0015241091767728735,0.0018493763791329382,0.0021095901410209898,0.002611430967519375,0.003103978445378901,0.0034757123909332607,0.00412624679565339,0.004618794273512915,0.0045165674384854675,0.00467455436534607,0.004237766979319697,0.004079780052459094,0.0038939130796819153,0.004228473630680838,0.004312113768430569,0.004237766979319697,0.004321407117069429,0.004739607805818082,0.004758194503095801,0.004107660098375671,0.004572327530318621,0.005046288310900429,0.004711727759901506,0.004832541292206673,0.0064124105608127,0.007945813086224433,0.006942131433227662,0.007685599324336381,0.008456947261361676,0.010408550475522063,0.010139043364995153,0.009665082584413346,0.010873217907465012,0.008048039921251882,0.008140973407640471,0.007685599324336381,0.007230225241032291,0.007035064919616253,0.00823390689402906,0.0067748511577282,0.006635450928145315,0.007230225241032291,0.006728384414533906,0.006523930744479008,0.006356650468979546,0.008456947261361676,0.011337885339407962,0.009181828455192678
18001,0.0007806412856641548,0.0007434678911087189,0.0007341745424698599,0.0007713479370252958,0.0008178146802195908,0.0008642814234138857,0.0009107481666081806,0.0009850949557190525,0.0011523752312185141,0.0013940022958288478,0.0017099761495500533,0.0018679630764106558,0.0022861637651593104,0.0027415378484634007,0.003141151839934337,0.003875326382404197,0.004804661246290095,0.00486042133812325,0.004683847713984929,0.004590914227596339,0.004135540144292248,0.004274940373875133,0.004442220649374595,0.004284233722513992,0.004284233722513992,0.0042470603279585566,0.004637380970790634,0.004953354824511839,0.0040704867038202355,0.0043399938143471465,0.005055581659539289,0.005111341751372442,0.004804661246290095,0.005334382118705058,0.008029453223974164,0.006347357120340688,0.007824999553919266,0.007955106434863293,0.010334203686411192,0.01071523098060441,0.009479215611636164,0.010352790383688911,0.008531294050472548,0.007016478222338534,0.007471852305642623,0.00714658510328256,0.00705365161689397,0.007611252535225509,0.0070722383141716885,0.006087143358452635,0.006988598176421956,0.006849197946839073,0.006477464001284712,0.006375237166257265,0.007267398635587727,0.008828681206916036,
18003,0.0007806412856641548,0.0007434678911087189,0.0007341745424698599,0.0007713479370252958,0.0008178146802195908,0.0008642814234138857,0.0009107481666081806,0.0009850949557190525,0.0011523752312185141,0.0013940022958288478,0.0017099761495500533,0.0018679630764106558,0.0022861637651593104,0.0027415378484634007,0.003141151839934337,0.003875326382404197,0.004804661246290095,0.00486042133812325,0.004683847713984929,0.004590914227596339,0.004135540144292248,0.004274940373875133,0.004442220649374595,0.004284233722513992,0.004284233722513992,0.0042470603279585566,0.004637380970790634,0.004953354824511839,0.0040704867038202355,0.0043399938143471465,0.005055581659539289,0.005111341751372442,0.004804661246290095,0.005334382118705058,0.008029453223974164,0.006347357120340688,0.007824999553919266,0.007955106434863293,0.010334203686411192,0.01071523098060441,0.009479215611636164,0.010352790383688911,0.008531294050472548,0.007016478222338534,0.007471852305642623,0.00714658510328256,0.00705365161689397,0.007611252535225509,0.0070722383141716885,0.006087143358452635,0.006988598176421956,0.006849197946839073,0.006477464001284712,0.006375237166257265,0.007267398635587727,0.008828681206916036,
18005,0.0007806412856641548,0.0007434678911087189,0.0007341745424698599,0.0007713479370252958,0.0008178146802195908,0.0008642814234138857,0.0009107481666081806,0.0009850949557190525,0.0011523752312185141,0.0013940022958288478,0.0017099761495500533,0.0018679630764106558,0.0022861637651593104,0.0027415378484634007,0.003141151839934337,0.003875326382404197,0.004804661246290095,0.00486042133812325,0.004683847713984929,0.004590914227596339,0.004135540144292248,0.004274940373875133,0.004442220649374595,0.004284233722513992,0.004284233722513992,0.0042470603279585566,0.004637380970790634,0.004953354824511839,0.0040704867038202355,0.0043399938143471465,0.005055581659539289,0.005111341751372442,0.004804661246290095,0.005334382118705058,0.008029453223974164,0.006347357120340688,0.007824999553919266,0.007955106434863293,0.010334203686411192,0.01071523098060441,0.009479215611636164,0.010352790383688911,0.008531294050472548,0.007016478222338534,0.007471852305642623,0.00714658510328256,0.00705365161689397,0.007611252535225509,0.0070722383141716885,0.006087143358452635,0.006988598176421956,0.006849197946839073,0.006477464001284712,0.006375237166257265,0.007267398635587727,0.008828681206916036,
18007,0.0007806412856641548,0.0007434678911087189,0.0007341745424698599,0.0007713479370252958,0.0008178146802195908,0.0008642814234138857,0.0009107481666081806,0.0009850949557190525,0.0011523752312185141,0.0013940022958288478,0.0017099761495500533,0.0018679630764106558,0.0022861637651593104,0.0027415378484634007,0.003141151839934337,0.003875326382404197,0.004804661246290095,0.00486042133812325,0.004683847713984929,0.004590914227596339,0.004135540144292248,0.004274940373875133,0.004442220649374595,0.004284233722513992,0.004284233722513992,0.0042470603279585566,0.004637380970790634,0.004953354824511839,0.0040704867038202355,0.0043399938143471465,0.005055581659539289,0.005111341751372442,0.004804661246290095,0.005334382118705058,0.008029453223974164,0.006347357120340688,0.007824999553919266,0.007955106434863293,0.010334203686411192,0.01071523098060441,0.009479215611636164,0.010352790383688911,0.008531294050472548,0.007016478222338534,0.007471852305642623,0.00714658510328256,0.00705365161689397,0.007611252535225509,0.0070722383141716885,0.006087143358452635,0.006988598176421956,0.006849197946839073,0.006477464001284712,0.006375237166257265,0.007267398635587727,0.008828681206916036,
18009,0.0007806412856641548,0.0007434678911087189,0.0007341745424698599,0.0007713479370252958,0.0008178146802195908,0.0008642814234138857,0.0009107481666081806,0.0009850949557190525,0.0011523752312185141,0.0013940022958288478,0.0017099761495500533,0.0018679630764106558,0.0022861637651593104,0.0027415378484634007,0.003141151839934337,0.003875326382404197,0.004804661246290095,0.00486042133812325,0.004683847713984929,0.004590914227596339,0.004135540144292248,0.004274940373875133,0.004442220649374595,0.004284233722513992,0.004284233722513992,0.0042470603279585566,0.004637380970790634,0.004953354824511839,0.0040704867038202355,0.0043399938143471465,0.005055581659539289,0.005111341751372442,0.004804661246290095,0.005334382118705058,0.008029453223974164,0.006347357120340688,0.007824999553919266,0.007955106434863293,0.010334203686411192,0.01071523098060441,0.009479215611636164,0.010352790383688911,0.008531294050472548,0.007016478222338534,0.007471852305642623,0.00714658510328256,0.00705365161689397,0.007611252535225509,0.0070722383141716885,0.006087143358452635,0.006988598176421956,0.006849197946839073,0.006477464001284712,0.006375237166257265,0.007267398635587727,0.008828681206916036,
18011,0.0007806412856641548,0.0007434678911087189,0.0007341745424698599,0.0007713479370252958,0.0008178146802195908,0.0008642814234138857,0.0009107481666081806,0.0009850949557190525,0.0011523752312185141,0.0013940022958288478,0.0017099761495500533,0.0018679630764106558,0.0022861637651593104,0.0027415378484634007,0.003141151839934337,0.003875326382404197,0.004804661246290095,0.00486042133812325,0.004683847713984929,0.004590914227596339,0.004135540144292248,0.004274940373875133,0.004442220649374595,0.004284233722513992,0.004284233722513992,0.0042470603279585566,0.004637380970790634,0.004953354824511839,0.0040704867038202355,0.0043399938143471465,0.005055581659539289,0.005111341751372442,0.004804661246290095,0.005334382118705058,0.008029453223974164,0.006347357120340688,0.007824999553919266,0.007955106434863293,0.010334203686411192,0.01071523098060441,0.009479215611636164,0.010352790383688911,0.008531294050472548,0.007016478222338534,0.007471852305642623,0.00714658510328256,0.00705365161689397,0.007611252535225509,0.0070722383141716885,0.006087143358452635,0.006988598176421956,0.006849197946839073,0.006477464001284712,0.006375237166257265,0.007267398635587727,0.008828681206916036,
18013,0.0007806412856641548,0.0007434678911087189,0.0007341745424698599,0.0007713479370252958,0.0008178146802195908,0.0008642814234138857,0.0009107481666081806,0.0009850949557190525,0.0011523752312185141,0.0013940022958288478,0.0017099761495500533,0.0018679630764106558,0.0022861637651593104,0.0027415378484634007,0.003141151839934337,0.003875326382404197,0.004804661246290095,0.00486042133812325,0.004683847713984929,0.004590914227596339,0.004135540144292248,0.004274940373875133,0.004442220649374595,0.004284233722513992,0.004284233722513992,0.0042470603279585566,0.004637380970790634,0.004953354824511839,0.0040704867038202355,0.0043399938143471465,0.005055581659539289,0.005111341751372442,0.004804661246290095,0.005334382118705058,0.008029453223974164,0.006347357120340688,0.007824999553919266,0.007955106434863293,0.010334203686411192,0.01071523098060441,0.009479215611636164,0.010352790383688911,0.008531294050472548,0.007016478222338534,0.007471852305642623,0.00714658510328256,0.00705365161689397,0.007611252535225509,0.0070722383141716885,0.006087143358452635,0.006988598176421956,0.006849197946839073,0.006477464001284712,0.006375237166257265,0.007267398635587727,0.008828681206916036,
18015,0.0007806412856641548,0.0007434678911087189,0.0007341745424698599,0.0007713479370252958,0.0008178146802195908,0.0008642814234138857,0.0009107481666081806,0.0009850949557190525,0.0011523752312185141,0.0013940022958288478,0.0017099761495500533,0.0018679630764106558,0.0022861637651593104,0.0027415378484634007,0.003141151839934337,0.003875326382404197,0.004804661246290095,0.00486042133812325,0.004683847713984929,0.004590914227596339,0.004135540144292248,0.004274940373875133,0.004442220649374595,0.004284233722513992,0.004284233722513992,0.0042470603279585566,0.004637380970790634,0.004953354824511839,0.0040704867038202355,0.0043399938143471465,0.005055581659539289,0.005111341751372442,0.004804661246290095,0.005334382118705058,0.008029453223974164,0.006347357120340688,0.007824999553919266,0.007955106434863293,0.010334203686411192,0.01071523098060441,0.009479215611636164,0.010352790383688911,0.008531294050472548,0.007016478222338534,0.007471852305642623,0.00714658510328256,0.00705365161689397,0.007611252535225509,0.0070722383141716885,0.006087143358452635,0.006988598176421956,0.006849197946839073,0.006477464001284712,0.006375237166257265,0.007267398635587727,0.008828681206916036,
18017,0.0007806412856641548,0.0007434678911087189,0.0007341745424698599,0.0007713479370252958,0.0008178146802195908,0.0008642814234138857,0.0009107481666081806,0.0009850949557190525,0.0011523752312185141,0.0013940022958288478,0.0017099761495500533,0.0018679630764106558,0.0022861637651593104,0.0027415378484634007,0.003141151839934337,0.003875326382404197,0.004804661246290095,0.00486042133812325,0.004683847713984929,0.004590914227596339,0.004135540144292248,0.004274940373875133,0.004442220649374595,0.004284233722513992,0.004284233722513992,0.0042470603279585566,0.004637380970790634,0.004953354824511839,0.0040704867038202355,0.0043399938143471465,0.005055581659539289,0.005111341751372442,0.004804661246290095,0.005334382118705058,0.008029453223974164,0.006347357120340688,0.007824999553919266,0.007955106434863293,0.010334203686411192,0.01071523098060441,0.009479215611636164,0.010352790383688911,0.008531294050472548,0.007016478222338534,0.007471852305642623,0.00714658510328256,0.00705365161689397,0.007611252535225509,0.0070722383141716885,0.006087143358452635,0.006988598176421956,0.006849197946839073,0.006477464001284712,0.006375237166257265,0.007267398635587727,0.008828681206916036,
18019,0.0007806412856641548,0.0007434678911087189,0.0007341745424698599,0.0007713479370252958,0.0008178146802195908,0.0008642814234138857,0.0009107481666081806,0.0009850949557190525,0.0011523752312185141,0.0013940022958288478,0.0017099761495500533,0.0018679630764106558,0.0022861637651593104,0.0027415378484634007,0.003141151839934337,0.003875326382404197,0.004804661246290095,0.00486042133812325,0.004683847713984929,0.004590914227596339,0.004135540144292248,0.004274940373875133,0.004442220649374595,0.004284233722513992,0.004284233722513992,0.0042470603279585566,0.004637380970790634,0.004953354824511839,0.0040704867038202355,0.0043399938143471465,0.005055581659539289,0.005111341751372442,0.004804661246290095,0.005334382118705058,0.008029453223974164,0.006347357120340688,0.007824999553919266,0.007955106434863293,0.010334203686411192,0.01071523098060441,0.009479215611636164,0.010352790383688911,0.008531294050472548,0.007016478222338534,0.007471852305642623,0.00714658510328256,0.00705365161689397,0.007611252535225509,0.0070722383141716885,0.006087143358452635,0.006988598176421956,0.006849197946839073,0.006477464001284712,0.006375237166257265,0.007267398635587727,0.008828681206916036,
18021,0.0007806412856641548,0.0007434678911087189,0.0007341745424698599,0.0007713479370252958,0.0008178146802195908,0.0008642814234138857,0.0009107481666081806,0.0009850949557190525,0.0011523752312185141,0.0013940022958288478,0.0017099761495500533,0.0018679630764106558,0.0022861637651593104,0.0027415378484634007,0.003141151839934337,0.003875326382404197,0.004804661246290095,0.00486042133812325,0.004683847713984929,0.004590914227596339,0.004135540144292248,0.004274940373875133,0.004442220649374595,0.004284233722513992,0.004284233722513992,0.0042470603279585566,0.004637380970790634,0.004953354824511839,0.0040704867038202355,0.0043399938143471465,0.005055581659539289,0.005111341751372442,0.004804661246290095,0.005334382118705058,0.008029453223974164,0.006347357120340688,0.007824999553919266,0.007955106434863293,0.010334203686411192,0.01071523098060441,0.009479215611636164,0.010352790383688911,0.008531294050472548,0.007016478222338534,0.007471852305642623,0.00714658510328256,0.00705365161689397,0.007611252535225509,0.0070722383141716885,0.006087143358452635,0.006988598176421956,0.006849197946839073,0.006477464001284712,0.006375237166257265,0.007267398635587727,0.008828681206916036,
18023,0.0007806412856641548,0.0007434678911087189,0.0007341745424698599,0.0007713479370252958,0.0008178146802195908,0.0008642814234138857,0.0009107481666081806,0.0009850949557190525,0.0011523752312185141,0.0013940022958288478,0.0017099761495500533,0.0018679630764106558,0.0022861637651593104,0.0027415378484634007,0.003141151839934337,0.003875326382404197,0.004804661246290095,0.00486042133812325,0.004683847713984929,0.004590914227596339,0.004135540144292248,0.004274940373875133,0.004442220649374595,0.004284233722513992,0.004284233722513992,0.0042470603279585566,0.004637380970790634,0.004953354824511839,0.0040704867038202355,0.0043399938143471465,0.005055581659539289,0.005111341751372442,0.004804661246290095,0.005334382118705058,0.008029453223974164,0.006347357120340688,0.007824999553919266,0.007955106434863293,0.010334203686411192,0.01071523098060441,0.009479215611636164,0.010352790383688911,0.008531294050472548,0.007016478222338534,0.007471852305642623,0.00714658510328256,0.00705365161689397,0.007611252535225509,0.0070722383141716885,0.006087143358452635,0.006988598176421956,0.006849197946839073,0.006477464001284712,0.006375237166257265,0.007267398635587727,0.008828681206916036,
18025,0.0007806412856641548,0.0007434678911087189,0.0007341745424698599,0.0007713479370252958,0.0008178146802195908,0.0008642814234138857,0.0009107481666081806,0.0009850949557190525,0.0011523752312185141,0.0013940022958288478,0.0017099761495500533,0.0018679630764106558,0.0022861637651593104,0.0027415378484634007,0.003141151839934337,0.003875326382404197,0.004804661246290095,0.00486042133812325,0.004683847713984929,0.004590914227596339,0.004135540144292248,0.004274940373875133,0.004442220649374595,0.004284233722513992,0.004284233722513992,0.0042470603279585566,0.004637380970790634,0.004953354824511839,0.0040704867038202355,0.0043399938143471465,0.005055581659539289,0.005111341751372442,0.004804661246290095,0.005334382118705058,0.008029453223974164,0.006347357120340688,0.007824999553919266,0.007955106434863293,0.010334203686411192,0.01071523098060441,0.009479215611636164,0.010352790383688911,0.008531294050472548,0.007016478222338534,0.007471852305642623,0.00714658510328256,0.00705365161689397,0.007611252535225509,0.0070722383141716885,0.006087143358452635,0.006988598176421956,0.006849197946839073,0.006477464001284712,0.006375237166257265,0.007267398635587727,0.008828681206916036,
18027,0.0007806412856641548,0.0007434678911087189,0.0007341745424698599,0.0007713479370252958,0.0008178146802195908,0.0008642814234138857,0.0009107481666081806,0.0009850949557190525,0.0011523752312185141,0.0013940022958288478,0.0017099761495500533,0.0018679630764106558,0.0022861637651593104,0.0027415378484634007,0.003141151839934337,0.003875326382404197,0.004804661246290095,0.00486042133812325,0.004683847713984929,0.004590914227596339,0.004135540144292248,0.004274940373875133,0.004442220649374595,0.004284233722513992,0.004284233722513992,0.0042470603279585566,0.004637380970790634,0.004953354824511839,0.0040704867038202355,0.0043399938143471465,0.005055581659539289,0.005111341751372442,0.004804661246290095,0.005334382118705058,0.008029453223974164,0.006347357120340688,0.007824999553919266,0.007955106434863293,0.010334203686411192,0.01071523098060441,0.009479215611636164,0.010352790383688911,0.008531294050472548,0.007016478222338534,0.007471852305642623,0.00714658510328256,0.00705365161689397,0.007611252535225509,0.0070722383141716885,0.006087143358452635,0.006988598176421956,0.006849197946839073,0.006477464001284712,0.006375237166257265,0.007267398635587727,0.008828681206916036,
18029,0.0007806412856641548,0.0007434678911087189,0.0007341745424698599,0.0007713479370252958,0.0008178146802195908,0.0008642814234138857,0.0009107481666081806,0.0009850949557190525,0.0011523752312185141,0.0013940022958288478,0.0017099761495500533,0.0018679630764106558,0.0022861637651593104,0.0027415378484634007,0.003141151839934337,0.003875326382404197,0.004804661246290095,0.00486042133812325,0.004683847713984929,0.004590914227596339,0.004135540144292248,0.004274940373875133,0.004442220649374595,0.004284233722513992,0.004284233722513992,0.0042470603279585566,0.004637380970790634,0.004953354824511839,0.0040704867038202355,0.0043399938143471465,0.005055581659539289,0.005111341751372442,0.004804661246290095,0.005334382118705058,0.008029453223974164,0.006347357120340688,0.007824999553919266,0.007955106434863293,0.010334203686411192,0.01071523098060441,0.009479215611636164,0.010352790383688911,0.008531294050472548,0.007016478222338534,0.007471852305642623,0.00714658510328256,0.00705365161689397,0.007611252535225509,0.0070722383141716885,0.006087143358452635,0.006988598176421956,0.006849197946839073,0.006477464001284712,0.006375237166257265,0.007267398635587727,0.008828681206916036,
18031,0.0007806412856641548,0.0007434678911087189,0.0007341745424698599,0.0007713479370252958,0.0008178146802195908,0.0008642814234138857,0.0009107481666081806,0.0009850949557190525,0.0011523752312185141,0.0013940022958288478,0.0017099761495500533,0.0018679630764106558,0.0022861637651593104,0.0027415378484634007,0.003141151839934337,0.003875326382404197,0.004804661246290095,0.00486042133812325,0.004683847713984929,0.004590914227596339,0.004135540144292248,0.004274940373875133,0.004442220649374595,0.004284233722513992,0.004284233722513992,0.0042470603279585566,0.004637380970790634,0.004953354824511839,0.0040704867038202355,0.0043399938143471465,0.005055581659539289,0.005111341751372442,0.004804661246290095,0.005334382118705058,0.008029453223974164,0.006347357120340688,0.007824999553919266,0.007955106434863293,0.010334203686411192,0.01071523098060441,0.009479215611636164,0.010352790383688911,0.008531294050472548,0.007016478222338534,0.007471852305642623,0.00714658510328256,0.00705365161689397,0.007611252535225509,0.0070722383141716885,0.006087143358452635,0.006988598176421956,0.006849197946839073,0.006477464001284712,0.006375237166257265,0.007267398635587727,0.008828681206916036,
18033,0.0007806412856641548,0.0007434678911087189,0.0007341745424698599,0.0007713479370252958,0.0008178146802195908,0.0008642814234138857,0.0009107481666081806,0.0009850949557190525,0.0011523752312185141,0.0013940022958288478,0.0017099761495500533,0.0018679630764106558,0.0022861637651593104,0.0027415378484634007,0.003141151839934337,0.003875326382404197,0.004804661246290095,0.00486042133812325,0.004683847713984929,0.004590914227596339,0.004135540144292248,0.004274940373875133,0.004442220649374595,0.004284233722513992,0.004284233722513992,0.0042470603279585566,0.004637380970790634,0.004953354824511839,0.0040704867038202355,0.0043399938143471465,0.005055581659539289,0.005111341751372442,0.004804661246290095,0.005334382118705058,0.008029453223974164,0.006347357120340688,0.007824999553919266,0.007955106434863293,0.010334203686411192,0.01071523098060441,0.009479215611636164,0.010352790383688911,0.008531294050472548,0.007016478222338534,0.007471852305642623,0.00714658510328256,0.00705365161689397,0.007611252535225509,0.0070722383141716885,0.006087143358452635,0.006988598176421956,0.006849197946839073,0.006477464001284712,0.006375237166257265,0.007267398635587727,0.008828681206916036,
18035,0.0007806412856641548,0.0007434678911087189,0.0007341745424698599,0.0007713479370252958,0.0008178146802195908,0.0008642814234138857,0.0009107481666081806,0.0009850949557190525,0.0011523752312185141,0.0013940022958288478,0.0017099761495500533,0.0018679630764106558,0.0022861637651593104,0.0027415378484634007,0.003141151839934337,0.003875326382404197,0.004804661246290095,0.00486042133812325,0.004683847713984929,0.004590914227596339,0.004135540144292248,0.004274940373875133,0.004442220649374595,0.004284233722513992,0.004284233722513992,0.0042470603279585566,0.004637380970790634,0.004953354824511839,0.0040704867038202355,0.0043399938143471465,0.005055581659539289,0.005111341751372442,0.004804661246290095,0.005334382118705058,0.008029453223974164,0.006347357120340688,0.007824999553919266,0.007955106434863293,0.010334203686411192,0.01071523098060441,0.009479215611636164,0.010352790383688911,0.008531294050472548,0.007016478222338534,0.007471852305642623,0.00714658510328256,0.00705365161689397,0.007611252535225509,0.0070722383141716885,0.006087143358452635,0.006988598176421956,0.006849197946839073,0.006477464001284712,0.006375237166257265,0.007267398635587727,0.008828681206916036,
18037,0.0007806412856641548,0.0007434678911087189,0.0007341745424698599,0.0007713479370252958,0.0008178146802195908,0.0008642814234138857,0.0009107481666081806,0.0009850949557190525,0.0011523752312185141,0.0013940022958288478,0.0017099761495500533,0.0018679630764106558,0.0022861637651593104,0.0027415378484634007,0.003141151839934337,0.003875326382404197,0.004804661246290095,0.00486042133812325,0.004683847713984929,0.004590914227596339,0.004135540144292248,0.004274940373875133,0.004442220649374595,0.004284233722513992,0.004284233722513992,0.0042470603279585566,0.004637380970790634,0.004953354824511839,0.0040704867038202355,0.0043399938143471465,0.005055581659539289,0.005111341751372442,0.004804661246290095,0.005334382118705058,0.008029453223974164,0.006347357120340688,0.007824999553919266,0.007955106434863293,0.010334203686411192,0.01071523098060441,0.009479215611636164,0.010352790383688911,0.008531294050472548,0.007016478222338534,0.007471852305642623,0.00714658510328256,0.00705365161689397,0.007611252535225509,0.0070722383141716885,0.006087143358452635,0.006988598176421956,0.006849197946839073,0.006477464001284712,0.006375237166257265,0.007267398635587727,0.008828681206916036,
18039,0.0007806412856641548,0.0007434678911087189,0.0007341745424698599,0.0007713479370252958,0.0008178146802195908,0.0008642814234138857,0.0009107481666081806,0.0009850949557190525,0.0011523752312185141,0.0013940022958288478,0.0017099761495500533,0.0018679630764106558,0.0022861637651593104,0.0027415378484634007,0.003141151839934337,0.003875326382404197,0.004804661246290095,0.00486042133812325,0.004683847713984929,0.004590914227596339,0.004135540144292248,0.004274940373875133,0.004442220649374595,0.004284233722513992,0.004284233722513992,0.0042470603279585566,0.004637380970790634,0.004953354824511839,0.0040704867038202355,0.0043399938143471465,0.005055581659539289,0.005111341751372442,0.004804661246290095,0.005334382118705058,0.008029453223974164,0.006347357120340688,0.007824999553919266,0.007955106434863293,0.010334203686411192,0.01071523098060441,0.009479215611636164,0.010352790383688911,0.008531294050472548,0.007016478222338534,0.007471852305642623,0.00714658510328256,0.00705365161689397,0.007611252535225509,0.0070722383141716885,0.006087143358452635,0.006988598176421956,0.006849197946839073,0.006477464001284712,0.006375237166257265,0.007267398635587727,0.008828681206916036,
18041,0.0007806412856641548,0.0007434678911087189,0.0007341745424698599,0.0007713479370252958,0.0008178146802195908,0.0008642814234138857,0.0009107481666081806,0.0009850949557190525,0.0011523752312185141,0.0013940022958288478,0.0017099761495500533,0.0018679630764106558,0.0022861637651593104,0.0027415378484634007,0.003141151839934337,0.003875326382404197,0.004804661246290095,0.00486042133812325,0.004683847713984929,0.004590914227596339,0.004135540144292248,0.004274940373875133,0.004442220649374595,0.004284233722513992,0.004284233722513992,0.0042470603279585566,0.004637380970790634,0.004953354824511839,0.0040704867038202355,0.0043399938143471465,0.005055581659539289,0.005111341751372442,0.004804661246290095,0.005334382118705058,0.008029453223974164,0.006347357120340688,0.007824999553919266,0.007955106434863293,0.010334203686411192,0.01071523098060441,0.009479215611636164,0.010352790383688911,0.008531294050472548,0.007016478222338534,0.007471852305642623,0.00714658510328256,0.00705365161689397,0.007611252535225509,0.0070722383141716885,0.006087143358452635,0.006988598176421956,0.006849197946839073,0.006477464001284712,0.006375237166257265,0.007267398635587727,0.008828681206916036,
18043,0.0007806412856641548,0.0007434678911087189,0.0007341745424698599,0.0007713479370252958,0.0008178146802195908,0.0008642814234138857,0.0009107481666081806,0.0009850949557190525,0.0011523752312185141,0.0013940022958288478,0.0017099761495500533,0.0018679630764106558,0.0022861637651593104,0.0027415378484634007,0.003141151839934337,0.003875326382404197,0.004804661246290095,0.00486042133812325,0.004683847713984929,0.004590914227596339,0.004135540144292248,0.004274940373875133,0.004442220649374595,0.004284233722513992,0.004284233722513992,0.0042470603279585566,0.004637380970790634,0.004953354824511839,0.0040704867038202355,0.0043399938143471465,0.005055581659539289,0.005111341751372442,0.004804661246290095,0.005334382118705058,0.008029453223974164,0.006347357120340688,0.007824999553919266,0.007955106434863293,0.010334203686411192,0.01071523098060441,0.009479215611636164,0.010352790383688911,0.008531294050472548,0.007016478222338534,0.007471852305642623,0.00714658510328256,0.00705365161689397,0.007611252535225509,0.0070722383141716885,0.006087143358452635,0.006988598176421956,0.006849197946839073,0.006477464001284712,0.006375237166257265,0.007267398635587727,0.008828681206916036,
18045,0.0007806412856641548,0.0007434678911087189,0.0007341745424698599,0.0007713479370252958,0.0008178146802195908,0.0008642814234138857,0.0009107481666081806,0.0009850949557190525,0.0011523752312185141,0.0013940022958288478,0.0017099761495500533,0.0018679630764106558,0.0022861637651593104,0.0027415378484634007,0.003141151839934337,0.003875326382404197,0.004804661246290095,0.00486042133812325,0.004683847713984929,0.004590914227596339,0.004135540144292248,0.004274940373875133,0.004442220649374595,0.004284233722513992,0.004284233722513992,0.0042470603279585566,0.004637380970790634,0.004953354824511839,0.0040704867038202355,0.0043399938143471465,0.005055581659539289,0.005111341751372442,0.004804661246290095,0.005334382118705058,0.008029453223974164,0.006347357120340688,0.007824999553919266,0.007955106434863293,0.010334203686411192,0.01071523098060441,0.009479215611636164,0.010352790383688911,0.008531294050472548,0.007016478222338534,0.007471852305642623,0.00714658510328256,0.00705365161689397,0.007611252535225509,0.0070722383141716885,0.006087143358452635,0.006988598176421956,0.006849197946839073,0.006477464001284712,0.006375237166257265,0.007267398635587727,0.008828681206916036,
18047,0.0007806412856641548,0.0007434678911087189,0.0007341745424698599,0.0007713479370252958,0.0008178146802195908,0.0008642814234138857,0.0009107481666081806,0.0009850949557190525,0.0011523752312185141,0.0013940022958288478,0.0017099761495500533,0.0018679630764106558,0.0022861637651593104,0.0027415378484634007,0.003141151839934337,0.003875326382404197,0.004804661246290095,0.00486042133812325,0.004683847713984929,0.004590914227596339,0.004135540144292248,0.004274940373875133,0.004442220649374595,0.004284233722513992,0.004284233722513992,0.0042470603279585566,0.004637380970790634,0.004953354824511839,0.0040704867038202355,0.0043399938143471465,0.005055581659539289,0.005111341751372442,0.004804661246290095,0.005334382118705058,0.008029453223974164,0.006347357120340688,0.007824999553919266,0.007955106434863293,0.010334203686411192,0.01071523098060441,0.009479215611636164,0.010352790383688911,0.008531294050472548,0.007016478222338534,0.007471852305642623,0.00714658510328256,0.00705365161689397,0.007611252535225509,0.0070722383141716885,0.006087143358452635,0.006988598176421956,0.006849197946839073,0.006477464001284712,0.006375237166257265,0.007267398635587727,0.008828681206916036,
18049,0.0007806412856641548,0.0007434678911087189,0.0007341745424698599,0.0007713479370252958,0.0008178146802195908,0.0008642814234138857,0.0009107481666081806,0.0009850949557190525,0.0011523752312185141,0.0013940022958288478,0.0017099761495500533,0.0018679630764106558,0.0022861637651593104,0.0027415378484634007,0.003141151839934337,0.003875326382404197,0.004804661246290095,0.00486042133812325,0.004683847713984929,0.004590914227596339,0.004135540144292248,0.004274940373875133,0.004442220649374595,0.004284233722513992,0.004284233722513992,0.0042470603279585566,0.004637380970790634,0.004953354824511839,0.0040704867038202355,0.0043399938143471465,0.005055581659539289,0.005111341751372442,0.004804661246290095,0.005334382118705058,0.008029453223974164,0.006347357120340688,0.007824999553919266,0.007955106434863293,0.010334203686411192,0.01071523098060441,0.009479215611636164,0.010352790383688911,0.008531294050472548,0.007016478222338534,0.007471852305642623,0.00714658510328256,0.00705365161689397,0.007611252535225509,0.0070722383141716885,0.006087143358452635,0.006988598176421956,0.006849197946839073,0.006477464001284712,0.006375237166257265,0.007267398635587727,0.008828681206916036,
18051,0.0007806412856641548,0.0007434678911087189,0.0007341745424698599,0.0007713479370252958,0.0008178146802195908,0.0008642814234138857,0.0009107481666081806,0.0009850949557190525,0.0011523752312185141,0.0013940022958288478,0.0017099761495500533,0.0018679630764106558,0.0022861637651593104,0.0027415378484634007,0.003141151839934337,0.003875326382404197,0.004804661246290095,0.00486042133812325,0.004683847713984929,0.004590914227596339,0.004135540144292248,0.004274940373875133,0.004442220649374595,0.004284233722513992,0.004284233722513992,0.0042470603279585566,0.004637380970790634,0.004953354824511839,0.0040704867038202355,0.0043399938143471465,0.005055581659539289,0.005111341751372442,0.004804661246290095,0.005334382118705058,0.008029453223974164,0.006347357120340688,0.007824999553919266,0.007955106434863293,0.010334203686411192,0.01071523098060441,0.009479215611636164,0.010352790383688911,0.008531294050472548,0.007016478222338534,0.007471852305642623,0.00714658510328256,0.00705365161689397,0.007611252535225509,0.0070722383141716885,0.006087143358452635,0.006988598176421956,0.006849197946839073,0.006477464001284712,0.006375237166257265,0.007267398635587727,0.008828681206916036,
18053,0.0007806412856641548,0.0007434678911087189,0.0007341745424698599,0.0007713479370252958,0.0008178146802195908,0.0008642814234138857,0.0009107481666081806,0.0009850949557190525,0.0011523752312185141,0.0013940022958288478,0.0017099761495500533,0.0018679630764106558,0.0022861637651593104,0.0027415378484634007,0.003141151839934337,0.003875326382404197,0.004804661246290095,0.00486042133812325,0.004683847713984929,0.004590914227596339,0.004135540144292248,0.004274940373875133,0.004442220649374595,0.004284233722513992,0.004284233722513992,0.0042470603279585566,0.004637380970790634,0.004953354824511839,0.0040704867038202355,0.0043399938143471465,0.005055581659539289,0.005111341751372442,0.004804661246290095,0.005334382118705058,0.008029453223974164,0.006347357120340688,0.007824999553919266,0.007955106434863293,0.010334203686411192,0.01071523098060441,0.009479215611636164,0.010352790383688911,0.008531294050472548,0.007016478222338534,0.007471852305642623,0.00714658510328256,0.00705365161689397,0.007611252535225509,0.0070722383141716885,0.006087143358452635,0.006988598176421956,0.006849197946839073,0.006477464001284712,0.006375237166257265,0.007267398635587727,0.008828681206916036,
18055,0.0007806412856641548,0.0007434678911087189,0.0007341745424698599,0.0007713479370252958,0.0008178146802195908,0.0008642814234138857,0.0009107481666081806,0.0009850949557190525,0.0011523752312185141,0.0013940022958288478,0.0017099761495500533,0.0018679630764106558,0.0022861637651593104,0.0027415378484634007,0.003141151839934337,0.003875326382404197,0.004804661246290095,0.00486042133812325,0.004683847713984929,0.004590914227596339,0.004135540144292248,0.004274940373875133,0.004442220649374595,0.004284233722513992,0.004284233722513992,0.0042470603279585566,0.004637380970790634,0.004953354824511839,0.0040704867038202355,0.0043399938143471465,0.005055581659539289,0.005111341751372442,0.004804661246290095,0.005334382118705058,0.008029453223974164,0.006347357120340688,0.007824999553919266,0.007955106434863293,0.010334203686411192,0.01071523098060441,0.009479215611636164,0.010352790383688911,0.008531294050472548,0.007016478222338534,0.007471852305642623,0.00714658510328256,0.00705365161689397,0.007611252535225509,0.0070722383141716885,0.006087143358452635,0.006988598176421956,0.006849197946839073,0.006477464001284712,0.006375237166257265,0.007267398635587727,0.008828681206916036,
18057,0.0007806412856641548,0.0007434678911087189,0.0007341745424698599,0.0007713479370252958,0.0008178146802195908,0.0008642814234138857,0.0009107481666081806,0.0009850949557190525,0.0011523752312185141,0.0013940022958288478,0.0017099761495500533,0.0018679630764106558,0.0022861637651593104,0.0027415378484634007,0.003141151839934337,0.003875326382404197,0.004804661246290095,0.00486042133812325,0.004683847713984929,0.004590914227596339,0.004135540144292248,0.004274940373875133,0.004442220649374595,0.004284233722513992,0.004284233722513992,0.0042470603279585566,0.004637380970790634,0.004953354824511839,0.0040704867038202355,0.0043399938143471465,0.005055581659539289,0.005111341751372442,0.004804661246290095,0.005334382118705058,0.008029453223974164,0.006347357120340688,0.007824999553919266,0.007955106434863293,0.010334203686411192,0.01071523098060441,0.009479215611636164,0.010352790383688911,0.008531294050472548,0.007016478222338534,0.007471852305642623,0.00714658510328256,0.00705365161689397,0.007611252535225509,0.0070722383141716885,0.006087143358452635,0.006988598176421956,0.006849197946839073,0.006477464001284712,0.006375237166257265,0.007267398635587727,0.008828681206916036,
18059,0.0007806412856641548,0.0007434678911087189,0.0007341745424698599,0.0007713479370252958,0.0008178146802195908,0.0008642814234138857,0.0009107481666081806,0.0009850949557190525,0.0011523752312185141,0.0013940022958288478,0.0017099761495500533,0.0018679630764106558,0.0022861637651593104,0.0027415378484634007,0.003141151839934337,0.003875326382404197,0.004804661246290095,0.00486042133812325,0.004683847713984929,0.004590914227596339,0.004135540144292248,0.004274940373875133,0.004442220649374595,0.004284233722513992,0.004284233722513992,0.0042470603279585566,0.004637380970790634,0.004953354824511839,0.0040704867038202355,0.0043399938143471465,0.005055581659539289,0.005111341751372442,0.004804661246290095,0.005334382118705058,0.008029453223974164,0.006347357120340688,0.007824999553919266,0.007955106434863293,0.010334203686411192,0.01071523098060441,0.009479215611636164,0.010352790383688911,0.008531294050472548,0.007016478222338534,0.007471852305642623,0.00714658510328256,0.00705365161689397,0.007611252535225509,0.0070722383141716885,0.006087143358452635,0.006988598176421956,0.006849197946839073,0.006477464001284712,0.006375237166257265,0.007267398635587727,0.008828681206916036,
18061,0.0007806412856641548,0.0007434678911087189,0.0007341745424698599,0.0007713479370252958,0.0008178146802195908,0.0008642814234138857,0.0009107481666081806,0.0009850949557190525,0.0011523752312185141,0.0013940022958288478,0.0017099761495500533,0.0018679630764106558,0.0022861637651593104,0.0027415378484634007,0.003141151839934337,0.003875326382404197,0.004804661246290095,0.00486042133812325,0.004683847713984929,0.004590914227596339,0.004135540144292248,0.004274940373875133,0.004442220649374595,0.004284233722513992,0.004284233722513992,0.0042470603279585566,0.004637380970790634,0.004953354824511839,0.0040704867038202355,0.0043399938143471465,0.005055581659539289,0.005111341751372442,0.004804661246290095,0.005334382118705058,0.008029453223974164,0.006347357120340688,0.007824999553919266,0.007955106434863293,0.010334203686411192,0.01071523098060441,0.009479215611636164,0.010352790383688911,0.008531294050472548,0.007016478222338534,0.007471852305642623,0.00714658510328256,0.00705365161689397,0.007611252535225509,0.0070722383141716885,0.006087143358452635,0.006988598176421956,0.006849197946839073,0.006477464001284712,0.006375237166257265,0.007267398635587727,0.008828681206916036,
18063,0.0007806412856641548,0.0007434678911087189,0.0007341745424698599,0.0007713479370252958,0.0008178146802195908,0.0008642814234138857,0.0009107481666081806,0.0009850949557190525,0.0011523752312185141,0.0013940022958288478,0.0017099761495500533,0.0018679630764106558,0.0022861637651593104,0.0027415378484634007,0.003141151839934337,0.003875326382404197,0.004804661246290095,0.00486042133812325,0.004683847713984929,0.004590914227596339,0.004135540144292248,0.004274940373875133,0.004442220649374595,0.004284233722513992,0.004284233722513992,0.0042470603279585566,0.004637380970790634,0.004953354824511839,0.0040704867038202355,0.0043399938143471465,0.005055581659539289,0.005111341751372442,0.004804661246290095,0.005334382118705058,0.008029453223974164,0.006347357120340688,0.007824999553919266,0.007955106434863293,0.010334203686411192,0.01071523098060441,0.009479215611636164,0.010352790383688911,0.008531294050472548,0.007016478222338534,0.007471852305642623,0.00714658510328256,0.00705365161689397,0.007611252535225509,0.0070722383141716885,0.006087143358452635,0.006988598176421956,0.006849197946839073,0.006477464001284712,0.006375237166257265,0.007267398635587727,0.008828681206916036,
18065,0.0007806412856641548,0.0007434678911087189,0.0007341745424698599,0.0007713479370252958,0.0008178146802195908,0.0008642814234138857,0.0009107481666081806,0.0009850949557190525,0.0011523752312185141,0.0013940022958288478,0.0017099761495500533,0.0018679630764106558,0.0022861637651593104,0.0027415378484634007,0.003141151839934337,0.003875326382404197,0.004804661246290095,0.00486042133812325,0.004683847713984929,0.004590914227596339,0.004135540144292248,0.004274940373875133,0.004442220649374595,0.004284233722513992,0.004284233722513992,0.0042470603279585566,0.004637380970790634,0.004953354824511839,0.0040704867038202355,0.0043399938143471465,0.005055581659539289,0.005111341751372442,0.004804661246290095,0.005334382118705058,0.008029453223974164,0.006347357120340688,0.007824999553919266,0.007955106434863293,0.010334203686411192,0.01071523098060441,0.009479215611636164,0.010352790383688911,0.008531294050472548,0.007016478222338534,0.007471852305642623,0.00714658510328256,0.00705365161689397,0.007611252535225509,0.0070722383141716885,0.006087143358452635,0.006988598176421956,0.006849197946839073,0.006477464001284712,0.006375237166257265,0.007267398635587727,0.008828681206916036,
18067,0.0007806412856641548,0.0007434678911087189,0.0007341745424698599,0.0007713479370252958,0.0008178146802195908,0.0008642814234138857,0.0009107481666081806,0.0009850949557190525,0.0011523752312185141,0.0013940022958288478,0.0017099761495500533,0.0018679630764106558,0.0022861637651593104,0.0027415378484634007,0.003141151839934337,0.003875326382404197,0.004804661246290095,0.00486042133812325,0.004683847713984929,0.004590914227596339,0.004135540144292248,0.004274940373875133,0.004442220649374595,0.004284233722513992,0.004284233722513992,0.0042470603279585566,0.004637380970790634,0.004953354824511839,0.0040704867038202355,0.0043399938143471465,0.005055581659539289,0.005111341751372442,0.004804661246290095,0.005334382118705058,0.008029453223974164,0.006347357120340688,0.007824999553919266,0.007955106434863293,0.010334203686411192,0.01071523098060441,0.009479215611636164,0.010352790383688911,0.008531294050472548,0.007016478222338534,0.007471852305642623,0.00714658510328256,0.00705365161689397,0.007611252535225509,0.0070722383141716885,0.006087143358452635,0.006988598176421956,0.006849197946839073,0.006477464001284712,0.006375237166257265,0.007267398635587727,0.008828681206916036,
18069,0.0007806412856641548,0.0007434678911087189,0.0007341745424698599,0.0007713479370252958,0.0008178146802195908,0.0008642814234138857,0.0009107481666081806,0.0009850949557190525,0.0011523752312185141,0.0013940022958288478,0.0017099761495500533,0.0018679630764106558,0.0022861637651593104,0.0027415378484634007,0.003141151839934337,0.003875326382404197,0.004804661246290095,0.00486042133812325,0.004683847713984929,0.004590914227596339,0.004135540144292248,0.004274940373875133,0.004442220649374595,0.004284233722513992,0.004284233722513992,0.0042470603279585566,0.004637380970790634,0.004953354824511839,0.0040704867038202355,0.0043399938143471465,0.005055581659539289,0.005111341751372442,0.004804661246290095,0.005334382118705058,0.008029453223974164,0.006347357120340688,0.007824999553919266,0.007955106434863293,0.010334203686411192,0.01071523098060441,0.009479215611636164,0.010352790383688911,0.008531294050472548,0.007016478222338534,0.007471852305642623,0.00714658510328256,0.00705365161689397,0.007611252535225509,0.0070722383141716885,0.006087143358452635,0.006988598176421956,0.006849197946839073,0.006477464001284712,0.006375237166257265,0.007267398635587727,0.008828681206916036,
18071,0.0007806412856641548,0.0007434678911087189,0.0007341745424698599,0.0007713479370252958,0.0008178146802195908,0.0008642814234138857,0.0009107481666081806,0.0009850949557190525,0.0011523752312185141,0.0013940022958288478,0.0017099761495500533,0.0018679630764106558,0.0022861637651593104,0.0027415378484634007,0.003141151839934337,0.003875326382404197,0.004804661246290095,0.00486042133812325,0.004683847713984929,0.004590914227596339,0.004135540144292248,0.004274940373875133,0.004442220649374595,0.004284233722513992,0.004284233722513992,0.0042470603279585566,0.004637380970790634,0.004953354824511839,0.0040704867038202355,0.0043399938143471465,0.005055581659539289,0.005111341751372442,0.004804661246290095,0.005334382118705058,0.008029453223974164,0.006347357120340688,0.007824999553919266,0.007955106434863293,0.010334203686411192,0.01071523098060441,0.009479215611636164,0.010352790383688911,0.008531294050472548,0.007016478222338534,0.007471852305642623,0.00714658510328256,0.00705365161689397,0.007611252535225509,0.0070722383141716885,0.006087143358452635,0.006988598176421956,0.006849197946839073,0.006477464001284712,0.006375237166257265,0.007267398635587727,0.008828681206916036,
18073,0.0007806412856641548,0.0007434678911087189,0.0007341745424698599,0.0007713479370252958,0.0008178146802195908,0.0008642814234138857,0.0009107481666081806,0.0009850949557190525,0.0011523752312185141,0.0013940022958288478,0.0017099761495500533,0.0018679630764106558,0.0022861637651593104,0.0027415378484634007,0.003141151839934337,0.003875326382404197,0.004804661246290095,0.00486042133812325,0.004683847713984929,0.004590914227596339,0.004135540144292248,0.004274940373875133,0.004442220649374595,0.004284233722513992,0.004284233722513992,0.0042470603279585566,0.004637380970790634,0.004953354824511839,0.0040704867038202355,0.0043399938143471465,0.005055581659539289,0.005111341751372442,0.004804661246290095,0.005334382118705058,0.008029453223974164,0.006347357120340688,0.007824999553919266,0.007955106434863293,0.010334203686411192,0.01071523098060441,0.009479215611636164,0.010352790383688911,0.008531294050472548,0.007016478222338534,0.007471852305642623,0.00714658510328256,0.00705365161689397,0.007611252535225509,0.0070722383141716885,0.006087143358452635,0.006988598176421956,0.006849197946839073,0.006477464001284712,0.006375237166257265,0.007267398635587727,0.008828681206916036,
18075,0.0007806412856641548,0.0007434678911087189,0.0007341745424698599,0.0007713479370252958,0.0008178146802195908,0.0008642814234138857,0.0009107481666081806,0.0009850949557190525,0.0011523752312185141,0.0013940022958288478,0.0017099761495500533,0.0018679630764106558,0.0022861637651593104,0.0027415378484634007,0.003141151839934337,0.003875326382404197,0.004804661246290095,0.00486042133812325,0.004683847713984929,0.004590914227596339,0.004135540144292248,0.004274940373875133,0.004442220649374595,0.004284233722513992,0.004284233722513992,0.0042470603279585566,0.004637380970790634,0.004953354824511839,0.0040704867038202355,0.0043399938143471465,0.005055581659539289,0.005111341751372442,0.004804661246290095,0.005334382118705058,0.008029453223974164,0.006347357120340688,0.007824999553919266,0.007955106434863293,0.010334203686411192,0.01071523098060441,0.009479215611636164,0.010352790383688911,0.008531294050472548,0.007016478222338534,0.007471852305642623,0.00714658510328256,0.00705365161689397,0.007611252535225509,0.0070722383141716885,0.006087143358452635,0.006988598176421956,0.006849197946839073,0.006477464001284712,0.006375237166257265,0.007267398635587727,0.008828681206916036,
18077,0.0007806412856641548,0.0007434678911087189,0.0007341745424698599,0.0007713479370252958,0.0008178146802195908,0.0008642814234138857,0.0009107481666081806,0.0009850949557190525,0.0011523752312185141,0.0013940022958288478,0.0017099761495500533,0.0018679630764106558,0.0022861637651593104,0.0027415378484634007,0.003141151839934337,0.003875326382404197,0.004804661246290095,0.00486042133812325,0.004683847713984929,0.004590914227596339,0.004135540144292248,0.004274940373875133,0.004442220649374595,0.004284233722513992,0.004284233722513992,0.0042470603279585566,0.004637380970790634,0.004953354824511839,0.0040704867038202355,0.0043399938143471465,0.005055581659539289,0.005111341751372442,0.004804661246290095,0.005334382118705058,0.008029453223974164,0.006347357120340688,0.007824999553919266,0.007955106434863293,0.010334203686411192,0.01071523098060441,0.009479215611636164,0.010352790383688911,0.008531294050472548,0.007016478222338534,0.007471852305642623,0.00714658510328256,0.00705365161689397,0.007611252535225509,0.0070722383141716885,0.006087143358452635,0.006988598176421956,0.006849197946839073,0.006477464001284712,0.006375237166257265,0.007267398635587727,0.008828681206916036,
18079,0.0007806412856641548,0.0007434678911087189,0.0007341745424698599,0.0007713479370252958,0.0008178146802195908,0.0008642814234138857,0.0009107481666081806,0.0009850949557190525,0.0011523752312185141,0.0013940022958288478,0.0017099761495500533,0.0018679630764106558,0.0022861637651593104,0.0027415378484634007,0.003141151839934337,0.003875326382404197,0.004804661246290095,0.00486042133812325,0.004683847713984929,0.004590914227596339,0.004135540144292248,0.004274940373875133,0.004442220649374595,0.004284233722513992,0.004284233722513992,0.0042470603279585566,0.004637380970790634,0.004953354824511839,0.0040704867038202355,0.0043399938143471465,0.005055581659539289,0.005111341751372442,0.004804661246290095,0.005334382118705058,0.008029453223974164,0.006347357120340688,0.007824999553919266,0.007955106434863293,0.010334203686411192,0.01071523098060441,0.009479215611636164,0.010352790383688911,0.008531294050472548,0.007016478222338534,0.007471852305642623,0.00714658510328256,0.00705365161689397,0.007611252535225509,0.0070722383141716885,0.006087143358452635,0.006988598176421956,0.006849197946839073,0.006477464001284712,0.006375237166257265,0.007267398635587727,0.008828681206916036,
18081,0.0007806412856641548,0.0007434678911087189,0.0007341745424698599,0.0007713479370252958,0.0008178146802195908,0.0008642814234138857,0.0009107481666081806,0.0009850949557190525,0.0011523752312185141,0.0013940022958288478,0.0017099761495500533,0.0018679630764106558,0.0022861637651593104,0.0027415378484634007,0.003141151839934337,0.003875326382404197,0.004804661246290095,0.00486042133812325,0.004683847713984929,0.004590914227596339,0.004135540144292248,0.004274940373875133,0.004442220649374595,0.004284233722513992,0.004284233722513992,0.0042470603279585566,0.004637380970790634,0.004953354824511839,0.0040704867038202355,0.0043399938143471465,0.005055581659539289,0.005111341751372442,0.004804661246290095,0.005334382118705058,0.008029453223974164,0.006347357120340688,0.007824999553919266,0.007955106434863293,0.010334203686411192,0.01071523098060441,0.009479215611636164,0.010352790383688911,0.008531294050472548,0.007016478222338534,0.007471852305642623,0.00714658510328256,0.00705365161689397,0.007611252535225509,0.0070722383141716885,0.006087143358452635,0.006988598176421956,0.006849197946839073,0.006477464001284712,0.006375237166257265,0.007267398635587727,0.008828681206916036,
18083,0.0007806412856641548,0.0007434678911087189,0.0007341745424698599,0.0007713479370252958,0.0008178146802195908,0.0008642814234138857,0.0009107481666081806,0.0009850949557190525,0.0011523752312185141,0.0013940022958288478,0.0017099761495500533,0.0018679630764106558,0.0022861637651593104,0.0027415378484634007,0.003141151839934337,0.003875326382404197,0.004804661246290095,0.00486042133812325,0.004683847713984929,0.004590914227596339,0.004135540144292248,0.004274940373875133,0.004442220649374595,0.004284233722513992,0.004284233722513992,0.0042470603279585566,0.004637380970790634,0.004953354824511839,0.0040704867038202355,0.0043399938143471465,0.005055581659539289,0.005111341751372442,0.004804661246290095,0.005334382118705058,0.008029453223974164,0.006347357120340688,0.007824999553919266,0.007955106434863293,0.010334203686411192,0.01071523098060441,0.009479215611636164,0.010352790383688911,0.008531294050472548,0.007016478222338534,0.007471852305642623,0.00714658510328256,0.00705365161689397,0.007611252535225509,0.0070722383141716885,0.006087143358452635,0.006988598176421956,0.006849197946839073,0.006477464001284712,0.006375237166257265,0.007267398635587727,0.008828681206916036,
18085,0.0007806412856641548,0.0007434678911087189,0.0007341745424698599,0.0007713479370252958,0.0008178146802195908,0.0008642814234138857,0.0009107481666081806,0.0009850949557190525,0.0011523752312185141,0.0013940022958288478,0.0017099761495500533,0.0018679630764106558,0.0022861637651593104,0.0027415378484634007,0.003141151839934337,0.003875326382404197,0.004804661246290095,0.00486042133812325,0.004683847713984929,0.004590914227596339,0.004135540144292248,0.004274940373875133,0.004442220649374595,0.004284233722513992,0.004284233722513992,0.0042470603279585566,0.004637380970790634,0.004953354824511839,0.0040704867038202355,0.0043399938143471465,0.005055581659539289,0.005111341751372442,0.004804661246290095,0.005334382118705058,0.008029453223974164,0.006347357120340688,0.007824999553919266,0.007955106434863293,0.010334203686411192,0.01071523098060441,0.009479215611636164,0.010352790383688911,0.008531294050472548,0.007016478222338534,0.007471852305642623,0.00714658510328256,0.00705365161689397,0.007611252535225509,0.0070722383141716885,0.006087143358452635,0.006988598176421956,0.006849197946839073,0.006477464001284712,0.006375237166257265,0.007267398635587727,0.008828681206916036,
18087,0.0007806412856641548,0.0007434678911087189,0.0007341745424698599,0.0007713479370252958,0.0008178146802195908,0.0008642814234138857,0.0009107481666081806,0.0009850949557190525,0.0011523752312185141,0.0013940022958288478,0.0017099761495500533,0.0018679630764106558,0.0022861637651593104,0.0027415378484634007,0.003141151839934337,0.003875326382404197,0.004804661246290095,0.00486042133812325,0.004683847713984929,0.004590914227596339,0.004135540144292248,0.004274940373875133,0.004442220649374595,0.004284233722513992,0.004284233722513992,0.0042470603279585566,0.004637380970790634,0.004953354824511839,0.0040704867038202355,0.0043399938143471465,0.005055581659539289,0.005111341751372442,0.004804661246290095,0.005334382118705058,0.008029453223974164,0.006347357120340688,0.007824999553919266,0.007955106434863293,0.010334203686411192,0.01071523098060441,0.009479215611636164,0.010352790383688911,0.008531294050472548,0.007016478222338534,0.007471852305642623,0.00714658510328256,0.00705365161689397,0.007611252535225509,0.0070722383141716885,0.006087143358452635,0.006988598176421956,0.006849197946839073,0.006477464001284712,0.006375237166257265,0.007267398635587727,0.008828681206916036,
18089,0.0007806412856641548,0.0007434678911087189,0.0007341745424698599,0.0007713479370252958,0.0008178146802195908,0.0008642814234138857,0.0009107481666081806,0.0009850949557190525,0.0011523752312185141,0.0013940022958288478,0.0017099761495500533,0.0018679630764106558,0.0022861637651593104,0.0027415378484634007,0.003141151839934337,0.003875326382404197,0.004804661246290095,0.00486042133812325,0.004683847713984929,0.004590914227596339,0.004135540144292248,0.004274940373875133,0.004442220649374595,0.004284233722513992,0.004284233722513992,0.0042470603279585566,0.004637380970790634,0.004953354824511839,0.0040704867038202355,0.0043399938143471465,0.005055581659539289,0.005111341751372442,0.004804661246290095,0.005334382118705058,0.008029453223974164,0.006347357120340688,0.007824999553919266,0.007955106434863293,0.010334203686411192,0.01071523098060441,0.009479215611636164,0.010352790383688911,0.008531294050472548,0.007016478222338534,0.007471852305642623,0.00714658510328256,0.00705365161689397,0.007611252535225509,0.0070722383141716885,0.006087143358452635,0.006988598176421956,0.006849197946839073,0.006477464001284712,0.006375237166257265,0.007267398635587727,0.008828681206916036,
18091,0.0007806412856641548,0.0007434678911087189,0.0007341745424698599,0.0007713479370252958,0.0008178146802195908,0.0008642814234138857,0.0009107481666081806,0.0009850949557190525,0.0011523752312185141,0.0013940022958288478,0.0017099761495500533,0.0018679630764106558,0.0022861637651593104,0.0027415378484634007,0.003141151839934337,0.003875326382404197,0.004804661246290095,0.00486042133812325,0.004683847713984929,0.004590914227596339,0.004135540144292248,0.004274940373875133,0.004442220649374595,0.004284233722513992,0.004284233722513992,0.0042470603279585566,0.004637380970790634,0.004953354824511839,0.0040704867038202355,0.0043399938143471465,0.005055581659539289,0.005111341751372442,0.004804661246290095,0.005334382118705058,0.008029453223974164,0.006347357120340688,0.007824999553919266,0.007955106434863293,0.010334203686411192,0.01071523098060441,0.009479215611636164,0.010352790383688911,0.008531294050472548,0.007016478222338534,0.007471852305642623,0.00714658510328256,0.00705365161689397,0.007611252535225509,0.0070722383141716885,0.006087143358452635,0.006988598176421956,0.006849197946839073,0.006477464001284712,0.006375237166257265,0.007267398635587727,0.008828681206916036,
18093,0.0007806412856641548,0.0007434678911087189,0.0007341745424698599,0.0007713479370252958,0.0008178146802195908,0.0008642814234138857,0.0009107481666081806,0.0009850949557190525,0.0011523752312185141,0.0013940022958288478,0.0017099761495500533,0.0018679630764106558,0.0022861637651593104,0.0027415378484634007,0.003141151839934337,0.003875326382404197,0.004804661246290095,0.00486042133812325,0.004683847713984929,0.004590914227596339,0.004135540144292248,0.004274940373875133,0.004442220649374595,0.004284233722513992,0.004284233722513992,0.0042470603279585566,0.004637380970790634,0.004953354824511839,0.0040704867038202355,0.0043399938143471465,0.005055581659539289,0.005111341751372442,0.004804661246290095,0.005334382118705058,0.008029453223974164,0.006347357120340688,0.007824999553919266,0.007955106434863293,0.010334203686411192,0.01071523098060441,0.009479215611636164,0.010352790383688911,0.008531294050472548,0.007016478222338534,0.007471852305642623,0.00714658510328256,0.00705365161689397,0.007611252535225509,0.0070722383141716885,0.006087143358452635,0.006988598176421956,0.006849197946839073,0.006477464001284712,0.006375237166257265,0.007267398635587727,0.008828681206916036,
18095,0.0007806412856641548,0.0007434678911087189,0.0007341745424698599,0.0007713479370252958,0.0008178146802195908,0.0008642814234138857,0.0009107481666081806,0.0009850949557190525,0.0011523752312185141,0.0013940022958288478,0.0017099761495500533,0.0018679630764106558,0.0022861637651593104,0.0027415378484634007,0.003141151839934337,0.003875326382404197,0.004804661246290095,0.00486042133812325,0.004683847713984929,0.004590914227596339,0.004135540144292248,0.004274940373875133,0.004442220649374595,0.004284233722513992,0.004284233722513992,0.0042470603279585566,0.004637380970790634,0.004953354824511839,0.0040704867038202355,0.0043399938143471465,0.005055581659539289,0.005111341751372442,0.004804661246290095,0.005334382118705058,0.008029453223974164,0.006347357120340688,0.007824999553919266,0.007955106434863293,0.010334203686411192,0.01071523098060441,0.009479215611636164,0.010352790383688911,0.008531294050472548,0.007016478222338534,0.007471852305642623,0.00714658510328256,0.00705365161689397,0.007611252535225509,0.0070722383141716885,0.006087143358452635,0.006988598176421956,0.006849197946839073,0.006477464001284712,0.006375237166257265,0.007267398635587727,0.008828681206916036,
18097,0.0007806412856641548,0.0007434678911087189,0.0007341745424698599,0.0007713479370252958,0.0008178146802195908,0.0008642814234138857,0.0009107481666081806,0.0009850949557190525,0.0011523752312185141,0.0013940022958288478,0.0017099761495500533,0.0018679630764106558,0.0022861637651593104,0.0027415378484634007,0.003141151839934337,0.003875326382404197,0.004804661246290095,0.00486042133812325,0.004683847713984929,0.004590914227596339,0.004135540144292248,0.004274940373875133,0.004442220649374595,0.004284233722513992,0.004284233722513992,0.0042470603279585566,0.004637380970790634,0.004953354824511839,0.0040704867038202355,0.0043399938143471465,0.005055581659539289,0.005111341751372442,0.004804661246290095,0.005334382118705058,0.008029453223974164,0.006347357120340688,0.007824999553919266,0.007955106434863293,0.010334203686411192,0.01071523098060441,0.009479215611636164,0.010352790383688911,0.008531294050472548,0.007016478222338534,0.007471852305642623,0.00714658510328256,0.00705365161689397,0.007611252535225509,0.0070722383141716885,0.006087143358452635,0.006988598176421956,0.006849197946839073,0.006477464001284712,0.006375237166257265,0.007267398635587727,0.008828681206916036,
18099,0.0007806412856641548,0.0007434678911087189,0.0007341745424698599,0.0007713479370252958,0.0008178146802195908,0.0008642814234138857,0.0009107481666081806,0.0009850949557190525,0.0011523752312185141,0.0013940022958288478,0.0017099761495500533,0.0018679630764106558,0.0022861637651593104,0.0027415378484634007,0.003141151839934337,0.003875326382404197,0.004804661246290095,0.00486042133812325,0.004683847713984929,0.004590914227596339,0.004135540144292248,0.004274940373875133,0.004442220649374595,0.004284233722513992,0.004284233722513992,0.0042470603279585566,0.004637380970790634,0.004953354824511839,0.0040704867038202355,0.0043399938143471465,0.005055581659539289,0.005111341751372442,0.004804661246290095,0.005334382118705058,0.008029453223974164,0.006347357120340688,0.007824999553919266,0.007955106434863293,0.010334203686411192,0.01071523098060441,0.009479215611636164,0.010352790383688911,0.008531294050472548,0.007016478222338534,0.007471852305642623,0.00714658510328256,0.00705365161689397,0.007611252535225509,0.0070722383141716885,0.006087143358452635,0.006988598176421956,0.006849197946839073,0.006477464001284712,0.006375237166257265,0.007267398635587727,0.008828681206916036,
18101,0.0007806412856641548,0.0007434678911087189,0.0007341745424698599,0.0007713479370252958,0.0008178146802195908,0.0008642814234138857,0.0009107481666081806,0.0009850949557190525,0.0011523752312185141,0.0013940022958288478,0.0017099761495500533,0.0018679630764106558,0.0022861637651593104,0.0027415378484634007,0.003141151839934337,0.003875326382404197,0.004804661246290095,0.00486042133812325,0.004683847713984929,0.004590914227596339,0.004135540144292248,0.004274940373875133,0.004442220649374595,0.004284233722513992,0.004284233722513992,0.0042470603279585566,0.004637380970790634,0.004953354824511839,0.0040704867038202355,0.0043399938143471465,0.005055581659539289,0.005111341751372442,0.004804661246290095,0.005334382118705058,0.008029453223974164,0.006347357120340688,0.007824999553919266,0.007955106434863293,0.010334203686411192,0.01071523098060441,0.009479215611636164,0.010352790383688911,0.008531294050472548,0.007016478222338534,0.007471852305642623,0.00714658510328256,0.00705365161689397,0.007611252535225509,0.0070722383141716885,0.006087143358452635,0.006988598176421956,0.006849197946839073,0.006477464001284712,0.006375237166257265,0.007267398635587727,0.008828681206916036,
18103,0.0007806412856641548,0.0007434678911087189,0.0007341745424698599,0.0007713479370252958,0.0008178146802195908,0.0008642814234138857,0.0009107481666081806,0.0009850949557190525,0.0011523752312185141,0.0013940022958288478,0.0017099761495500533,0.0018679630764106558,0.0022861637651593104,0.0027415378484634007,0.003141151839934337,0.003875326382404197,0.004804661246290095,0.00486042133812325,0.004683847713984929,0.004590914227596339,0.004135540144292248,0.004274940373875133,0.004442220649374595,0.004284233722513992,0.004284233722513992,0.0042470603279585566,0.004637380970790634,0.004953354824511839,0.0040704867038202355,0.0043399938143471465,0.005055581659539289,0.005111341751372442,0.004804661246290095,0.005334382118705058,0.008029453223974164,0.006347357120340688,0.007824999553919266,0.007955106434863293,0.010334203686411192,0.01071523098060441,0.009479215611636164,0.010352790383688911,0.008531294050472548,0.007016478222338534,0.007471852305642623,0.00714658510328256,0.00705365161689397,0.007611252535225509,0.0070722383141716885,0.006087143358452635,0.006988598176421956,0.006849197946839073,0.006477464001284712,0.006375237166257265,0.007267398635587727,0.008828681206916036,
18105,0.0007806412856641548,0.0007434678911087189,0.0007341745424698599,0.0007713479370252958,0.0008178146802195908,0.0008642814234138857,0.0009107481666081806,0.0009850949557190525,0.0011523752312185141,0.0013940022958288478,0.0017099761495500533,0.0018679630764106558,0.0022861637651593104,0.0027415378484634007,0.003141151839934337,0.003875326382404197,0.004804661246290095,0.00486042133812325,0.004683847713984929,0.004590914227596339,0.004135540144292248,0.004274940373875133,0.004442220649374595,0.004284233722513992,0.004284233722513992,0.0042470603279585566,0.004637380970790634,0.004953354824511839,0.0040704867038202355,0.0043399938143471465,0.005055581659539289,0.005111341751372442,0.004804661246290095,0.005334382118705058,0.008029453223974164,0.006347357120340688,0.007824999553919266,0.007955106434863293,0.010334203686411192,0.01071523098060441,0.009479215611636164,0.010352790383688911,0.008531294050472548,0.007016478222338534,0.007471852305642623,0.00714658510328256,0.00705365161689397,0.007611252535225509,0.0070722383141716885,0.006087143358452635,0.006988598176421956,0.006849197946839073,0.006477464001284712,0.006375237166257265,0.007267398635587727,0.008828681206916036,
18107,0.0007806412856641548,0.0007434678911087189,0.0007341745424698599,0.0007713479370252958,0.0008178146802195908,0.0008642814234138857,0.0009107481666081806,0.0009850949557190525,0.0011523752312185141,0.0013940022958288478,0.0017099761495500533,0.0018679630764106558,0.0022861637651593104,0.0027415378484634007,0.003141151839934337,0.003875326382404197,0.004804661246290095,0.00486042133812325,0.004683847713984929,0.004590914227596339,0.004135540144292248,0.004274940373875133,0.004442220649374595,0.004284233722513992,0.004284233722513992,0.0042470603279585566,0.004637380970790634,0.004953354824511839,0.0040704867038202355,0.0043399938143471465,0.005055581659539289,0.005111341751372442,0.004804661246290095,0.005334382118705058,0.008029453223974164,0.006347357120340688,0.007824999553919266,0.007955106434863293,0.010334203686411192,0.01071523098060441,0.009479215611636164,0.010352790383688911,0.008531294050472548,0.007016478222338534,0.007471852305642623,0.00714658510328256,0.00705365161689397,0.007611252535225509,0.0070722383141716885,0.006087143358452635,0.006988598176421956,0.006849197946839073,0.006477464001284712,0.006375237166257265,0.007267398635587727,0.008828681206916036,
18109,0.0007806412856641548,0.0007434678911087189,0.0007341745424698599,0.0007713479370252958,0.0008178146802195908,0.0008642814234138857,0.0009107481666081806,0.0009850949557190525,0.0011523752312185141,0.0013940022958288478,0.0017099761495500533,0.0018679630764106558,0.0022861637651593104,0.0027415378484634007,0.003141151839934337,0.003875326382404197,0.004804661246290095,0.00486042133812325,0.004683847713984929,0.004590914227596339,0.004135540144292248,0.004274940373875133,0.004442220649374595,0.004284233722513992,0.004284233722513992,0.0042470603279585566,0.004637380970790634,0.004953354824511839,0.0040704867038202355,0.0043399938143471465,0.005055581659539289,0.005111341751372442,0.004804661246290095,0.005334382118705058,0.008029453223974164,0.006347357120340688,0.007824999553919266,0.007955106434863293,0.010334203686411192,0.01071523098060441,0.009479215611636164,0.010352790383688911,0.008531294050472548,0.007016478222338534,0.007471852305642623,0.00714658510328256,0.00705365161689397,0.007611252535225509,0.0070722383141716885,0.006087143358452635,0.006988598176421956,0.006849197946839073,0.006477464001284712,0.006375237166257265,0.007267398635587727,0.008828681206916036,
18111,0.0007806412856641548,0.0007434678911087189,0.0007341745424698599,0.0007713479370252958,0.0008178146802195908,0.0008642814234138857,0.0009107481666081806,0.0009850949557190525,0.0011523752312185141,0.0013940022958288478,0.0017099761495500533,0.0018679630764106558,0.0022861637651593104,0.0027415378484634007,0.003141151839934337,0.003875326382404197,0.004804661246290095,0.00486042133812325,0.004683847713984929,0.004590914227596339,0.004135540144292248,0.004274940373875133,0.004442220649374595,0.004284233722513992,0.004284233722513992,0.0042470603279585566,0.004637380970790634,0.004953354824511839,0.0040704867038202355,0.0043399938143471465,0.005055581659539289,0.005111341751372442,0.004804661246290095,0.005334382118705058,0.008029453223974164,0.006347357120340688,0.007824999553919266,0.007955106434863293,0.010334203686411192,0.01071523098060441,0.009479215611636164,0.010352790383688911,0.008531294050472548,0.007016478222338534,0.007471852305642623,0.00714658510328256,0.00705365161689397,0.007611252535225509,0.0070722383141716885,0.006087143358452635,0.006988598176421956,0.006849197946839073,0.006477464001284712,0.006375237166257265,0.007267398635587727,0.008828681206916036,
18113,0.0007806412856641548,0.0007434678911087189,0.0007341745424698599,0.0007713479370252958,0.0008178146802195908,0.0008642814234138857,0.0009107481666081806,0.0009850949557190525,0.0011523752312185141,0.0013940022958288478,0.0017099761495500533,0.0018679630764106558,0.0022861637651593104,0.0027415378484634007,0.003141151839934337,0.003875326382404197,0.004804661246290095,0.00486042133812325,0.004683847713984929,0.004590914227596339,0.004135540144292248,0.004274940373875133,0.004442220649374595,0.004284233722513992,0.004284233722513992,0.0042470603279585566,0.004637380970790634,0.004953354824511839,0.0040704867038202355,0.0043399938143471465,0.005055581659539289,0.005111341751372442,0.004804661246290095,0.005334382118705058,0.008029453223974164,0.006347357120340688,0.007824999553919266,0.007955106434863293,0.010334203686411192,0.01071523098060441,0.009479215611636164,0.010352790383688911,0.008531294050472548,0.007016478222338534,0.007471852305642623,0.00714658510328256,0.00705365161689397,0.007611252535225509,0.0070722383141716885,0.006087143358452635,0.006988598176421956,0.006849197946839073,0.006477464001284712,0.006375237166257265,0.007267398635587727,0.008828681206916036,
18115,0.0007806412856641548,0.0007434678911087189,0.0007341745424698599,0.0007713479370252958,0.0008178146802195908,0.0008642814234138857,0.0009107481666081806,0.0009850949557190525,0.0011523752312185141,0.0013940022958288478,0.0017099761495500533,0.0018679630764106558,0.0022861637651593104,0.0027415378484634007,0.003141151839934337,0.003875326382404197,0.004804661246290095,0.00486042133812325,0.004683847713984929,0.004590914227596339,0.004135540144292248,0.004274940373875133,0.004442220649374595,0.004284233722513992,0.004284233722513992,0.0042470603279585566,0.004637380970790634,0.004953354824511839,0.0040704867038202355,0.0043399938143471465,0.005055581659539289,0.005111341751372442,0.004804661246290095,0.005334382118705058,0.008029453223974164,0.006347357120340688,0.007824999553919266,0.007955106434863293,0.010334203686411192,0.01071523098060441,0.009479215611636164,0.010352790383688911,0.008531294050472548,0.007016478222338534,0.007471852305642623,0.00714658510328256,0.00705365161689397,0.007611252535225509,0.0070722383141716885,0.006087143358452635,0.006988598176421956,0.006849197946839073,0.006477464001284712,0.006375237166257265,0.007267398635587727,0.008828681206916036,
18117,0.0007806412856641548,0.0007434678911087189,0.0007341745424698599,0.0007713479370252958,0.0008178146802195908,0.0008642814234138857,0.0009107481666081806,0.0009850949557190525,0.0011523752312185141,0.0013940022958288478,0.0017099761495500533,0.0018679630764106558,0.0022861637651593104,0.0027415378484634007,0.003141151839934337,0.003875326382404197,0.004804661246290095,0.00486042133812325,0.004683847713984929,0.004590914227596339,0.004135540144292248,0.004274940373875133,0.004442220649374595,0.004284233722513992,0.004284233722513992,0.0042470603279585566,0.004637380970790634,0.004953354824511839,0.0040704867038202355,0.0043399938143471465,0.005055581659539289,0.005111341751372442,0.004804661246290095,0.005334382118705058,0.008029453223974164,0.006347357120340688,0.007824999553919266,0.007955106434863293,0.010334203686411192,0.01071523098060441,0.009479215611636164,0.010352790383688911,0.008531294050472548,0.007016478222338534,0.007471852305642623,0.00714658510328256,0.00705365161689397,0.007611252535225509,0.0070722383141716885,0.006087143358452635,0.006988598176421956,0.006849197946839073,0.006477464001284712,0.006375237166257265,0.007267398635587727,0.008828681206916036,
18119,0.0007806412856641548,0.0007434678911087189,0.0007341745424698599,0.0007713479370252958,0.0008178146802195908,0.0008642814234138857,0.0009107481666081806,0.0009850949557190525,0.0011523752312185141,0.0013940022958288478,0.0017099761495500533,0.0018679630764106558,0.0022861637651593104,0.0027415378484634007,0.003141151839934337,0.003875326382404197,0.004804661246290095,0.00486042133812325,0.004683847713984929,0.004590914227596339,0.004135540144292248,0.004274940373875133,0.004442220649374595,0.004284233722513992,0.004284233722513992,0.0042470603279585566,0.004637380970790634,0.004953354824511839,0.0040704867038202355,0.0043399938143471465,0.005055581659539289,0.005111341751372442,0.004804661246290095,0.005334382118705058,0.008029453223974164,0.006347357120340688,0.007824999553919266,0.007955106434863293,0.010334203686411192,0.01071523098060441,0.009479215611636164,0.010352790383688911,0.008531294050472548,0.007016478222338534,0.007471852305642623,0.00714658510328256,0.00705365161689397,0.007611252535225509,0.0070722383141716885,0.006087143358452635,0.006988598176421956,0.006849197946839073,0.006477464001284712,0.006375237166257265,0.007267398635587727,0.008828681206916036,
18121,0.0007806412856641548,0.0007434678911087189,0.0007341745424698599,0.0007713479370252958,0.0008178146802195908,0.0008642814234138857,0.0009107481666081806,0.0009850949557190525,0.0011523752312185141,0.0013940022958288478,0.0017099761495500533,0.0018679630764106558,0.0022861637651593104,0.0027415378484634007,0.003141151839934337,0.003875326382404197,0.004804661246290095,0.00486042133812325,0.004683847713984929,0.004590914227596339,0.004135540144292248,0.004274940373875133,0.004442220649374595,0.004284233722513992,0.004284233722513992,0.0042470603279585566,0.004637380970790634,0.004953354824511839,0.0040704867038202355,0.0043399938143471465,0.005055581659539289,0.005111341751372442,0.004804661246290095,0.005334382118705058,0.008029453223974164,0.006347357120340688,0.007824999553919266,0.007955106434863293,0.010334203686411192,0.01071523098060441,0.009479215611636164,0.010352790383688911,0.008531294050472548,0.007016478222338534,0.007471852305642623,0.00714658510328256,0.00705365161689397,0.007611252535225509,0.0070722383141716885,0.006087143358452635,0.006988598176421956,0.006849197946839073,0.006477464001284712,0.006375237166257265,0.007267398635587727,0.008828681206916036,
18123,0.0007806412856641548,0.0007434678911087189,0.0007341745424698599,0.0007713479370252958,0.0008178146802195908,0.0008642814234138857,0.0009107481666081806,0.0009850949557190525,0.0011523752312185141,0.0013940022958288478,0.0017099761495500533,0.0018679630764106558,0.0022861637651593104,0.0027415378484634007,0.003141151839934337,0.003875326382404197,0.004804661246290095,0.00486042133812325,0.004683847713984929,0.004590914227596339,0.004135540144292248,0.004274940373875133,0.004442220649374595,0.004284233722513992,0.004284233722513992,0.0042470603279585566,0.004637380970790634,0.004953354824511839,0.0040704867038202355,0.0043399938143471465,0.005055581659539289,0.005111341751372442,0.004804661246290095,0.005334382118705058,0.008029453223974164,0.006347357120340688,0.007824999553919266,0.007955106434863293,0.010334203686411192,0.01071523098060441,0.009479215611636164,0.010352790383688911,0.008531294050472548,0.007016478222338534,0.007471852305642623,0.00714658510328256,0.00705365161689397,0.007611252535225509,0.0070722383141716885,0.006087143358452635,0.006988598176421956,0.006849197946839073,0.006477464001284712,0.006375237166257265,0.007267398635587727,0.008828681206916036,
18125,0.0007806412856641548,0.0007434678911087189,0.0007341745424698599,0.0007713479370252958,0.0008178146802195908,0.0008642814234138857,0.0009107481666081806,0.0009850949557190525,0.0011523752312185141,0.0013940022958288478,0.0017099761495500533,0.0018679630764106558,0.0022861637651593104,0.0027415378484634007,0.003141151839934337,0.003875326382404197,0.004804661246290095,0.00486042133812325,0.004683847713984929,0.004590914227596339,0.004135540144292248,0.004274940373875133,0.004442220649374595,0.004284233722513992,0.004284233722513992,0.0042470603279585566,0.004637380970790634,0.004953354824511839,0.0040704867038202355,0.0043399938143471465,0.005055581659539289,0.005111341751372442,0.004804661246290095,0.005334382118705058,0.008029453223974164,0.006347357120340688,0.007824999553919266,0.007955106434863293,0.010334203686411192,0.01071523098060441,0.009479215611636164,0.010352790383688911,0.008531294050472548,0.007016478222338534,0.007471852305642623,0.00714658510328256,0.00705365161689397,0.007611252535225509,0.0070722383141716885,0.006087143358452635,0.006988598176421956,0.006849197946839073,0.006477464001284712,0.006375237166257265,0.007267398635587727,0.008828681206916036,
18127,0.0007806412856641548,0.0007434678911087189,0.0007341745424698599,0.0007713479370252958,0.0008178146802195908,0.0008642814234138857,0.0009107481666081806,0.0009850949557190525,0.0011523752312185141,0.0013940022958288478,0.0017099761495500533,0.0018679630764106558,0.0022861637651593104,0.0027415378484634007,0.003141151839934337,0.003875326382404197,0.004804661246290095,0.00486042133812325,0.004683847713984929,0.004590914227596339,0.004135540144292248,0.004274940373875133,0.004442220649374595,0.004284233722513992,0.004284233722513992,0.0042470603279585566,0.004637380970790634,0.004953354824511839,0.0040704867038202355,0.0043399938143471465,0.005055581659539289,0.005111341751372442,0.004804661246290095,0.005334382118705058,0.008029453223974164,0.006347357120340688,0.007824999553919266,0.007955106434863293,0.010334203686411192,0.01071523098060441,0.009479215611636164,0.010352790383688911,0.008531294050472548,0.007016478222338534,0.007471852305642623,0.00714658510328256,0.00705365161689397,0.007611252535225509,0.0070722383141716885,0.006087143358452635,0.006988598176421956,0.006849197946839073,0.006477464001284712,0.006375237166257265,0.007267398635587727,0.008828681206916036,
18129,0.0007806412856641548,0.0007434678911087189,0.0007341745424698599,0.0007713479370252958,0.0008178146802195908,0.0008642814234138857,0.0009107481666081806,0.0009850949557190525,0.0011523752312185141,0.0013940022958288478,0.0017099761495500533,0.0018679630764106558,0.0022861637651593104,0.0027415378484634007,0.003141151839934337,0.003875326382404197,0.004804661246290095,0.00486042133812325,0.004683847713984929,0.004590914227596339,0.004135540144292248,0.004274940373875133,0.004442220649374595,0.004284233722513992,0.004284233722513992,0.0042470603279585566,0.004637380970790634,0.004953354824511839,0.0040704867038202355,0.0043399938143471465,0.005055581659539289,0.005111341751372442,0.004804661246290095,0.005334382118705058,0.008029453223974164,0.006347357120340688,0.007824999553919266,0.007955106434863293,0.010334203686411192,0.01071523098060441,0.009479215611636164,0.010352790383688911,0.008531294050472548,0.007016478222338534,0.007471852305642623,0.00714658510328256,0.00705365161689397,0.007611252535225509,0.0070722383141716885,0.006087143358452635,0.006988598176421956,0.006849197946839073,0.006477464001284712,0.006375237166257265,0.007267398635587727,0.008828681206916036,
18131,0.0007806412856641548,0.0007434678911087189,0.0007341745424698599,0.0007713479370252958,0.0008178146802195908,0.0008642814234138857,0.0009107481666081806,0.0009850949557190525,0.0011523752312185141,0.0013940022958288478,0.0017099761495500533,0.0018679630764106558,0.0022861637651593104,0.0027415378484634007,0.003141151839934337,0.003875326382404197,0.004804661246290095,0.00486042133812325,0.004683847713984929,0.004590914227596339,0.004135540144292248,0.004274940373875133,0.004442220649374595,0.004284233722513992,0.004284233722513992,0.0042470603279585566,0.004637380970790634,0.004953354824511839,0.0040704867038202355,0.0043399938143471465,0.005055581659539289,0.005111341751372442,0.004804661246290095,0.005334382118705058,0.008029453223974164,0.006347357120340688,0.007824999553919266,0.007955106434863293,0.010334203686411192,0.01071523098060441,0.009479215611636164,0.010352790383688911,0.008531294050472548,0.007016478222338534,0.007471852305642623,0.00714658510328256,0.00705365161689397,0.007611252535225509,0.0070722383141716885,0.006087143358452635,0.006988598176421956,0.006849197946839073,0.006477464001284712,0.006375237166257265,0.007267398635587727,0.008828681206916036,
18133,0.0007806412856641548,0.0007434678911087189,0.0007341745424698599,0.0007713479370252958,0.0008178146802195908,0.0008642814234138857,0.0009107481666081806,0.0009850949557190525,0.0011523752312185141,0.0013940022958288478,0.0017099761495500533,0.0018679630764106558,0.0022861637651593104,0.0027415378484634007,0.003141151839934337,0.003875326382404197,0.004804661246290095,0.00486042133812325,0.004683847713984929,0.004590914227596339,0.004135540144292248,0.004274940373875133,0.004442220649374595,0.004284233722513992,0.004284233722513992,0.0042470603279585566,0.004637380970790634,0.004953354824511839,0.0040704867038202355,0.0043399938143471465,0.005055581659539289,0.005111341751372442,0.004804661246290095,0.005334382118705058,0.008029453223974164,0.006347357120340688,0.007824999553919266,0.007955106434863293,0.010334203686411192,0.01071523098060441,0.009479215611636164,0.010352790383688911,0.008531294050472548,0.007016478222338534,0.007471852305642623,0.00714658510328256,0.00705365161689397,0.007611252535225509,0.0070722383141716885,0.006087143358452635,0.006988598176421956,0.006849197946839073,0.006477464001284712,0.006375237166257265,0.007267398635587727,0.008828681206916036,
18135,0.0007806412856641548,0.0007434678911087189,0.0007341745424698599,0.0007713479370252958,0.0008178146802195908,0.0008642814234138857,0.0009107481666081806,0.0009850949557190525,0.0011523752312185141,0.0013940022958288478,0.0017099761495500533,0.0018679630764106558,0.0022861637651593104,0.0027415378484634007,0.003141151839934337,0.003875326382404197,0.004804661246290095,0.00486042133812325,0.004683847713984929,0.004590914227596339,0.004135540144292248,0.004274940373875133,0.004442220649374595,0.004284233722513992,0.004284233722513992,0.0042470603279585566,0.004637380970790634,0.004953354824511839,0.0040704867038202355,0.0043399938143471465,0.005055581659539289,0.005111341751372442,0.004804661246290095,0.005334382118705058,0.008029453223974164,0.006347357120340688,0.007824999553919266,0.007955106434863293,0.010334203686411192,0.01071523098060441,0.009479215611636164,0.010352790383688911,0.008531294050472548,0.007016478222338534,0.007471852305642623,0.00714658510328256,0.00705365161689397,0.007611252535225509,0.0070722383141716885,0.006087143358452635,0.006988598176421956,0.006849197946839073,0.006477464001284712,0.006375237166257265,0.007267398635587727,0.008828681206916036,
18137,0.0007806412856641548,0.0007434678911087189,0.0007341745424698599,0.0007713479370252958,0.0008178146802195908,0.0008642814234138857,0.0009107481666081806,0.0009850949557190525,0.0011523752312185141,0.0013940022958288478,0.0017099761495500533,0.0018679630764106558,0.0022861637651593104,0.0027415378484634007,0.003141151839934337,0.003875326382404197,0.004804661246290095,0.00486042133812325,0.004683847713984929,0.004590914227596339,0.004135540144292248,0.004274940373875133,0.004442220649374595,0.004284233722513992,0.004284233722513992,0.0042470603279585566,0.004637380970790634,0.004953354824511839,0.0040704867038202355,0.0043399938143471465,0.005055581659539289,0.005111341751372442,0.004804661246290095,0.005334382118705058,0.008029453223974164,0.006347357120340688,0.007824999553919266,0.007955106434863293,0.010334203686411192,0.01071523098060441,0.009479215611636164,0.010352790383688911,0.008531294050472548,0.007016478222338534,0.007471852305642623,0.00714658510328256,0.00705365161689397,0.007611252535225509,0.0070722383141716885,0.006087143358452635,0.006988598176421956,0.006849197946839073,0.006477464001284712,0.006375237166257265,0.007267398635587727,0.008828681206916036,
18139,0.0007806412856641548,0.0007434678911087189,0.0007341745424698599,0.0007713479370252958,0.0008178146802195908,0.0008642814234138857,0.0009107481666081806,0.0009850949557190525,0.0011523752312185141,0.0013940022958288478,0.0017099761495500533,0.0018679630764106558,0.0022861637651593104,0.0027415378484634007,0.003141151839934337,0.003875326382404197,0.004804661246290095,0.00486042133812325,0.004683847713984929,0.004590914227596339,0.004135540144292248,0.004274940373875133,0.004442220649374595,0.004284233722513992,0.004284233722513992,0.0042470603279585566,0.004637380970790634,0.004953354824511839,0.0040704867038202355,0.0043399938143471465,0.005055581659539289,0.005111341751372442,0.004804661246290095,0.005334382118705058,0.008029453223974164,0.006347357120340688,0.007824999553919266,0.007955106434863293,0.010334203686411192,0.01071523098060441,0.009479215611636164,0.010352790383688911,0.008531294050472548,0.007016478222338534,0.007471852305642623,0.00714658510328256,0.00705365161689397,0.007611252535225509,0.0070722383141716885,0.006087143358452635,0.006988598176421956,0.006849197946839073,0.006477464001284712,0.006375237166257265,0.007267398635587727,0.008828681206916036,
18141,0.0007806412856641548,0.0007434678911087189,0.0007341745424698599,0.0007713479370252958,0.0008178146802195908,0.0008642814234138857,0.0009107481666081806,0.0009850949557190525,0.0011523752312185141,0.0013940022958288478,0.0017099761495500533,0.0018679630764106558,0.0022861637651593104,0.0027415378484634007,0.003141151839934337,0.003875326382404197,0.004804661246290095,0.00486042133812325,0.004683847713984929,0.004590914227596339,0.004135540144292248,0.004274940373875133,0.004442220649374595,0.004284233722513992,0.004284233722513992,0.0042470603279585566,0.004637380970790634,0.004953354824511839,0.0040704867038202355,0.0043399938143471465,0.005055581659539289,0.005111341751372442,0.004804661246290095,0.005334382118705058,0.008029453223974164,0.006347357120340688,0.007824999553919266,0.007955106434863293,0.010334203686411192,0.01071523098060441,0.009479215611636164,0.010352790383688911,0.008531294050472548,0.007016478222338534,0.007471852305642623,0.00714658510328256,0.00705365161689397,0.007611252535225509,0.0070722383141716885,0.006087143358452635,0.006988598176421956,0.006849197946839073,0.006477464001284712,0.006375237166257265,0.007267398635587727,0.008828681206916036,
18143,0.0007806412856641548,0.0007434678911087189,0.0007341745424698599,0.0007713479370252958,0.0008178146802195908,0.0008642814234138857,0.0009107481666081806,0.0009850949557190525,0.0011523752312185141,0.0013940022958288478,0.0017099761495500533,0.0018679630764106558,0.0022861637651593104,0.0027415378484634007,0.003141151839934337,0.003875326382404197,0.004804661246290095,0.00486042133812325,0.004683847713984929,0.004590914227596339,0.004135540144292248,0.004274940373875133,0.004442220649374595,0.004284233722513992,0.004284233722513992,0.0042470603279585566,0.004637380970790634,0.004953354824511839,0.0040704867038202355,0.0043399938143471465,0.005055581659539289,0.005111341751372442,0.004804661246290095,0.005334382118705058,0.008029453223974164,0.006347357120340688,0.007824999553919266,0.007955106434863293,0.010334203686411192,0.01071523098060441,0.009479215611636164,0.010352790383688911,0.008531294050472548,0.007016478222338534,0.007471852305642623,0.00714658510328256,0.00705365161689397,0.007611252535225509,0.0070722383141716885,0.006087143358452635,0.006988598176421956,0.006849197946839073,0.006477464001284712,0.006375237166257265,0.007267398635587727,0.008828681206916036,
18145,0.0007806412856641548,0.0007434678911087189,0.0007341745424698599,0.0007713479370252958,0.0008178146802195908,0.0008642814234138857,0.0009107481666081806,0.0009850949557190525,0.0011523752312185141,0.0013940022958288478,0.0017099761495500533,0.0018679630764106558,0.0022861637651593104,0.0027415378484634007,0.003141151839934337,0.003875326382404197,0.004804661246290095,0.00486042133812325,0.004683847713984929,0.004590914227596339,0.004135540144292248,0.004274940373875133,0.004442220649374595,0.004284233722513992,0.004284233722513992,0.0042470603279585566,0.004637380970790634,0.004953354824511839,0.0040704867038202355,0.0043399938143471465,0.005055581659539289,0.005111341751372442,0.004804661246290095,0.005334382118705058,0.008029453223974164,0.006347357120340688,0.007824999553919266,0.007955106434863293,0.010334203686411192,0.01071523098060441,0.009479215611636164,0.010352790383688911,0.008531294050472548,0.007016478222338534,0.007471852305642623,0.00714658510328256,0.00705365161689397,0.007611252535225509,0.0070722383141716885,0.006087143358452635,0.006988598176421956,0.006849197946839073,0.006477464001284712,0.006375237166257265,0.007267398635587727,0.008828681206916036,
18147,0.0007806412856641548,0.0007434678911087189,0.0007341745424698599,0.0007713479370252958,0.0008178146802195908,0.0008642814234138857,0.0009107481666081806,0.0009850949557190525,0.0011523752312185141,0.0013940022958288478,0.0017099761495500533,0.0018679630764106558,0.0022861637651593104,0.0027415378484634007,0.003141151839934337,0.003875326382404197,0.004804661246290095,0.00486042133812325,0.004683847713984929,0.004590914227596339,0.004135540144292248,0.004274940373875133,0.004442220649374595,0.004284233722513992,0.004284233722513992,0.0042470603279585566,0.004637380970790634,0.004953354824511839,0.0040704867038202355,0.0043399938143471465,0.005055581659539289,0.005111341751372442,0.004804661246290095,0.005334382118705058,0.008029453223974164,0.006347357120340688,0.007824999553919266,0.007955106434863293,0.010334203686411192,0.01071523098060441,0.009479215611636164,0.010352790383688911,0.008531294050472548,0.007016478222338534,0.007471852305642623,0.00714658510328256,0.00705365161689397,0.007611252535225509,0.0070722383141716885,0.006087143358452635,0.006988598176421956,0.006849197946839073,0.006477464001284712,0.006375237166257265,0.007267398635587727,0.008828681206916036,
18149,0.0007806412856641548,0.0007434678911087189,0.0007341745424698599,0.0007713479370252958,0.0008178146802195908,0.0008642814234138857,0.0009107481666081806,0.0009850949557190525,0.0011523752312185141,0.0013940022958288478,0.0017099761495500533,0.0018679630764106558,0.0022861637651593104,0.0027415378484634007,0.003141151839934337,0.003875326382404197,0.004804661246290095,0.00486042133812325,0.004683847713984929,0.004590914227596339,0.004135540144292248,0.004274940373875133,0.004442220649374595,0.004284233722513992,0.004284233722513992,0.0042470603279585566,0.004637380970790634,0.004953354824511839,0.0040704867038202355,0.0043399938143471465,0.005055581659539289,0.005111341751372442,0.004804661246290095,0.005334382118705058,0.008029453223974164,0.006347357120340688,0.007824999553919266,0.007955106434863293,0.010334203686411192,0.01071523098060441,0.009479215611636164,0.010352790383688911,0.008531294050472548,0.007016478222338534,0.007471852305642623,0.00714658510328256,0.00705365161689397,0.007611252535225509,0.0070722383141716885,0.006087143358452635,0.006988598176421956,0.006849197946839073,0.006477464001284712,0.006375237166257265,0.007267398635587727,0.008828681206916036,
18151,0.0007806412856641548,0.0007434678911087189,0.0007341745424698599,0.0007713479370252958,0.0008178146802195908,0.0008642814234138857,0.0009107481666081806,0.0009850949557190525,0.0011523752312185141,0.0013940022958288478,0.0017099761495500533,0.0018679630764106558,0.0022861637651593104,0.0027415378484634007,0.003141151839934337,0.003875326382404197,0.004804661246290095,0.00486042133812325,0.004683847713984929,0.004590914227596339,0.004135540144292248,0.004274940373875133,0.004442220649374595,0.004284233722513992,0.004284233722513992,0.0042470603279585566,0.004637380970790634,0.004953354824511839,0.0040704867038202355,0.0043399938143471465,0.005055581659539289,0.005111341751372442,0.004804661246290095,0.005334382118705058,0.008029453223974164,0.006347357120340688,0.007824999553919266,0.007955106434863293,0.010334203686411192,0.01071523098060441,0.009479215611636164,0.010352790383688911,0.008531294050472548,0.007016478222338534,0.007471852305642623,0.00714658510328256,0.00705365161689397,0.007611252535225509,0.0070722383141716885,0.006087143358452635,0.006988598176421956,0.006849197946839073,0.006477464001284712,0.006375237166257265,0.007267398635587727,0.008828681206916036,
18153,0.0007806412856641548,0.0007434678911087189,0.0007341745424698599,0.0007713479370252958,0.0008178146802195908,0.0008642814234138857,0.0009107481666081806,0.0009850949557190525,0.0011523752312185141,0.0013940022958288478,0.0017099761495500533,0.0018679630764106558,0.0022861637651593104,0.0027415378484634007,0.003141151839934337,0.003875326382404197,0.004804661246290095,0.00486042133812325,0.004683847713984929,0.004590914227596339,0.004135540144292248,0.004274940373875133,0.004442220649374595,0.004284233722513992,0.004284233722513992,0.0042470603279585566,0.004637380970790634,0.004953354824511839,0.0040704867038202355,0.0043399938143471465,0.005055581659539289,0.005111341751372442,0.004804661246290095,0.005334382118705058,0.008029453223974164,0.006347357120340688,0.007824999553919266,0.007955106434863293,0.010334203686411192,0.01071523098060441,0.009479215611636164,0.010352790383688911,0.008531294050472548,0.007016478222338534,0.007471852305642623,0.00714658510328256,0.00705365161689397,0.007611252535225509,0.0070722383141716885,0.006087143358452635,0.006988598176421956,0.006849197946839073,0.006477464001284712,0.006375237166257265,0.007267398635587727,0.008828681206916036,
18155,0.0007806412856641548,0.0007434678911087189,0.0007341745424698599,0.0007713479370252958,0.0008178146802195908,0.0008642814234138857,0.0009107481666081806,0.0009850949557190525,0.0011523752312185141,0.0013940022958288478,0.0017099761495500533,0.0018679630764106558,0.0022861637651593104,0.0027415378484634007,0.003141151839934337,0.003875326382404197,0.004804661246290095,0.00486042133812325,0.004683847713984929,0.004590914227596339,0.004135540144292248,0.004274940373875133,0.004442220649374595,0.004284233722513992,0.004284233722513992,0.0042470603279585566,0.004637380970790634,0.004953354824511839,0.0040704867038202355,0.0043399938143471465,0.005055581659539289,0.005111341751372442,0.004804661246290095,0.005334382118705058,0.008029453223974164,0.006347357120340688,0.007824999553919266,0.007955106434863293,0.010334203686411192,0.01071523098060441,0.009479215611636164,0.010352790383688911,0.008531294050472548,0.007016478222338534,0.007471852305642623,0.00714658510328256,0.00705365161689397,0.007611252535225509,0.0070722383141716885,0.006087143358452635,0.006988598176421956,0.006849197946839073,0.006477464001284712,0.006375237166257265,0.007267398635587727,0.008828681206916036,
18157,0.0007806412856641548,0.0007434678911087189,0.0007341745424698599,0.0007713479370252958,0.0008178146802195908,0.0008642814234138857,0.0009107481666081806,0.0009850949557190525,0.0011523752312185141,0.0013940022958288478,0.0017099761495500533,0.0018679630764106558,0.0022861637651593104,0.0027415378484634007,0.003141151839934337,0.003875326382404197,0.004804661246290095,0.00486042133812325,0.004683847713984929,0.004590914227596339,0.004135540144292248,0.004274940373875133,0.004442220649374595,0.004284233722513992,0.004284233722513992,0.0042470603279585566,0.004637380970790634,0.004953354824511839,0.0040704867038202355,0.0043399938143471465,0.005055581659539289,0.005111341751372442,0.004804661246290095,0.005334382118705058,0.008029453223974164,0.006347357120340688,0.007824999553919266,0.007955106434863293,0.010334203686411192,0.01071523098060441,0.009479215611636164,0.010352790383688911,0.008531294050472548,0.007016478222338534,0.007471852305642623,0.00714658510328256,0.00705365161689397,0.007611252535225509,0.0070722383141716885,0.006087143358452635,0.006988598176421956,0.006849197946839073,0.006477464001284712,0.006375237166257265,0.007267398635587727,0.008828681206916036,
18159,0.0007806412856641548,0.0007434678911087189,0.0007341745424698599,0.0007713479370252958,0.0008178146802195908,0.0008642814234138857,0.0009107481666081806,0.0009850949557190525,0.0011523752312185141,0.0013940022958288478,0.0017099761495500533,0.0018679630764106558,0.0022861637651593104,0.0027415378484634007,0.003141151839934337,0.003875326382404197,0.004804661246290095,0.00486042133812325,0.004683847713984929,0.004590914227596339,0.004135540144292248,0.004274940373875133,0.004442220649374595,0.004284233722513992,0.004284233722513992,0.0042470603279585566,0.004637380970790634,0.004953354824511839,0.0040704867038202355,0.0043399938143471465,0.005055581659539289,0.005111341751372442,0.004804661246290095,0.005334382118705058,0.008029453223974164,0.006347357120340688,0.007824999553919266,0.007955106434863293,0.010334203686411192,0.01071523098060441,0.009479215611636164,0.010352790383688911,0.008531294050472548,0.007016478222338534,0.007471852305642623,0.00714658510328256,0.00705365161689397,0.007611252535225509,0.0070722383141716885,0.006087143358452635,0.006988598176421956,0.006849197946839073,0.006477464001284712,0.006375237166257265,0.007267398635587727,0.008828681206916036,
18161,0.0007806412856641548,0.0007434678911087189,0.0007341745424698599,0.0007713479370252958,0.0008178146802195908,0.0008642814234138857,0.0009107481666081806,0.0009850949557190525,0.0011523752312185141,0.0013940022958288478,0.0017099761495500533,0.0018679630764106558,0.0022861637651593104,0.0027415378484634007,0.003141151839934337,0.003875326382404197,0.004804661246290095,0.00486042133812325,0.004683847713984929,0.004590914227596339,0.004135540144292248,0.004274940373875133,0.004442220649374595,0.004284233722513992,0.004284233722513992,0.0042470603279585566,0.004637380970790634,0.004953354824511839,0.0040704867038202355,0.0043399938143471465,0.005055581659539289,0.005111341751372442,0.004804661246290095,0.005334382118705058,0.008029453223974164,0.006347357120340688,0.007824999553919266,0.007955106434863293,0.010334203686411192,0.01071523098060441,0.009479215611636164,0.010352790383688911,0.008531294050472548,0.007016478222338534,0.007471852305642623,0.00714658510328256,0.00705365161689397,0.007611252535225509,0.0070722383141716885,0.006087143358452635,0.006988598176421956,0.006849197946839073,0.006477464001284712,0.006375237166257265,0.007267398635587727,0.008828681206916036,
18163,0.0007806412856641548,0.0007434678911087189,0.0007341745424698599,0.0007713479370252958,0.0008178146802195908,0.0008642814234138857,0.0009107481666081806,0.0009850949557190525,0.0011523752312185141,0.0013940022958288478,0.0017099761495500533,0.0018679630764106558,0.0022861637651593104,0.0027415378484634007,0.003141151839934337,0.003875326382404197,0.004804661246290095,0.00486042133812325,0.004683847713984929,0.004590914227596339,0.004135540144292248,0.004274940373875133,0.004442220649374595,0.004284233722513992,0.004284233722513992,0.0042470603279585566,0.004637380970790634,0.004953354824511839,0.0040704867038202355,0.0043399938143471465,0.005055581659539289,0.005111341751372442,0.004804661246290095,0.005334382118705058,0.008029453223974164,0.006347357120340688,0.007824999553919266,0.007955106434863293,0.010334203686411192,0.01071523098060441,0.009479215611636164,0.010352790383688911,0.008531294050472548,0.007016478222338534,0.007471852305642623,0.00714658510328256,0.00705365161689397,0.007611252535225509,0.0070722383141716885,0.006087143358452635,0.006988598176421956,0.006849197946839073,0.006477464001284712,0.006375237166257265,0.007267398635587727,0.008828681206916036,
18165,0.0007806412856641548,0.0007434678911087189,0.0007341745424698599,0.0007713479370252958,0.0008178146802195908,0.0008642814234138857,0.0009107481666081806,0.0009850949557190525,0.0011523752312185141,0.0013940022958288478,0.0017099761495500533,0.0018679630764106558,0.0022861637651593104,0.0027415378484634007,0.003141151839934337,0.003875326382404197,0.004804661246290095,0.00486042133812325,0.004683847713984929,0.004590914227596339,0.004135540144292248,0.004274940373875133,0.004442220649374595,0.004284233722513992,0.004284233722513992,0.0042470603279585566,0.004637380970790634,0.004953354824511839,0.0040704867038202355,0.0043399938143471465,0.005055581659539289,0.005111341751372442,0.004804661246290095,0.005334382118705058,0.008029453223974164,0.006347357120340688,0.007824999553919266,0.007955106434863293,0.010334203686411192,0.01071523098060441,0.009479215611636164,0.010352790383688911,0.008531294050472548,0.007016478222338534,0.007471852305642623,0.00714658510328256,0.00705365161689397,0.007611252535225509,0.0070722383141716885,0.006087143358452635,0.006988598176421956,0.006849197946839073,0.006477464001284712,0.006375237166257265,0.007267398635587727,0.008828681206916036,
18167,0.0007806412856641548,0.0007434678911087189,0.0007341745424698599,0.0007713479370252958,0.0008178146802195908,0.0008642814234138857,0.0009107481666081806,0.0009850949557190525,0.0011523752312185141,0.0013940022958288478,0.0017099761495500533,0.0018679630764106558,0.0022861637651593104,0.0027415378484634007,0.003141151839934337,0.003875326382404197,0.004804661246290095,0.00486042133812325,0.004683847713984929,0.004590914227596339,0.004135540144292248,0.004274940373875133,0.004442220649374595,0.004284233722513992,0.004284233722513992,0.0042470603279585566,0.004637380970790634,0.004953354824511839,0.0040704867038202355,0.0043399938143471465,0.005055581659539289,0.005111341751372442,0.004804661246290095,0.005334382118705058,0.008029453223974164,0.006347357120340688,0.007824999553919266,0.007955106434863293,0.010334203686411192,0.01071523098060441,0.009479215611636164,0.010352790383688911,0.008531294050472548,0.007016478222338534,0.007471852305642623,0.00714658510328256,0.00705365161689397,0.007611252535225509,0.0070722383141716885,0.006087143358452635,0.006988598176421956,0.006849197946839073,0.006477464001284712,0.006375237166257265,0.007267398635587727,0.008828681206916036,
18169,0.0007806412856641548,0.0007434678911087189,0.0007341745424698599,0.0007713479370252958,0.0008178146802195908,0.0008642814234138857,0.0009107481666081806,0.0009850949557190525,0.0011523752312185141,0.0013940022958288478,0.0017099761495500533,0.0018679630764106558,0.0022861637651593104,0.0027415378484634007,0.003141151839934337,0.003875326382404197,0.004804661246290095,0.00486042133812325,0.004683847713984929,0.004590914227596339,0.004135540144292248,0.004274940373875133,0.004442220649374595,0.004284233722513992,0.004284233722513992,0.0042470603279585566,0.004637380970790634,0.004953354824511839,0.0040704867038202355,0.0043399938143471465,0.005055581659539289,0.005111341751372442,0.004804661246290095,0.005334382118705058,0.008029453223974164,0.006347357120340688,0.007824999553919266,0.007955106434863293,0.010334203686411192,0.01071523098060441,0.009479215611636164,0.010352790383688911,0.008531294050472548,0.007016478222338534,0.007471852305642623,0.00714658510328256,0.00705365161689397,0.007611252535225509,0.0070722383141716885,0.006087143358452635,0.006988598176421956,0.006849197946839073,0.006477464001284712,0.006375237166257265,0.007267398635587727,0.008828681206916036,
18171,0.0007806412856641548,0.0007434678911087189,0.0007341745424698599,0.0007713479370252958,0.0008178146802195908,0.0008642814234138857,0.0009107481666081806,0.0009850949557190525,0.0011523752312185141,0.0013940022958288478,0.0017099761495500533,0.0018679630764106558,0.0022861637651593104,0.0027415378484634007,0.003141151839934337,0.003875326382404197,0.004804661246290095,0.00486042133812325,0.004683847713984929,0.004590914227596339,0.004135540144292248,0.004274940373875133,0.004442220649374595,0.004284233722513992,0.004284233722513992,0.0042470603279585566,0.004637380970790634,0.004953354824511839,0.0040704867038202355,0.0043399938143471465,0.005055581659539289,0.005111341751372442,0.004804661246290095,0.005334382118705058,0.008029453223974164,0.006347357120340688,0.007824999553919266,0.007955106434863293,0.010334203686411192,0.01071523098060441,0.009479215611636164,0.010352790383688911,0.008531294050472548,0.007016478222338534,0.007471852305642623,0.00714658510328256,0.00705365161689397,0.007611252535225509,0.0070722383141716885,0.006087143358452635,0.006988598176421956,0.006849197946839073,0.006477464001284712,0.006375237166257265,0.007267398635587727,0.008828681206916036,
18173,0.0007806412856641548,0.0007434678911087189,0.0007341745424698599,0.0007713479370252958,0.0008178146802195908,0.0008642814234138857,0.0009107481666081806,0.0009850949557190525,0.0011523752312185141,0.0013940022958288478,0.0017099761495500533,0.0018679630764106558,0.0022861637651593104,0.0027415378484634007,0.003141151839934337,0.003875326382404197,0.004804661246290095,0.00486042133812325,0.004683847713984929,0.004590914227596339,0.004135540144292248,0.004274940373875133,0.004442220649374595,0.004284233722513992,0.004284233722513992,0.0042470603279585566,0.004637380970790634,0.004953354824511839,0.0040704867038202355,0.0043399938143471465,0.005055581659539289,0.005111341751372442,0.004804661246290095,0.005334382118705058,0.008029453223974164,0.006347357120340688,0.007824999553919266,0.007955106434863293,0.010334203686411192,0.01071523098060441,0.009479215611636164,0.010352790383688911,0.008531294050472548,0.007016478222338534,0.007471852305642623,0.00714658510328256,0.00705365161689397,0.007611252535225509,0.0070722383141716885,0.006087143358452635,0.006988598176421956,0.006849197946839073,0.006477464001284712,0.006375237166257265,0.007267398635587727,0.008828681206916036,
18175,0.0007806412856641548,0.0007434678911087189,0.0007341745424698599,0.0007713479370252958,0.0008178146802195908,0.0008642814234138857,0.0009107481666081806,0.0009850949557190525,0.0011523752312185141,0.0013940022958288478,0.0017099761495500533,0.0018679630764106558,0.0022861637651593104,0.0027415378484634007,0.003141151839934337,0.003875326382404197,0.004804661246290095,0.00486042133812325,0.004683847713984929,0.004590914227596339,0.004135540144292248,0.004274940373875133,0.004442220649374595,0.004284233722513992,0.004284233722513992,0.0042470603279585566,0.004637380970790634,0.004953354824511839,0.0040704867038202355,0.0043399938143471465,0.005055581659539289,0.005111341751372442,0.004804661246290095,0.005334382118705058,0.008029453223974164,0.006347357120340688,0.007824999553919266,0.007955106434863293,0.010334203686411192,0.01071523098060441,0.009479215611636164,0.010352790383688911,0.008531294050472548,0.007016478222338534,0.007471852305642623,0.00714658510328256,0.00705365161689397,0.007611252535225509,0.0070722383141716885,0.006087143358452635,0.006988598176421956,0.006849197946839073,0.006477464001284712,0.006375237166257265,0.007267398635587727,0.008828681206916036,
18177,0.0007806412856641548,0.0007434678911087189,0.0007341745424698599,0.0007713479370252958,0.0008178146802195908,0.0008642814234138857,0.0009107481666081806,0.0009850949557190525,0.0011523752312185141,0.0013940022958288478,0.0017099761495500533,0.0018679630764106558,0.0022861637651593104,0.0027415378484634007,0.003141151839934337,0.003875326382404197,0.004804661246290095,0.00486042133812325,0.004683847713984929,0.004590914227596339,0.004135540144292248,0.004274940373875133,0.004442220649374595,0.004284233722513992,0.004284233722513992,0.0042470603279585566,0.004637380970790634,0.004953354824511839,0.0040704867038202355,0.0043399938143471465,0.005055581659539289,0.005111341751372442,0.004804661246290095,0.005334382118705058,0.008029453223974164,0.006347357120340688,0.007824999553919266,0.007955106434863293,0.010334203686411192,0.01071523098060441,0.009479215611636164,0.010352790383688911,0.008531294050472548,0.007016478222338534,0.007471852305642623,0.00714658510328256,0.00705365161689397,0.007611252535225509,0.0070722383141716885,0.006087143358452635,0.006988598176421956,0.006849197946839073,0.006477464001284712,0.006375237166257265,0.007267398635587727,0.008828681206916036,
18179,0.0007806412856641548,0.0007434678911087189,0.0007341745424698599,0.0007713479370252958,0.0008178146802195908,0.0008642814234138857,0.0009107481666081806,0.0009850949557190525,0.0011523752312185141,0.0013940022958288478,0.0017099761495500533,0.0018679630764106558,0.0022861637651593104,0.0027415378484634007,0.003141151839934337,0.003875326382404197,0.004804661246290095,0.00486042133812325,0.004683847713984929,0.004590914227596339,0.004135540144292248,0.004274940373875133,0.004442220649374595,0.004284233722513992,0.004284233722513992,0.0042470603279585566,0.004637380970790634,0.004953354824511839,0.0040704867038202355,0.0043399938143471465,0.005055581659539289,0.005111341751372442,0.004804661246290095,0.005334382118705058,0.008029453223974164,0.006347357120340688,0.007824999553919266,0.007955106434863293,0.010334203686411192,0.01071523098060441,0.009479215611636164,0.010352790383688911,0.008531294050472548,0.007016478222338534,0.007471852305642623,0.00714658510328256,0.00705365161689397,0.007611252535225509,0.0070722383141716885,0.006087143358452635,0.006988598176421956,0.006849197946839073,0.006477464001284712,0.006375237166257265,0.007267398635587727,0.008828681206916036,
18181,0.0007806412856641548,0.0007434678911087189,0.0007341745424698599,0.0007713479370252958,0.0008178146802195908,0.0008642814234138857,0.0009107481666081806,0.0009850949557190525,0.0011523752312185141,0.0013940022958288478,0.0017099761495500533,0.0018679630764106558,0.0022861637651593104,0.0027415378484634007,0.003141151839934337,0.003875326382404197,0.004804661246290095,0.00486042133812325,0.004683847713984929,0.004590914227596339,0.004135540144292248,0.004274940373875133,0.004442220649374595,0.004284233722513992,0.004284233722513992,0.0042470603279585566,0.004637380970790634,0.004953354824511839,0.0040704867038202355,0.0043399938143471465,0.005055581659539289,0.005111341751372442,0.004804661246290095,0.005334382118705058,0.008029453223974164,0.006347357120340688,0.007824999553919266,0.007955106434863293,0.010334203686411192,0.01071523098060441,0.009479215611636164,0.010352790383688911,0.008531294050472548,0.007016478222338534,0.007471852305642623,0.00714658510328256,0.00705365161689397,0.007611252535225509,0.0070722383141716885,0.006087143358452635,0.006988598176421956,0.006849197946839073,0.006477464001284712,0.006375237166257265,0.007267398635587727,0.008828681206916036,
18183,0.0007806412856641548,0.0007434678911087189,0.0007341745424698599,0.0007713479370252958,0.0008178146802195908,0.0008642814234138857,0.0009107481666081806,0.0009850949557190525,0.0011523752312185141,0.0013940022958288478,0.0017099761495500533,0.0018679630764106558,0.0022861637651593104,0.0027415378484634007,0.003141151839934337,0.003875326382404197,0.004804661246290095,0.00486042133812325,0.004683847713984929,0.004590914227596339,0.004135540144292248,0.004274940373875133,0.004442220649374595,0.004284233722513992,0.004284233722513992,0.0042470603279585566,0.004637380970790634,0.004953354824511839,0.0040704867038202355,0.0043399938143471465,0.005055581659539289,0.005111341751372442,0.004804661246290095,0.005334382118705058,0.008029453223974164,0.006347357120340688,0.007824999553919266,0.007955106434863293,0.010334203686411192,0.01071523098060441,0.009479215611636164,0.010352790383688911,0.008531294050472548,0.007016478222338534,0.007471852305642623,0.00714658510328256,0.00705365161689397,0.007611252535225509,0.0070722383141716885,0.006087143358452635,0.006988598176421956,0.006849197946839073,0.006477464001284712,0.006375237166257265,0.007267398635587727,0.008828681206916036,
19001,0.0006133610101646931,0.0006133610101646931,0.000622654358803552,0.0006412410560812699,0.0006784144506367059,0.0007713479370252958,0.0008364013774973088,0.0008735747720527446,0.0009850949557190525,0.001198841974412809,0.0015334025254117325,0.0018400830304940792,0.0022211103246872975,0.002648604362074811,0.003261965372239504,0.004005433263348223,0.004683847713984929,0.004693141062623788,0.0045165674384854675,0.004135540144292248,0.0035965259232384277,0.0037452195014601713,0.0036244059691550043,0.0037452195014601713,0.0037080461069047355,0.003968259868792787,0.004200593584764261,0.0041913002361254025,0.00384744633648762,0.004265647025236274,0.004813954594928955,0.0043399938143471465,0.004451513998013454,0.006217250239396662,0.006728384414533906,0.005120635100011301,0.0071651718005602775,0.007908639691668997,0.009878829603107103,0.009646495887135629,0.00926546859294241,0.00952568235483046,0.00732315872742088,0.007258105286948867,0.007016478222338534,0.006626157579506456,0.006477464001284712,0.007574079140670074,0.0060499699638971996,0.005566715834676533,0.006384530514896123,0.006356650468979546,0.005529542440121097,0.005436608953732506,0.007862172948474702,0.010306323640494615,0.00852200070183369
19003,0.0006133610101646931,0.0006133610101646931,0.000622654358803552,0.0006412410560812699,0.0006784144506367059,0.0007713479370252958,0.0008364013774973088,0.0008735747720527446,0.0009850949557190525,0.001198841974412809,0.0015334025254117325,0.0018400830304940792,0.0022211103246872975,0.002648604362074811,0.003261965372239504,0.004005433263348223,0.004683847713984929,0.004693141062623788,0.0045165674384854675,0.004135540144292248,0.0035965259232384277,0.0037452195014601713,0.0036244059691550043,0.0037452195014601713,0.0037080461069047355,0.003968259868792787,0.004200593584764261,0.0041913002361254025,0.00384744633648762,0.004265647025236274,0.004813954594928955,0.0043399938143471465,0.004451513998013454,0.006217250239396662,0.006728384414533906,0.005120635100011301,0.0071651718005602775,0.007908639691668997,0.009878829603107103,0.009646495887135629,0.00926546859294241,0.00952568235483046,0.00732315872742088,0.007258105286948867,0.007016478222338534,0.006626157579506456,0.006477464001284712,0.007574079140670074,0.0060499699638971996,0.005566715834676533,0.006384530514896123,0.006356650468979546,0.005529542440121097,0.005436608953732506,0.007862172948474702,0.010306323640494615,0.00852200070183369
19005,0.0006133610101646931,0.0006133610101646931,0.000622654358803552,0.0006412410560812699,0.0006784144506367059,0.0007713479370252958,0.0008364013774973088,0.0008735747720527446,0.0009850949557190525,0.001198841974412809,0.0015334025254117325,0.0018400830304940792,0.0022211103246872975,0.002648604362074811,0.003261965372239504,0.004005433263348223,0.004683847713984929,0.004693141062623788,0.0045165674384854675,0.004135540144292248,0.0035965259232384277,0.0037452195014601713,0.0036244059691550043,0.0037452195014601713,0.0037080461069047355,0.003968259868792787,0.004200593584764261,0.0041913002361254025,0.00384744633648762,0.004265647025236274,0.004813954594928955,0.0043399938143471465,0.004451513998013454,0.006217250239396662,0.006728384414533906,0.005120635100011301,0.0071651718005602775,0.007908639691668997,0.009878829603107103,0.009646495887135629,0.00926546859294241,0.00952568235483046,0.00732315872742088,0.007258105286948867,0.007016478222338534,0.006626157579506456,0.006477464001284712,0.007574079140670074,0.0060499699638971996,0.005566715834676533,0.006384530514896123,0.006356650468979546,0.005529542440121097,0.005436608953732506,0.007862172948474702,0.010306323640494615,0.00852200070183369
19007,0.0006133610101646931,0.0006133610101646931,0.000622654358803552,0.0006412410560812699,0.0006784144506367059,0.0007713479370252958,0.0008364013774973088,0.0008735747720527446,0.0009850949557190525,0.001198841974412809,0.0015334025254117325,0.0018400830304940792,0.0022211103246872975,0.002648604362074811,0.003261965372239504,0.004005433263348223,0.004683847713984929,0.004693141062623788,0.0045165674384854675,0.004135540144292248,0.0035965259232384277,0.0037452195014601713,0.0036244059691550043,0.0037452195014601713,0.0037080461069047355,0.003968259868792787,0.004200593584764261,0.0041913002361254025,0.00384744633648762,0.004265647025236274,0.004813954594928955,0.0043399938143471465,0.004451513998013454,0.006217250239396662,0.006728384414533906,0.005120635100011301,0.0071651718005602775,0.007908639691668997,0.009878829603107103,0.009646495887135629,0.00926546859294241,0.00952568235483046,0.00732315872742088,0.007258105286948867,0.007016478222338534,0.006626157579506456,0.006477464001284712,0.007574079140670074,0.0060499699638971996,0.005566715834676533,0.006384530514896123,0.006356650468979546,0.005529542440121097,0.005436608953732506,0.007862172948474702,0.010306323640494615,0.00852200070183369
19009,0.0006133610101646931,0.0006133610101646931,0.000622654358803552,0.0006412410560812699,0.0006784144506367059,0.0007713479370252958,0.0008364013774973088,0.0008735747720527446,0.0009850949557190525,0.001198841974412809,0.0015334025254117325,0.0018400830304940792,0.0022211103246872975,0.002648604362074811,0.003261965372239504,0.004005433263348223,0.004683847713984929,0.004693141062623788,0.0045165674384854675,0.004135540144292248,0.0035965259232384277,0.0037452195014601713,0.0036244059691550043,0.0037452195014601713,0.0037080461069047355,0.003968259868792787,0.004200593584764261,0.0041913002361254025,0.00384744633648762,0.004265647025236274,0.004813954594928955,0.0043399938143471465,0.004451513998013454,0.006217250239396662,0.006728384414533906,0.005120635100011301,0.0071651718005602775,0.007908639691668997,0.009878829603107103,0.009646495887135629,0.00926546859294241,0.00952568235483046,0.00732315872742088,0.007258105286948867,0.007016478222338534,0.006626157579506456,0.006477464001284712,0.007574079140670074,0.0060499699638971996,0.005566715834676533,0.006384530514896123,0.006356650468979546,0.005529542440121097,0.005436608953732506,0.007862172948474702,0.010306323640494615,0.00852200070183369
19011,0.0006133610101646931,0.0006133610101646931,0.000622654358803552,0.0006412410560812699,0.0006784144506367059,0.0007713479370252958,0.0008364013774973088,0.0008735747720527446,0.0009850949557190525,0.001198841974412809,0.0015334025254117325,0.0018400830304940792,0.0022211103246872975,0.002648604362074811,0.003261965372239504,0.004005433263348223,0.004683847713984929,0.004693141062623788,0.0045165674384854675,0.004135540144292248,0.0035965259232384277,0.0037452195014601713,0.0036244059691550043,0.0037452195014601713,0.0037080461069047355,0.003968259868792787,0.004200593584764261,0.0041913002361254025,0.00384744633648762,0.004265647025236274,0.004813954594928955,0.0043399938143471465,0.004451513998013454,0.006217250239396662,0.006728384414533906,0.005120635100011301,0.0071651718005602775,0.007908639691668997,0.009878829603107103,0.009646495887135629,0.00926546859294241,0.00952568235483046,0.00732315872742088,0.007258105286948867,0.007016478222338534,0.006626157579506456,0.006477464001284712,0.007574079140670074,0.0060499699638971996,0.005566715834676533,0.006384530514896123,0.006356650468979546,0.005529542440121097,0.005436608953732506,0.007862172948474702,0.010306323640494615,0.00852200070183369
19013,0.0006133610101646931,0.0006133610101646931,0.000622654358803552,0.0006412410560812699,0.0006784144506367059,0.0007713479370252958,0.0008364013774973088,0.0008735747720527446,0.0009850949557190525,0.001198841974412809,0.0015334025254117325,0.0018400830304940792,0.0022211103246872975,0.002648604362074811,0.003261965372239504,0.004005433263348223,0.004683847713984929,0.004693141062623788,0.0045165674384854675,0.004135540144292248,0.0035965259232384277,0.0037452195014601713,0.0036244059691550043,0.0037452195014601713,0.0037080461069047355,0.003968259868792787,0.004200593584764261,0.0041913002361254025,0.00384744633648762,0.004265647025236274,0.004813954594928955,0.0043399938143471465,0.004451513998013454,0.006217250239396662,0.006728384414533906,0.005120635100011301,0.0071651718005602775,0.007908639691668997,0.009878829603107103,0.009646495887135629,0.00926546859294241,0.00952568235483046,0.00732315872742088,0.007258105286948867,0.007016478222338534,0.006626157579506456,0.006477464001284712,0.007574079140670074,0.0060499699638971996,0.005566715834676533,0.006384530514896123,0.006356650468979546,0.005529542440121097,0.005436608953732506,0.007862172948474702,0.010306323640494615,0.00852200070183369
19015,0.0006133610101646931,0.0006133610101646931,0.000622654358803552,0.0006412410560812699,0.0006784144506367059,0.0007713479370252958,0.0008364013774973088,0.0008735747720527446,0.0009850949557190525,0.001198841974412809,0.0015334025254117325,0.0018400830304940792,0.0022211103246872975,0.002648604362074811,0.003261965372239504,0.004005433263348223,0.004683847713984929,0.004693141062623788,0.0045165674384854675,0.004135540144292248,0.0035965259232384277,0.0037452195014601713,0.0036244059691550043,0.0037452195014601713,0.0037080461069047355,0.003968259868792787,0.004200593584764261,0.0041913002361254025,0.00384744633648762,0.004265647025236274,0.004813954594928955,0.0043399938143471465,0.004451513998013454,0.006217250239396662,0.006728384414533906,0.005120635100011301,0.0071651718005602775,0.007908639691668997,0.009878829603107103,0.009646495887135629,0.00926546859294241,0.00952568235483046,0.00732315872742088,0.007258105286948867,0.007016478222338534,0.006626157579506456,0.006477464001284712,0.007574079140670074,0.0060499699638971996,0.005566715834676533,0.006384530514896123,0.006356650468979546,0.005529542440121097,0.005436608953732506,0.007862172948474702,0.010306323640494615,0.00852200070183369
19017,0.0006133610101646931,0.0006133610101646931,0.000622654358803552,0.0006412410560812699,0.0006784144506367059,0.0007713479370252958,0.0008364013774973088,0.0008735747720527446,0.0009850949557190525,0.001198841974412809,0.0015334025254117325,0.0018400830304940792,0.0022211103246872975,0.002648604362074811,0.003261965372239504,0.004005433263348223,0.004683847713984929,0.004693141062623788,0.0045165674384854675,0.004135540144292248,0.0035965259232384277,0.0037452195014601713,0.0036244059691550043,0.0037452195014601713,0.0037080461069047355,0.003968259868792787,0.004200593584764261,0.0041913002361254025,0.00384744633648762,0.004265647025236274,0.004813954594928955,0.0043399938143471465,0.004451513998013454,0.006217250239396662,0.006728384414533906,0.005120635100011301,0.0071651718005602775,0.007908639691668997,0.009878829603107103,0.009646495887135629,0.00926546859294241,0.00952568235483046,0.00732315872742088,0.007258105286948867,0.007016478222338534,0.006626157579506456,0.006477464001284712,0.007574079140670074,0.0060499699638971996,0.005566715834676533,0.006384530514896123,0.006356650468979546,0.005529542440121097,0.005436608953732506,0.007862172948474702,0.010306323640494615,0.00852200070183369
19019,0.0006133610101646931,0.0006133610101646931,0.000622654358803552,0.0006412410560812699,0.0006784144506367059,0.0007713479370252958,0.0008364013774973088,0.0008735747720527446,0.0009850949557190525,0.001198841974412809,0.0015334025254117325,0.0018400830304940792,0.0022211103246872975,0.002648604362074811,0.003261965372239504,0.004005433263348223,0.004683847713984929,0.004693141062623788,0.0045165674384854675,0.004135540144292248,0.0035965259232384277,0.0037452195014601713,0.0036244059691550043,0.0037452195014601713,0.0037080461069047355,0.003968259868792787,0.004200593584764261,0.0041913002361254025,0.00384744633648762,0.004265647025236274,0.004813954594928955,0.0043399938143471465,0.004451513998013454,0.006217250239396662,0.006728384414533906,0.005120635100011301,0.0071651718005602775,0.007908639691668997,0.009878829603107103,0.009646495887135629,0.00926546859294241,0.00952568235483046,0.00732315872742088,0.007258105286948867,0.007016478222338534,0.006626157579506456,0.006477464001284712,0.007574079140670074,0.0060499699638971996,0.005566715834676533,0.006384530514896123,0.006356650468979546,0.005529542440121097,0.005436608953732506,0.007862172948474702,0.010306323640494615,0.00852200070183369
19021,0.0006133610101646931,0.0006133610101646931,0.000622654358803552,0.0006412410560812699,0.0006784144506367059,0.0007713479370252958,0.0008364013774973088,0.0008735747720527446,0.0009850949557190525,0.001198841974412809,0.0015334025254117325,0.0018400830304940792,0.0022211103246872975,0.002648604362074811,0.003261965372239504,0.004005433263348223,0.004683847713984929,0.004693141062623788,0.0045165674384854675,0.004135540144292248,0.0035965259232384277,0.0037452195014601713,0.0036244059691550043,0.0037452195014601713,0.0037080461069047355,0.003968259868792787,0.004200593584764261,0.0041913002361254025,0.00384744633648762,0.004265647025236274,0.004813954594928955,0.0043399938143471465,0.004451513998013454,0.006217250239396662,0.006728384414533906,0.005120635100011301,0.0071651718005602775,0.007908639691668997,0.009878829603107103,0.009646495887135629,0.00926546859294241,0.00952568235483046,0.00732315872742088,0.007258105286948867,0.007016478222338534,0.006626157579506456,0.006477464001284712,0.007574079140670074,0.0060499699638971996,0.005566715834676533,0.006384530514896123,0.006356650468979546,0.005529542440121097,0.005436608953732506,0.007862172948474702,0.010306323640494615,0.00852200070183369
19023,0.0006133610101646931,0.0006133610101646931,0.000622654358803552,0.0006412410560812699,0.0006784144506367059,0.0007713479370252958,0.0008364013774973088,0.0008735747720527446,0.0009850949557190525,0.001198841974412809,0.0015334025254117325,0.0018400830304940792,0.0022211103246872975,0.002648604362074811,0.003261965372239504,0.004005433263348223,0.004683847713984929,0.004693141062623788,0.0045165674384854675,0.004135540144292248,0.0035965259232384277,0.0037452195014601713,0.0036244059691550043,0.0037452195014601713,0.0037080461069047355,0.003968259868792787,0.004200593584764261,0.0041913002361254025,0.00384744633648762,0.004265647025236274,0.004813954594928955,0.0043399938143471465,0.004451513998013454,0.006217250239396662,0.006728384414533906,0.005120635100011301,0.0071651718005602775,0.007908639691668997,0.009878829603107103,0.009646495887135629,0.00926546859294241,0.00952568235483046,0.00732315872742088,0.007258105286948867,0.007016478222338534,0.006626157579506456,0.006477464001284712,0.007574079140670074,0.0060499699638971996,0.005566715834676533,0.006384530514896123,0.006356650468979546,0.005529542440121097,0.005436608953732506,0.007862172948474702,0.010306323640494615,0.00852200070183369
19025,0.0006133610101646931,0.0006133610101646931,0.000622654358803552,0.0006412410560812699,0.0006784144506367059,0.0007713479370252958,0.0008364013774973088,0.0008735747720527446,0.0009850949557190525,0.001198841974412809,0.0015334025254117325,0.0018400830304940792,0.0022211103246872975,0.002648604362074811,0.003261965372239504,0.004005433263348223,0.004683847713984929,0.004693141062623788,0.0045165674384854675,0.004135540144292248,0.0035965259232384277,0.0037452195014601713,0.0036244059691550043,0.0037452195014601713,0.0037080461069047355,0.003968259868792787,0.004200593584764261,0.0041913002361254025,0.00384744633648762,0.004265647025236274,0.004813954594928955,0.0043399938143471465,0.004451513998013454,0.006217250239396662,0.006728384414533906,0.005120635100011301,0.0071651718005602775,0.007908639691668997,0.009878829603107103,0.009646495887135629,0.00926546859294241,0.00952568235483046,0.00732315872742088,0.007258105286948867,0.007016478222338534,0.006626157579506456,0.006477464001284712,0.007574079140670074,0.0060499699638971996,0.005566715834676533,0.006384530514896123,0.006356650468979546,0.005529542440121097,0.005436608953732506,0.007862172948474702,0.010306323640494615,0.00852200070183369
19027,0.0006133610101646931,0.0006133610101646931,0.000622654358803552,0.0006412410560812699,0.0006784144506367059,0.0007713479370252958,0.0008364013774973088,0.0008735747720527446,0.0009850949557190525,0.001198841974412809,0.0015334025254117325,0.0018400830304940792,0.0022211103246872975,0.002648604362074811,0.003261965372239504,0.004005433263348223,0.004683847713984929,0.004693141062623788,0.0045165674384854675,0.004135540144292248,0.0035965259232384277,0.0037452195014601713,0.0036244059691550043,0.0037452195014601713,0.0037080461069047355,0.003968259868792787,0.004200593584764261,0.0041913002361254025,0.00384744633648762,0.004265647025236274,0.004813954594928955,0.0043399938143471465,0.004451513998013454,0.006217250239396662,0.006728384414533906,0.005120635100011301,0.0071651718005602775,0.007908639691668997,0.009878829603107103,0.009646495887135629,0.00926546859294241,0.00952568235483046,0.00732315872742088,0.007258105286948867,0.007016478222338534,0.006626157579506456,0.006477464001284712,0.007574079140670074,0.0060499699638971996,0.005566715834676533,0.006384530514896123,0.006356650468979546,0.005529542440121097,0.005436608953732506,0.007862172948474702,0.010306323640494615,0.00852200070183369
19029,0.0006133610101646931,0.0006133610101646931,0.000622654358803552,0.0006412410560812699,0.0006784144506367059,0.0007713479370252958,0.0008364013774973088,0.0008735747720527446,0.0009850949557190525,0.001198841974412809,0.0015334025254117325,0.0018400830304940792,0.0022211103246872975,0.002648604362074811,0.003261965372239504,0.004005433263348223,0.004683847713984929,0.004693141062623788,0.0045165674384854675,0.004135540144292248,0.0035965259232384277,0.0037452195014601713,0.0036244059691550043,0.0037452195014601713,0.0037080461069047355,0.003968259868792787,0.004200593584764261,0.0041913002361254025,0.00384744633648762,0.004265647025236274,0.004813954594928955,0.0043399938143471465,0.004451513998013454,0.006217250239396662,0.006728384414533906,0.005120635100011301,0.0071651718005602775,0.007908639691668997,0.009878829603107103,0.009646495887135629,0.00926546859294241,0.00952568235483046,0.00732315872742088,0.007258105286948867,0.007016478222338534,0.006626157579506456,0.006477464001284712,0.007574079140670074,0.0060499699638971996,0.005566715834676533,0.006384530514896123,0.006356650468979546,0.005529542440121097,0.005436608953732506,0.007862172948474702,0.010306323640494615,0.00852200070183369
19031,0.0006133610101646931,0.0006133610101646931,0.000622654358803552,0.0006412410560812699,0.0006784144506367059,0.0007713479370252958,0.0008364013774973088,0.0008735747720527446,0.0009850949557190525,0.001198841974412809,0.0015334025254117325,0.0018400830304940792,0.0022211103246872975,0.002648604362074811,0.003261965372239504,0.004005433263348223,0.004683847713984929,0.004693141062623788,0.0045165674384854675,0.004135540144292248,0.0035965259232384277,0.0037452195014601713,0.0036244059691550043,0.0037452195014601713,0.0037080461069047355,0.003968259868792787,0.004200593584764261,0.0041913002361254025,0.00384744633648762,0.004265647025236274,0.004813954594928955,0.0043399938143471465,0.004451513998013454,0.006217250239396662,0.006728384414533906,0.005120635100011301,0.0071651718005602775,0.007908639691668997,0.009878829603107103,0.009646495887135629,0.00926546859294241,0.00952568235483046,0.00732315872742088,0.007258105286948867,0.007016478222338534,0.006626157579506456,0.006477464001284712,0.007574079140670074,0.0060499699638971996,0.005566715834676533,0.006384530514896123,0.006356650468979546,0.005529542440121097,0.005436608953732506,0.007862172948474702,0.010306323640494615,0.00852200070183369
19033,0.0006133610101646931,0.0006133610101646931,0.000622654358803552,0.0006412410560812699,0.0006784144506367059,0.0007713479370252958,0.0008364013774973088,0.0008735747720527446,0.0009850949557190525,0.001198841974412809,0.0015334025254117325,0.0018400830304940792,0.0022211103246872975,0.002648604362074811,0.003261965372239504,0.004005433263348223,0.004683847713984929,0.004693141062623788,0.0045165674384854675,0.004135540144292248,0.0035965259232384277,0.0037452195014601713,0.0036244059691550043,0.0037452195014601713,0.0037080461069047355,0.003968259868792787,0.004200593584764261,0.0041913002361254025,0.00384744633648762,0.004265647025236274,0.004813954594928955,0.0043399938143471465,0.004451513998013454,0.006217250239396662,0.006728384414533906,0.005120635100011301,0.0071651718005602775,0.007908639691668997,0.009878829603107103,0.009646495887135629,0.00926546859294241,0.00952568235483046,0.00732315872742088,0.007258105286948867,0.007016478222338534,0.006626157579506456,0.006477464001284712,0.007574079140670074,0.0060499699638971996,0.005566715834676533,0.006384530514896123,0.006356650468979546,0.005529542440121097,0.005436608953732506,0.007862172948474702,0.010306323640494615,0.00852200070183369
19035,0.0006133610101646931,0.0006133610101646931,0.000622654358803552,0.0006412410560812699,0.0006784144506367059,0.0007713479370252958,0.0008364013774973088,0.0008735747720527446,0.0009850949557190525,0.001198841974412809,0.0015334025254117325,0.0018400830304940792,0.0022211103246872975,0.002648604362074811,0.003261965372239504,0.004005433263348223,0.004683847713984929,0.004693141062623788,0.0045165674384854675,0.004135540144292248,0.0035965259232384277,0.0037452195014601713,0.0036244059691550043,0.0037452195014601713,0.0037080461069047355,0.003968259868792787,0.004200593584764261,0.0041913002361254025,0.00384744633648762,0.004265647025236274,0.004813954594928955,0.0043399938143471465,0.004451513998013454,0.006217250239396662,0.006728384414533906,0.005120635100011301,0.0071651718005602775,0.007908639691668997,0.009878829603107103,0.009646495887135629,0.00926546859294241,0.00952568235483046,0.00732315872742088,0.007258105286948867,0.007016478222338534,0.006626157579506456,0.006477464001284712,0.007574079140670074,0.0060499699638971996,0.005566715834676533,0.006384530514896123,0.006356650468979546,0.005529542440121097,0.005436608953732506,0.007862172948474702,0.010306323640494615,0.00852200070183369
19037,0.0006133610101646931,0.0006133610101646931,0.000622654358803552,0.0006412410560812699,0.0006784144506367059,0.0007713479370252958,0.0008364013774973088,0.0008735747720527446,0.0009850949557190525,0.001198841974412809,0.0015334025254117325,0.0018400830304940792,0.0022211103246872975,0.002648604362074811,0.003261965372239504,0.004005433263348223,0.004683847713984929,0.004693141062623788,0.0045165674384854675,0.004135540144292248,0.0035965259232384277,0.0037452195014601713,0.0036244059691550043,0.0037452195014601713,0.0037080461069047355,0.003968259868792787,0.004200593584764261,0.0041913002361254025,0.00384744633648762,0.004265647025236274,0.004813954594928955,0.0043399938143471465,0.004451513998013454,0.006217250239396662,0.006728384414533906,0.005120635100011301,0.0071651718005602775,0.007908639691668997,0.009878829603107103,0.009646495887135629,0.00926546859294241,0.00952568235483046,0.00732315872742088,0.007258105286948867,0.007016478222338534,0.006626157579506456,0.006477464001284712,0.007574079140670074,0.0060499699638971996,0.005566715834676533,0.006384530514896123,0.006356650468979546,0.005529542440121097,0.005436608953732506,0.007862172948474702,0.010306323640494615,0.00852200070183369
19039,0.0006133610101646931,0.0006133610101646931,0.000622654358803552,0.0006412410560812699,0.0006784144506367059,0.0007713479370252958,0.0008364013774973088,0.0008735747720527446,0.0009850949557190525,0.001198841974412809,0.0015334025254117325,0.0018400830304940792,0.0022211103246872975,0.002648604362074811,0.003261965372239504,0.004005433263348223,0.004683847713984929,0.004693141062623788,0.0045165674384854675,0.004135540144292248,0.0035965259232384277,0.0037452195014601713,0.0036244059691550043,0.0037452195014601713,0.0037080461069047355,0.003968259868792787,0.004200593584764261,0.0041913002361254025,0.00384744633648762,0.004265647025236274,0.004813954594928955,0.0043399938143471465,0.004451513998013454,0.006217250239396662,0.006728384414533906,0.005120635100011301,0.0071651718005602775,0.007908639691668997,0.009878829603107103,0.009646495887135629,0.00926546859294241,0.00952568235483046,0.00732315872742088,0.007258105286948867,0.007016478222338534,0.006626157579506456,0.006477464001284712,0.007574079140670074,0.0060499699638971996,0.005566715834676533,0.006384530514896123,0.006356650468979546,0.005529542440121097,0.005436608953732506,0.007862172948474702,0.010306323640494615,0.00852200070183369
19041,0.0006133610101646931,0.0006133610101646931,0.000622654358803552,0.0006412410560812699,0.0006784144506367059,0.0007713479370252958,0.0008364013774973088,0.0008735747720527446,0.0009850949557190525,0.001198841974412809,0.0015334025254117325,0.0018400830304940792,0.0022211103246872975,0.002648604362074811,0.003261965372239504,0.004005433263348223,0.004683847713984929,0.004693141062623788,0.0045165674384854675,0.004135540144292248,0.0035965259232384277,0.0037452195014601713,0.0036244059691550043,0.0037452195014601713,0.0037080461069047355,0.003968259868792787,0.004200593584764261,0.0041913002361254025,0.00384744633648762,0.004265647025236274,0.004813954594928955,0.0043399938143471465,0.004451513998013454,0.006217250239396662,0.006728384414533906,0.005120635100011301,0.0071651718005602775,0.007908639691668997,0.009878829603107103,0.009646495887135629,0.00926546859294241,0.00952568235483046,0.00732315872742088,0.007258105286948867,0.007016478222338534,0.006626157579506456,0.006477464001284712,0.007574079140670074,0.0060499699638971996,0.005566715834676533,0.006384530514896123,0.006356650468979546,0.005529542440121097,0.005436608953732506,0.007862172948474702,0.010306323640494615,0.00852200070183369
19043,0.0006133610101646931,0.0006133610101646931,0.000622654358803552,0.0006412410560812699,0.0006784144506367059,0.0007713479370252958,0.0008364013774973088,0.0008735747720527446,0.0009850949557190525,0.001198841974412809,0.0015334025254117325,0.0018400830304940792,0.0022211103246872975,0.002648604362074811,0.003261965372239504,0.004005433263348223,0.004683847713984929,0.004693141062623788,0.0045165674384854675,0.004135540144292248,0.0035965259232384277,0.0037452195014601713,0.0036244059691550043,0.0037452195014601713,0.0037080461069047355,0.003968259868792787,0.004200593584764261,0.0041913002361254025,0.00384744633648762,0.004265647025236274,0.004813954594928955,0.0043399938143471465,0.004451513998013454,0.006217250239396662,0.006728384414533906,0.005120635100011301,0.0071651718005602775,0.007908639691668997,0.009878829603107103,0.009646495887135629,0.00926546859294241,0.00952568235483046,0.00732315872742088,0.007258105286948867,0.007016478222338534,0.006626157579506456,0.006477464001284712,0.007574079140670074,0.0060499699638971996,0.005566715834676533,0.006384530514896123,0.006356650468979546,0.005529542440121097,0.005436608953732506,0.007862172948474702,0.010306323640494615,0.00852200070183369
19045,0.0006133610101646931,0.0006133610101646931,0.000622654358803552,0.0006412410560812699,0.0006784144506367059,0.0007713479370252958,0.0008364013774973088,0.0008735747720527446,0.0009850949557190525,0.001198841974412809,0.0015334025254117325,0.0018400830304940792,0.0022211103246872975,0.002648604362074811,0.003261965372239504,0.004005433263348223,0.004683847713984929,0.004693141062623788,0.0045165674384854675,0.004135540144292248,0.0035965259232384277,0.0037452195014601713,0.0036244059691550043,0.0037452195014601713,0.0037080461069047355,0.003968259868792787,0.004200593584764261,0.0041913002361254025,0.00384744633648762,0.004265647025236274,0.004813954594928955,0.0043399938143471465,0.004451513998013454,0.006217250239396662,0.006728384414533906,0.005120635100011301,0.0071651718005602775,0.007908639691668997,0.009878829603107103,0.009646495887135629,0.00926546859294241,0.00952568235483046,0.00732315872742088,0.007258105286948867,0.007016478222338534,0.006626157579506456,0.006477464001284712,0.007574079140670074,0.0060499699638971996,0.005566715834676533,0.006384530514896123,0.006356650468979546,0.005529542440121097,0.005436608953732506,0.007862172948474702,0.010306323640494615,0.00852200070183369
19047,0.0006133610101646931,0.0006133610101646931,0.000622654358803552,0.0006412410560812699,0.0006784144506367059,0.0007713479370252958,0.0008364013774973088,0.0008735747720527446,0.0009850949557190525,0.001198841974412809,0.0015334025254117325,0.0018400830304940792,0.0022211103246872975,0.002648604362074811,0.003261965372239504,0.004005433263348223,0.004683847713984929,0.004693141062623788,0.0045165674384854675,0.004135540144292248,0.0035965259232384277,0.0037452195014601713,0.0036244059691550043,0.0037452195014601713,0.0037080461069047355,0.003968259868792787,0.004200593584764261,0.0041913002361254025,0.00384744633648762,0.004265647025236274,0.004813954594928955,0.0043399938143471465,0.004451513998013454,0.006217250239396662,0.006728384414533906,0.005120635100011301,0.0071651718005602775,0.007908639691668997,0.009878829603107103,0.009646495887135629,0.00926546859294241,0.00952568235483046,0.00732315872742088,0.007258105286948867,0.007016478222338534,0.006626157579506456,0.006477464001284712,0.007574079140670074,0.0060499699638971996,0.005566715834676533,0.006384530514896123,0.006356650468979546,0.005529542440121097,0.005436608953732506,0.007862172948474702,0.010306323640494615,0.00852200070183369
19049,0.0006133610101646931,0.0006133610101646931,0.000622654358803552,0.0006412410560812699,0.0006784144506367059,0.0007713479370252958,0.0008364013774973088,0.0008735747720527446,0.0009850949557190525,0.001198841974412809,0.0015334025254117325,0.0018400830304940792,0.0022211103246872975,0.002648604362074811,0.003261965372239504,0.004005433263348223,0.004683847713984929,0.004693141062623788,0.0045165674384854675,0.004135540144292248,0.0035965259232384277,0.0037452195014601713,0.0036244059691550043,0.0037452195014601713,0.0037080461069047355,0.003968259868792787,0.004200593584764261,0.0041913002361254025,0.00384744633648762,0.004265647025236274,0.004813954594928955,0.0043399938143471465,0.004451513998013454,0.006217250239396662,0.006728384414533906,0.005120635100011301,0.0071651718005602775,0.007908639691668997,0.009878829603107103,0.009646495887135629,0.00926546859294241,0.00952568235483046,0.00732315872742088,0.007258105286948867,0.007016478222338534,0.006626157579506456,0.006477464001284712,0.007574079140670074,0.0060499699638971996,0.005566715834676533,0.006384530514896123,0.006356650468979546,0.005529542440121097,0.005436608953732506,0.007862172948474702,0.010306323640494615,0.00852200070183369
19051,0.0006133610101646931,0.0006133610101646931,0.000622654358803552,0.0006412410560812699,0.0006784144506367059,0.0007713479370252958,0.0008364013774973088,0.0008735747720527446,0.0009850949557190525,0.001198841974412809,0.0015334025254117325,0.0018400830304940792,0.0022211103246872975,0.002648604362074811,0.003261965372239504,0.004005433263348223,0.004683847713984929,0.004693141062623788,0.0045165674384854675,0.004135540144292248,0.0035965259232384277,0.0037452195014601713,0.0036244059691550043,0.0037452195014601713,0.0037080461069047355,0.003968259868792787,0.004200593584764261,0.0041913002361254025,0.00384744633648762,0.004265647025236274,0.004813954594928955,0.0043399938143471465,0.004451513998013454,0.006217250239396662,0.006728384414533906,0.005120635100011301,0.0071651718005602775,0.007908639691668997,0.009878829603107103,0.009646495887135629,0.00926546859294241,0.00952568235483046,0.00732315872742088,0.007258105286948867,0.007016478222338534,0.006626157579506456,0.006477464001284712,0.007574079140670074,0.0060499699638971996,0.005566715834676533,0.006384530514896123,0.006356650468979546,0.005529542440121097,0.005436608953732506,0.007862172948474702,0.010306323640494615,0.00852200070183369
19053,0.0006133610101646931,0.0006133610101646931,0.000622654358803552,0.0006412410560812699,0.0006784144506367059,0.0007713479370252958,0.0008364013774973088,0.0008735747720527446,0.0009850949557190525,0.001198841974412809,0.0015334025254117325,0.0018400830304940792,0.0022211103246872975,0.002648604362074811,0.003261965372239504,0.004005433263348223,0.004683847713984929,0.004693141062623788,0.0045165674384854675,0.004135540144292248,0.0035965259232384277,0.0037452195014601713,0.0036244059691550043,0.0037452195014601713,0.0037080461069047355,0.003968259868792787,0.004200593584764261,0.0041913002361254025,0.00384744633648762,0.004265647025236274,0.004813954594928955,0.0043399938143471465,0.004451513998013454,0.006217250239396662,0.006728384414533906,0.005120635100011301,0.0071651718005602775,0.007908639691668997,0.009878829603107103,0.009646495887135629,0.00926546859294241,0.00952568235483046,0.00732315872742088,0.007258105286948867,0.007016478222338534,0.006626157579506456,0.006477464001284712,0.007574079140670074,0.0060499699638971996,0.005566715834676533,0.006384530514896123,0.006356650468979546,0.005529542440121097,0.005436608953732506,0.007862172948474702,0.010306323640494615,0.00852200070183369
19055,0.0006133610101646931,0.0006133610101646931,0.000622654358803552,0.0006412410560812699,0.0006784144506367059,0.0007713479370252958,0.0008364013774973088,0.0008735747720527446,0.0009850949557190525,0.001198841974412809,0.0015334025254117325,0.0018400830304940792,0.0022211103246872975,0.002648604362074811,0.003261965372239504,0.004005433263348223,0.004683847713984929,0.004693141062623788,0.0045165674384854675,0.004135540144292248,0.0035965259232384277,0.0037452195014601713,0.0036244059691550043,0.0037452195014601713,0.0037080461069047355,0.003968259868792787,0.004200593584764261,0.0041913002361254025,0.00384744633648762,0.004265647025236274,0.004813954594928955,0.0043399938143471465,0.004451513998013454,0.006217250239396662,0.006728384414533906,0.005120635100011301,0.0071651718005602775,0.007908639691668997,0.009878829603107103,0.009646495887135629,0.00926546859294241,0.00952568235483046,0.00732315872742088,0.007258105286948867,0.007016478222338534,0.006626157579506456,0.006477464001284712,0.007574079140670074,0.0060499699638971996,0.005566715834676533,0.006384530514896123,0.006356650468979546,0.005529542440121097,0.005436608953732506,0.007862172948474702,0.010306323640494615,0.00852200070183369
19057,0.0006133610101646931,0.0006133610101646931,0.000622654358803552,0.0006412410560812699,0.0006784144506367059,0.0007713479370252958,0.0008364013774973088,0.0008735747720527446,0.0009850949557190525,0.001198841974412809,0.0015334025254117325,0.0018400830304940792,0.0022211103246872975,0.002648604362074811,0.003261965372239504,0.004005433263348223,0.004683847713984929,0.004693141062623788,0.0045165674384854675,0.004135540144292248,0.0035965259232384277,0.0037452195014601713,0.0036244059691550043,0.0037452195014601713,0.0037080461069047355,0.003968259868792787,0.004200593584764261,0.0041913002361254025,0.00384744633648762,0.004265647025236274,0.004813954594928955,0.0043399938143471465,0.004451513998013454,0.006217250239396662,0.006728384414533906,0.005120635100011301,0.0071651718005602775,0.007908639691668997,0.009878829603107103,0.009646495887135629,0.00926546859294241,0.00952568235483046,0.00732315872742088,0.007258105286948867,0.007016478222338534,0.006626157579506456,0.006477464001284712,0.007574079140670074,0.0060499699638971996,0.005566715834676533,0.006384530514896123,0.006356650468979546,0.005529542440121097,0.005436608953732506,0.007862172948474702,0.010306323640494615,0.00852200070183369
19059,0.0006133610101646931,0.0006133610101646931,0.000622654358803552,0.0006412410560812699,0.0006784144506367059,0.0007713479370252958,0.0008364013774973088,0.0008735747720527446,0.0009850949557190525,0.001198841974412809,0.0015334025254117325,0.0018400830304940792,0.0022211103246872975,0.002648604362074811,0.003261965372239504,0.004005433263348223,0.004683847713984929,0.004693141062623788,0.0045165674384854675,0.004135540144292248,0.0035965259232384277,0.0037452195014601713,0.0036244059691550043,0.0037452195014601713,0.0037080461069047355,0.003968259868792787,0.004200593584764261,0.0041913002361254025,0.00384744633648762,0.004265647025236274,0.004813954594928955,0.0043399938143471465,0.004451513998013454,0.006217250239396662,0.006728384414533906,0.005120635100011301,0.0071651718005602775,0.007908639691668997,0.009878829603107103,0.009646495887135629,0.00926546859294241,0.00952568235483046,0.00732315872742088,0.007258105286948867,0.007016478222338534,0.006626157579506456,0.006477464001284712,0.007574079140670074,0.0060499699638971996,0.005566715834676533,0.006384530514896123,0.006356650468979546,0.005529542440121097,0.005436608953732506,0.007862172948474702,0.010306323640494615,0.00852200070183369
19061,0.0006133610101646931,0.0006133610101646931,0.000622654358803552,0.0006412410560812699,0.0006784144506367059,0.0007713479370252958,0.0008364013774973088,0.0008735747720527446,0.0009850949557190525,0.001198841974412809,0.0015334025254117325,0.0018400830304940792,0.0022211103246872975,0.002648604362074811,0.003261965372239504,0.004005433263348223,0.004683847713984929,0.004693141062623788,0.0045165674384854675,0.004135540144292248,0.0035965259232384277,0.0037452195014601713,0.0036244059691550043,0.0037452195014601713,0.0037080461069047355,0.003968259868792787,0.004200593584764261,0.0041913002361254025,0.00384744633648762,0.004265647025236274,0.004813954594928955,0.0043399938143471465,0.004451513998013454,0.006217250239396662,0.006728384414533906,0.005120635100011301,0.0071651718005602775,0.007908639691668997,0.009878829603107103,0.009646495887135629,0.00926546859294241,0.00952568235483046,0.00732315872742088,0.007258105286948867,0.007016478222338534,0.006626157579506456,0.006477464001284712,0.007574079140670074,0.0060499699638971996,0.005566715834676533,0.006384530514896123,0.006356650468979546,0.005529542440121097,0.005436608953732506,0.007862172948474702,0.010306323640494615,0.00852200070183369
19063,0.0006133610101646931,0.0006133610101646931,0.000622654358803552,0.0006412410560812699,0.0006784144506367059,0.0007713479370252958,0.0008364013774973088,0.0008735747720527446,0.0009850949557190525,0.001198841974412809,0.0015334025254117325,0.0018400830304940792,0.0022211103246872975,0.002648604362074811,0.003261965372239504,0.004005433263348223,0.004683847713984929,0.004693141062623788,0.0045165674384854675,0.004135540144292248,0.0035965259232384277,0.0037452195014601713,0.0036244059691550043,0.0037452195014601713,0.0037080461069047355,0.003968259868792787,0.004200593584764261,0.0041913002361254025,0.00384744633648762,0.004265647025236274,0.004813954594928955,0.0043399938143471465,0.004451513998013454,0.006217250239396662,0.006728384414533906,0.005120635100011301,0.0071651718005602775,0.007908639691668997,0.009878829603107103,0.009646495887135629,0.00926546859294241,0.00952568235483046,0.00732315872742088,0.007258105286948867,0.007016478222338534,0.006626157579506456,0.006477464001284712,0.007574079140670074,0.0060499699638971996,0.005566715834676533,0.006384530514896123,0.006356650468979546,0.005529542440121097,0.005436608953732506,0.007862172948474702,0.010306323640494615,0.00852200070183369
19065,0.0006133610101646931,0.0006133610101646931,0.000622654358803552,0.0006412410560812699,0.0006784144506367059,0.0007713479370252958,0.0008364013774973088,0.0008735747720527446,0.0009850949557190525,0.001198841974412809,0.0015334025254117325,0.0018400830304940792,0.0022211103246872975,0.002648604362074811,0.003261965372239504,0.004005433263348223,0.004683847713984929,0.004693141062623788,0.0045165674384854675,0.004135540144292248,0.0035965259232384277,0.0037452195014601713,0.0036244059691550043,0.0037452195014601713,0.0037080461069047355,0.003968259868792787,0.004200593584764261,0.0041913002361254025,0.00384744633648762,0.004265647025236274,0.004813954594928955,0.0043399938143471465,0.004451513998013454,0.006217250239396662,0.006728384414533906,0.005120635100011301,0.0071651718005602775,0.007908639691668997,0.009878829603107103,0.009646495887135629,0.00926546859294241,0.00952568235483046,0.00732315872742088,0.007258105286948867,0.007016478222338534,0.006626157579506456,0.006477464001284712,0.007574079140670074,0.0060499699638971996,0.005566715834676533,0.006384530514896123,0.006356650468979546,0.005529542440121097,0.005436608953732506,0.007862172948474702,0.010306323640494615,0.00852200070183369
19067,0.0006133610101646931,0.0006133610101646931,0.000622654358803552,0.0006412410560812699,0.0006784144506367059,0.0007713479370252958,0.0008364013774973088,0.0008735747720527446,0.0009850949557190525,0.001198841974412809,0.0015334025254117325,0.0018400830304940792,0.0022211103246872975,0.002648604362074811,0.003261965372239504,0.004005433263348223,0.004683847713984929,0.004693141062623788,0.0045165674384854675,0.004135540144292248,0.0035965259232384277,0.0037452195014601713,0.0036244059691550043,0.0037452195014601713,0.0037080461069047355,0.003968259868792787,0.004200593584764261,0.0041913002361254025,0.00384744633648762,0.004265647025236274,0.004813954594928955,0.0043399938143471465,0.004451513998013454,0.006217250239396662,0.006728384414533906,0.005120635100011301,0.0071651718005602775,0.007908639691668997,0.009878829603107103,0.009646495887135629,0.00926546859294241,0.00952568235483046,0.00732315872742088,0.007258105286948867,0.007016478222338534,0.006626157579506456,0.006477464001284712,0.007574079140670074,0.0060499699638971996,0.005566715834676533,0.006384530514896123,0.006356650468979546,0.005529542440121097,0.005436608953732506,0.007862172948474702,0.010306323640494615,0.00852200070183369
19069,0.0006133610101646931,0.0006133610101646931,0.000622654358803552,0.0006412410560812699,0.0006784144506367059,0.0007713479370252958,0.0008364013774973088,0.0008735747720527446,0.0009850949557190525,0.001198841974412809,0.0015334025254117325,0.0018400830304940792,0.0022211103246872975,0.002648604362074811,0.003261965372239504,0.004005433263348223,0.004683847713984929,0.004693141062623788,0.0045165674384854675,0.004135540144292248,0.0035965259232384277,0.0037452195014601713,0.0036244059691550043,0.0037452195014601713,0.0037080461069047355,0.003968259868792787,0.004200593584764261,0.0041913002361254025,0.00384744633648762,0.004265647025236274,0.004813954594928955,0.0043399938143471465,0.004451513998013454,0.006217250239396662,0.006728384414533906,0.005120635100011301,0.0071651718005602775,0.007908639691668997,0.009878829603107103,0.009646495887135629,0.00926546859294241,0.00952568235483046,0.00732315872742088,0.007258105286948867,0.007016478222338534,0.006626157579506456,0.006477464001284712,0.007574079140670074,0.0060499699638971996,0.005566715834676533,0.006384530514896123,0.006356650468979546,0.005529542440121097,0.005436608953732506,0.007862172948474702,0.010306323640494615,0.00852200070183369
19071,0.0006133610101646931,0.0006133610101646931,0.000622654358803552,0.0006412410560812699,0.0006784144506367059,0.0007713479370252958,0.0008364013774973088,0.0008735747720527446,0.0009850949557190525,0.001198841974412809,0.0015334025254117325,0.0018400830304940792,0.0022211103246872975,0.002648604362074811,0.003261965372239504,0.004005433263348223,0.004683847713984929,0.004693141062623788,0.0045165674384854675,0.004135540144292248,0.0035965259232384277,0.0037452195014601713,0.0036244059691550043,0.0037452195014601713,0.0037080461069047355,0.003968259868792787,0.004200593584764261,0.0041913002361254025,0.00384744633648762,0.004265647025236274,0.004813954594928955,0.0043399938143471465,0.004451513998013454,0.006217250239396662,0.006728384414533906,0.005120635100011301,0.0071651718005602775,0.007908639691668997,0.009878829603107103,0.009646495887135629,0.00926546859294241,0.00952568235483046,0.00732315872742088,0.007258105286948867,0.007016478222338534,0.006626157579506456,0.006477464001284712,0.007574079140670074,0.0060499699638971996,0.005566715834676533,0.006384530514896123,0.006356650468979546,0.005529542440121097,0.005436608953732506,0.007862172948474702,0.010306323640494615,0.00852200070183369
19073,0.0006133610101646931,0.0006133610101646931,0.000622654358803552,0.0006412410560812699,0.0006784144506367059,0.0007713479370252958,0.0008364013774973088,0.0008735747720527446,0.0009850949557190525,0.001198841974412809,0.0015334025254117325,0.0018400830304940792,0.0022211103246872975,0.002648604362074811,0.003261965372239504,0.004005433263348223,0.004683847713984929,0.004693141062623788,0.0045165674384854675,0.004135540144292248,0.0035965259232384277,0.0037452195014601713,0.0036244059691550043,0.0037452195014601713,0.0037080461069047355,0.003968259868792787,0.004200593584764261,0.0041913002361254025,0.00384744633648762,0.004265647025236274,0.004813954594928955,0.0043399938143471465,0.004451513998013454,0.006217250239396662,0.006728384414533906,0.005120635100011301,0.0071651718005602775,0.007908639691668997,0.009878829603107103,0.009646495887135629,0.00926546859294241,0.00952568235483046,0.00732315872742088,0.007258105286948867,0.007016478222338534,0.006626157579506456,0.006477464001284712,0.007574079140670074,0.0060499699638971996,0.005566715834676533,0.006384530514896123,0.006356650468979546,0.005529542440121097,0.005436608953732506,0.007862172948474702,0.010306323640494615,0.00852200070183369
19075,0.0006133610101646931,0.0006133610101646931,0.000622654358803552,0.0006412410560812699,0.0006784144506367059,0.0007713479370252958,0.0008364013774973088,0.0008735747720527446,0.0009850949557190525,0.001198841974412809,0.0015334025254117325,0.0018400830304940792,0.0022211103246872975,0.002648604362074811,0.003261965372239504,0.004005433263348223,0.004683847713984929,0.004693141062623788,0.0045165674384854675,0.004135540144292248,0.0035965259232384277,0.0037452195014601713,0.0036244059691550043,0.0037452195014601713,0.0037080461069047355,0.003968259868792787,0.004200593584764261,0.0041913002361254025,0.00384744633648762,0.004265647025236274,0.004813954594928955,0.0043399938143471465,0.004451513998013454,0.006217250239396662,0.006728384414533906,0.005120635100011301,0.0071651718005602775,0.007908639691668997,0.009878829603107103,0.009646495887135629,0.00926546859294241,0.00952568235483046,0.00732315872742088,0.007258105286948867,0.007016478222338534,0.006626157579506456,0.006477464001284712,0.007574079140670074,0.0060499699638971996,0.005566715834676533,0.006384530514896123,0.006356650468979546,0.005529542440121097,0.005436608953732506,0.007862172948474702,0.010306323640494615,0.00852200070183369
19077,0.0006133610101646931,0.0006133610101646931,0.000622654358803552,0.0006412410560812699,0.0006784144506367059,0.0007713479370252958,0.0008364013774973088,0.0008735747720527446,0.0009850949557190525,0.001198841974412809,0.0015334025254117325,0.0018400830304940792,0.0022211103246872975,0.002648604362074811,0.003261965372239504,0.004005433263348223,0.004683847713984929,0.004693141062623788,0.0045165674384854675,0.004135540144292248,0.0035965259232384277,0.0037452195014601713,0.0036244059691550043,0.0037452195014601713,0.0037080461069047355,0.003968259868792787,0.004200593584764261,0.0041913002361254025,0.00384744633648762,0.004265647025236274,0.004813954594928955,0.0043399938143471465,0.004451513998013454,0.006217250239396662,0.006728384414533906,0.005120635100011301,0.0071651718005602775,0.007908639691668997,0.009878829603107103,0.009646495887135629,0.00926546859294241,0.00952568235483046,0.00732315872742088,0.007258105286948867,0.007016478222338534,0.006626157579506456,0.006477464001284712,0.007574079140670074,0.0060499699638971996,0.005566715834676533,0.006384530514896123,0.006356650468979546,0.005529542440121097,0.005436608953732506,0.007862172948474702,0.010306323640494615,0.00852200070183369
19079,0.0006133610101646931,0.0006133610101646931,0.000622654358803552,0.0006412410560812699,0.0006784144506367059,0.0007713479370252958,0.0008364013774973088,0.0008735747720527446,0.0009850949557190525,0.001198841974412809,0.0015334025254117325,0.0018400830304940792,0.0022211103246872975,0.002648604362074811,0.003261965372239504,0.004005433263348223,0.004683847713984929,0.004693141062623788,0.0045165674384854675,0.004135540144292248,0.0035965259232384277,0.0037452195014601713,0.0036244059691550043,0.0037452195014601713,0.0037080461069047355,0.003968259868792787,0.004200593584764261,0.0041913002361254025,0.00384744633648762,0.004265647025236274,0.004813954594928955,0.0043399938143471465,0.004451513998013454,0.006217250239396662,0.006728384414533906,0.005120635100011301,0.0071651718005602775,0.007908639691668997,0.009878829603107103,0.009646495887135629,0.00926546859294241,0.00952568235483046,0.00732315872742088,0.007258105286948867,0.007016478222338534,0.006626157579506456,0.006477464001284712,0.007574079140670074,0.0060499699638971996,0.005566715834676533,0.006384530514896123,0.006356650468979546,0.005529542440121097,0.005436608953732506,0.007862172948474702,0.010306323640494615,0.00852200070183369
19081,0.0006133610101646931,0.0006133610101646931,0.000622654358803552,0.0006412410560812699,0.0006784144506367059,0.0007713479370252958,0.0008364013774973088,0.0008735747720527446,0.0009850949557190525,0.001198841974412809,0.0015334025254117325,0.0018400830304940792,0.0022211103246872975,0.002648604362074811,0.003261965372239504,0.004005433263348223,0.004683847713984929,0.004693141062623788,0.0045165674384854675,0.004135540144292248,0.0035965259232384277,0.0037452195014601713,0.0036244059691550043,0.0037452195014601713,0.0037080461069047355,0.003968259868792787,0.004200593584764261,0.0041913002361254025,0.00384744633648762,0.004265647025236274,0.004813954594928955,0.0043399938143471465,0.004451513998013454,0.006217250239396662,0.006728384414533906,0.005120635100011301,0.0071651718005602775,0.007908639691668997,0.009878829603107103,0.009646495887135629,0.00926546859294241,0.00952568235483046,0.00732315872742088,0.007258105286948867,0.007016478222338534,0.006626157579506456,0.006477464001284712,0.007574079140670074,0.0060499699638971996,0.005566715834676533,0.006384530514896123,0.006356650468979546,0.005529542440121097,0.005436608953732506,0.007862172948474702,0.010306323640494615,0.00852200070183369
19083,0.0006133610101646931,0.0006133610101646931,0.000622654358803552,0.0006412410560812699,0.0006784144506367059,0.0007713479370252958,0.0008364013774973088,0.0008735747720527446,0.0009850949557190525,0.001198841974412809,0.0015334025254117325,0.0018400830304940792,0.0022211103246872975,0.002648604362074811,0.003261965372239504,0.004005433263348223,0.004683847713984929,0.004693141062623788,0.0045165674384854675,0.004135540144292248,0.0035965259232384277,0.0037452195014601713,0.0036244059691550043,0.0037452195014601713,0.0037080461069047355,0.003968259868792787,0.004200593584764261,0.0041913002361254025,0.00384744633648762,0.004265647025236274,0.004813954594928955,0.0043399938143471465,0.004451513998013454,0.006217250239396662,0.006728384414533906,0.005120635100011301,0.0071651718005602775,0.007908639691668997,0.009878829603107103,0.009646495887135629,0.00926546859294241,0.00952568235483046,0.00732315872742088,0.007258105286948867,0.007016478222338534,0.006626157579506456,0.006477464001284712,0.007574079140670074,0.0060499699638971996,0.005566715834676533,0.006384530514896123,0.006356650468979546,0.005529542440121097,0.005436608953732506,0.007862172948474702,0.010306323640494615,0.00852200070183369
19085,0.0006133610101646931,0.0006133610101646931,0.000622654358803552,0.0006412410560812699,0.0006784144506367059,0.0007713479370252958,0.0008364013774973088,0.0008735747720527446,0.0009850949557190525,0.001198841974412809,0.0015334025254117325,0.0018400830304940792,0.0022211103246872975,0.002648604362074811,0.003261965372239504,0.004005433263348223,0.004683847713984929,0.004693141062623788,0.0045165674384854675,0.004135540144292248,0.0035965259232384277,0.0037452195014601713,0.0036244059691550043,0.0037452195014601713,0.0037080461069047355,0.003968259868792787,0.004200593584764261,0.0041913002361254025,0.00384744633648762,0.004265647025236274,0.004813954594928955,0.0043399938143471465,0.004451513998013454,0.006217250239396662,0.006728384414533906,0.005120635100011301,0.0071651718005602775,0.007908639691668997,0.009878829603107103,0.009646495887135629,0.00926546859294241,0.00952568235483046,0.00732315872742088,0.007258105286948867,0.007016478222338534,0.006626157579506456,0.006477464001284712,0.007574079140670074,0.0060499699638971996,0.005566715834676533,0.006384530514896123,0.006356650468979546,0.005529542440121097,0.005436608953732506,0.007862172948474702,0.010306323640494615,0.00852200070183369
19087,0.0006133610101646931,0.0006133610101646931,0.000622654358803552,0.0006412410560812699,0.0006784144506367059,0.0007713479370252958,0.0008364013774973088,0.0008735747720527446,0.0009850949557190525,0.001198841974412809,0.0015334025254117325,0.0018400830304940792,0.0022211103246872975,0.002648604362074811,0.003261965372239504,0.004005433263348223,0.004683847713984929,0.004693141062623788,0.0045165674384854675,0.004135540144292248,0.0035965259232384277,0.0037452195014601713,0.0036244059691550043,0.0037452195014601713,0.0037080461069047355,0.003968259868792787,0.004200593584764261,0.0041913002361254025,0.00384744633648762,0.004265647025236274,0.004813954594928955,0.0043399938143471465,0.004451513998013454,0.006217250239396662,0.006728384414533906,0.005120635100011301,0.0071651718005602775,0.007908639691668997,0.009878829603107103,0.009646495887135629,0.00926546859294241,0.00952568235483046,0.00732315872742088,0.007258105286948867,0.007016478222338534,0.006626157579506456,0.006477464001284712,0.007574079140670074,0.0060499699638971996,0.005566715834676533,0.006384530514896123,0.006356650468979546,0.005529542440121097,0.005436608953732506,0.007862172948474702,0.010306323640494615,0.00852200070183369
19089,0.0006133610101646931,0.0006133610101646931,0.000622654358803552,0.0006412410560812699,0.0006784144506367059,0.0007713479370252958,0.0008364013774973088,0.0008735747720527446,0.0009850949557190525,0.001198841974412809,0.0015334025254117325,0.0018400830304940792,0.0022211103246872975,0.002648604362074811,0.003261965372239504,0.004005433263348223,0.004683847713984929,0.004693141062623788,0.0045165674384854675,0.004135540144292248,0.0035965259232384277,0.0037452195014601713,0.0036244059691550043,0.0037452195014601713,0.0037080461069047355,0.003968259868792787,0.004200593584764261,0.0041913002361254025,0.00384744633648762,0.004265647025236274,0.004813954594928955,0.0043399938143471465,0.004451513998013454,0.006217250239396662,0.006728384414533906,0.005120635100011301,0.0071651718005602775,0.007908639691668997,0.009878829603107103,0.009646495887135629,0.00926546859294241,0.00952568235483046,0.00732315872742088,0.007258105286948867,0.007016478222338534,0.006626157579506456,0.006477464001284712,0.007574079140670074,0.0060499699638971996,0.005566715834676533,0.006384530514896123,0.006356650468979546,0.005529542440121097,0.005436608953732506,0.007862172948474702,0.010306323640494615,0.00852200070183369
19091,0.0006133610101646931,0.0006133610101646931,0.000622654358803552,0.0006412410560812699,0.0006784144506367059,0.0007713479370252958,0.0008364013774973088,0.0008735747720527446,0.0009850949557190525,0.001198841974412809,0.0015334025254117325,0.0018400830304940792,0.0022211103246872975,0.002648604362074811,0.003261965372239504,0.004005433263348223,0.004683847713984929,0.004693141062623788,0.0045165674384854675,0.004135540144292248,0.0035965259232384277,0.0037452195014601713,0.0036244059691550043,0.0037452195014601713,0.0037080461069047355,0.003968259868792787,0.004200593584764261,0.0041913002361254025,0.00384744633648762,0.004265647025236274,0.004813954594928955,0.0043399938143471465,0.004451513998013454,0.006217250239396662,0.006728384414533906,0.005120635100011301,0.0071651718005602775,0.007908639691668997,0.009878829603107103,0.009646495887135629,0.00926546859294241,0.00952568235483046,0.00732315872742088,0.007258105286948867,0.007016478222338534,0.006626157579506456,0.006477464001284712,0.007574079140670074,0.0060499699638971996,0.005566715834676533,0.006384530514896123,0.006356650468979546,0.005529542440121097,0.005436608953732506,0.007862172948474702,0.010306323640494615,0.00852200070183369
19093,0.0006133610101646931,0.0006133610101646931,0.000622654358803552,0.0006412410560812699,0.0006784144506367059,0.0007713479370252958,0.0008364013774973088,0.0008735747720527446,0.0009850949557190525,0.001198841974412809,0.0015334025254117325,0.0018400830304940792,0.0022211103246872975,0.002648604362074811,0.003261965372239504,0.004005433263348223,0.004683847713984929,0.004693141062623788,0.0045165674384854675,0.004135540144292248,0.0035965259232384277,0.0037452195014601713,0.0036244059691550043,0.0037452195014601713,0.0037080461069047355,0.003968259868792787,0.004200593584764261,0.0041913002361254025,0.00384744633648762,0.004265647025236274,0.004813954594928955,0.0043399938143471465,0.004451513998013454,0.006217250239396662,0.006728384414533906,0.005120635100011301,0.0071651718005602775,0.007908639691668997,0.009878829603107103,0.009646495887135629,0.00926546859294241,0.00952568235483046,0.00732315872742088,0.007258105286948867,0.007016478222338534,0.006626157579506456,0.006477464001284712,0.007574079140670074,0.0060499699638971996,0.005566715834676533,0.006384530514896123,0.006356650468979546,0.005529542440121097,0.005436608953732506,0.007862172948474702,0.010306323640494615,0.00852200070183369
19095,0.0006133610101646931,0.0006133610101646931,0.000622654358803552,0.0006412410560812699,0.0006784144506367059,0.0007713479370252958,0.0008364013774973088,0.0008735747720527446,0.0009850949557190525,0.001198841974412809,0.0015334025254117325,0.0018400830304940792,0.0022211103246872975,0.002648604362074811,0.003261965372239504,0.004005433263348223,0.004683847713984929,0.004693141062623788,0.0045165674384854675,0.004135540144292248,0.0035965259232384277,0.0037452195014601713,0.0036244059691550043,0.0037452195014601713,0.0037080461069047355,0.003968259868792787,0.004200593584764261,0.0041913002361254025,0.00384744633648762,0.004265647025236274,0.004813954594928955,0.0043399938143471465,0.004451513998013454,0.006217250239396662,0.006728384414533906,0.005120635100011301,0.0071651718005602775,0.007908639691668997,0.009878829603107103,0.009646495887135629,0.00926546859294241,0.00952568235483046,0.00732315872742088,0.007258105286948867,0.007016478222338534,0.006626157579506456,0.006477464001284712,0.007574079140670074,0.0060499699638971996,0.005566715834676533,0.006384530514896123,0.006356650468979546,0.005529542440121097,0.005436608953732506,0.007862172948474702,0.010306323640494615,0.00852200070183369
19097,0.0006133610101646931,0.0006133610101646931,0.000622654358803552,0.0006412410560812699,0.0006784144506367059,0.0007713479370252958,0.0008364013774973088,0.0008735747720527446,0.0009850949557190525,0.001198841974412809,0.0015334025254117325,0.0018400830304940792,0.0022211103246872975,0.002648604362074811,0.003261965372239504,0.004005433263348223,0.004683847713984929,0.004693141062623788,0.0045165674384854675,0.004135540144292248,0.0035965259232384277,0.0037452195014601713,0.0036244059691550043,0.0037452195014601713,0.0037080461069047355,0.003968259868792787,0.004200593584764261,0.0041913002361254025,0.00384744633648762,0.004265647025236274,0.004813954594928955,0.0043399938143471465,0.004451513998013454,0.006217250239396662,0.006728384414533906,0.005120635100011301,0.0071651718005602775,0.007908639691668997,0.009878829603107103,0.009646495887135629,0.00926546859294241,0.00952568235483046,0.00732315872742088,0.007258105286948867,0.007016478222338534,0.006626157579506456,0.006477464001284712,0.007574079140670074,0.0060499699638971996,0.005566715834676533,0.006384530514896123,0.006356650468979546,0.005529542440121097,0.005436608953732506,0.007862172948474702,0.010306323640494615,0.00852200070183369
19099,0.0006133610101646931,0.0006133610101646931,0.000622654358803552,0.0006412410560812699,0.0006784144506367059,0.0007713479370252958,0.0008364013774973088,0.0008735747720527446,0.0009850949557190525,0.001198841974412809,0.0015334025254117325,0.0018400830304940792,0.0022211103246872975,0.002648604362074811,0.003261965372239504,0.004005433263348223,0.004683847713984929,0.004693141062623788,0.0045165674384854675,0.004135540144292248,0.0035965259232384277,0.0037452195014601713,0.0036244059691550043,0.0037452195014601713,0.0037080461069047355,0.003968259868792787,0.004200593584764261,0.0041913002361254025,0.00384744633648762,0.004265647025236274,0.004813954594928955,0.0043399938143471465,0.004451513998013454,0.006217250239396662,0.006728384414533906,0.005120635100011301,0.0071651718005602775,0.007908639691668997,0.009878829603107103,0.009646495887135629,0.00926546859294241,0.00952568235483046,0.00732315872742088,0.007258105286948867,0.007016478222338534,0.006626157579506456,0.006477464001284712,0.007574079140670074,0.0060499699638971996,0.005566715834676533,0.006384530514896123,0.006356650468979546,0.005529542440121097,0.005436608953732506,0.007862172948474702,0.010306323640494615,0.00852200070183369
19101,0.0006133610101646931,0.0006133610101646931,0.000622654358803552,0.0006412410560812699,0.0006784144506367059,0.0007713479370252958,0.0008364013774973088,0.0008735747720527446,0.0009850949557190525,0.001198841974412809,0.0015334025254117325,0.0018400830304940792,0.0022211103246872975,0.002648604362074811,0.003261965372239504,0.004005433263348223,0.004683847713984929,0.004693141062623788,0.0045165674384854675,0.004135540144292248,0.0035965259232384277,0.0037452195014601713,0.0036244059691550043,0.0037452195014601713,0.0037080461069047355,0.003968259868792787,0.004200593584764261,0.0041913002361254025,0.00384744633648762,0.004265647025236274,0.004813954594928955,0.0043399938143471465,0.004451513998013454,0.006217250239396662,0.006728384414533906,0.005120635100011301,0.0071651718005602775,0.007908639691668997,0.009878829603107103,0.009646495887135629,0.00926546859294241,0.00952568235483046,0.00732315872742088,0.007258105286948867,0.007016478222338534,0.006626157579506456,0.006477464001284712,0.007574079140670074,0.0060499699638971996,0.005566715834676533,0.006384530514896123,0.006356650468979546,0.005529542440121097,0.005436608953732506,0.007862172948474702,0.010306323640494615,0.00852200070183369
19103,0.0006133610101646931,0.0006133610101646931,0.000622654358803552,0.0006412410560812699,0.0006784144506367059,0.0007713479370252958,0.0008364013774973088,0.0008735747720527446,0.0009850949557190525,0.001198841974412809,0.0015334025254117325,0.0018400830304940792,0.0022211103246872975,0.002648604362074811,0.003261965372239504,0.004005433263348223,0.004683847713984929,0.004693141062623788,0.0045165674384854675,0.004135540144292248,0.0035965259232384277,0.0037452195014601713,0.0036244059691550043,0.0037452195014601713,0.0037080461069047355,0.003968259868792787,0.004200593584764261,0.0041913002361254025,0.00384744633648762,0.004265647025236274,0.004813954594928955,0.0043399938143471465,0.004451513998013454,0.006217250239396662,0.006728384414533906,0.005120635100011301,0.0071651718005602775,0.007908639691668997,0.009878829603107103,0.009646495887135629,0.00926546859294241,0.00952568235483046,0.00732315872742088,0.007258105286948867,0.007016478222338534,0.006626157579506456,0.006477464001284712,0.007574079140670074,0.0060499699638971996,0.005566715834676533,0.006384530514896123,0.006356650468979546,0.005529542440121097,0.005436608953732506,0.007862172948474702,0.010306323640494615,0.00852200070183369
19105,0.0006133610101646931,0.0006133610101646931,0.000622654358803552,0.0006412410560812699,0.0006784144506367059,0.0007713479370252958,0.0008364013774973088,0.0008735747720527446,0.0009850949557190525,0.001198841974412809,0.0015334025254117325,0.0018400830304940792,0.0022211103246872975,0.002648604362074811,0.003261965372239504,0.004005433263348223,0.004683847713984929,0.004693141062623788,0.0045165674384854675,0.004135540144292248,0.0035965259232384277,0.0037452195014601713,0.0036244059691550043,0.0037452195014601713,0.0037080461069047355,0.003968259868792787,0.004200593584764261,0.0041913002361254025,0.00384744633648762,0.004265647025236274,0.004813954594928955,0.0043399938143471465,0.004451513998013454,0.006217250239396662,0.006728384414533906,0.005120635100011301,0.0071651718005602775,0.007908639691668997,0.009878829603107103,0.009646495887135629,0.00926546859294241,0.00952568235483046,0.00732315872742088,0.007258105286948867,0.007016478222338534,0.006626157579506456,0.006477464001284712,0.007574079140670074,0.0060499699638971996,0.005566715834676533,0.006384530514896123,0.006356650468979546,0.005529542440121097,0.005436608953732506,0.007862172948474702,0.010306323640494615,0.00852200070183369
19107,0.0006133610101646931,0.0006133610101646931,0.000622654358803552,0.0006412410560812699,0.0006784144506367059,0.0007713479370252958,0.0008364013774973088,0.0008735747720527446,0.0009850949557190525,0.001198841974412809,0.0015334025254117325,0.0018400830304940792,0.0022211103246872975,0.002648604362074811,0.003261965372239504,0.004005433263348223,0.004683847713984929,0.004693141062623788,0.0045165674384854675,0.004135540144292248,0.0035965259232384277,0.0037452195014601713,0.0036244059691550043,0.0037452195014601713,0.0037080461069047355,0.003968259868792787,0.004200593584764261,0.0041913002361254025,0.00384744633648762,0.004265647025236274,0.004813954594928955,0.0043399938143471465,0.004451513998013454,0.006217250239396662,0.006728384414533906,0.005120635100011301,0.0071651718005602775,0.007908639691668997,0.009878829603107103,0.009646495887135629,0.00926546859294241,0.00952568235483046,0.00732315872742088,0.007258105286948867,0.007016478222338534,0.006626157579506456,0.006477464001284712,0.007574079140670074,0.0060499699638971996,0.005566715834676533,0.006384530514896123,0.006356650468979546,0.005529542440121097,0.005436608953732506,0.007862172948474702,0.010306323640494615,0.00852200070183369
19109,0.0006133610101646931,0.0006133610101646931,0.000622654358803552,0.0006412410560812699,0.0006784144506367059,0.0007713479370252958,0.0008364013774973088,0.0008735747720527446,0.0009850949557190525,0.001198841974412809,0.0015334025254117325,0.0018400830304940792,0.0022211103246872975,0.002648604362074811,0.003261965372239504,0.004005433263348223,0.004683847713984929,0.004693141062623788,0.0045165674384854675,0.004135540144292248,0.0035965259232384277,0.0037452195014601713,0.0036244059691550043,0.0037452195014601713,0.0037080461069047355,0.003968259868792787,0.004200593584764261,0.0041913002361254025,0.00384744633648762,0.004265647025236274,0.004813954594928955,0.0043399938143471465,0.004451513998013454,0.006217250239396662,0.006728384414533906,0.005120635100011301,0.0071651718005602775,0.007908639691668997,0.009878829603107103,0.009646495887135629,0.00926546859294241,0.00952568235483046,0.00732315872742088,0.007258105286948867,0.007016478222338534,0.006626157579506456,0.006477464001284712,0.007574079140670074,0.0060499699638971996,0.005566715834676533,0.006384530514896123,0.006356650468979546,0.005529542440121097,0.005436608953732506,0.007862172948474702,0.010306323640494615,0.00852200070183369
19111,0.0006133610101646931,0.0006133610101646931,0.000622654358803552,0.0006412410560812699,0.0006784144506367059,0.0007713479370252958,0.0008364013774973088,0.0008735747720527446,0.0009850949557190525,0.001198841974412809,0.0015334025254117325,0.0018400830304940792,0.0022211103246872975,0.002648604362074811,0.003261965372239504,0.004005433263348223,0.004683847713984929,0.004693141062623788,0.0045165674384854675,0.004135540144292248,0.0035965259232384277,0.0037452195014601713,0.0036244059691550043,0.0037452195014601713,0.0037080461069047355,0.003968259868792787,0.004200593584764261,0.0041913002361254025,0.00384744633648762,0.004265647025236274,0.004813954594928955,0.0043399938143471465,0.004451513998013454,0.006217250239396662,0.006728384414533906,0.005120635100011301,0.0071651718005602775,0.007908639691668997,0.009878829603107103,0.009646495887135629,0.00926546859294241,0.00952568235483046,0.00732315872742088,0.007258105286948867,0.007016478222338534,0.006626157579506456,0.006477464001284712,0.007574079140670074,0.0060499699638971996,0.005566715834676533,0.006384530514896123,0.006356650468979546,0.005529542440121097,0.005436608953732506,0.007862172948474702,0.010306323640494615,0.00852200070183369
19113,0.0006133610101646931,0.0006133610101646931,0.000622654358803552,0.0006412410560812699,0.0006784144506367059,0.0007713479370252958,0.0008364013774973088,0.0008735747720527446,0.0009850949557190525,0.001198841974412809,0.0015334025254117325,0.0018400830304940792,0.0022211103246872975,0.002648604362074811,0.003261965372239504,0.004005433263348223,0.004683847713984929,0.004693141062623788,0.0045165674384854675,0.004135540144292248,0.0035965259232384277,0.0037452195014601713,0.0036244059691550043,0.0037452195014601713,0.0037080461069047355,0.003968259868792787,0.004200593584764261,0.0041913002361254025,0.00384744633648762,0.004265647025236274,0.004813954594928955,0.0043399938143471465,0.004451513998013454,0.006217250239396662,0.006728384414533906,0.005120635100011301,0.0071651718005602775,0.007908639691668997,0.009878829603107103,0.009646495887135629,0.00926546859294241,0.00952568235483046,0.00732315872742088,0.007258105286948867,0.007016478222338534,0.006626157579506456,0.006477464001284712,0.007574079140670074,0.0060499699638971996,0.005566715834676533,0.006384530514896123,0.006356650468979546,0.005529542440121097,0.005436608953732506,0.007862172948474702,0.010306323640494615,0.00852200070183369
19115,0.0006133610101646931,0.0006133610101646931,0.000622654358803552,0.0006412410560812699,0.0006784144506367059,0.0007713479370252958,0.0008364013774973088,0.0008735747720527446,0.0009850949557190525,0.001198841974412809,0.0015334025254117325,0.0018400830304940792,0.0022211103246872975,0.002648604362074811,0.003261965372239504,0.004005433263348223,0.004683847713984929,0.004693141062623788,0.0045165674384854675,0.004135540144292248,0.0035965259232384277,0.0037452195014601713,0.0036244059691550043,0.0037452195014601713,0.0037080461069047355,0.003968259868792787,0.004200593584764261,0.0041913002361254025,0.00384744633648762,0.004265647025236274,0.004813954594928955,0.0043399938143471465,0.004451513998013454,0.006217250239396662,0.006728384414533906,0.005120635100011301,0.0071651718005602775,0.007908639691668997,0.009878829603107103,0.009646495887135629,0.00926546859294241,0.00952568235483046,0.00732315872742088,0.007258105286948867,0.007016478222338534,0.006626157579506456,0.006477464001284712,0.007574079140670074,0.0060499699638971996,0.005566715834676533,0.006384530514896123,0.006356650468979546,0.005529542440121097,0.005436608953732506,0.007862172948474702,0.010306323640494615,0.00852200070183369
19117,0.0006133610101646931,0.0006133610101646931,0.000622654358803552,0.0006412410560812699,0.0006784144506367059,0.0007713479370252958,0.0008364013774973088,0.0008735747720527446,0.0009850949557190525,0.001198841974412809,0.0015334025254117325,0.0018400830304940792,0.0022211103246872975,0.002648604362074811,0.003261965372239504,0.004005433263348223,0.004683847713984929,0.004693141062623788,0.0045165674384854675,0.004135540144292248,0.0035965259232384277,0.0037452195014601713,0.0036244059691550043,0.0037452195014601713,0.0037080461069047355,0.003968259868792787,0.004200593584764261,0.0041913002361254025,0.00384744633648762,0.004265647025236274,0.004813954594928955,0.0043399938143471465,0.004451513998013454,0.006217250239396662,0.006728384414533906,0.005120635100011301,0.0071651718005602775,0.007908639691668997,0.009878829603107103,0.009646495887135629,0.00926546859294241,0.00952568235483046,0.00732315872742088,0.007258105286948867,0.007016478222338534,0.006626157579506456,0.006477464001284712,0.007574079140670074,0.0060499699638971996,0.005566715834676533,0.006384530514896123,0.006356650468979546,0.005529542440121097,0.005436608953732506,0.007862172948474702,0.010306323640494615,0.00852200070183369
19119,0.0006133610101646931,0.0006133610101646931,0.000622654358803552,0.0006412410560812699,0.0006784144506367059,0.0007713479370252958,0.0008364013774973088,0.0008735747720527446,0.0009850949557190525,0.001198841974412809,0.0015334025254117325,0.0018400830304940792,0.0022211103246872975,0.002648604362074811,0.003261965372239504,0.004005433263348223,0.004683847713984929,0.004693141062623788,0.0045165674384854675,0.004135540144292248,0.0035965259232384277,0.0037452195014601713,0.0036244059691550043,0.0037452195014601713,0.0037080461069047355,0.003968259868792787,0.004200593584764261,0.0041913002361254025,0.00384744633648762,0.004265647025236274,0.004813954594928955,0.0043399938143471465,0.004451513998013454,0.006217250239396662,0.006728384414533906,0.005120635100011301,0.0071651718005602775,0.007908639691668997,0.009878829603107103,0.009646495887135629,0.00926546859294241,0.00952568235483046,0.00732315872742088,0.007258105286948867,0.007016478222338534,0.006626157579506456,0.006477464001284712,0.007574079140670074,0.0060499699638971996,0.005566715834676533,0.006384530514896123,0.006356650468979546,0.005529542440121097,0.005436608953732506,0.007862172948474702,0.010306323640494615,0.00852200070183369
19121,0.0006133610101646931,0.0006133610101646931,0.000622654358803552,0.0006412410560812699,0.0006784144506367059,0.0007713479370252958,0.0008364013774973088,0.0008735747720527446,0.0009850949557190525,0.001198841974412809,0.0015334025254117325,0.0018400830304940792,0.0022211103246872975,0.002648604362074811,0.003261965372239504,0.004005433263348223,0.004683847713984929,0.004693141062623788,0.0045165674384854675,0.004135540144292248,0.0035965259232384277,0.0037452195014601713,0.0036244059691550043,0.0037452195014601713,0.0037080461069047355,0.003968259868792787,0.004200593584764261,0.0041913002361254025,0.00384744633648762,0.004265647025236274,0.004813954594928955,0.0043399938143471465,0.004451513998013454,0.006217250239396662,0.006728384414533906,0.005120635100011301,0.0071651718005602775,0.007908639691668997,0.009878829603107103,0.009646495887135629,0.00926546859294241,0.00952568235483046,0.00732315872742088,0.007258105286948867,0.007016478222338534,0.006626157579506456,0.006477464001284712,0.007574079140670074,0.0060499699638971996,0.005566715834676533,0.006384530514896123,0.006356650468979546,0.005529542440121097,0.005436608953732506,0.007862172948474702,0.010306323640494615,0.00852200070183369
19123,0.0006133610101646931,0.0006133610101646931,0.000622654358803552,0.0006412410560812699,0.0006784144506367059,0.0007713479370252958,0.0008364013774973088,0.0008735747720527446,0.0009850949557190525,0.001198841974412809,0.0015334025254117325,0.0018400830304940792,0.0022211103246872975,0.002648604362074811,0.003261965372239504,0.004005433263348223,0.004683847713984929,0.004693141062623788,0.0045165674384854675,0.004135540144292248,0.0035965259232384277,0.0037452195014601713,0.0036244059691550043,0.0037452195014601713,0.0037080461069047355,0.003968259868792787,0.004200593584764261,0.0041913002361254025,0.00384744633648762,0.004265647025236274,0.004813954594928955,0.0043399938143471465,0.004451513998013454,0.006217250239396662,0.006728384414533906,0.005120635100011301,0.0071651718005602775,0.007908639691668997,0.009878829603107103,0.009646495887135629,0.00926546859294241,0.00952568235483046,0.00732315872742088,0.007258105286948867,0.007016478222338534,0.006626157579506456,0.006477464001284712,0.007574079140670074,0.0060499699638971996,0.005566715834676533,0.006384530514896123,0.006356650468979546,0.005529542440121097,0.005436608953732506,0.007862172948474702,0.010306323640494615,0.00852200070183369
19125,0.0006133610101646931,0.0006133610101646931,0.000622654358803552,0.0006412410560812699,0.0006784144506367059,0.0007713479370252958,0.0008364013774973088,0.0008735747720527446,0.0009850949557190525,0.001198841974412809,0.0015334025254117325,0.0018400830304940792,0.0022211103246872975,0.002648604362074811,0.003261965372239504,0.004005433263348223,0.004683847713984929,0.004693141062623788,0.0045165674384854675,0.004135540144292248,0.0035965259232384277,0.0037452195014601713,0.0036244059691550043,0.0037452195014601713,0.0037080461069047355,0.003968259868792787,0.004200593584764261,0.0041913002361254025,0.00384744633648762,0.004265647025236274,0.004813954594928955,0.0043399938143471465,0.004451513998013454,0.006217250239396662,0.006728384414533906,0.005120635100011301,0.0071651718005602775,0.007908639691668997,0.009878829603107103,0.009646495887135629,0.00926546859294241,0.00952568235483046,0.00732315872742088,0.007258105286948867,0.007016478222338534,0.006626157579506456,0.006477464001284712,0.007574079140670074,0.0060499699638971996,0.005566715834676533,0.006384530514896123,0.006356650468979546,0.005529542440121097,0.005436608953732506,0.007862172948474702,0.010306323640494615,0.00852200070183369
19127,0.0006133610101646931,0.0006133610101646931,0.000622654358803552,0.0006412410560812699,0.0006784144506367059,0.0007713479370252958,0.0008364013774973088,0.0008735747720527446,0.0009850949557190525,0.001198841974412809,0.0015334025254117325,0.0018400830304940792,0.0022211103246872975,0.002648604362074811,0.003261965372239504,0.004005433263348223,0.004683847713984929,0.004693141062623788,0.0045165674384854675,0.004135540144292248,0.0035965259232384277,0.0037452195014601713,0.0036244059691550043,0.0037452195014601713,0.0037080461069047355,0.003968259868792787,0.004200593584764261,0.0041913002361254025,0.00384744633648762,0.004265647025236274,0.004813954594928955,0.0043399938143471465,0.004451513998013454,0.006217250239396662,0.006728384414533906,0.005120635100011301,0.0071651718005602775,0.007908639691668997,0.009878829603107103,0.009646495887135629,0.00926546859294241,0.00952568235483046,0.00732315872742088,0.007258105286948867,0.007016478222338534,0.006626157579506456,0.006477464001284712,0.007574079140670074,0.0060499699638971996,0.005566715834676533,0.006384530514896123,0.006356650468979546,0.005529542440121097,0.005436608953732506,0.007862172948474702,0.010306323640494615,0.00852200070183369
19129,0.0006133610101646931,0.0006133610101646931,0.000622654358803552,0.0006412410560812699,0.0006784144506367059,0.0007713479370252958,0.0008364013774973088,0.0008735747720527446,0.0009850949557190525,0.001198841974412809,0.0015334025254117325,0.0018400830304940792,0.0022211103246872975,0.002648604362074811,0.003261965372239504,0.004005433263348223,0.004683847713984929,0.004693141062623788,0.0045165674384854675,0.004135540144292248,0.0035965259232384277,0.0037452195014601713,0.0036244059691550043,0.0037452195014601713,0.0037080461069047355,0.003968259868792787,0.004200593584764261,0.0041913002361254025,0.00384744633648762,0.004265647025236274,0.004813954594928955,0.0043399938143471465,0.004451513998013454,0.006217250239396662,0.006728384414533906,0.005120635100011301,0.0071651718005602775,0.007908639691668997,0.009878829603107103,0.009646495887135629,0.00926546859294241,0.00952568235483046,0.00732315872742088,0.007258105286948867,0.007016478222338534,0.006626157579506456,0.006477464001284712,0.007574079140670074,0.0060499699638971996,0.005566715834676533,0.006384530514896123,0.006356650468979546,0.005529542440121097,0.005436608953732506,0.007862172948474702,0.010306323640494615,0.00852200070183369
19131,0.0006133610101646931,0.0006133610101646931,0.000622654358803552,0.0006412410560812699,0.0006784144506367059,0.0007713479370252958,0.0008364013774973088,0.0008735747720527446,0.0009850949557190525,0.001198841974412809,0.0015334025254117325,0.0018400830304940792,0.0022211103246872975,0.002648604362074811,0.003261965372239504,0.004005433263348223,0.004683847713984929,0.004693141062623788,0.0045165674384854675,0.004135540144292248,0.0035965259232384277,0.0037452195014601713,0.0036244059691550043,0.0037452195014601713,0.0037080461069047355,0.003968259868792787,0.004200593584764261,0.0041913002361254025,0.00384744633648762,0.004265647025236274,0.004813954594928955,0.0043399938143471465,0.004451513998013454,0.006217250239396662,0.006728384414533906,0.005120635100011301,0.0071651718005602775,0.007908639691668997,0.009878829603107103,0.009646495887135629,0.00926546859294241,0.00952568235483046,0.00732315872742088,0.007258105286948867,0.007016478222338534,0.006626157579506456,0.006477464001284712,0.007574079140670074,0.0060499699638971996,0.005566715834676533,0.006384530514896123,0.006356650468979546,0.005529542440121097,0.005436608953732506,0.007862172948474702,0.010306323640494615,0.00852200070183369
19133,0.0006133610101646931,0.0006133610101646931,0.000622654358803552,0.0006412410560812699,0.0006784144506367059,0.0007713479370252958,0.0008364013774973088,0.0008735747720527446,0.0009850949557190525,0.001198841974412809,0.0015334025254117325,0.0018400830304940792,0.0022211103246872975,0.002648604362074811,0.003261965372239504,0.004005433263348223,0.004683847713984929,0.004693141062623788,0.0045165674384854675,0.004135540144292248,0.0035965259232384277,0.0037452195014601713,0.0036244059691550043,0.0037452195014601713,0.0037080461069047355,0.003968259868792787,0.004200593584764261,0.0041913002361254025,0.00384744633648762,0.004265647025236274,0.004813954594928955,0.0043399938143471465,0.004451513998013454,0.006217250239396662,0.006728384414533906,0.005120635100011301,0.0071651718005602775,0.007908639691668997,0.009878829603107103,0.009646495887135629,0.00926546859294241,0.00952568235483046,0.00732315872742088,0.007258105286948867,0.007016478222338534,0.006626157579506456,0.006477464001284712,0.007574079140670074,0.0060499699638971996,0.005566715834676533,0.006384530514896123,0.006356650468979546,0.005529542440121097,0.005436608953732506,0.007862172948474702,0.010306323640494615,0.00852200070183369
19135,0.0006133610101646931,0.0006133610101646931,0.000622654358803552,0.0006412410560812699,0.0006784144506367059,0.0007713479370252958,0.0008364013774973088,0.0008735747720527446,0.0009850949557190525,0.001198841974412809,0.0015334025254117325,0.0018400830304940792,0.0022211103246872975,0.002648604362074811,0.003261965372239504,0.004005433263348223,0.004683847713984929,0.004693141062623788,0.0045165674384854675,0.004135540144292248,0.0035965259232384277,0.0037452195014601713,0.0036244059691550043,0.0037452195014601713,0.0037080461069047355,0.003968259868792787,0.004200593584764261,0.0041913002361254025,0.00384744633648762,0.004265647025236274,0.004813954594928955,0.0043399938143471465,0.004451513998013454,0.006217250239396662,0.006728384414533906,0.005120635100011301,0.0071651718005602775,0.007908639691668997,0.009878829603107103,0.009646495887135629,0.00926546859294241,0.00952568235483046,0.00732315872742088,0.007258105286948867,0.007016478222338534,0.006626157579506456,0.006477464001284712,0.007574079140670074,0.0060499699638971996,0.005566715834676533,0.006384530514896123,0.006356650468979546,0.005529542440121097,0.005436608953732506,0.007862172948474702,0.010306323640494615,0.00852200070183369
19137,0.0006133610101646931,0.0006133610101646931,0.000622654358803552,0.0006412410560812699,0.0006784144506367059,0.0007713479370252958,0.0008364013774973088,0.0008735747720527446,0.0009850949557190525,0.001198841974412809,0.0015334025254117325,0.0018400830304940792,0.0022211103246872975,0.002648604362074811,0.003261965372239504,0.004005433263348223,0.004683847713984929,0.004693141062623788,0.0045165674384854675,0.004135540144292248,0.0035965259232384277,0.0037452195014601713,0.0036244059691550043,0.0037452195014601713,0.0037080461069047355,0.003968259868792787,0.004200593584764261,0.0041913002361254025,0.00384744633648762,0.004265647025236274,0.004813954594928955,0.0043399938143471465,0.004451513998013454,0.006217250239396662,0.006728384414533906,0.005120635100011301,0.0071651718005602775,0.007908639691668997,0.009878829603107103,0.009646495887135629,0.00926546859294241,0.00952568235483046,0.00732315872742088,0.007258105286948867,0.007016478222338534,0.006626157579506456,0.006477464001284712,0.007574079140670074,0.0060499699638971996,0.005566715834676533,0.006384530514896123,0.006356650468979546,0.005529542440121097,0.005436608953732506,0.007862172948474702,0.010306323640494615,0.00852200070183369
19139,0.0006133610101646931,0.0006133610101646931,0.000622654358803552,0.0006412410560812699,0.0006784144506367059,0.0007713479370252958,0.0008364013774973088,0.0008735747720527446,0.0009850949557190525,0.001198841974412809,0.0015334025254117325,0.0018400830304940792,0.0022211103246872975,0.002648604362074811,0.003261965372239504,0.004005433263348223,0.004683847713984929,0.004693141062623788,0.0045165674384854675,0.004135540144292248,0.0035965259232384277,0.0037452195014601713,0.0036244059691550043,0.0037452195014601713,0.0037080461069047355,0.003968259868792787,0.004200593584764261,0.0041913002361254025,0.00384744633648762,0.004265647025236274,0.004813954594928955,0.0043399938143471465,0.004451513998013454,0.006217250239396662,0.006728384414533906,0.005120635100011301,0.0071651718005602775,0.007908639691668997,0.009878829603107103,0.009646495887135629,0.00926546859294241,0.00952568235483046,0.00732315872742088,0.007258105286948867,0.007016478222338534,0.006626157579506456,0.006477464001284712,0.007574079140670074,0.0060499699638971996,0.005566715834676533,0.006384530514896123,0.006356650468979546,0.005529542440121097,0.005436608953732506,0.007862172948474702,0.010306323640494615,0.00852200070183369
19141,0.0006133610101646931,0.0006133610101646931,0.000622654358803552,0.0006412410560812699,0.0006784144506367059,0.0007713479370252958,0.0008364013774973088,0.0008735747720527446,0.0009850949557190525,0.001198841974412809,0.0015334025254117325,0.0018400830304940792,0.0022211103246872975,0.002648604362074811,0.003261965372239504,0.004005433263348223,0.004683847713984929,0.004693141062623788,0.0045165674384854675,0.004135540144292248,0.0035965259232384277,0.0037452195014601713,0.0036244059691550043,0.0037452195014601713,0.0037080461069047355,0.003968259868792787,0.004200593584764261,0.0041913002361254025,0.00384744633648762,0.004265647025236274,0.004813954594928955,0.0043399938143471465,0.004451513998013454,0.006217250239396662,0.006728384414533906,0.005120635100011301,0.0071651718005602775,0.007908639691668997,0.009878829603107103,0.009646495887135629,0.00926546859294241,0.00952568235483046,0.00732315872742088,0.007258105286948867,0.007016478222338534,0.006626157579506456,0.006477464001284712,0.007574079140670074,0.0060499699638971996,0.005566715834676533,0.006384530514896123,0.006356650468979546,0.005529542440121097,0.005436608953732506,0.007862172948474702,0.010306323640494615,0.00852200070183369
19143,0.0006133610101646931,0.0006133610101646931,0.000622654358803552,0.0006412410560812699,0.0006784144506367059,0.0007713479370252958,0.0008364013774973088,0.0008735747720527446,0.0009850949557190525,0.001198841974412809,0.0015334025254117325,0.0018400830304940792,0.0022211103246872975,0.002648604362074811,0.003261965372239504,0.004005433263348223,0.004683847713984929,0.004693141062623788,0.0045165674384854675,0.004135540144292248,0.0035965259232384277,0.0037452195014601713,0.0036244059691550043,0.0037452195014601713,0.0037080461069047355,0.003968259868792787,0.004200593584764261,0.0041913002361254025,0.00384744633648762,0.004265647025236274,0.004813954594928955,0.0043399938143471465,0.004451513998013454,0.006217250239396662,0.006728384414533906,0.005120635100011301,0.0071651718005602775,0.007908639691668997,0.009878829603107103,0.009646495887135629,0.00926546859294241,0.00952568235483046,0.00732315872742088,0.007258105286948867,0.007016478222338534,0.006626157579506456,0.006477464001284712,0.007574079140670074,0.0060499699638971996,0.005566715834676533,0.006384530514896123,0.006356650468979546,0.005529542440121097,0.005436608953732506,0.007862172948474702,0.010306323640494615,0.00852200070183369
19145,0.0006133610101646931,0.0006133610101646931,0.000622654358803552,0.0006412410560812699,0.0006784144506367059,0.0007713479370252958,0.0008364013774973088,0.0008735747720527446,0.0009850949557190525,0.001198841974412809,0.0015334025254117325,0.0018400830304940792,0.0022211103246872975,0.002648604362074811,0.003261965372239504,0.004005433263348223,0.004683847713984929,0.004693141062623788,0.0045165674384854675,0.004135540144292248,0.0035965259232384277,0.0037452195014601713,0.0036244059691550043,0.0037452195014601713,0.0037080461069047355,0.003968259868792787,0.004200593584764261,0.0041913002361254025,0.00384744633648762,0.004265647025236274,0.004813954594928955,0.0043399938143471465,0.004451513998013454,0.006217250239396662,0.006728384414533906,0.005120635100011301,0.0071651718005602775,0.007908639691668997,0.009878829603107103,0.009646495887135629,0.00926546859294241,0.00952568235483046,0.00732315872742088,0.007258105286948867,0.007016478222338534,0.006626157579506456,0.006477464001284712,0.007574079140670074,0.0060499699638971996,0.005566715834676533,0.006384530514896123,0.006356650468979546,0.005529542440121097,0.005436608953732506,0.007862172948474702,0.010306323640494615,0.00852200070183369
19147,0.0006133610101646931,0.0006133610101646931,0.000622654358803552,0.0006412410560812699,0.0006784144506367059,0.0007713479370252958,0.0008364013774973088,0.0008735747720527446,0.0009850949557190525,0.001198841974412809,0.0015334025254117325,0.0018400830304940792,0.0022211103246872975,0.002648604362074811,0.003261965372239504,0.004005433263348223,0.004683847713984929,0.004693141062623788,0.0045165674384854675,0.004135540144292248,0.0035965259232384277,0.0037452195014601713,0.0036244059691550043,0.0037452195014601713,0.0037080461069047355,0.003968259868792787,0.004200593584764261,0.0041913002361254025,0.00384744633648762,0.004265647025236274,0.004813954594928955,0.0043399938143471465,0.004451513998013454,0.006217250239396662,0.006728384414533906,0.005120635100011301,0.0071651718005602775,0.007908639691668997,0.009878829603107103,0.009646495887135629,0.00926546859294241,0.00952568235483046,0.00732315872742088,0.007258105286948867,0.007016478222338534,0.006626157579506456,0.006477464001284712,0.007574079140670074,0.0060499699638971996,0.005566715834676533,0.006384530514896123,0.006356650468979546,0.005529542440121097,0.005436608953732506,0.007862172948474702,0.010306323640494615,0.00852200070183369
19149,0.0006133610101646931,0.0006133610101646931,0.000622654358803552,0.0006412410560812699,0.0006784144506367059,0.0007713479370252958,0.0008364013774973088,0.0008735747720527446,0.0009850949557190525,0.001198841974412809,0.0015334025254117325,0.0018400830304940792,0.0022211103246872975,0.002648604362074811,0.003261965372239504,0.004005433263348223,0.004683847713984929,0.004693141062623788,0.0045165674384854675,0.004135540144292248,0.0035965259232384277,0.0037452195014601713,0.0036244059691550043,0.0037452195014601713,0.0037080461069047355,0.003968259868792787,0.004200593584764261,0.0041913002361254025,0.00384744633648762,0.004265647025236274,0.004813954594928955,0.0043399938143471465,0.004451513998013454,0.006217250239396662,0.006728384414533906,0.005120635100011301,0.0071651718005602775,0.007908639691668997,0.009878829603107103,0.009646495887135629,0.00926546859294241,0.00952568235483046,0.00732315872742088,0.007258105286948867,0.007016478222338534,0.006626157579506456,0.006477464001284712,0.007574079140670074,0.0060499699638971996,0.005566715834676533,0.006384530514896123,0.006356650468979546,0.005529542440121097,0.005436608953732506,0.007862172948474702,0.010306323640494615,0.00852200070183369
19151,0.0006133610101646931,0.0006133610101646931,0.000622654358803552,0.0006412410560812699,0.0006784144506367059,0.0007713479370252958,0.0008364013774973088,0.0008735747720527446,0.0009850949557190525,0.001198841974412809,0.0015334025254117325,0.0018400830304940792,0.0022211103246872975,0.002648604362074811,0.003261965372239504,0.004005433263348223,0.004683847713984929,0.004693141062623788,0.0045165674384854675,0.004135540144292248,0.0035965259232384277,0.0037452195014601713,0.0036244059691550043,0.0037452195014601713,0.0037080461069047355,0.003968259868792787,0.004200593584764261,0.0041913002361254025,0.00384744633648762,0.004265647025236274,0.004813954594928955,0.0043399938143471465,0.004451513998013454,0.006217250239396662,0.006728384414533906,0.005120635100011301,0.0071651718005602775,0.007908639691668997,0.009878829603107103,0.009646495887135629,0.00926546859294241,0.00952568235483046,0.00732315872742088,0.007258105286948867,0.007016478222338534,0.006626157579506456,0.006477464001284712,0.007574079140670074,0.0060499699638971996,0.005566715834676533,0.006384530514896123,0.006356650468979546,0.005529542440121097,0.005436608953732506,0.007862172948474702,0.010306323640494615,0.00852200070183369
19153,0.0006133610101646931,0.0006133610101646931,0.000622654358803552,0.0006412410560812699,0.0006784144506367059,0.0007713479370252958,0.0008364013774973088,0.0008735747720527446,0.0009850949557190525,0.001198841974412809,0.0015334025254117325,0.0018400830304940792,0.0022211103246872975,0.002648604362074811,0.003261965372239504,0.004005433263348223,0.004683847713984929,0.004693141062623788,0.0045165674384854675,0.004135540144292248,0.0035965259232384277,0.0037452195014601713,0.0036244059691550043,0.0037452195014601713,0.0037080461069047355,0.003968259868792787,0.004200593584764261,0.0041913002361254025,0.00384744633648762,0.004265647025236274,0.004813954594928955,0.0043399938143471465,0.004451513998013454,0.006217250239396662,0.006728384414533906,0.005120635100011301,0.0071651718005602775,0.007908639691668997,0.009878829603107103,0.009646495887135629,0.00926546859294241,0.00952568235483046,0.00732315872742088,0.007258105286948867,0.007016478222338534,0.006626157579506456,0.006477464001284712,0.007574079140670074,0.0060499699638971996,0.005566715834676533,0.006384530514896123,0.006356650468979546,0.005529542440121097,0.005436608953732506,0.007862172948474702,0.010306323640494615,0.00852200070183369
19155,0.0006133610101646931,0.0006133610101646931,0.000622654358803552,0.0006412410560812699,0.0006784144506367059,0.0007713479370252958,0.0008364013774973088,0.0008735747720527446,0.0009850949557190525,0.001198841974412809,0.0015334025254117325,0.0018400830304940792,0.0022211103246872975,0.002648604362074811,0.003261965372239504,0.004005433263348223,0.004683847713984929,0.004693141062623788,0.0045165674384854675,0.004135540144292248,0.0035965259232384277,0.0037452195014601713,0.0036244059691550043,0.0037452195014601713,0.0037080461069047355,0.003968259868792787,0.004200593584764261,0.0041913002361254025,0.00384744633648762,0.004265647025236274,0.004813954594928955,0.0043399938143471465,0.004451513998013454,0.006217250239396662,0.006728384414533906,0.005120635100011301,0.0071651718005602775,0.007908639691668997,0.009878829603107103,0.009646495887135629,0.00926546859294241,0.00952568235483046,0.00732315872742088,0.007258105286948867,0.007016478222338534,0.006626157579506456,0.006477464001284712,0.007574079140670074,0.0060499699638971996,0.005566715834676533,0.006384530514896123,0.006356650468979546,0.005529542440121097,0.005436608953732506,0.007862172948474702,0.010306323640494615,0.00852200070183369
19157,0.0006133610101646931,0.0006133610101646931,0.000622654358803552,0.0006412410560812699,0.0006784144506367059,0.0007713479370252958,0.0008364013774973088,0.0008735747720527446,0.0009850949557190525,0.001198841974412809,0.0015334025254117325,0.0018400830304940792,0.0022211103246872975,0.002648604362074811,0.003261965372239504,0.004005433263348223,0.004683847713984929,0.004693141062623788,0.0045165674384854675,0.004135540144292248,0.0035965259232384277,0.0037452195014601713,0.0036244059691550043,0.0037452195014601713,0.0037080461069047355,0.003968259868792787,0.004200593584764261,0.0041913002361254025,0.00384744633648762,0.004265647025236274,0.004813954594928955,0.0043399938143471465,0.004451513998013454,0.006217250239396662,0.006728384414533906,0.005120635100011301,0.0071651718005602775,0.007908639691668997,0.009878829603107103,0.009646495887135629,0.00926546859294241,0.00952568235483046,0.00732315872742088,0.007258105286948867,0.007016478222338534,0.006626157579506456,0.006477464001284712,0.007574079140670074,0.0060499699638971996,0.005566715834676533,0.006384530514896123,0.006356650468979546,0.005529542440121097,0.005436608953732506,0.007862172948474702,0.010306323640494615,0.00852200070183369
19159,0.0006133610101646931,0.0006133610101646931,0.000622654358803552,0.0006412410560812699,0.0006784144506367059,0.0007713479370252958,0.0008364013774973088,0.0008735747720527446,0.0009850949557190525,0.001198841974412809,0.0015334025254117325,0.0018400830304940792,0.0022211103246872975,0.002648604362074811,0.003261965372239504,0.004005433263348223,0.004683847713984929,0.004693141062623788,0.0045165674384854675,0.004135540144292248,0.0035965259232384277,0.0037452195014601713,0.0036244059691550043,0.0037452195014601713,0.0037080461069047355,0.003968259868792787,0.004200593584764261,0.0041913002361254025,0.00384744633648762,0.004265647025236274,0.004813954594928955,0.0043399938143471465,0.004451513998013454,0.006217250239396662,0.006728384414533906,0.005120635100011301,0.0071651718005602775,0.007908639691668997,0.009878829603107103,0.009646495887135629,0.00926546859294241,0.00952568235483046,0.00732315872742088,0.007258105286948867,0.007016478222338534,0.006626157579506456,0.006477464001284712,0.007574079140670074,0.0060499699638971996,0.005566715834676533,0.006384530514896123,0.006356650468979546,0.005529542440121097,0.005436608953732506,0.007862172948474702,0.010306323640494615,0.00852200070183369
19161,0.0006133610101646931,0.0006133610101646931,0.000622654358803552,0.0006412410560812699,0.0006784144506367059,0.0007713479370252958,0.0008364013774973088,0.0008735747720527446,0.0009850949557190525,0.001198841974412809,0.0015334025254117325,0.0018400830304940792,0.0022211103246872975,0.002648604362074811,0.003261965372239504,0.004005433263348223,0.004683847713984929,0.004693141062623788,0.0045165674384854675,0.004135540144292248,0.0035965259232384277,0.0037452195014601713,0.0036244059691550043,0.0037452195014601713,0.0037080461069047355,0.003968259868792787,0.004200593584764261,0.0041913002361254025,0.00384744633648762,0.004265647025236274,0.004813954594928955,0.0043399938143471465,0.004451513998013454,0.006217250239396662,0.006728384414533906,0.005120635100011301,0.0071651718005602775,0.007908639691668997,0.009878829603107103,0.009646495887135629,0.00926546859294241,0.00952568235483046,0.00732315872742088,0.007258105286948867,0.007016478222338534,0.006626157579506456,0.006477464001284712,0.007574079140670074,0.0060499699638971996,0.005566715834676533,0.006384530514896123,0.006356650468979546,0.005529542440121097,0.005436608953732506,0.007862172948474702,0.010306323640494615,0.00852200070183369
19163,0.0006133610101646931,0.0006133610101646931,0.000622654358803552,0.0006412410560812699,0.0006784144506367059,0.0007713479370252958,0.0008364013774973088,0.0008735747720527446,0.0009850949557190525,0.001198841974412809,0.0015334025254117325,0.0018400830304940792,0.0022211103246872975,0.002648604362074811,0.003261965372239504,0.004005433263348223,0.004683847713984929,0.004693141062623788,0.0045165674384854675,0.004135540144292248,0.0035965259232384277,0.0037452195014601713,0.0036244059691550043,0.0037452195014601713,0.0037080461069047355,0.003968259868792787,0.004200593584764261,0.0041913002361254025,0.00384744633648762,0.004265647025236274,0.004813954594928955,0.0043399938143471465,0.004451513998013454,0.006217250239396662,0.006728384414533906,0.005120635100011301,0.0071651718005602775,0.007908639691668997,0.009878829603107103,0.009646495887135629,0.00926546859294241,0.00952568235483046,0.00732315872742088,0.007258105286948867,0.007016478222338534,0.006626157579506456,0.006477464001284712,0.007574079140670074,0.0060499699638971996,0.005566715834676533,0.006384530514896123,0.006356650468979546,0.005529542440121097,0.005436608953732506,0.007862172948474702,0.010306323640494615,0.00852200070183369
19165,0.0006133610101646931,0.0006133610101646931,0.000622654358803552,0.0006412410560812699,0.0006784144506367059,0.0007713479370252958,0.0008364013774973088,0.0008735747720527446,0.0009850949557190525,0.001198841974412809,0.0015334025254117325,0.0018400830304940792,0.0022211103246872975,0.002648604362074811,0.003261965372239504,0.004005433263348223,0.004683847713984929,0.004693141062623788,0.0045165674384854675,0.004135540144292248,0.0035965259232384277,0.0037452195014601713,0.0036244059691550043,0.0037452195014601713,0.0037080461069047355,0.003968259868792787,0.004200593584764261,0.0041913002361254025,0.00384744633648762,0.004265647025236274,0.004813954594928955,0.0043399938143471465,0.004451513998013454,0.006217250239396662,0.006728384414533906,0.005120635100011301,0.0071651718005602775,0.007908639691668997,0.009878829603107103,0.009646495887135629,0.00926546859294241,0.00952568235483046,0.00732315872742088,0.007258105286948867,0.007016478222338534,0.006626157579506456,0.006477464001284712,0.007574079140670074,0.0060499699638971996,0.005566715834676533,0.006384530514896123,0.006356650468979546,0.005529542440121097,0.005436608953732506,0.007862172948474702,0.010306323640494615,0.00852200070183369
19167,0.0006133610101646931,0.0006133610101646931,0.000622654358803552,0.0006412410560812699,0.0006784144506367059,0.0007713479370252958,0.0008364013774973088,0.0008735747720527446,0.0009850949557190525,0.001198841974412809,0.0015334025254117325,0.0018400830304940792,0.0022211103246872975,0.002648604362074811,0.003261965372239504,0.004005433263348223,0.004683847713984929,0.004693141062623788,0.0045165674384854675,0.004135540144292248,0.0035965259232384277,0.0037452195014601713,0.0036244059691550043,0.0037452195014601713,0.0037080461069047355,0.003968259868792787,0.004200593584764261,0.0041913002361254025,0.00384744633648762,0.004265647025236274,0.004813954594928955,0.0043399938143471465,0.004451513998013454,0.006217250239396662,0.006728384414533906,0.005120635100011301,0.0071651718005602775,0.007908639691668997,0.009878829603107103,0.009646495887135629,0.00926546859294241,0.00952568235483046,0.00732315872742088,0.007258105286948867,0.007016478222338534,0.006626157579506456,0.006477464001284712,0.007574079140670074,0.0060499699638971996,0.005566715834676533,0.006384530514896123,0.006356650468979546,0.005529542440121097,0.005436608953732506,0.007862172948474702,0.010306323640494615,0.00852200070183369
19169,0.0006133610101646931,0.0006133610101646931,0.000622654358803552,0.0006412410560812699,0.0006784144506367059,0.0007713479370252958,0.0008364013774973088,0.0008735747720527446,0.0009850949557190525,0.001198841974412809,0.0015334025254117325,0.0018400830304940792,0.0022211103246872975,0.002648604362074811,0.003261965372239504,0.004005433263348223,0.004683847713984929,0.004693141062623788,0.0045165674384854675,0.004135540144292248,0.0035965259232384277,0.0037452195014601713,0.0036244059691550043,0.0037452195014601713,0.0037080461069047355,0.003968259868792787,0.004200593584764261,0.0041913002361254025,0.00384744633648762,0.004265647025236274,0.004813954594928955,0.0043399938143471465,0.004451513998013454,0.006217250239396662,0.006728384414533906,0.005120635100011301,0.0071651718005602775,0.007908639691668997,0.009878829603107103,0.009646495887135629,0.00926546859294241,0.00952568235483046,0.00732315872742088,0.007258105286948867,0.007016478222338534,0.006626157579506456,0.006477464001284712,0.007574079140670074,0.0060499699638971996,0.005566715834676533,0.006384530514896123,0.006356650468979546,0.005529542440121097,0.005436608953732506,0.007862172948474702,0.010306323640494615,0.00852200070183369
19171,0.0006133610101646931,0.0006133610101646931,0.000622654358803552,0.0006412410560812699,0.0006784144506367059,0.0007713479370252958,0.0008364013774973088,0.0008735747720527446,0.0009850949557190525,0.001198841974412809,0.0015334025254117325,0.0018400830304940792,0.0022211103246872975,0.002648604362074811,0.003261965372239504,0.004005433263348223,0.004683847713984929,0.004693141062623788,0.0045165674384854675,0.004135540144292248,0.0035965259232384277,0.0037452195014601713,0.0036244059691550043,0.0037452195014601713,0.0037080461069047355,0.003968259868792787,0.004200593584764261,0.0041913002361254025,0.00384744633648762,0.004265647025236274,0.004813954594928955,0.0043399938143471465,0.004451513998013454,0.006217250239396662,0.006728384414533906,0.005120635100011301,0.0071651718005602775,0.007908639691668997,0.009878829603107103,0.009646495887135629,0.00926546859294241,0.00952568235483046,0.00732315872742088,0.007258105286948867,0.007016478222338534,0.006626157579506456,0.006477464001284712,0.007574079140670074,0.0060499699638971996,0.005566715834676533,0.006384530514896123,0.006356650468979546,0.005529542440121097,0.005436608953732506,0.007862172948474702,0.010306323640494615,0.00852200070183369
19173,0.0006133610101646931,0.0006133610101646931,0.000622654358803552,0.0006412410560812699,0.0006784144506367059,0.0007713479370252958,0.0008364013774973088,0.0008735747720527446,0.0009850949557190525,0.001198841974412809,0.0015334025254117325,0.0018400830304940792,0.0022211103246872975,0.002648604362074811,0.003261965372239504,0.004005433263348223,0.004683847713984929,0.004693141062623788,0.0045165674384854675,0.004135540144292248,0.0035965259232384277,0.0037452195014601713,0.0036244059691550043,0.0037452195014601713,0.0037080461069047355,0.003968259868792787,0.004200593584764261,0.0041913002361254025,0.00384744633648762,0.004265647025236274,0.004813954594928955,0.0043399938143471465,0.004451513998013454,0.006217250239396662,0.006728384414533906,0.005120635100011301,0.0071651718005602775,0.007908639691668997,0.009878829603107103,0.009646495887135629,0.00926546859294241,0.00952568235483046,0.00732315872742088,0.007258105286948867,0.007016478222338534,0.006626157579506456,0.006477464001284712,0.007574079140670074,0.0060499699638971996,0.005566715834676533,0.006384530514896123,0.006356650468979546,0.005529542440121097,0.005436608953732506,0.007862172948474702,0.010306323640494615,0.00852200070183369
19175,0.0006133610101646931,0.0006133610101646931,0.000622654358803552,0.0006412410560812699,0.0006784144506367059,0.0007713479370252958,0.0008364013774973088,0.0008735747720527446,0.0009850949557190525,0.001198841974412809,0.0015334025254117325,0.0018400830304940792,0.0022211103246872975,0.002648604362074811,0.003261965372239504,0.004005433263348223,0.004683847713984929,0.004693141062623788,0.0045165674384854675,0.004135540144292248,0.0035965259232384277,0.0037452195014601713,0.0036244059691550043,0.0037452195014601713,0.0037080461069047355,0.003968259868792787,0.004200593584764261,0.0041913002361254025,0.00384744633648762,0.004265647025236274,0.004813954594928955,0.0043399938143471465,0.004451513998013454,0.006217250239396662,0.006728384414533906,0.005120635100011301,0.0071651718005602775,0.007908639691668997,0.009878829603107103,0.009646495887135629,0.00926546859294241,0.00952568235483046,0.00732315872742088,0.007258105286948867,0.007016478222338534,0.006626157579506456,0.006477464001284712,0.007574079140670074,0.0060499699638971996,0.005566715834676533,0.006384530514896123,0.006356650468979546,0.005529542440121097,0.005436608953732506,0.007862172948474702,0.010306323640494615,0.00852200070183369
19177,0.0006133610101646931,0.0006133610101646931,0.000622654358803552,0.0006412410560812699,0.0006784144506367059,0.0007713479370252958,0.0008364013774973088,0.0008735747720527446,0.0009850949557190525,0.001198841974412809,0.0015334025254117325,0.0018400830304940792,0.0022211103246872975,0.002648604362074811,0.003261965372239504,0.004005433263348223,0.004683847713984929,0.004693141062623788,0.0045165674384854675,0.004135540144292248,0.0035965259232384277,0.0037452195014601713,0.0036244059691550043,0.0037452195014601713,0.0037080461069047355,0.003968259868792787,0.004200593584764261,0.0041913002361254025,0.00384744633648762,0.004265647025236274,0.004813954594928955,0.0043399938143471465,0.004451513998013454,0.006217250239396662,0.006728384414533906,0.005120635100011301,0.0071651718005602775,0.007908639691668997,0.009878829603107103,0.009646495887135629,0.00926546859294241,0.00952568235483046,0.00732315872742088,0.007258105286948867,0.007016478222338534,0.006626157579506456,0.006477464001284712,0.007574079140670074,0.0060499699638971996,0.005566715834676533,0.006384530514896123,0.006356650468979546,0.005529542440121097,0.005436608953732506,0.007862172948474702,0.010306323640494615,0.00852200070183369
19179,0.0006133610101646931,0.0006133610101646931,0.000622654358803552,0.0006412410560812699,0.0006784144506367059,0.0007713479370252958,0.0008364013774973088,0.0008735747720527446,0.0009850949557190525,0.001198841974412809,0.0015334025254117325,0.0018400830304940792,0.0022211103246872975,0.002648604362074811,0.003261965372239504,0.004005433263348223,0.004683847713984929,0.004693141062623788,0.0045165674384854675,0.004135540144292248,0.0035965259232384277,0.0037452195014601713,0.0036244059691550043,0.0037452195014601713,0.0037080461069047355,0.003968259868792787,0.004200593584764261,0.0041913002361254025,0.00384744633648762,0.004265647025236274,0.004813954594928955,0.0043399938143471465,0.004451513998013454,0.006217250239396662,0.006728384414533906,0.005120635100011301,0.0071651718005602775,0.007908639691668997,0.009878829603107103,0.009646495887135629,0.00926546859294241,0.00952568235483046,0.00732315872742088,0.007258105286948867,0.007016478222338534,0.006626157579506456,0.006477464001284712,0.007574079140670074,0.0060499699638971996,0.005566715834676533,0.006384530514896123,0.006356650468979546,0.005529542440121097,0.005436608953732506,0.007862172948474702,0.010306323640494615,0.00852200070183369
19181,0.0006133610101646931,0.0006133610101646931,0.000622654358803552,0.0006412410560812699,0.0006784144506367059,0.0007713479370252958,0.0008364013774973088,0.0008735747720527446,0.0009850949557190525,0.001198841974412809,0.0015334025254117325,0.0018400830304940792,0.0022211103246872975,0.002648604362074811,0.003261965372239504,0.004005433263348223,0.004683847713984929,0.004693141062623788,0.0045165674384854675,0.004135540144292248,0.0035965259232384277,0.0037452195014601713,0.0036244059691550043,0.0037452195014601713,0.0037080461069047355,0.003968259868792787,0.004200593584764261,0.0041913002361254025,0.00384744633648762,0.004265647025236274,0.004813954594928955,0.0043399938143471465,0.004451513998013454,0.006217250239396662,0.006728384414533906,0.005120635100011301,0.0071651718005602775,0.007908639691668997,0.009878829603107103,0.009646495887135629,0.00926546859294241,0.00952568235483046,0.00732315872742088,0.007258105286948867,0.007016478222338534,0.006626157579506456,0.006477464001284712,0.007574079140670074,0.0060499699638971996,0.005566715834676533,0.006384530514896123,0.006356650468979546,0.005529542440121097,0.005436608953732506,0.007862172948474702,0.010306323640494615,0.00852200070183369
19183,0.0006133610101646931,0.0006133610101646931,0.000622654358803552,0.0006412410560812699,0.0006784144506367059,0.0007713479370252958,0.0008364013774973088,0.0008735747720527446,0.0009850949557190525,0.001198841974412809,0.0015334025254117325,0.0018400830304940792,0.0022211103246872975,0.002648604362074811,0.003261965372239504,0.004005433263348223,0.004683847713984929,0.004693141062623788,0.0045165674384854675,0.004135540144292248,0.0035965259232384277,0.0037452195014601713,0.0036244059691550043,0.0037452195014601713,0.0037080461069047355,0.003968259868792787,0.004200593584764261,0.0041913002361254025,0.00384744633648762,0.004265647025236274,0.004813954594928955,0.0043399938143471465,0.004451513998013454,0.006217250239396662,0.006728384414533906,0.005120635100011301,0.0071651718005602775,0.007908639691668997,0.009878829603107103,0.009646495887135629,0.00926546859294241,0.00952568235483046,0.00732315872742088,0.007258105286948867,0.007016478222338534,0.006626157579506456,0.006477464001284712,0.007574079140670074,0.0060499699638971996,0.005566715834676533,0.006384530514896123,0.006356650468979546,0.005529542440121097,0.005436608953732506,0.007862172948474702,0.010306323640494615,0.00852200070183369
19185,0.0006133610101646931,0.0006133610101646931,0.000622654358803552,0.0006412410560812699,0.0006784144506367059,0.0007713479370252958,0.0008364013774973088,0.0008735747720527446,0.0009850949557190525,0.001198841974412809,0.0015334025254117325,0.0018400830304940792,0.0022211103246872975,0.002648604362074811,0.003261965372239504,0.004005433263348223,0.004683847713984929,0.004693141062623788,0.0045165674384854675,0.004135540144292248,0.0035965259232384277,0.0037452195014601713,0.0036244059691550043,0.0037452195014601713,0.0037080461069047355,0.003968259868792787,0.004200593584764261,0.0041913002361254025,0.00384744633648762,0.004265647025236274,0.004813954594928955,0.0043399938143471465,0.004451513998013454,0.006217250239396662,0.006728384414533906,0.005120635100011301,0.0071651718005602775,0.007908639691668997,0.009878829603107103,0.009646495887135629,0.00926546859294241,0.00952568235483046,0.00732315872742088,0.007258105286948867,0.007016478222338534,0.006626157579506456,0.006477464001284712,0.007574079140670074,0.0060499699638971996,0.005566715834676533,0.006384530514896123,0.006356650468979546,0.005529542440121097,0.005436608953732506,0.007862172948474702,0.010306323640494615,0.00852200070183369
19187,0.0006133610101646931,0.0006133610101646931,0.000622654358803552,0.0006412410560812699,0.0006784144506367059,0.0007713479370252958,0.0008364013774973088,0.0008735747720527446,0.0009850949557190525,0.001198841974412809,0.0015334025254117325,0.0018400830304940792,0.0022211103246872975,0.002648604362074811,0.003261965372239504,0.004005433263348223,0.004683847713984929,0.004693141062623788,0.0045165674384854675,0.004135540144292248,0.0035965259232384277,0.0037452195014601713,0.0036244059691550043,0.0037452195014601713,0.0037080461069047355,0.003968259868792787,0.004200593584764261,0.0041913002361254025,0.00384744633648762,0.004265647025236274,0.004813954594928955,0.0043399938143471465,0.004451513998013454,0.006217250239396662,0.006728384414533906,0.005120635100011301,0.0071651718005602775,0.007908639691668997,0.009878829603107103,0.009646495887135629,0.00926546859294241,0.00952568235483046,0.00732315872742088,0.007258105286948867,0.007016478222338534,0.006626157579506456,0.006477464001284712,0.007574079140670074,0.0060499699638971996,0.005566715834676533,0.006384530514896123,0.006356650468979546,0.005529542440121097,0.005436608953732506,0.007862172948474702,0.010306323640494615,0.00852200070183369
19189,0.0006133610101646931,0.0006133610101646931,0.000622654358803552,0.0006412410560812699,0.0006784144506367059,0.0007713479370252958,0.0008364013774973088,0.0008735747720527446,0.0009850949557190525,0.001198841974412809,0.0015334025254117325,0.0018400830304940792,0.0022211103246872975,0.002648604362074811,0.003261965372239504,0.004005433263348223,0.004683847713984929,0.004693141062623788,0.0045165674384854675,0.004135540144292248,0.0035965259232384277,0.0037452195014601713,0.0036244059691550043,0.0037452195014601713,0.0037080461069047355,0.003968259868792787,0.004200593584764261,0.0041913002361254025,0.00384744633648762,0.004265647025236274,0.004813954594928955,0.0043399938143471465,0.004451513998013454,0.006217250239396662,0.006728384414533906,0.005120635100011301,0.0071651718005602775,0.007908639691668997,0.009878829603107103,0.009646495887135629,0.00926546859294241,0.00952568235483046,0.00732315872742088,0.007258105286948867,0.007016478222338534,0.006626157579506456,0.006477464001284712,0.007574079140670074,0.0060499699638971996,0.005566715834676533,0.006384530514896123,0.006356650468979546,0.005529542440121097,0.005436608953732506,0.007862172948474702,0.010306323640494615,0.00852200070183369
19191,0.0006133610101646931,0.0006133610101646931,0.000622654358803552,0.0006412410560812699,0.0006784144506367059,0.0007713479370252958,0.0008364013774973088,0.0008735747720527446,0.0009850949557190525,0.001198841974412809,0.0015334025254117325,0.0018400830304940792,0.0022211103246872975,0.002648604362074811,0.003261965372239504,0.004005433263348223,0.004683847713984929,0.004693141062623788,0.0045165674384854675,0.004135540144292248,0.0035965259232384277,0.0037452195014601713,0.0036244059691550043,0.0037452195014601713,0.0037080461069047355,0.003968259868792787,0.004200593584764261,0.0041913002361254025,0.00384744633648762,0.004265647025236274,0.004813954594928955,0.0043399938143471465,0.004451513998013454,0.006217250239396662,0.006728384414533906,0.005120635100011301,0.0071651718005602775,0.007908639691668997,0.009878829603107103,0.009646495887135629,0.00926546859294241,0.00952568235483046,0.00732315872742088,0.007258105286948867,0.007016478222338534,0.006626157579506456,0.006477464001284712,0.007574079140670074,0.0060499699638971996,0.005566715834676533,0.006384530514896123,0.006356650468979546,0.005529542440121097,0.005436608953732506,0.007862172948474702,0.010306323640494615,0.00852200070183369
19193,0.0006133610101646931,0.0006133610101646931,0.000622654358803552,0.0006412410560812699,0.0006784144506367059,0.0007713479370252958,0.0008364013774973088,0.0008735747720527446,0.0009850949557190525,0.001198841974412809,0.0015334025254117325,0.0018400830304940792,0.0022211103246872975,0.002648604362074811,0.003261965372239504,0.004005433263348223,0.004683847713984929,0.004693141062623788,0.0045165674384854675,0.004135540144292248,0.0035965259232384277,0.0037452195014601713,0.0036244059691550043,0.0037452195014601713,0.0037080461069047355,0.003968259868792787,0.004200593584764261,0.0041913002361254025,0.00384744633648762,0.004265647025236274,0.004813954594928955,0.0043399938143471465,0.004451513998013454,0.006217250239396662,0.006728384414533906,0.005120635100011301,0.0071651718005602775,0.007908639691668997,0.009878829603107103,0.009646495887135629,0.00926546859294241,0.00952568235483046,0.00732315872742088,0.007258105286948867,0.007016478222338534,0.006626157579506456,0.006477464001284712,0.007574079140670074,0.0060499699638971996,0.005566715834676533,0.006384530514896123,0.006356650468979546,0.005529542440121097,0.005436608953732506,0.007862172948474702,0.010306323640494615,0.00852200070183369
19195,0.0006133610101646931,0.0006133610101646931,0.000622654358803552,0.0006412410560812699,0.0006784144506367059,0.0007713479370252958,0.0008364013774973088,0.0008735747720527446,0.0009850949557190525,0.001198841974412809,0.0015334025254117325,0.0018400830304940792,0.0022211103246872975,0.002648604362074811,0.003261965372239504,0.004005433263348223,0.004683847713984929,0.004693141062623788,0.0045165674384854675,0.004135540144292248,0.0035965259232384277,0.0037452195014601713,0.0036244059691550043,0.0037452195014601713,0.0037080461069047355,0.003968259868792787,0.004200593584764261,0.0041913002361254025,0.00384744633648762,0.004265647025236274,0.004813954594928955,0.0043399938143471465,0.004451513998013454,0.006217250239396662,0.006728384414533906,0.005120635100011301,0.0071651718005602775,0.007908639691668997,0.009878829603107103,0.009646495887135629,0.00926546859294241,0.00952568235483046,0.00732315872742088,0.007258105286948867,0.007016478222338534,0.006626157579506456,0.006477464001284712,0.007574079140670074,0.0060499699638971996,0.005566715834676533,0.006384530514896123,0.006356650468979546,0.005529542440121097,0.005436608953732506,0.007862172948474702,0.010306323640494615,0.00852200070183369
19197,0.0006133610101646931,0.0006133610101646931,0.000622654358803552,0.0006412410560812699,0.0006784144506367059,0.0007713479370252958,0.0008364013774973088,0.0008735747720527446,0.0009850949557190525,0.001198841974412809,0.0015334025254117325,0.0018400830304940792,0.0022211103246872975,0.002648604362074811,0.003261965372239504,0.004005433263348223,0.004683847713984929,0.004693141062623788,0.0045165674384854675,0.004135540144292248,0.0035965259232384277,0.0037452195014601713,0.0036244059691550043,0.0037452195014601713,0.0037080461069047355,0.003968259868792787,0.004200593584764261,0.0041913002361254025,0.00384744633648762,0.004265647025236274,0.004813954594928955,0.0043399938143471465,0.004451513998013454,0.006217250239396662,0.006728384414533906,0.005120635100011301,0.0071651718005602775,0.007908639691668997,0.009878829603107103,0.009646495887135629,0.00926546859294241,0.00952568235483046,0.00732315872742088,0.007258105286948867,0.007016478222338534,0.006626157579506456,0.006477464001284712,0.007574079140670074,0.0060499699638971996,0.005566715834676533,0.006384530514896123,0.006356650468979546,0.005529542440121097,0.005436608953732506,0.007862172948474702,0.010306323640494615,0.00852200070183369
20001,0.0003810272941932184,0.0003996139914709364,0.0003903206428320774,0.0004182006887486544,0.0004367873860263723,0.0004739607805818083,0.0004925474778595262,0.0005576009183315391,0.000622654358803552,0.0010222683502744885,0.0011059084880242192,0.0010873217907465013,0.0014962291308562967,0.0017657362413832072,0.0022396970219650154,0.0030110449589903117,0.004237766979319697,0.003215498629045209,0.0029274048212405805,0.0026578977107136696,0.0028065912889354136,0.0028158846375742723,0.002918111472601722,0.003122565142656619,0.0030853917481011833,0.003280552069517222,0.003773099547376748,0.003828859639209902,0.0036522860150715814,0.004284233722513992,0.0049998215677061345,0.004628087622151775,0.004683847713984929,0.00631947707442411,0.007917933040307855,0.0060499699638971996,0.007899346343030137,0.009386282125247575,0.010640884191493538,0.011560925706740577,0.011189191761186218,0.011375058733963399,0.009302641987497844,0.008968081436498921,0.008261786939945639,0.008196733499473625,0.0084290672154451,0.008930908041943485,0.00824320024266792,0.007815706205280408,0.008642814234138858,0.008020159875335305,0.0071372917546437,0.00696071813050538,0.008438360564083959,0.011458698871713129,
20003,0.0003810272941932184,0.0003996139914709364,0.0003903206428320774,0.0004182006887486544,0.0004367873860263723,0.0004739607805818083,0.0004925474778595262,0.0005576009183315391,0.000622654358803552,0.0010222683502744885,0.0011059084880242192,0.0010873217907465013,0.0014962291308562967,0.0017657362413832072,0.0022396970219650154,0.0030110449589903117,0.004237766979319697,0.003215498629045209,0.0029274048212405805,0.0026578977107136696,0.0028065912889354136,0.0028158846375742723,0.002918111472601722,0.003122565142656619,0.0030853917481011833,0.003280552069517222,0.003773099547376748,0.003828859639209902,0.0036522860150715814,0.004284233722513992,0.0049998215677061345,0.004628087622151775,0.004683847713984929,0.00631947707442411,0.007917933040307855,0.0060499699638971996,0.007899346343030137,0.009386282125247575,0.010640884191493538,0.011560925706740577,0.011189191761186218,0.011375058733963399,0.009302641987497844,0.008968081436498921,0.008261786939945639,0.008196733499473625,0.0084290672154451,0.008930908041943485,0.00824320024266792,0.007815706205280408,0.008642814234138858,0.008020159875335305,0.0071372917546437,0.00696071813050538,0.008438360564083959,0.011458698871713129,
20005,0.0003810272941932184,0.0003996139914709364,0.0003903206428320774,0.0004182006887486544,0.0004367873860263723,0.0004739607805818083,0.0004925474778595262,0.0005576009183315391,0.000622654358803552,0.0010222683502744885,0.0011059084880242192,0.0010873217907465013,0.0014962291308562967,0.0017657362413832072,0.0022396970219650154,0.0030110449589903117,0.004237766979319697,0.003215498629045209,0.0029274048212405805,0.0026578977107136696,0.0028065912889354136,0.0028158846375742723,0.002918111472601722,0.003122565142656619,0.0030853917481011833,0.003280552069517222,0.003773099547376748,0.003828859639209902,0.0036522860150715814,0.004284233722513992,0.0049998215677061345,0.004628087622151775,0.004683847713984929,0.00631947707442411,0.007917933040307855,0.0060499699638971996,0.007899346343030137,0.009386282125247575,0.010640884191493538,0.011560925706740577,0.011189191761186218,0.011375058733963399,0.009302641987497844,0.008968081436498921,0.008261786939945639,0.008196733499473625,0.0084290672154451,0.008930908041943485,0.00824320024266792,0.007815706205280408,0.008642814234138858,0.008020159875335305,0.0071372917546437,0.00696071813050538,0.008438360564083959,0.011458698871713129,
20007,0.0003810272941932184,0.0003996139914709364,0.0003903206428320774,0.0004182006887486544,0.0004367873860263723,0.0004739607805818083,0.0004925474778595262,0.0005576009183315391,0.000622654358803552,0.0010222683502744885,0.0011059084880242192,0.0010873217907465013,0.0014962291308562967,0.0017657362413832072,0.0022396970219650154,0.0030110449589903117,0.004237766979319697,0.003215498629045209,0.0029274048212405805,0.0026578977107136696,0.0028065912889354136,0.0028158846375742723,0.002918111472601722,0.003122565142656619,0.0030853917481011833,0.003280552069517222,0.003773099547376748,0.003828859639209902,0.0036522860150715814,0.004284233722513992,0.0049998215677061345,0.004628087622151775,0.004683847713984929,0.00631947707442411,0.007917933040307855,0.0060499699638971996,0.007899346343030137,0.009386282125247575,0.010640884191493538,0.011560925706740577,0.011189191761186218,0.011375058733963399,0.009302641987497844,0.008968081436498921,0.008261786939945639,0.008196733499473625,0.0084290672154451,0.008930908041943485,0.00824320024266792,0.007815706205280408,0.008642814234138858,0.008020159875335305,0.0071372917546437,0.00696071813050538,0.008438360564083959,0.011458698871713129,
20009,0.0003810272941932184,0.0003996139914709364,0.0003903206428320774,0.0004182006887486544,0.0004367873860263723,0.0004739607805818083,0.0004925474778595262,0.0005576009183315391,0.000622654358803552,0.0010222683502744885,0.0011059084880242192,0.0010873217907465013,0.0014962291308562967,0.0017657362413832072,0.0022396970219650154,0.0030110449589903117,0.004237766979319697,0.003215498629045209,0.0029274048212405805,0.0026578977107136696,0.0028065912889354136,0.0028158846375742723,0.002918111472601722,0.003122565142656619,0.0030853917481011833,0.003280552069517222,0.003773099547376748,0.003828859639209902,0.0036522860150715814,0.004284233722513992,0.0049998215677061345,0.004628087622151775,0.004683847713984929,0.00631947707442411,0.007917933040307855,0.0060499699638971996,0.007899346343030137,0.009386282125247575,0.010640884191493538,0.011560925706740577,0.011189191761186218,0.011375058733963399,0.009302641987497844,0.008968081436498921,0.008261786939945639,0.008196733499473625,0.0084290672154451,0.008930908041943485,0.00824320024266792,0.007815706205280408,0.008642814234138858,0.008020159875335305,0.0071372917546437,0.00696071813050538,0.008438360564083959,0.011458698871713129,
20011,0.0003810272941932184,0.0003996139914709364,0.0003903206428320774,0.0004182006887486544,0.0004367873860263723,0.0004739607805818083,0.0004925474778595262,0.0005576009183315391,0.000622654358803552,0.0010222683502744885,0.0011059084880242192,0.0010873217907465013,0.0014962291308562967,0.0017657362413832072,0.0022396970219650154,0.0030110449589903117,0.004237766979319697,0.003215498629045209,0.0029274048212405805,0.0026578977107136696,0.0028065912889354136,0.0028158846375742723,0.002918111472601722,0.003122565142656619,0.0030853917481011833,0.003280552069517222,0.003773099547376748,0.003828859639209902,0.0036522860150715814,0.004284233722513992,0.0049998215677061345,0.004628087622151775,0.004683847713984929,0.00631947707442411,0.007917933040307855,0.0060499699638971996,0.007899346343030137,0.009386282125247575,0.010640884191493538,0.011560925706740577,0.011189191761186218,0.011375058733963399,0.009302641987497844,0.008968081436498921,0.008261786939945639,0.008196733499473625,0.0084290672154451,0.008930908041943485,0.00824320024266792,0.007815706205280408,0.008642814234138858,0.008020159875335305,0.0071372917546437,0.00696071813050538,0.008438360564083959,0.011458698871713129,
20013,0.0003810272941932184,0.0003996139914709364,0.0003903206428320774,0.0004182006887486544,0.0004367873860263723,0.0004739607805818083,0.0004925474778595262,0.0005576009183315391,0.000622654358803552,0.0010222683502744885,0.0011059084880242192,0.0010873217907465013,0.0014962291308562967,0.0017657362413832072,0.0022396970219650154,0.0030110449589903117,0.004237766979319697,0.003215498629045209,0.0029274048212405805,0.0026578977107136696,0.0028065912889354136,0.0028158846375742723,0.002918111472601722,0.003122565142656619,0.0030853917481011833,0.003280552069517222,0.003773099547376748,0.003828859639209902,0.0036522860150715814,0.004284233722513992,0.0049998215677061345,0.004628087622151775,0.004683847713984929,0.00631947707442411,0.007917933040307855,0.0060499699638971996,0.007899346343030137,0.009386282125247575,0.010640884191493538,0.011560925706740577,0.011189191761186218,0.011375058733963399,0.009302641987497844,0.008968081436498921,0.008261786939945639,0.008196733499473625,0.0084290672154451,0.008930908041943485,0.00824320024266792,0.007815706205280408,0.008642814234138858,0.008020159875335305,0.0071372917546437,0.00696071813050538,0.008438360564083959,0.011458698871713129,
20015,0.0003810272941932184,0.0003996139914709364,0.0003903206428320774,0.0004182006887486544,0.0004367873860263723,0.0004739607805818083,0.0004925474778595262,0.0005576009183315391,0.000622654358803552,0.0010222683502744885,0.0011059084880242192,0.0010873217907465013,0.0014962291308562967,0.0017657362413832072,0.0022396970219650154,0.0030110449589903117,0.004237766979319697,0.003215498629045209,0.0029274048212405805,0.0026578977107136696,0.0028065912889354136,0.0028158846375742723,0.002918111472601722,0.003122565142656619,0.0030853917481011833,0.003280552069517222,0.003773099547376748,0.003828859639209902,0.0036522860150715814,0.004284233722513992,0.0049998215677061345,0.004628087622151775,0.004683847713984929,0.00631947707442411,0.007917933040307855,0.0060499699638971996,0.007899346343030137,0.009386282125247575,0.010640884191493538,0.011560925706740577,0.011189191761186218,0.011375058733963399,0.009302641987497844,0.008968081436498921,0.008261786939945639,0.008196733499473625,0.0084290672154451,0.008930908041943485,0.00824320024266792,0.007815706205280408,0.008642814234138858,0.008020159875335305,0.0071372917546437,0.00696071813050538,0.008438360564083959,0.011458698871713129,
20017,0.0003810272941932184,0.0003996139914709364,0.0003903206428320774,0.0004182006887486544,0.0004367873860263723,0.0004739607805818083,0.0004925474778595262,0.0005576009183315391,0.000622654358803552,0.0010222683502744885,0.0011059084880242192,0.0010873217907465013,0.0014962291308562967,0.0017657362413832072,0.0022396970219650154,0.0030110449589903117,0.004237766979319697,0.003215498629045209,0.0029274048212405805,0.0026578977107136696,0.0028065912889354136,0.0028158846375742723,0.002918111472601722,0.003122565142656619,0.0030853917481011833,0.003280552069517222,0.003773099547376748,0.003828859639209902,0.0036522860150715814,0.004284233722513992,0.0049998215677061345,0.004628087622151775,0.004683847713984929,0.00631947707442411,0.007917933040307855,0.0060499699638971996,0.007899346343030137,0.009386282125247575,0.010640884191493538,0.011560925706740577,0.011189191761186218,0.011375058733963399,0.009302641987497844,0.008968081436498921,0.008261786939945639,0.008196733499473625,0.0084290672154451,0.008930908041943485,0.00824320024266792,0.007815706205280408,0.008642814234138858,0.008020159875335305,0.0071372917546437,0.00696071813050538,0.008438360564083959,0.011458698871713129,
20019,0.0003810272941932184,0.0003996139914709364,0.0003903206428320774,0.0004182006887486544,0.0004367873860263723,0.0004739607805818083,0.0004925474778595262,0.0005576009183315391,0.000622654358803552,0.0010222683502744885,0.0011059084880242192,0.0010873217907465013,0.0014962291308562967,0.0017657362413832072,0.0022396970219650154,0.0030110449589903117,0.004237766979319697,0.003215498629045209,0.0029274048212405805,0.0026578977107136696,0.0028065912889354136,0.0028158846375742723,0.002918111472601722,0.003122565142656619,0.0030853917481011833,0.003280552069517222,0.003773099547376748,0.003828859639209902,0.0036522860150715814,0.004284233722513992,0.0049998215677061345,0.004628087622151775,0.004683847713984929,0.00631947707442411,0.007917933040307855,0.0060499699638971996,0.007899346343030137,0.009386282125247575,0.010640884191493538,0.011560925706740577,0.011189191761186218,0.011375058733963399,0.009302641987497844,0.008968081436498921,0.008261786939945639,0.008196733499473625,0.0084290672154451,0.008930908041943485,0.00824320024266792,0.007815706205280408,0.008642814234138858,0.008020159875335305,0.0071372917546437,0.00696071813050538,0.008438360564083959,0.011458698871713129,
20021,0.0003810272941932184,0.0003996139914709364,0.0003903206428320774,0.0004182006887486544,0.0004367873860263723,0.0004739607805818083,0.0004925474778595262,0.0005576009183315391,0.000622654358803552,0.0010222683502744885,0.0011059084880242192,0.0010873217907465013,0.0014962291308562967,0.0017657362413832072,0.0022396970219650154,0.0030110449589903117,0.004237766979319697,0.003215498629045209,0.0029274048212405805,0.0026578977107136696,0.0028065912889354136,0.0028158846375742723,0.002918111472601722,0.003122565142656619,0.0030853917481011833,0.003280552069517222,0.003773099547376748,0.003828859639209902,0.0036522860150715814,0.004284233722513992,0.0049998215677061345,0.004628087622151775,0.004683847713984929,0.00631947707442411,0.007917933040307855,0.0060499699638971996,0.007899346343030137,0.009386282125247575,0.010640884191493538,0.011560925706740577,0.011189191761186218,0.011375058733963399,0.009302641987497844,0.008968081436498921,0.008261786939945639,0.008196733499473625,0.0084290672154451,0.008930908041943485,0.00824320024266792,0.007815706205280408,0.008642814234138858,0.008020159875335305,0.0071372917546437,0.00696071813050538,0.008438360564083959,0.011458698871713129,
20023,0.0003810272941932184,0.0003996139914709364,0.0003903206428320774,0.0004182006887486544,0.0004367873860263723,0.0004739607805818083,0.0004925474778595262,0.0005576009183315391,0.000622654358803552,0.0010222683502744885,0.0011059084880242192,0.0010873217907465013,0.0014962291308562967,0.0017657362413832072,0.0022396970219650154,0.0030110449589903117,0.004237766979319697,0.003215498629045209,0.0029274048212405805,0.0026578977107136696,0.0028065912889354136,0.0028158846375742723,0.002918111472601722,0.003122565142656619,0.0030853917481011833,0.003280552069517222,0.003773099547376748,0.003828859639209902,0.0036522860150715814,0.004284233722513992,0.0049998215677061345,0.004628087622151775,0.004683847713984929,0.00631947707442411,0.007917933040307855,0.0060499699638971996,0.007899346343030137,0.009386282125247575,0.010640884191493538,0.011560925706740577,0.011189191761186218,0.011375058733963399,0.009302641987497844,0.008968081436498921,0.008261786939945639,0.008196733499473625,0.0084290672154451,0.008930908041943485,0.00824320024266792,0.007815706205280408,0.008642814234138858,0.008020159875335305,0.0071372917546437,0.00696071813050538,0.008438360564083959,0.011458698871713129,
20025,0.0003810272941932184,0.0003996139914709364,0.0003903206428320774,0.0004182006887486544,0.0004367873860263723,0.0004739607805818083,0.0004925474778595262,0.0005576009183315391,0.000622654358803552,0.0010222683502744885,0.0011059084880242192,0.0010873217907465013,0.0014962291308562967,0.0017657362413832072,0.0022396970219650154,0.0030110449589903117,0.004237766979319697,0.003215498629045209,0.0029274048212405805,0.0026578977107136696,0.0028065912889354136,0.0028158846375742723,0.002918111472601722,0.003122565142656619,0.0030853917481011833,0.003280552069517222,0.003773099547376748,0.003828859639209902,0.0036522860150715814,0.004284233722513992,0.0049998215677061345,0.004628087622151775,0.004683847713984929,0.00631947707442411,0.007917933040307855,0.0060499699638971996,0.007899346343030137,0.009386282125247575,0.010640884191493538,0.011560925706740577,0.011189191761186218,0.011375058733963399,0.009302641987497844,0.008968081436498921,0.008261786939945639,0.008196733499473625,0.0084290672154451,0.008930908041943485,0.00824320024266792,0.007815706205280408,0.008642814234138858,0.008020159875335305,0.0071372917546437,0.00696071813050538,0.008438360564083959,0.011458698871713129,
20027,0.0003810272941932184,0.0003996139914709364,0.0003903206428320774,0.0004182006887486544,0.0004367873860263723,0.0004739607805818083,0.0004925474778595262,0.0005576009183315391,0.000622654358803552,0.0010222683502744885,0.0011059084880242192,0.0010873217907465013,0.0014962291308562967,0.0017657362413832072,0.0022396970219650154,0.0030110449589903117,0.004237766979319697,0.003215498629045209,0.0029274048212405805,0.0026578977107136696,0.0028065912889354136,0.0028158846375742723,0.002918111472601722,0.003122565142656619,0.0030853917481011833,0.003280552069517222,0.003773099547376748,0.003828859639209902,0.0036522860150715814,0.004284233722513992,0.0049998215677061345,0.004628087622151775,0.004683847713984929,0.00631947707442411,0.007917933040307855,0.0060499699638971996,0.007899346343030137,0.009386282125247575,0.010640884191493538,0.011560925706740577,0.011189191761186218,0.011375058733963399,0.009302641987497844,0.008968081436498921,0.008261786939945639,0.008196733499473625,0.0084290672154451,0.008930908041943485,0.00824320024266792,0.007815706205280408,0.008642814234138858,0.008020159875335305,0.0071372917546437,0.00696071813050538,0.008438360564083959,0.011458698871713129,
20029,0.0003810272941932184,0.0003996139914709364,0.0003903206428320774,0.0004182006887486544,0.0004367873860263723,0.0004739607805818083,0.0004925474778595262,0.0005576009183315391,0.000622654358803552,0.0010222683502744885,0.0011059084880242192,0.0010873217907465013,0.0014962291308562967,0.0017657362413832072,0.0022396970219650154,0.0030110449589903117,0.004237766979319697,0.003215498629045209,0.0029274048212405805,0.0026578977107136696,0.0028065912889354136,0.0028158846375742723,0.002918111472601722,0.003122565142656619,0.0030853917481011833,0.003280552069517222,0.003773099547376748,0.003828859639209902,0.0036522860150715814,0.004284233722513992,0.0049998215677061345,0.004628087622151775,0.004683847713984929,0.00631947707442411,0.007917933040307855,0.0060499699638971996,0.007899346343030137,0.009386282125247575,0.010640884191493538,0.011560925706740577,0.011189191761186218,0.011375058733963399,0.009302641987497844,0.008968081436498921,0.008261786939945639,0.008196733499473625,0.0084290672154451,0.008930908041943485,0.00824320024266792,0.007815706205280408,0.008642814234138858,0.008020159875335305,0.0071372917546437,0.00696071813050538,0.008438360564083959,0.011458698871713129,
20031,0.0003810272941932184,0.0003996139914709364,0.0003903206428320774,0.0004182006887486544,0.0004367873860263723,0.0004739607805818083,0.0004925474778595262,0.0005576009183315391,0.000622654358803552,0.0010222683502744885,0.0011059084880242192,0.0010873217907465013,0.0014962291308562967,0.0017657362413832072,0.0022396970219650154,0.0030110449589903117,0.004237766979319697,0.003215498629045209,0.0029274048212405805,0.0026578977107136696,0.0028065912889354136,0.0028158846375742723,0.002918111472601722,0.003122565142656619,0.0030853917481011833,0.003280552069517222,0.003773099547376748,0.003828859639209902,0.0036522860150715814,0.004284233722513992,0.0049998215677061345,0.004628087622151775,0.004683847713984929,0.00631947707442411,0.007917933040307855,0.0060499699638971996,0.007899346343030137,0.009386282125247575,0.010640884191493538,0.011560925706740577,0.011189191761186218,0.011375058733963399,0.009302641987497844,0.008968081436498921,0.008261786939945639,0.008196733499473625,0.0084290672154451,0.008930908041943485,0.00824320024266792,0.007815706205280408,0.008642814234138858,0.008020159875335305,0.0071372917546437,0.00696071813050538,0.008438360564083959,0.011458698871713129,
20033,0.0003810272941932184,0.0003996139914709364,0.0003903206428320774,0.0004182006887486544,0.0004367873860263723,0.0004739607805818083,0.0004925474778595262,0.0005576009183315391,0.000622654358803552,0.0010222683502744885,0.0011059084880242192,0.0010873217907465013,0.0014962291308562967,0.0017657362413832072,0.0022396970219650154,0.0030110449589903117,0.004237766979319697,0.003215498629045209,0.0029274048212405805,0.0026578977107136696,0.0028065912889354136,0.0028158846375742723,0.002918111472601722,0.003122565142656619,0.0030853917481011833,0.003280552069517222,0.003773099547376748,0.003828859639209902,0.0036522860150715814,0.004284233722513992,0.0049998215677061345,0.004628087622151775,0.004683847713984929,0.00631947707442411,0.007917933040307855,0.0060499699638971996,0.007899346343030137,0.009386282125247575,0.010640884191493538,0.011560925706740577,0.011189191761186218,0.011375058733963399,0.009302641987497844,0.008968081436498921,0.008261786939945639,0.008196733499473625,0.0084290672154451,0.008930908041943485,0.00824320024266792,0.007815706205280408,0.008642814234138858,0.008020159875335305,0.0071372917546437,0.00696071813050538,0.008438360564083959,0.011458698871713129,
20035,0.0003810272941932184,0.0003996139914709364,0.0003903206428320774,0.0004182006887486544,0.0004367873860263723,0.0004739607805818083,0.0004925474778595262,0.0005576009183315391,0.000622654358803552,0.0010222683502744885,0.0011059084880242192,0.0010873217907465013,0.0014962291308562967,0.0017657362413832072,0.0022396970219650154,0.0030110449589903117,0.004237766979319697,0.003215498629045209,0.0029274048212405805,0.0026578977107136696,0.0028065912889354136,0.0028158846375742723,0.002918111472601722,0.003122565142656619,0.0030853917481011833,0.003280552069517222,0.003773099547376748,0.003828859639209902,0.0036522860150715814,0.004284233722513992,0.0049998215677061345,0.004628087622151775,0.004683847713984929,0.00631947707442411,0.007917933040307855,0.0060499699638971996,0.007899346343030137,0.009386282125247575,0.010640884191493538,0.011560925706740577,0.011189191761186218,0.011375058733963399,0.009302641987497844,0.008968081436498921,0.008261786939945639,0.008196733499473625,0.0084290672154451,0.008930908041943485,0.00824320024266792,0.007815706205280408,0.008642814234138858,0.008020159875335305,0.0071372917546437,0.00696071813050538,0.008438360564083959,0.011458698871713129,
20037,0.0003810272941932184,0.0003996139914709364,0.0003903206428320774,0.0004182006887486544,0.0004367873860263723,0.0004739607805818083,0.0004925474778595262,0.0005576009183315391,0.000622654358803552,0.0010222683502744885,0.0011059084880242192,0.0010873217907465013,0.0014962291308562967,0.0017657362413832072,0.0022396970219650154,0.0030110449589903117,0.004237766979319697,0.003215498629045209,0.0029274048212405805,0.0026578977107136696,0.0028065912889354136,0.0028158846375742723,0.002918111472601722,0.003122565142656619,0.0030853917481011833,0.003280552069517222,0.003773099547376748,0.003828859639209902,0.0036522860150715814,0.004284233722513992,0.0049998215677061345,0.004628087622151775,0.004683847713984929,0.00631947707442411,0.007917933040307855,0.0060499699638971996,0.007899346343030137,0.009386282125247575,0.010640884191493538,0.011560925706740577,0.011189191761186218,0.011375058733963399,0.009302641987497844,0.008968081436498921,0.008261786939945639,0.008196733499473625,0.0084290672154451,0.008930908041943485,0.00824320024266792,0.007815706205280408,0.008642814234138858,0.008020159875335305,0.0071372917546437,0.00696071813050538,0.008438360564083959,0.011458698871713129,
20039,0.0003810272941932184,0.0003996139914709364,0.0003903206428320774,0.0004182006887486544,0.0004367873860263723,0.0004739607805818083,0.0004925474778595262,0.0005576009183315391,0.000622654358803552,0.0010222683502744885,0.0011059084880242192,0.0010873217907465013,0.0014962291308562967,0.0017657362413832072,0.0022396970219650154,0.0030110449589903117,0.004237766979319697,0.003215498629045209,0.0029274048212405805,0.0026578977107136696,0.0028065912889354136,0.0028158846375742723,0.002918111472601722,0.003122565142656619,0.0030853917481011833,0.003280552069517222,0.003773099547376748,0.003828859639209902,0.0036522860150715814,0.004284233722513992,0.0049998215677061345,0.004628087622151775,0.004683847713984929,0.00631947707442411,0.007917933040307855,0.0060499699638971996,0.007899346343030137,0.009386282125247575,0.010640884191493538,0.011560925706740577,0.011189191761186218,0.011375058733963399,0.009302641987497844,0.008968081436498921,0.008261786939945639,0.008196733499473625,0.0084290672154451,0.008930908041943485,0.00824320024266792,0.007815706205280408,0.008642814234138858,0.008020159875335305,0.0071372917546437,0.00696071813050538,0.008438360564083959,0.011458698871713129,
20041,0.0003810272941932184,0.0003996139914709364,0.0003903206428320774,0.0004182006887486544,0.0004367873860263723,0.0004739607805818083,0.0004925474778595262,0.0005576009183315391,0.000622654358803552,0.0010222683502744885,0.0011059084880242192,0.0010873217907465013,0.0014962291308562967,0.0017657362413832072,0.0022396970219650154,0.0030110449589903117,0.004237766979319697,0.003215498629045209,0.0029274048212405805,0.0026578977107136696,0.0028065912889354136,0.0028158846375742723,0.002918111472601722,0.003122565142656619,0.0030853917481011833,0.003280552069517222,0.003773099547376748,0.003828859639209902,0.0036522860150715814,0.004284233722513992,0.0049998215677061345,0.004628087622151775,0.004683847713984929,0.00631947707442411,0.007917933040307855,0.0060499699638971996,0.007899346343030137,0.009386282125247575,0.010640884191493538,0.011560925706740577,0.011189191761186218,0.011375058733963399,0.009302641987497844,0.008968081436498921,0.008261786939945639,0.008196733499473625,0.0084290672154451,0.008930908041943485,0.00824320024266792,0.007815706205280408,0.008642814234138858,0.008020159875335305,0.0071372917546437,0.00696071813050538,0.008438360564083959,0.011458698871713129,
20043,0.0003810272941932184,0.0003996139914709364,0.0003903206428320774,0.0004182006887486544,0.0004367873860263723,0.0004739607805818083,0.0004925474778595262,0.0005576009183315391,0.000622654358803552,0.0010222683502744885,0.0011059084880242192,0.0010873217907465013,0.0014962291308562967,0.0017657362413832072,0.0022396970219650154,0.0030110449589903117,0.004237766979319697,0.003215498629045209,0.0029274048212405805,0.0026578977107136696,0.0028065912889354136,0.0028158846375742723,0.002918111472601722,0.003122565142656619,0.0030853917481011833,0.003280552069517222,0.003773099547376748,0.003828859639209902,0.0036522860150715814,0.004284233722513992,0.0049998215677061345,0.004628087622151775,0.004683847713984929,0.00631947707442411,0.007917933040307855,0.0060499699638971996,0.007899346343030137,0.009386282125247575,0.010640884191493538,0.011560925706740577,0.011189191761186218,0.011375058733963399,0.009302641987497844,0.008968081436498921,0.008261786939945639,0.008196733499473625,0.0084290672154451,0.008930908041943485,0.00824320024266792,0.007815706205280408,0.008642814234138858,0.008020159875335305,0.0071372917546437,0.00696071813050538,0.008438360564083959,0.011458698871713129,
20045,0.0003810272941932184,0.0003996139914709364,0.0003903206428320774,0.0004182006887486544,0.0004367873860263723,0.0004739607805818083,0.0004925474778595262,0.0005576009183315391,0.000622654358803552,0.0010222683502744885,0.0011059084880242192,0.0010873217907465013,0.0014962291308562967,0.0017657362413832072,0.0022396970219650154,0.0030110449589903117,0.004237766979319697,0.003215498629045209,0.0029274048212405805,0.0026578977107136696,0.0028065912889354136,0.0028158846375742723,0.002918111472601722,0.003122565142656619,0.0030853917481011833,0.003280552069517222,0.003773099547376748,0.003828859639209902,0.0036522860150715814,0.004284233722513992,0.0049998215677061345,0.004628087622151775,0.004683847713984929,0.00631947707442411,0.007917933040307855,0.0060499699638971996,0.007899346343030137,0.009386282125247575,0.010640884191493538,0.011560925706740577,0.011189191761186218,0.011375058733963399,0.009302641987497844,0.008968081436498921,0.008261786939945639,0.008196733499473625,0.0084290672154451,0.008930908041943485,0.00824320024266792,0.007815706205280408,0.008642814234138858,0.008020159875335305,0.0071372917546437,0.00696071813050538,0.008438360564083959,0.011458698871713129,
20047,0.0003810272941932184,0.0003996139914709364,0.0003903206428320774,0.0004182006887486544,0.0004367873860263723,0.0004739607805818083,0.0004925474778595262,0.0005576009183315391,0.000622654358803552,0.0010222683502744885,0.0011059084880242192,0.0010873217907465013,0.0014962291308562967,0.0017657362413832072,0.0022396970219650154,0.0030110449589903117,0.004237766979319697,0.003215498629045209,0.0029274048212405805,0.0026578977107136696,0.0028065912889354136,0.0028158846375742723,0.002918111472601722,0.003122565142656619,0.0030853917481011833,0.003280552069517222,0.003773099547376748,0.003828859639209902,0.0036522860150715814,0.004284233722513992,0.0049998215677061345,0.004628087622151775,0.004683847713984929,0.00631947707442411,0.007917933040307855,0.0060499699638971996,0.007899346343030137,0.009386282125247575,0.010640884191493538,0.011560925706740577,0.011189191761186218,0.011375058733963399,0.009302641987497844,0.008968081436498921,0.008261786939945639,0.008196733499473625,0.0084290672154451,0.008930908041943485,0.00824320024266792,0.007815706205280408,0.008642814234138858,0.008020159875335305,0.0071372917546437,0.00696071813050538,0.008438360564083959,0.011458698871713129,
20049,0.0003810272941932184,0.0003996139914709364,0.0003903206428320774,0.0004182006887486544,0.0004367873860263723,0.0004739607805818083,0.0004925474778595262,0.0005576009183315391,0.000622654358803552,0.0010222683502744885,0.0011059084880242192,0.0010873217907465013,0.0014962291308562967,0.0017657362413832072,0.0022396970219650154,0.0030110449589903117,0.004237766979319697,0.003215498629045209,0.0029274048212405805,0.0026578977107136696,0.0028065912889354136,0.0028158846375742723,0.002918111472601722,0.003122565142656619,0.0030853917481011833,0.003280552069517222,0.003773099547376748,0.003828859639209902,0.0036522860150715814,0.004284233722513992,0.0049998215677061345,0.004628087622151775,0.004683847713984929,0.00631947707442411,0.007917933040307855,0.0060499699638971996,0.007899346343030137,0.009386282125247575,0.010640884191493538,0.011560925706740577,0.011189191761186218,0.011375058733963399,0.009302641987497844,0.008968081436498921,0.008261786939945639,0.008196733499473625,0.0084290672154451,0.008930908041943485,0.00824320024266792,0.007815706205280408,0.008642814234138858,0.008020159875335305,0.0071372917546437,0.00696071813050538,0.008438360564083959,0.011458698871713129,
20051,0.0003810272941932184,0.0003996139914709364,0.0003903206428320774,0.0004182006887486544,0.0004367873860263723,0.0004739607805818083,0.0004925474778595262,0.0005576009183315391,0.000622654358803552,0.0010222683502744885,0.0011059084880242192,0.0010873217907465013,0.0014962291308562967,0.0017657362413832072,0.0022396970219650154,0.0030110449589903117,0.004237766979319697,0.003215498629045209,0.0029274048212405805,0.0026578977107136696,0.0028065912889354136,0.0028158846375742723,0.002918111472601722,0.003122565142656619,0.0030853917481011833,0.003280552069517222,0.003773099547376748,0.003828859639209902,0.0036522860150715814,0.004284233722513992,0.0049998215677061345,0.004628087622151775,0.004683847713984929,0.00631947707442411,0.007917933040307855,0.0060499699638971996,0.007899346343030137,0.009386282125247575,0.010640884191493538,0.011560925706740577,0.011189191761186218,0.011375058733963399,0.009302641987497844,0.008968081436498921,0.008261786939945639,0.008196733499473625,0.0084290672154451,0.008930908041943485,0.00824320024266792,0.007815706205280408,0.008642814234138858,0.008020159875335305,0.0071372917546437,0.00696071813050538,0.008438360564083959,0.011458698871713129,
20053,0.0003810272941932184,0.0003996139914709364,0.0003903206428320774,0.0004182006887486544,0.0004367873860263723,0.0004739607805818083,0.0004925474778595262,0.0005576009183315391,0.000622654358803552,0.0010222683502744885,0.0011059084880242192,0.0010873217907465013,0.0014962291308562967,0.0017657362413832072,0.0022396970219650154,0.0030110449589903117,0.004237766979319697,0.003215498629045209,0.0029274048212405805,0.0026578977107136696,0.0028065912889354136,0.0028158846375742723,0.002918111472601722,0.003122565142656619,0.0030853917481011833,0.003280552069517222,0.003773099547376748,0.003828859639209902,0.0036522860150715814,0.004284233722513992,0.0049998215677061345,0.004628087622151775,0.004683847713984929,0.00631947707442411,0.007917933040307855,0.0060499699638971996,0.007899346343030137,0.009386282125247575,0.010640884191493538,0.011560925706740577,0.011189191761186218,0.011375058733963399,0.009302641987497844,0.008968081436498921,0.008261786939945639,0.008196733499473625,0.0084290672154451,0.008930908041943485,0.00824320024266792,0.007815706205280408,0.008642814234138858,0.008020159875335305,0.0071372917546437,0.00696071813050538,0.008438360564083959,0.011458698871713129,
20055,0.0003810272941932184,0.0003996139914709364,0.0003903206428320774,0.0004182006887486544,0.0004367873860263723,0.0004739607805818083,0.0004925474778595262,0.0005576009183315391,0.000622654358803552,0.0010222683502744885,0.0011059084880242192,0.0010873217907465013,0.0014962291308562967,0.0017657362413832072,0.0022396970219650154,0.0030110449589903117,0.004237766979319697,0.003215498629045209,0.0029274048212405805,0.0026578977107136696,0.0028065912889354136,0.0028158846375742723,0.002918111472601722,0.003122565142656619,0.0030853917481011833,0.003280552069517222,0.003773099547376748,0.003828859639209902,0.0036522860150715814,0.004284233722513992,0.0049998215677061345,0.004628087622151775,0.004683847713984929,0.00631947707442411,0.007917933040307855,0.0060499699638971996,0.007899346343030137,0.009386282125247575,0.010640884191493538,0.011560925706740577,0.011189191761186218,0.011375058733963399,0.009302641987497844,0.008968081436498921,0.008261786939945639,0.008196733499473625,0.0084290672154451,0.008930908041943485,0.00824320024266792,0.007815706205280408,0.008642814234138858,0.008020159875335305,0.0071372917546437,0.00696071813050538,0.008438360564083959,0.011458698871713129,
20057,0.0003810272941932184,0.0003996139914709364,0.0003903206428320774,0.0004182006887486544,0.0004367873860263723,0.0004739607805818083,0.0004925474778595262,0.0005576009183315391,0.000622654358803552,0.0010222683502744885,0.0011059084880242192,0.0010873217907465013,0.0014962291308562967,0.0017657362413832072,0.0022396970219650154,0.0030110449589903117,0.004237766979319697,0.003215498629045209,0.0029274048212405805,0.0026578977107136696,0.0028065912889354136,0.0028158846375742723,0.002918111472601722,0.003122565142656619,0.0030853917481011833,0.003280552069517222,0.003773099547376748,0.003828859639209902,0.0036522860150715814,0.004284233722513992,0.0049998215677061345,0.004628087622151775,0.004683847713984929,0.00631947707442411,0.007917933040307855,0.0060499699638971996,0.007899346343030137,0.009386282125247575,0.010640884191493538,0.011560925706740577,0.011189191761186218,0.011375058733963399,0.009302641987497844,0.008968081436498921,0.008261786939945639,0.008196733499473625,0.0084290672154451,0.008930908041943485,0.00824320024266792,0.007815706205280408,0.008642814234138858,0.008020159875335305,0.0071372917546437,0.00696071813050538,0.008438360564083959,0.011458698871713129,
20059,0.0003810272941932184,0.0003996139914709364,0.0003903206428320774,0.0004182006887486544,0.0004367873860263723,0.0004739607805818083,0.0004925474778595262,0.0005576009183315391,0.000622654358803552,0.0010222683502744885,0.0011059084880242192,0.0010873217907465013,0.0014962291308562967,0.0017657362413832072,0.0022396970219650154,0.0030110449589903117,0.004237766979319697,0.003215498629045209,0.0029274048212405805,0.0026578977107136696,0.0028065912889354136,0.0028158846375742723,0.002918111472601722,0.003122565142656619,0.0030853917481011833,0.003280552069517222,0.003773099547376748,0.003828859639209902,0.0036522860150715814,0.004284233722513992,0.0049998215677061345,0.004628087622151775,0.004683847713984929,0.00631947707442411,0.007917933040307855,0.0060499699638971996,0.007899346343030137,0.009386282125247575,0.010640884191493538,0.011560925706740577,0.011189191761186218,0.011375058733963399,0.009302641987497844,0.008968081436498921,0.008261786939945639,0.008196733499473625,0.0084290672154451,0.008930908041943485,0.00824320024266792,0.007815706205280408,0.008642814234138858,0.008020159875335305,0.0071372917546437,0.00696071813050538,0.008438360564083959,0.011458698871713129,
20061,0.0003810272941932184,0.0003996139914709364,0.0003903206428320774,0.0004182006887486544,0.0004367873860263723,0.0004739607805818083,0.0004925474778595262,0.0005576009183315391,0.000622654358803552,0.0010222683502744885,0.0011059084880242192,0.0010873217907465013,0.0014962291308562967,0.0017657362413832072,0.0022396970219650154,0.0030110449589903117,0.004237766979319697,0.003215498629045209,0.0029274048212405805,0.0026578977107136696,0.0028065912889354136,0.0028158846375742723,0.002918111472601722,0.003122565142656619,0.0030853917481011833,0.003280552069517222,0.003773099547376748,0.003828859639209902,0.0036522860150715814,0.004284233722513992,0.0049998215677061345,0.004628087622151775,0.004683847713984929,0.00631947707442411,0.007917933040307855,0.0060499699638971996,0.007899346343030137,0.009386282125247575,0.010640884191493538,0.011560925706740577,0.011189191761186218,0.011375058733963399,0.009302641987497844,0.008968081436498921,0.008261786939945639,0.008196733499473625,0.0084290672154451,0.008930908041943485,0.00824320024266792,0.007815706205280408,0.008642814234138858,0.008020159875335305,0.0071372917546437,0.00696071813050538,0.008438360564083959,0.011458698871713129,
20063,0.0003810272941932184,0.0003996139914709364,0.0003903206428320774,0.0004182006887486544,0.0004367873860263723,0.0004739607805818083,0.0004925474778595262,0.0005576009183315391,0.000622654358803552,0.0010222683502744885,0.0011059084880242192,0.0010873217907465013,0.0014962291308562967,0.0017657362413832072,0.0022396970219650154,0.0030110449589903117,0.004237766979319697,0.003215498629045209,0.0029274048212405805,0.0026578977107136696,0.0028065912889354136,0.0028158846375742723,0.002918111472601722,0.003122565142656619,0.0030853917481011833,0.003280552069517222,0.003773099547376748,0.003828859639209902,0.0036522860150715814,0.004284233722513992,0.0049998215677061345,0.004628087622151775,0.004683847713984929,0.00631947707442411,0.007917933040307855,0.0060499699638971996,0.007899346343030137,0.009386282125247575,0.010640884191493538,0.011560925706740577,0.011189191761186218,0.011375058733963399,0.009302641987497844,0.008968081436498921,0.008261786939945639,0.008196733499473625,0.0084290672154451,0.008930908041943485,0.00824320024266792,0.007815706205280408,0.008642814234138858,0.008020159875335305,0.0071372917546437,0.00696071813050538,0.008438360564083959,0.011458698871713129,
20065,0.0003810272941932184,0.0003996139914709364,0.0003903206428320774,0.0004182006887486544,0.0004367873860263723,0.0004739607805818083,0.0004925474778595262,0.0005576009183315391,0.000622654358803552,0.0010222683502744885,0.0011059084880242192,0.0010873217907465013,0.0014962291308562967,0.0017657362413832072,0.0022396970219650154,0.0030110449589903117,0.004237766979319697,0.003215498629045209,0.0029274048212405805,0.0026578977107136696,0.0028065912889354136,0.0028158846375742723,0.002918111472601722,0.003122565142656619,0.0030853917481011833,0.003280552069517222,0.003773099547376748,0.003828859639209902,0.0036522860150715814,0.004284233722513992,0.0049998215677061345,0.004628087622151775,0.004683847713984929,0.00631947707442411,0.007917933040307855,0.0060499699638971996,0.007899346343030137,0.009386282125247575,0.010640884191493538,0.011560925706740577,0.011189191761186218,0.011375058733963399,0.009302641987497844,0.008968081436498921,0.008261786939945639,0.008196733499473625,0.0084290672154451,0.008930908041943485,0.00824320024266792,0.007815706205280408,0.008642814234138858,0.008020159875335305,0.0071372917546437,0.00696071813050538,0.008438360564083959,0.011458698871713129,
20067,0.0003810272941932184,0.0003996139914709364,0.0003903206428320774,0.0004182006887486544,0.0004367873860263723,0.0004739607805818083,0.0004925474778595262,0.0005576009183315391,0.000622654358803552,0.0010222683502744885,0.0011059084880242192,0.0010873217907465013,0.0014962291308562967,0.0017657362413832072,0.0022396970219650154,0.0030110449589903117,0.004237766979319697,0.003215498629045209,0.0029274048212405805,0.0026578977107136696,0.0028065912889354136,0.0028158846375742723,0.002918111472601722,0.003122565142656619,0.0030853917481011833,0.003280552069517222,0.003773099547376748,0.003828859639209902,0.0036522860150715814,0.004284233722513992,0.0049998215677061345,0.004628087622151775,0.004683847713984929,0.00631947707442411,0.007917933040307855,0.0060499699638971996,0.007899346343030137,0.009386282125247575,0.010640884191493538,0.011560925706740577,0.011189191761186218,0.011375058733963399,0.009302641987497844,0.008968081436498921,0.008261786939945639,0.008196733499473625,0.0084290672154451,0.008930908041943485,0.00824320024266792,0.007815706205280408,0.008642814234138858,0.008020159875335305,0.0071372917546437,0.00696071813050538,0.008438360564083959,0.011458698871713129,
20069,0.0003810272941932184,0.0003996139914709364,0.0003903206428320774,0.0004182006887486544,0.0004367873860263723,0.0004739607805818083,0.0004925474778595262,0.0005576009183315391,0.000622654358803552,0.0010222683502744885,0.0011059084880242192,0.0010873217907465013,0.0014962291308562967,0.0017657362413832072,0.0022396970219650154,0.0030110449589903117,0.004237766979319697,0.003215498629045209,0.0029274048212405805,0.0026578977107136696,0.0028065912889354136,0.0028158846375742723,0.002918111472601722,0.003122565142656619,0.0030853917481011833,0.003280552069517222,0.003773099547376748,0.003828859639209902,0.0036522860150715814,0.004284233722513992,0.0049998215677061345,0.004628087622151775,0.004683847713984929,0.00631947707442411,0.007917933040307855,0.0060499699638971996,0.007899346343030137,0.009386282125247575,0.010640884191493538,0.011560925706740577,0.011189191761186218,0.011375058733963399,0.009302641987497844,0.008968081436498921,0.008261786939945639,0.008196733499473625,0.0084290672154451,0.008930908041943485,0.00824320024266792,0.007815706205280408,0.008642814234138858,0.008020159875335305,0.0071372917546437,0.00696071813050538,0.008438360564083959,0.011458698871713129,
20071,0.0003810272941932184,0.0003996139914709364,0.0003903206428320774,0.0004182006887486544,0.0004367873860263723,0.0004739607805818083,0.0004925474778595262,0.0005576009183315391,0.000622654358803552,0.0010222683502744885,0.0011059084880242192,0.0010873217907465013,0.0014962291308562967,0.0017657362413832072,0.0022396970219650154,0.0030110449589903117,0.004237766979319697,0.003215498629045209,0.0029274048212405805,0.0026578977107136696,0.0028065912889354136,0.0028158846375742723,0.002918111472601722,0.003122565142656619,0.0030853917481011833,0.003280552069517222,0.003773099547376748,0.003828859639209902,0.0036522860150715814,0.004284233722513992,0.0049998215677061345,0.004628087622151775,0.004683847713984929,0.00631947707442411,0.007917933040307855,0.0060499699638971996,0.007899346343030137,0.009386282125247575,0.010640884191493538,0.011560925706740577,0.011189191761186218,0.011375058733963399,0.009302641987497844,0.008968081436498921,0.008261786939945639,0.008196733499473625,0.0084290672154451,0.008930908041943485,0.00824320024266792,0.007815706205280408,0.008642814234138858,0.008020159875335305,0.0071372917546437,0.00696071813050538,0.008438360564083959,0.011458698871713129,
20073,0.0003810272941932184,0.0003996139914709364,0.0003903206428320774,0.0004182006887486544,0.0004367873860263723,0.0004739607805818083,0.0004925474778595262,0.0005576009183315391,0.000622654358803552,0.0010222683502744885,0.0011059084880242192,0.0010873217907465013,0.0014962291308562967,0.0017657362413832072,0.0022396970219650154,0.0030110449589903117,0.004237766979319697,0.003215498629045209,0.0029274048212405805,0.0026578977107136696,0.0028065912889354136,0.0028158846375742723,0.002918111472601722,0.003122565142656619,0.0030853917481011833,0.003280552069517222,0.003773099547376748,0.003828859639209902,0.0036522860150715814,0.004284233722513992,0.0049998215677061345,0.004628087622151775,0.004683847713984929,0.00631947707442411,0.007917933040307855,0.0060499699638971996,0.007899346343030137,0.009386282125247575,0.010640884191493538,0.011560925706740577,0.011189191761186218,0.011375058733963399,0.009302641987497844,0.008968081436498921,0.008261786939945639,0.008196733499473625,0.0084290672154451,0.008930908041943485,0.00824320024266792,0.007815706205280408,0.008642814234138858,0.008020159875335305,0.0071372917546437,0.00696071813050538,0.008438360564083959,0.011458698871713129,
20075,0.0003810272941932184,0.0003996139914709364,0.0003903206428320774,0.0004182006887486544,0.0004367873860263723,0.0004739607805818083,0.0004925474778595262,0.0005576009183315391,0.000622654358803552,0.0010222683502744885,0.0011059084880242192,0.0010873217907465013,0.0014962291308562967,0.0017657362413832072,0.0022396970219650154,0.0030110449589903117,0.004237766979319697,0.003215498629045209,0.0029274048212405805,0.0026578977107136696,0.0028065912889354136,0.0028158846375742723,0.002918111472601722,0.003122565142656619,0.0030853917481011833,0.003280552069517222,0.003773099547376748,0.003828859639209902,0.0036522860150715814,0.004284233722513992,0.0049998215677061345,0.004628087622151775,0.004683847713984929,0.00631947707442411,0.007917933040307855,0.0060499699638971996,0.007899346343030137,0.009386282125247575,0.010640884191493538,0.011560925706740577,0.011189191761186218,0.011375058733963399,0.009302641987497844,0.008968081436498921,0.008261786939945639,0.008196733499473625,0.0084290672154451,0.008930908041943485,0.00824320024266792,0.007815706205280408,0.008642814234138858,0.008020159875335305,0.0071372917546437,0.00696071813050538,0.008438360564083959,0.011458698871713129,
20077,0.0003810272941932184,0.0003996139914709364,0.0003903206428320774,0.0004182006887486544,0.0004367873860263723,0.0004739607805818083,0.0004925474778595262,0.0005576009183315391,0.000622654358803552,0.0010222683502744885,0.0011059084880242192,0.0010873217907465013,0.0014962291308562967,0.0017657362413832072,0.0022396970219650154,0.0030110449589903117,0.004237766979319697,0.003215498629045209,0.0029274048212405805,0.0026578977107136696,0.0028065912889354136,0.0028158846375742723,0.002918111472601722,0.003122565142656619,0.0030853917481011833,0.003280552069517222,0.003773099547376748,0.003828859639209902,0.0036522860150715814,0.004284233722513992,0.0049998215677061345,0.004628087622151775,0.004683847713984929,0.00631947707442411,0.007917933040307855,0.0060499699638971996,0.007899346343030137,0.009386282125247575,0.010640884191493538,0.011560925706740577,0.011189191761186218,0.011375058733963399,0.009302641987497844,0.008968081436498921,0.008261786939945639,0.008196733499473625,0.0084290672154451,0.008930908041943485,0.00824320024266792,0.007815706205280408,0.008642814234138858,0.008020159875335305,0.0071372917546437,0.00696071813050538,0.008438360564083959,0.011458698871713129,
20079,0.0003810272941932184,0.0003996139914709364,0.0003903206428320774,0.0004182006887486544,0.0004367873860263723,0.0004739607805818083,0.0004925474778595262,0.0005576009183315391,0.000622654358803552,0.0010222683502744885,0.0011059084880242192,0.0010873217907465013,0.0014962291308562967,0.0017657362413832072,0.0022396970219650154,0.0030110449589903117,0.004237766979319697,0.003215498629045209,0.0029274048212405805,0.0026578977107136696,0.0028065912889354136,0.0028158846375742723,0.002918111472601722,0.003122565142656619,0.0030853917481011833,0.003280552069517222,0.003773099547376748,0.003828859639209902,0.0036522860150715814,0.004284233722513992,0.0049998215677061345,0.004628087622151775,0.004683847713984929,0.00631947707442411,0.007917933040307855,0.0060499699638971996,0.007899346343030137,0.009386282125247575,0.010640884191493538,0.011560925706740577,0.011189191761186218,0.011375058733963399,0.009302641987497844,0.008968081436498921,0.008261786939945639,0.008196733499473625,0.0084290672154451,0.008930908041943485,0.00824320024266792,0.007815706205280408,0.008642814234138858,0.008020159875335305,0.0071372917546437,0.00696071813050538,0.008438360564083959,0.011458698871713129,
20081,0.0003810272941932184,0.0003996139914709364,0.0003903206428320774,0.0004182006887486544,0.0004367873860263723,0.0004739607805818083,0.0004925474778595262,0.0005576009183315391,0.000622654358803552,0.0010222683502744885,0.0011059084880242192,0.0010873217907465013,0.0014962291308562967,0.0017657362413832072,0.0022396970219650154,0.0030110449589903117,0.004237766979319697,0.003215498629045209,0.0029274048212405805,0.0026578977107136696,0.0028065912889354136,0.0028158846375742723,0.002918111472601722,0.003122565142656619,0.0030853917481011833,0.003280552069517222,0.003773099547376748,0.003828859639209902,0.0036522860150715814,0.004284233722513992,0.0049998215677061345,0.004628087622151775,0.004683847713984929,0.00631947707442411,0.007917933040307855,0.0060499699638971996,0.007899346343030137,0.009386282125247575,0.010640884191493538,0.011560925706740577,0.011189191761186218,0.011375058733963399,0.009302641987497844,0.008968081436498921,0.008261786939945639,0.008196733499473625,0.0084290672154451,0.008930908041943485,0.00824320024266792,0.007815706205280408,0.008642814234138858,0.008020159875335305,0.0071372917546437,0.00696071813050538,0.008438360564083959,0.011458698871713129,
20083,0.0003810272941932184,0.0003996139914709364,0.0003903206428320774,0.0004182006887486544,0.0004367873860263723,0.0004739607805818083,0.0004925474778595262,0.0005576009183315391,0.000622654358803552,0.0010222683502744885,0.0011059084880242192,0.0010873217907465013,0.0014962291308562967,0.0017657362413832072,0.0022396970219650154,0.0030110449589903117,0.004237766979319697,0.003215498629045209,0.0029274048212405805,0.0026578977107136696,0.0028065912889354136,0.0028158846375742723,0.002918111472601722,0.003122565142656619,0.0030853917481011833,0.003280552069517222,0.003773099547376748,0.003828859639209902,0.0036522860150715814,0.004284233722513992,0.0049998215677061345,0.004628087622151775,0.004683847713984929,0.00631947707442411,0.007917933040307855,0.0060499699638971996,0.007899346343030137,0.009386282125247575,0.010640884191493538,0.011560925706740577,0.011189191761186218,0.011375058733963399,0.009302641987497844,0.008968081436498921,0.008261786939945639,0.008196733499473625,0.0084290672154451,0.008930908041943485,0.00824320024266792,0.007815706205280408,0.008642814234138858,0.008020159875335305,0.0071372917546437,0.00696071813050538,0.008438360564083959,0.011458698871713129,
20085,0.0003810272941932184,0.0003996139914709364,0.0003903206428320774,0.0004182006887486544,0.0004367873860263723,0.0004739607805818083,0.0004925474778595262,0.0005576009183315391,0.000622654358803552,0.0010222683502744885,0.0011059084880242192,0.0010873217907465013,0.0014962291308562967,0.0017657362413832072,0.0022396970219650154,0.0030110449589903117,0.004237766979319697,0.003215498629045209,0.0029274048212405805,0.0026578977107136696,0.0028065912889354136,0.0028158846375742723,0.002918111472601722,0.003122565142656619,0.0030853917481011833,0.003280552069517222,0.003773099547376748,0.003828859639209902,0.0036522860150715814,0.004284233722513992,0.0049998215677061345,0.004628087622151775,0.004683847713984929,0.00631947707442411,0.007917933040307855,0.0060499699638971996,0.007899346343030137,0.009386282125247575,0.010640884191493538,0.011560925706740577,0.011189191761186218,0.011375058733963399,0.009302641987497844,0.008968081436498921,0.008261786939945639,0.008196733499473625,0.0084290672154451,0.008930908041943485,0.00824320024266792,0.007815706205280408,0.008642814234138858,0.008020159875335305,0.0071372917546437,0.00696071813050538,0.008438360564083959,0.011458698871713129,
20087,0.0003810272941932184,0.0003996139914709364,0.0003903206428320774,0.0004182006887486544,0.0004367873860263723,0.0004739607805818083,0.0004925474778595262,0.0005576009183315391,0.000622654358803552,0.0010222683502744885,0.0011059084880242192,0.0010873217907465013,0.0014962291308562967,0.0017657362413832072,0.0022396970219650154,0.0030110449589903117,0.004237766979319697,0.003215498629045209,0.0029274048212405805,0.0026578977107136696,0.0028065912889354136,0.0028158846375742723,0.002918111472601722,0.003122565142656619,0.0030853917481011833,0.003280552069517222,0.003773099547376748,0.003828859639209902,0.0036522860150715814,0.004284233722513992,0.0049998215677061345,0.004628087622151775,0.004683847713984929,0.00631947707442411,0.007917933040307855,0.0060499699638971996,0.007899346343030137,0.009386282125247575,0.010640884191493538,0.011560925706740577,0.011189191761186218,0.011375058733963399,0.009302641987497844,0.008968081436498921,0.008261786939945639,0.008196733499473625,0.0084290672154451,0.008930908041943485,0.00824320024266792,0.007815706205280408,0.008642814234138858,0.008020159875335305,0.0071372917546437,0.00696071813050538,0.008438360564083959,0.011458698871713129,
20089,0.0003810272941932184,0.0003996139914709364,0.0003903206428320774,0.0004182006887486544,0.0004367873860263723,0.0004739607805818083,0.0004925474778595262,0.0005576009183315391,0.000622654358803552,0.0010222683502744885,0.0011059084880242192,0.0010873217907465013,0.0014962291308562967,0.0017657362413832072,0.0022396970219650154,0.0030110449589903117,0.004237766979319697,0.003215498629045209,0.0029274048212405805,0.0026578977107136696,0.0028065912889354136,0.0028158846375742723,0.002918111472601722,0.003122565142656619,0.0030853917481011833,0.003280552069517222,0.003773099547376748,0.003828859639209902,0.0036522860150715814,0.004284233722513992,0.0049998215677061345,0.004628087622151775,0.004683847713984929,0.00631947707442411,0.007917933040307855,0.0060499699638971996,0.007899346343030137,0.009386282125247575,0.010640884191493538,0.011560925706740577,0.011189191761186218,0.011375058733963399,0.009302641987497844,0.008968081436498921,0.008261786939945639,0.008196733499473625,0.0084290672154451,0.008930908041943485,0.00824320024266792,0.007815706205280408,0.008642814234138858,0.008020159875335305,0.0071372917546437,0.00696071813050538,0.008438360564083959,0.011458698871713129,
20091,0.0003810272941932184,0.0003996139914709364,0.0003903206428320774,0.0004182006887486544,0.0004367873860263723,0.0004739607805818083,0.0004925474778595262,0.0005576009183315391,0.000622654358803552,0.0010222683502744885,0.0011059084880242192,0.0010873217907465013,0.0014962291308562967,0.0017657362413832072,0.0022396970219650154,0.0030110449589903117,0.004237766979319697,0.003215498629045209,0.0029274048212405805,0.0026578977107136696,0.0028065912889354136,0.0028158846375742723,0.002918111472601722,0.003122565142656619,0.0030853917481011833,0.003280552069517222,0.003773099547376748,0.003828859639209902,0.0036522860150715814,0.004284233722513992,0.0049998215677061345,0.004628087622151775,0.004683847713984929,0.00631947707442411,0.007917933040307855,0.0060499699638971996,0.007899346343030137,0.009386282125247575,0.010640884191493538,0.011560925706740577,0.011189191761186218,0.011375058733963399,0.009302641987497844,0.008968081436498921,0.008261786939945639,0.008196733499473625,0.0084290672154451,0.008930908041943485,0.00824320024266792,0.007815706205280408,0.008642814234138858,0.008020159875335305,0.0071372917546437,0.00696071813050538,0.008438360564083959,0.011458698871713129,
20093,0.0003810272941932184,0.0003996139914709364,0.0003903206428320774,0.0004182006887486544,0.0004367873860263723,0.0004739607805818083,0.0004925474778595262,0.0005576009183315391,0.000622654358803552,0.0010222683502744885,0.0011059084880242192,0.0010873217907465013,0.0014962291308562967,0.0017657362413832072,0.0022396970219650154,0.0030110449589903117,0.004237766979319697,0.003215498629045209,0.0029274048212405805,0.0026578977107136696,0.0028065912889354136,0.0028158846375742723,0.002918111472601722,0.003122565142656619,0.0030853917481011833,0.003280552069517222,0.003773099547376748,0.003828859639209902,0.0036522860150715814,0.004284233722513992,0.0049998215677061345,0.004628087622151775,0.004683847713984929,0.00631947707442411,0.007917933040307855,0.0060499699638971996,0.007899346343030137,0.009386282125247575,0.010640884191493538,0.011560925706740577,0.011189191761186218,0.011375058733963399,0.009302641987497844,0.008968081436498921,0.008261786939945639,0.008196733499473625,0.0084290672154451,0.008930908041943485,0.00824320024266792,0.007815706205280408,0.008642814234138858,0.008020159875335305,0.0071372917546437,0.00696071813050538,0.008438360564083959,0.011458698871713129,
20095,0.0003810272941932184,0.0003996139914709364,0.0003903206428320774,0.0004182006887486544,0.0004367873860263723,0.0004739607805818083,0.0004925474778595262,0.0005576009183315391,0.000622654358803552,0.0010222683502744885,0.0011059084880242192,0.0010873217907465013,0.0014962291308562967,0.0017657362413832072,0.0022396970219650154,0.0030110449589903117,0.004237766979319697,0.003215498629045209,0.0029274048212405805,0.0026578977107136696,0.0028065912889354136,0.0028158846375742723,0.002918111472601722,0.003122565142656619,0.0030853917481011833,0.003280552069517222,0.003773099547376748,0.003828859639209902,0.0036522860150715814,0.004284233722513992,0.0049998215677061345,0.004628087622151775,0.004683847713984929,0.00631947707442411,0.007917933040307855,0.0060499699638971996,0.007899346343030137,0.009386282125247575,0.010640884191493538,0.011560925706740577,0.011189191761186218,0.011375058733963399,0.009302641987497844,0.008968081436498921,0.008261786939945639,0.008196733499473625,0.0084290672154451,0.008930908041943485,0.00824320024266792,0.007815706205280408,0.008642814234138858,0.008020159875335305,0.0071372917546437,0.00696071813050538,0.008438360564083959,0.011458698871713129,
20097,0.0003810272941932184,0.0003996139914709364,0.0003903206428320774,0.0004182006887486544,0.0004367873860263723,0.0004739607805818083,0.0004925474778595262,0.0005576009183315391,0.000622654358803552,0.0010222683502744885,0.0011059084880242192,0.0010873217907465013,0.0014962291308562967,0.0017657362413832072,0.0022396970219650154,0.0030110449589903117,0.004237766979319697,0.003215498629045209,0.0029274048212405805,0.0026578977107136696,0.0028065912889354136,0.0028158846375742723,0.002918111472601722,0.003122565142656619,0.0030853917481011833,0.003280552069517222,0.003773099547376748,0.003828859639209902,0.0036522860150715814,0.004284233722513992,0.0049998215677061345,0.004628087622151775,0.004683847713984929,0.00631947707442411,0.007917933040307855,0.0060499699638971996,0.007899346343030137,0.009386282125247575,0.010640884191493538,0.011560925706740577,0.011189191761186218,0.011375058733963399,0.009302641987497844,0.008968081436498921,0.008261786939945639,0.008196733499473625,0.0084290672154451,0.008930908041943485,0.00824320024266792,0.007815706205280408,0.008642814234138858,0.008020159875335305,0.0071372917546437,0.00696071813050538,0.008438360564083959,0.011458698871713129,
20099,0.0003810272941932184,0.0003996139914709364,0.0003903206428320774,0.0004182006887486544,0.0004367873860263723,0.0004739607805818083,0.0004925474778595262,0.0005576009183315391,0.000622654358803552,0.0010222683502744885,0.0011059084880242192,0.0010873217907465013,0.0014962291308562967,0.0017657362413832072,0.0022396970219650154,0.0030110449589903117,0.004237766979319697,0.003215498629045209,0.0029274048212405805,0.0026578977107136696,0.0028065912889354136,0.0028158846375742723,0.002918111472601722,0.003122565142656619,0.0030853917481011833,0.003280552069517222,0.003773099547376748,0.003828859639209902,0.0036522860150715814,0.004284233722513992,0.0049998215677061345,0.004628087622151775,0.004683847713984929,0.00631947707442411,0.007917933040307855,0.0060499699638971996,0.007899346343030137,0.009386282125247575,0.010640884191493538,0.011560925706740577,0.011189191761186218,0.011375058733963399,0.009302641987497844,0.008968081436498921,0.008261786939945639,0.008196733499473625,0.0084290672154451,0.008930908041943485,0.00824320024266792,0.007815706205280408,0.008642814234138858,0.008020159875335305,0.0071372917546437,0.00696071813050538,0.008438360564083959,0.011458698871713129,
20101,0.0003810272941932184,0.0003996139914709364,0.0003903206428320774,0.0004182006887486544,0.0004367873860263723,0.0004739607805818083,0.0004925474778595262,0.0005576009183315391,0.000622654358803552,0.0010222683502744885,0.0011059084880242192,0.0010873217907465013,0.0014962291308562967,0.0017657362413832072,0.0022396970219650154,0.0030110449589903117,0.004237766979319697,0.003215498629045209,0.0029274048212405805,0.0026578977107136696,0.0028065912889354136,0.0028158846375742723,0.002918111472601722,0.003122565142656619,0.0030853917481011833,0.003280552069517222,0.003773099547376748,0.003828859639209902,0.0036522860150715814,0.004284233722513992,0.0049998215677061345,0.004628087622151775,0.004683847713984929,0.00631947707442411,0.007917933040307855,0.0060499699638971996,0.007899346343030137,0.009386282125247575,0.010640884191493538,0.011560925706740577,0.011189191761186218,0.011375058733963399,0.009302641987497844,0.008968081436498921,0.008261786939945639,0.008196733499473625,0.0084290672154451,0.008930908041943485,0.00824320024266792,0.007815706205280408,0.008642814234138858,0.008020159875335305,0.0071372917546437,0.00696071813050538,0.008438360564083959,0.011458698871713129,
20103,0.0003810272941932184,0.0003996139914709364,0.0003903206428320774,0.0004182006887486544,0.0004367873860263723,0.0004739607805818083,0.0004925474778595262,0.0005576009183315391,0.000622654358803552,0.0010222683502744885,0.0011059084880242192,0.0010873217907465013,0.0014962291308562967,0.0017657362413832072,0.0022396970219650154,0.0030110449589903117,0.004237766979319697,0.003215498629045209,0.0029274048212405805,0.0026578977107136696,0.0028065912889354136,0.0028158846375742723,0.002918111472601722,0.003122565142656619,0.0030853917481011833,0.003280552069517222,0.003773099547376748,0.003828859639209902,0.0036522860150715814,0.004284233722513992,0.0049998215677061345,0.004628087622151775,0.004683847713984929,0.00631947707442411,0.007917933040307855,0.0060499699638971996,0.007899346343030137,0.009386282125247575,0.010640884191493538,0.011560925706740577,0.011189191761186218,0.011375058733963399,0.009302641987497844,0.008968081436498921,0.008261786939945639,0.008196733499473625,0.0084290672154451,0.008930908041943485,0.00824320024266792,0.007815706205280408,0.008642814234138858,0.008020159875335305,0.0071372917546437,0.00696071813050538,0.008438360564083959,0.011458698871713129,
20105,0.0003810272941932184,0.0003996139914709364,0.0003903206428320774,0.0004182006887486544,0.0004367873860263723,0.0004739607805818083,0.0004925474778595262,0.0005576009183315391,0.000622654358803552,0.0010222683502744885,0.0011059084880242192,0.0010873217907465013,0.0014962291308562967,0.0017657362413832072,0.0022396970219650154,0.0030110449589903117,0.004237766979319697,0.003215498629045209,0.0029274048212405805,0.0026578977107136696,0.0028065912889354136,0.0028158846375742723,0.002918111472601722,0.003122565142656619,0.0030853917481011833,0.003280552069517222,0.003773099547376748,0.003828859639209902,0.0036522860150715814,0.004284233722513992,0.0049998215677061345,0.004628087622151775,0.004683847713984929,0.00631947707442411,0.007917933040307855,0.0060499699638971996,0.007899346343030137,0.009386282125247575,0.010640884191493538,0.011560925706740577,0.011189191761186218,0.011375058733963399,0.009302641987497844,0.008968081436498921,0.008261786939945639,0.008196733499473625,0.0084290672154451,0.008930908041943485,0.00824320024266792,0.007815706205280408,0.008642814234138858,0.008020159875335305,0.0071372917546437,0.00696071813050538,0.008438360564083959,0.011458698871713129,
20107,0.0003810272941932184,0.0003996139914709364,0.0003903206428320774,0.0004182006887486544,0.0004367873860263723,0.0004739607805818083,0.0004925474778595262,0.0005576009183315391,0.000622654358803552,0.0010222683502744885,0.0011059084880242192,0.0010873217907465013,0.0014962291308562967,0.0017657362413832072,0.0022396970219650154,0.0030110449589903117,0.004237766979319697,0.003215498629045209,0.0029274048212405805,0.0026578977107136696,0.0028065912889354136,0.0028158846375742723,0.002918111472601722,0.003122565142656619,0.0030853917481011833,0.003280552069517222,0.003773099547376748,0.003828859639209902,0.0036522860150715814,0.004284233722513992,0.0049998215677061345,0.004628087622151775,0.004683847713984929,0.00631947707442411,0.007917933040307855,0.0060499699638971996,0.007899346343030137,0.009386282125247575,0.010640884191493538,0.011560925706740577,0.011189191761186218,0.011375058733963399,0.009302641987497844,0.008968081436498921,0.008261786939945639,0.008196733499473625,0.0084290672154451,0.008930908041943485,0.00824320024266792,0.007815706205280408,0.008642814234138858,0.008020159875335305,0.0071372917546437,0.00696071813050538,0.008438360564083959,0.011458698871713129,
20109,0.0003810272941932184,0.0003996139914709364,0.0003903206428320774,0.0004182006887486544,0.0004367873860263723,0.0004739607805818083,0.0004925474778595262,0.0005576009183315391,0.000622654358803552,0.0010222683502744885,0.0011059084880242192,0.0010873217907465013,0.0014962291308562967,0.0017657362413832072,0.0022396970219650154,0.0030110449589903117,0.004237766979319697,0.003215498629045209,0.0029274048212405805,0.0026578977107136696,0.0028065912889354136,0.0028158846375742723,0.002918111472601722,0.003122565142656619,0.0030853917481011833,0.003280552069517222,0.003773099547376748,0.003828859639209902,0.0036522860150715814,0.004284233722513992,0.0049998215677061345,0.004628087622151775,0.004683847713984929,0.00631947707442411,0.007917933040307855,0.0060499699638971996,0.007899346343030137,0.009386282125247575,0.010640884191493538,0.011560925706740577,0.011189191761186218,0.011375058733963399,0.009302641987497844,0.008968081436498921,0.008261786939945639,0.008196733499473625,0.0084290672154451,0.008930908041943485,0.00824320024266792,0.007815706205280408,0.008642814234138858,0.008020159875335305,0.0071372917546437,0.00696071813050538,0.008438360564083959,0.011458698871713129,
20111,0.0003810272941932184,0.0003996139914709364,0.0003903206428320774,0.0004182006887486544,0.0004367873860263723,0.0004739607805818083,0.0004925474778595262,0.0005576009183315391,0.000622654358803552,0.0010222683502744885,0.0011059084880242192,0.0010873217907465013,0.0014962291308562967,0.0017657362413832072,0.0022396970219650154,0.0030110449589903117,0.004237766979319697,0.003215498629045209,0.0029274048212405805,0.0026578977107136696,0.0028065912889354136,0.0028158846375742723,0.002918111472601722,0.003122565142656619,0.0030853917481011833,0.003280552069517222,0.003773099547376748,0.003828859639209902,0.0036522860150715814,0.004284233722513992,0.0049998215677061345,0.004628087622151775,0.004683847713984929,0.00631947707442411,0.007917933040307855,0.0060499699638971996,0.007899346343030137,0.009386282125247575,0.010640884191493538,0.011560925706740577,0.011189191761186218,0.011375058733963399,0.009302641987497844,0.008968081436498921,0.008261786939945639,0.008196733499473625,0.0084290672154451,0.008930908041943485,0.00824320024266792,0.007815706205280408,0.008642814234138858,0.008020159875335305,0.0071372917546437,0.00696071813050538,0.008438360564083959,0.011458698871713129,
20113,0.0003810272941932184,0.0003996139914709364,0.0003903206428320774,0.0004182006887486544,0.0004367873860263723,0.0004739607805818083,0.0004925474778595262,0.0005576009183315391,0.000622654358803552,0.0010222683502744885,0.0011059084880242192,0.0010873217907465013,0.0014962291308562967,0.0017657362413832072,0.0022396970219650154,0.0030110449589903117,0.004237766979319697,0.003215498629045209,0.0029274048212405805,0.0026578977107136696,0.0028065912889354136,0.0028158846375742723,0.002918111472601722,0.003122565142656619,0.0030853917481011833,0.003280552069517222,0.003773099547376748,0.003828859639209902,0.0036522860150715814,0.004284233722513992,0.0049998215677061345,0.004628087622151775,0.004683847713984929,0.00631947707442411,0.007917933040307855,0.0060499699638971996,0.007899346343030137,0.009386282125247575,0.010640884191493538,0.011560925706740577,0.011189191761186218,0.011375058733963399,0.009302641987497844,0.008968081436498921,0.008261786939945639,0.008196733499473625,0.0084290672154451,0.008930908041943485,0.00824320024266792,0.007815706205280408,0.008642814234138858,0.008020159875335305,0.0071372917546437,0.00696071813050538,0.008438360564083959,0.011458698871713129,
20115,0.0003810272941932184,0.0003996139914709364,0.0003903206428320774,0.0004182006887486544,0.0004367873860263723,0.0004739607805818083,0.0004925474778595262,0.0005576009183315391,0.000622654358803552,0.0010222683502744885,0.0011059084880242192,0.0010873217907465013,0.0014962291308562967,0.0017657362413832072,0.0022396970219650154,0.0030110449589903117,0.004237766979319697,0.003215498629045209,0.0029274048212405805,0.0026578977107136696,0.0028065912889354136,0.0028158846375742723,0.002918111472601722,0.003122565142656619,0.0030853917481011833,0.003280552069517222,0.003773099547376748,0.003828859639209902,0.0036522860150715814,0.004284233722513992,0.0049998215677061345,0.004628087622151775,0.004683847713984929,0.00631947707442411,0.007917933040307855,0.0060499699638971996,0.007899346343030137,0.009386282125247575,0.010640884191493538,0.011560925706740577,0.011189191761186218,0.011375058733963399,0.009302641987497844,0.008968081436498921,0.008261786939945639,0.008196733499473625,0.0084290672154451,0.008930908041943485,0.00824320024266792,0.007815706205280408,0.008642814234138858,0.008020159875335305,0.0071372917546437,0.00696071813050538,0.008438360564083959,0.011458698871713129,
20117,0.0003810272941932184,0.0003996139914709364,0.0003903206428320774,0.0004182006887486544,0.0004367873860263723,0.0004739607805818083,0.0004925474778595262,0.0005576009183315391,0.000622654358803552,0.0010222683502744885,0.0011059084880242192,0.0010873217907465013,0.0014962291308562967,0.0017657362413832072,0.0022396970219650154,0.0030110449589903117,0.004237766979319697,0.003215498629045209,0.0029274048212405805,0.0026578977107136696,0.0028065912889354136,0.0028158846375742723,0.002918111472601722,0.003122565142656619,0.0030853917481011833,0.003280552069517222,0.003773099547376748,0.003828859639209902,0.0036522860150715814,0.004284233722513992,0.0049998215677061345,0.004628087622151775,0.004683847713984929,0.00631947707442411,0.007917933040307855,0.0060499699638971996,0.007899346343030137,0.009386282125247575,0.010640884191493538,0.011560925706740577,0.011189191761186218,0.011375058733963399,0.009302641987497844,0.008968081436498921,0.008261786939945639,0.008196733499473625,0.0084290672154451,0.008930908041943485,0.00824320024266792,0.007815706205280408,0.008642814234138858,0.008020159875335305,0.0071372917546437,0.00696071813050538,0.008438360564083959,0.011458698871713129,
20119,0.0003810272941932184,0.0003996139914709364,0.0003903206428320774,0.0004182006887486544,0.0004367873860263723,0.0004739607805818083,0.0004925474778595262,0.0005576009183315391,0.000622654358803552,0.0010222683502744885,0.0011059084880242192,0.0010873217907465013,0.0014962291308562967,0.0017657362413832072,0.0022396970219650154,0.0030110449589903117,0.004237766979319697,0.003215498629045209,0.0029274048212405805,0.0026578977107136696,0.0028065912889354136,0.0028158846375742723,0.002918111472601722,0.003122565142656619,0.0030853917481011833,0.003280552069517222,0.003773099547376748,0.003828859639209902,0.0036522860150715814,0.004284233722513992,0.0049998215677061345,0.004628087622151775,0.004683847713984929,0.00631947707442411,0.007917933040307855,0.0060499699638971996,0.007899346343030137,0.009386282125247575,0.010640884191493538,0.011560925706740577,0.011189191761186218,0.011375058733963399,0.009302641987497844,0.008968081436498921,0.008261786939945639,0.008196733499473625,0.0084290672154451,0.008930908041943485,0.00824320024266792,0.007815706205280408,0.008642814234138858,0.008020159875335305,0.0071372917546437,0.00696071813050538,0.008438360564083959,0.011458698871713129,
20121,0.0003810272941932184,0.0003996139914709364,0.0003903206428320774,0.0004182006887486544,0.0004367873860263723,0.0004739607805818083,0.0004925474778595262,0.0005576009183315391,0.000622654358803552,0.0010222683502744885,0.0011059084880242192,0.0010873217907465013,0.0014962291308562967,0.0017657362413832072,0.0022396970219650154,0.0030110449589903117,0.004237766979319697,0.003215498629045209,0.0029274048212405805,0.0026578977107136696,0.0028065912889354136,0.0028158846375742723,0.002918111472601722,0.003122565142656619,0.0030853917481011833,0.003280552069517222,0.003773099547376748,0.003828859639209902,0.0036522860150715814,0.004284233722513992,0.0049998215677061345,0.004628087622151775,0.004683847713984929,0.00631947707442411,0.007917933040307855,0.0060499699638971996,0.007899346343030137,0.009386282125247575,0.010640884191493538,0.011560925706740577,0.011189191761186218,0.011375058733963399,0.009302641987497844,0.008968081436498921,0.008261786939945639,0.008196733499473625,0.0084290672154451,0.008930908041943485,0.00824320024266792,0.007815706205280408,0.008642814234138858,0.008020159875335305,0.0071372917546437,0.00696071813050538,0.008438360564083959,0.011458698871713129,
20123,0.0003810272941932184,0.0003996139914709364,0.0003903206428320774,0.0004182006887486544,0.0004367873860263723,0.0004739607805818083,0.0004925474778595262,0.0005576009183315391,0.000622654358803552,0.0010222683502744885,0.0011059084880242192,0.0010873217907465013,0.0014962291308562967,0.0017657362413832072,0.0022396970219650154,0.0030110449589903117,0.004237766979319697,0.003215498629045209,0.0029274048212405805,0.0026578977107136696,0.0028065912889354136,0.0028158846375742723,0.002918111472601722,0.003122565142656619,0.0030853917481011833,0.003280552069517222,0.003773099547376748,0.003828859639209902,0.0036522860150715814,0.004284233722513992,0.0049998215677061345,0.004628087622151775,0.004683847713984929,0.00631947707442411,0.007917933040307855,0.0060499699638971996,0.007899346343030137,0.009386282125247575,0.010640884191493538,0.011560925706740577,0.011189191761186218,0.011375058733963399,0.009302641987497844,0.008968081436498921,0.008261786939945639,0.008196733499473625,0.0084290672154451,0.008930908041943485,0.00824320024266792,0.007815706205280408,0.008642814234138858,0.008020159875335305,0.0071372917546437,0.00696071813050538,0.008438360564083959,0.011458698871713129,
20125,0.0003810272941932184,0.0003996139914709364,0.0003903206428320774,0.0004182006887486544,0.0004367873860263723,0.0004739607805818083,0.0004925474778595262,0.0005576009183315391,0.000622654358803552,0.0010222683502744885,0.0011059084880242192,0.0010873217907465013,0.0014962291308562967,0.0017657362413832072,0.0022396970219650154,0.0030110449589903117,0.004237766979319697,0.003215498629045209,0.0029274048212405805,0.0026578977107136696,0.0028065912889354136,0.0028158846375742723,0.002918111472601722,0.003122565142656619,0.0030853917481011833,0.003280552069517222,0.003773099547376748,0.003828859639209902,0.0036522860150715814,0.004284233722513992,0.0049998215677061345,0.004628087622151775,0.004683847713984929,0.00631947707442411,0.007917933040307855,0.0060499699638971996,0.007899346343030137,0.009386282125247575,0.010640884191493538,0.011560925706740577,0.011189191761186218,0.011375058733963399,0.009302641987497844,0.008968081436498921,0.008261786939945639,0.008196733499473625,0.0084290672154451,0.008930908041943485,0.00824320024266792,0.007815706205280408,0.008642814234138858,0.008020159875335305,0.0071372917546437,0.00696071813050538,0.008438360564083959,0.011458698871713129,
20127,0.0003810272941932184,0.0003996139914709364,0.0003903206428320774,0.0004182006887486544,0.0004367873860263723,0.0004739607805818083,0.0004925474778595262,0.0005576009183315391,0.000622654358803552,0.0010222683502744885,0.0011059084880242192,0.0010873217907465013,0.0014962291308562967,0.0017657362413832072,0.0022396970219650154,0.0030110449589903117,0.004237766979319697,0.003215498629045209,0.0029274048212405805,0.0026578977107136696,0.0028065912889354136,0.0028158846375742723,0.002918111472601722,0.003122565142656619,0.0030853917481011833,0.003280552069517222,0.003773099547376748,0.003828859639209902,0.0036522860150715814,0.004284233722513992,0.0049998215677061345,0.004628087622151775,0.004683847713984929,0.00631947707442411,0.007917933040307855,0.0060499699638971996,0.007899346343030137,0.009386282125247575,0.010640884191493538,0.011560925706740577,0.011189191761186218,0.011375058733963399,0.009302641987497844,0.008968081436498921,0.008261786939945639,0.008196733499473625,0.0084290672154451,0.008930908041943485,0.00824320024266792,0.007815706205280408,0.008642814234138858,0.008020159875335305,0.0071372917546437,0.00696071813050538,0.008438360564083959,0.011458698871713129,
20129,0.0003810272941932184,0.0003996139914709364,0.0003903206428320774,0.0004182006887486544,0.0004367873860263723,0.0004739607805818083,0.0004925474778595262,0.0005576009183315391,0.000622654358803552,0.0010222683502744885,0.0011059084880242192,0.0010873217907465013,0.0014962291308562967,0.0017657362413832072,0.0022396970219650154,0.0030110449589903117,0.004237766979319697,0.003215498629045209,0.0029274048212405805,0.0026578977107136696,0.0028065912889354136,0.0028158846375742723,0.002918111472601722,0.003122565142656619,0.0030853917481011833,0.003280552069517222,0.003773099547376748,0.003828859639209902,0.0036522860150715814,0.004284233722513992,0.0049998215677061345,0.004628087622151775,0.004683847713984929,0.00631947707442411,0.007917933040307855,0.0060499699638971996,0.007899346343030137,0.009386282125247575,0.010640884191493538,0.011560925706740577,0.011189191761186218,0.011375058733963399,0.009302641987497844,0.008968081436498921,0.008261786939945639,0.008196733499473625,0.0084290672154451,0.008930908041943485,0.00824320024266792,0.007815706205280408,0.008642814234138858,0.008020159875335305,0.0071372917546437,0.00696071813050538,0.008438360564083959,0.011458698871713129,
20131,0.0003810272941932184,0.0003996139914709364,0.0003903206428320774,0.0004182006887486544,0.0004367873860263723,0.0004739607805818083,0.0004925474778595262,0.0005576009183315391,0.000622654358803552,0.0010222683502744885,0.0011059084880242192,0.0010873217907465013,0.0014962291308562967,0.0017657362413832072,0.0022396970219650154,0.0030110449589903117,0.004237766979319697,0.003215498629045209,0.0029274048212405805,0.0026578977107136696,0.0028065912889354136,0.0028158846375742723,0.002918111472601722,0.003122565142656619,0.0030853917481011833,0.003280552069517222,0.003773099547376748,0.003828859639209902,0.0036522860150715814,0.004284233722513992,0.0049998215677061345,0.004628087622151775,0.004683847713984929,0.00631947707442411,0.007917933040307855,0.0060499699638971996,0.007899346343030137,0.009386282125247575,0.010640884191493538,0.011560925706740577,0.011189191761186218,0.011375058733963399,0.009302641987497844,0.008968081436498921,0.008261786939945639,0.008196733499473625,0.0084290672154451,0.008930908041943485,0.00824320024266792,0.007815706205280408,0.008642814234138858,0.008020159875335305,0.0071372917546437,0.00696071813050538,0.008438360564083959,0.011458698871713129,
20133,0.0003810272941932184,0.0003996139914709364,0.0003903206428320774,0.0004182006887486544,0.0004367873860263723,0.0004739607805818083,0.0004925474778595262,0.0005576009183315391,0.000622654358803552,0.0010222683502744885,0.0011059084880242192,0.0010873217907465013,0.0014962291308562967,0.0017657362413832072,0.0022396970219650154,0.0030110449589903117,0.004237766979319697,0.003215498629045209,0.0029274048212405805,0.0026578977107136696,0.0028065912889354136,0.0028158846375742723,0.002918111472601722,0.003122565142656619,0.0030853917481011833,0.003280552069517222,0.003773099547376748,0.003828859639209902,0.0036522860150715814,0.004284233722513992,0.0049998215677061345,0.004628087622151775,0.004683847713984929,0.00631947707442411,0.007917933040307855,0.0060499699638971996,0.007899346343030137,0.009386282125247575,0.010640884191493538,0.011560925706740577,0.011189191761186218,0.011375058733963399,0.009302641987497844,0.008968081436498921,0.008261786939945639,0.008196733499473625,0.0084290672154451,0.008930908041943485,0.00824320024266792,0.007815706205280408,0.008642814234138858,0.008020159875335305,0.0071372917546437,0.00696071813050538,0.008438360564083959,0.011458698871713129,
20135,0.0003810272941932184,0.0003996139914709364,0.0003903206428320774,0.0004182006887486544,0.0004367873860263723,0.0004739607805818083,0.0004925474778595262,0.0005576009183315391,0.000622654358803552,0.0010222683502744885,0.0011059084880242192,0.0010873217907465013,0.0014962291308562967,0.0017657362413832072,0.0022396970219650154,0.0030110449589903117,0.004237766979319697,0.003215498629045209,0.0029274048212405805,0.0026578977107136696,0.0028065912889354136,0.0028158846375742723,0.002918111472601722,0.003122565142656619,0.0030853917481011833,0.003280552069517222,0.003773099547376748,0.003828859639209902,0.0036522860150715814,0.004284233722513992,0.0049998215677061345,0.004628087622151775,0.004683847713984929,0.00631947707442411,0.007917933040307855,0.0060499699638971996,0.007899346343030137,0.009386282125247575,0.010640884191493538,0.011560925706740577,0.011189191761186218,0.011375058733963399,0.009302641987497844,0.008968081436498921,0.008261786939945639,0.008196733499473625,0.0084290672154451,0.008930908041943485,0.00824320024266792,0.007815706205280408,0.008642814234138858,0.008020159875335305,0.0071372917546437,0.00696071813050538,0.008438360564083959,0.011458698871713129,
20137,0.0003810272941932184,0.0003996139914709364,0.0003903206428320774,0.0004182006887486544,0.0004367873860263723,0.0004739607805818083,0.0004925474778595262,0.0005576009183315391,0.000622654358803552,0.0010222683502744885,0.0011059084880242192,0.0010873217907465013,0.0014962291308562967,0.0017657362413832072,0.0022396970219650154,0.0030110449589903117,0.004237766979319697,0.003215498629045209,0.0029274048212405805,0.0026578977107136696,0.0028065912889354136,0.0028158846375742723,0.002918111472601722,0.003122565142656619,0.0030853917481011833,0.003280552069517222,0.003773099547376748,0.003828859639209902,0.0036522860150715814,0.004284233722513992,0.0049998215677061345,0.004628087622151775,0.004683847713984929,0.00631947707442411,0.007917933040307855,0.0060499699638971996,0.007899346343030137,0.009386282125247575,0.010640884191493538,0.011560925706740577,0.011189191761186218,0.011375058733963399,0.009302641987497844,0.008968081436498921,0.008261786939945639,0.008196733499473625,0.0084290672154451,0.008930908041943485,0.00824320024266792,0.007815706205280408,0.008642814234138858,0.008020159875335305,0.0071372917546437,0.00696071813050538,0.008438360564083959,0.011458698871713129,
20139,0.0003810272941932184,0.0003996139914709364,0.0003903206428320774,0.0004182006887486544,0.0004367873860263723,0.0004739607805818083,0.0004925474778595262,0.0005576009183315391,0.000622654358803552,0.0010222683502744885,0.0011059084880242192,0.0010873217907465013,0.0014962291308562967,0.0017657362413832072,0.0022396970219650154,0.0030110449589903117,0.004237766979319697,0.003215498629045209,0.0029274048212405805,0.0026578977107136696,0.0028065912889354136,0.0028158846375742723,0.002918111472601722,0.003122565142656619,0.0030853917481011833,0.003280552069517222,0.003773099547376748,0.003828859639209902,0.0036522860150715814,0.004284233722513992,0.0049998215677061345,0.004628087622151775,0.004683847713984929,0.00631947707442411,0.007917933040307855,0.0060499699638971996,0.007899346343030137,0.009386282125247575,0.010640884191493538,0.011560925706740577,0.011189191761186218,0.011375058733963399,0.009302641987497844,0.008968081436498921,0.008261786939945639,0.008196733499473625,0.0084290672154451,0.008930908041943485,0.00824320024266792,0.007815706205280408,0.008642814234138858,0.008020159875335305,0.0071372917546437,0.00696071813050538,0.008438360564083959,0.011458698871713129,
20141,0.0003810272941932184,0.0003996139914709364,0.0003903206428320774,0.0004182006887486544,0.0004367873860263723,0.0004739607805818083,0.0004925474778595262,0.0005576009183315391,0.000622654358803552,0.0010222683502744885,0.0011059084880242192,0.0010873217907465013,0.0014962291308562967,0.0017657362413832072,0.0022396970219650154,0.0030110449589903117,0.004237766979319697,0.003215498629045209,0.0029274048212405805,0.0026578977107136696,0.0028065912889354136,0.0028158846375742723,0.002918111472601722,0.003122565142656619,0.0030853917481011833,0.003280552069517222,0.003773099547376748,0.003828859639209902,0.0036522860150715814,0.004284233722513992,0.0049998215677061345,0.004628087622151775,0.004683847713984929,0.00631947707442411,0.007917933040307855,0.0060499699638971996,0.007899346343030137,0.009386282125247575,0.010640884191493538,0.011560925706740577,0.011189191761186218,0.011375058733963399,0.009302641987497844,0.008968081436498921,0.008261786939945639,0.008196733499473625,0.0084290672154451,0.008930908041943485,0.00824320024266792,0.007815706205280408,0.008642814234138858,0.008020159875335305,0.0071372917546437,0.00696071813050538,0.008438360564083959,0.011458698871713129,
20143,0.0003810272941932184,0.0003996139914709364,0.0003903206428320774,0.0004182006887486544,0.0004367873860263723,0.0004739607805818083,0.0004925474778595262,0.0005576009183315391,0.000622654358803552,0.0010222683502744885,0.0011059084880242192,0.0010873217907465013,0.0014962291308562967,0.0017657362413832072,0.0022396970219650154,0.0030110449589903117,0.004237766979319697,0.003215498629045209,0.0029274048212405805,0.0026578977107136696,0.0028065912889354136,0.0028158846375742723,0.002918111472601722,0.003122565142656619,0.0030853917481011833,0.003280552069517222,0.003773099547376748,0.003828859639209902,0.0036522860150715814,0.004284233722513992,0.0049998215677061345,0.004628087622151775,0.004683847713984929,0.00631947707442411,0.007917933040307855,0.0060499699638971996,0.007899346343030137,0.009386282125247575,0.010640884191493538,0.011560925706740577,0.011189191761186218,0.011375058733963399,0.009302641987497844,0.008968081436498921,0.008261786939945639,0.008196733499473625,0.0084290672154451,0.008930908041943485,0.00824320024266792,0.007815706205280408,0.008642814234138858,0.008020159875335305,0.0071372917546437,0.00696071813050538,0.008438360564083959,0.011458698871713129,
20145,0.0003810272941932184,0.0003996139914709364,0.0003903206428320774,0.0004182006887486544,0.0004367873860263723,0.0004739607805818083,0.0004925474778595262,0.0005576009183315391,0.000622654358803552,0.0010222683502744885,0.0011059084880242192,0.0010873217907465013,0.0014962291308562967,0.0017657362413832072,0.0022396970219650154,0.0030110449589903117,0.004237766979319697,0.003215498629045209,0.0029274048212405805,0.0026578977107136696,0.0028065912889354136,0.0028158846375742723,0.002918111472601722,0.003122565142656619,0.0030853917481011833,0.003280552069517222,0.003773099547376748,0.003828859639209902,0.0036522860150715814,0.004284233722513992,0.0049998215677061345,0.004628087622151775,0.004683847713984929,0.00631947707442411,0.007917933040307855,0.0060499699638971996,0.007899346343030137,0.009386282125247575,0.010640884191493538,0.011560925706740577,0.011189191761186218,0.011375058733963399,0.009302641987497844,0.008968081436498921,0.008261786939945639,0.008196733499473625,0.0084290672154451,0.008930908041943485,0.00824320024266792,0.007815706205280408,0.008642814234138858,0.008020159875335305,0.0071372917546437,0.00696071813050538,0.008438360564083959,0.011458698871713129,
20147,0.0003810272941932184,0.0003996139914709364,0.0003903206428320774,0.0004182006887486544,0.0004367873860263723,0.0004739607805818083,0.0004925474778595262,0.0005576009183315391,0.000622654358803552,0.0010222683502744885,0.0011059084880242192,0.0010873217907465013,0.0014962291308562967,0.0017657362413832072,0.0022396970219650154,0.0030110449589903117,0.004237766979319697,0.003215498629045209,0.0029274048212405805,0.0026578977107136696,0.0028065912889354136,0.0028158846375742723,0.002918111472601722,0.003122565142656619,0.0030853917481011833,0.003280552069517222,0.003773099547376748,0.003828859639209902,0.0036522860150715814,0.004284233722513992,0.0049998215677061345,0.004628087622151775,0.004683847713984929,0.00631947707442411,0.007917933040307855,0.0060499699638971996,0.007899346343030137,0.009386282125247575,0.010640884191493538,0.011560925706740577,0.011189191761186218,0.011375058733963399,0.009302641987497844,0.008968081436498921,0.008261786939945639,0.008196733499473625,0.0084290672154451,0.008930908041943485,0.00824320024266792,0.007815706205280408,0.008642814234138858,0.008020159875335305,0.0071372917546437,0.00696071813050538,0.008438360564083959,0.011458698871713129,
20149,0.0003810272941932184,0.0003996139914709364,0.0003903206428320774,0.0004182006887486544,0.0004367873860263723,0.0004739607805818083,0.0004925474778595262,0.0005576009183315391,0.000622654358803552,0.0010222683502744885,0.0011059084880242192,0.0010873217907465013,0.0014962291308562967,0.0017657362413832072,0.0022396970219650154,0.0030110449589903117,0.004237766979319697,0.003215498629045209,0.0029274048212405805,0.0026578977107136696,0.0028065912889354136,0.0028158846375742723,0.002918111472601722,0.003122565142656619,0.0030853917481011833,0.003280552069517222,0.003773099547376748,0.003828859639209902,0.0036522860150715814,0.004284233722513992,0.0049998215677061345,0.004628087622151775,0.004683847713984929,0.00631947707442411,0.007917933040307855,0.0060499699638971996,0.007899346343030137,0.009386282125247575,0.010640884191493538,0.011560925706740577,0.011189191761186218,0.011375058733963399,0.009302641987497844,0.008968081436498921,0.008261786939945639,0.008196733499473625,0.0084290672154451,0.008930908041943485,0.00824320024266792,0.007815706205280408,0.008642814234138858,0.008020159875335305,0.0071372917546437,0.00696071813050538,0.008438360564083959,0.011458698871713129,
20151,0.0003810272941932184,0.0003996139914709364,0.0003903206428320774,0.0004182006887486544,0.0004367873860263723,0.0004739607805818083,0.0004925474778595262,0.0005576009183315391,0.000622654358803552,0.0010222683502744885,0.0011059084880242192,0.0010873217907465013,0.0014962291308562967,0.0017657362413832072,0.0022396970219650154,0.0030110449589903117,0.004237766979319697,0.003215498629045209,0.0029274048212405805,0.0026578977107136696,0.0028065912889354136,0.0028158846375742723,0.002918111472601722,0.003122565142656619,0.0030853917481011833,0.003280552069517222,0.003773099547376748,0.003828859639209902,0.0036522860150715814,0.004284233722513992,0.0049998215677061345,0.004628087622151775,0.004683847713984929,0.00631947707442411,0.007917933040307855,0.0060499699638971996,0.007899346343030137,0.009386282125247575,0.010640884191493538,0.011560925706740577,0.011189191761186218,0.011375058733963399,0.009302641987497844,0.008968081436498921,0.008261786939945639,0.008196733499473625,0.0084290672154451,0.008930908041943485,0.00824320024266792,0.007815706205280408,0.008642814234138858,0.008020159875335305,0.0071372917546437,0.00696071813050538,0.008438360564083959,0.011458698871713129,
20153,0.0003810272941932184,0.0003996139914709364,0.0003903206428320774,0.0004182006887486544,0.0004367873860263723,0.0004739607805818083,0.0004925474778595262,0.0005576009183315391,0.000622654358803552,0.0010222683502744885,0.0011059084880242192,0.0010873217907465013,0.0014962291308562967,0.0017657362413832072,0.0022396970219650154,0.0030110449589903117,0.004237766979319697,0.003215498629045209,0.0029274048212405805,0.0026578977107136696,0.0028065912889354136,0.0028158846375742723,0.002918111472601722,0.003122565142656619,0.0030853917481011833,0.003280552069517222,0.003773099547376748,0.003828859639209902,0.0036522860150715814,0.004284233722513992,0.0049998215677061345,0.004628087622151775,0.004683847713984929,0.00631947707442411,0.007917933040307855,0.0060499699638971996,0.007899346343030137,0.009386282125247575,0.010640884191493538,0.011560925706740577,0.011189191761186218,0.011375058733963399,0.009302641987497844,0.008968081436498921,0.008261786939945639,0.008196733499473625,0.0084290672154451,0.008930908041943485,0.00824320024266792,0.007815706205280408,0.008642814234138858,0.008020159875335305,0.0071372917546437,0.00696071813050538,0.008438360564083959,0.011458698871713129,
20155,0.0003810272941932184,0.0003996139914709364,0.0003903206428320774,0.0004182006887486544,0.0004367873860263723,0.0004739607805818083,0.0004925474778595262,0.0005576009183315391,0.000622654358803552,0.0010222683502744885,0.0011059084880242192,0.0010873217907465013,0.0014962291308562967,0.0017657362413832072,0.0022396970219650154,0.0030110449589903117,0.004237766979319697,0.003215498629045209,0.0029274048212405805,0.0026578977107136696,0.0028065912889354136,0.0028158846375742723,0.002918111472601722,0.003122565142656619,0.0030853917481011833,0.003280552069517222,0.003773099547376748,0.003828859639209902,0.0036522860150715814,0.004284233722513992,0.0049998215677061345,0.004628087622151775,0.004683847713984929,0.00631947707442411,0.007917933040307855,0.0060499699638971996,0.007899346343030137,0.009386282125247575,0.010640884191493538,0.011560925706740577,0.011189191761186218,0.011375058733963399,0.009302641987497844,0.008968081436498921,0.008261786939945639,0.008196733499473625,0.0084290672154451,0.008930908041943485,0.00824320024266792,0.007815706205280408,0.008642814234138858,0.008020159875335305,0.0071372917546437,0.00696071813050538,0.008438360564083959,0.011458698871713129,
20157,0.0003810272941932184,0.0003996139914709364,0.0003903206428320774,0.0004182006887486544,0.0004367873860263723,0.0004739607805818083,0.0004925474778595262,0.0005576009183315391,0.000622654358803552,0.0010222683502744885,0.0011059084880242192,0.0010873217907465013,0.0014962291308562967,0.0017657362413832072,0.0022396970219650154,0.0030110449589903117,0.004237766979319697,0.003215498629045209,0.0029274048212405805,0.0026578977107136696,0.0028065912889354136,0.0028158846375742723,0.002918111472601722,0.003122565142656619,0.0030853917481011833,0.003280552069517222,0.003773099547376748,0.003828859639209902,0.0036522860150715814,0.004284233722513992,0.0049998215677061345,0.004628087622151775,0.004683847713984929,0.00631947707442411,0.007917933040307855,0.0060499699638971996,0.007899346343030137,0.009386282125247575,0.010640884191493538,0.011560925706740577,0.011189191761186218,0.011375058733963399,0.009302641987497844,0.008968081436498921,0.008261786939945639,0.008196733499473625,0.0084290672154451,0.008930908041943485,0.00824320024266792,0.007815706205280408,0.008642814234138858,0.008020159875335305,0.0071372917546437,0.00696071813050538,0.008438360564083959,0.011458698871713129,
20159,0.0003810272941932184,0.0003996139914709364,0.0003903206428320774,0.0004182006887486544,0.0004367873860263723,0.0004739607805818083,0.0004925474778595262,0.0005576009183315391,0.000622654358803552,0.0010222683502744885,0.0011059084880242192,0.0010873217907465013,0.0014962291308562967,0.0017657362413832072,0.0022396970219650154,0.0030110449589903117,0.004237766979319697,0.003215498629045209,0.0029274048212405805,0.0026578977107136696,0.0028065912889354136,0.0028158846375742723,0.002918111472601722,0.003122565142656619,0.0030853917481011833,0.003280552069517222,0.003773099547376748,0.003828859639209902,0.0036522860150715814,0.004284233722513992,0.0049998215677061345,0.004628087622151775,0.004683847713984929,0.00631947707442411,0.007917933040307855,0.0060499699638971996,0.007899346343030137,0.009386282125247575,0.010640884191493538,0.011560925706740577,0.011189191761186218,0.011375058733963399,0.009302641987497844,0.008968081436498921,0.008261786939945639,0.008196733499473625,0.0084290672154451,0.008930908041943485,0.00824320024266792,0.007815706205280408,0.008642814234138858,0.008020159875335305,0.0071372917546437,0.00696071813050538,0.008438360564083959,0.011458698871713129,
20161,0.0003810272941932184,0.0003996139914709364,0.0003903206428320774,0.0004182006887486544,0.0004367873860263723,0.0004739607805818083,0.0004925474778595262,0.0005576009183315391,0.000622654358803552,0.0010222683502744885,0.0011059084880242192,0.0010873217907465013,0.0014962291308562967,0.0017657362413832072,0.0022396970219650154,0.0030110449589903117,0.004237766979319697,0.003215498629045209,0.0029274048212405805,0.0026578977107136696,0.0028065912889354136,0.0028158846375742723,0.002918111472601722,0.003122565142656619,0.0030853917481011833,0.003280552069517222,0.003773099547376748,0.003828859639209902,0.0036522860150715814,0.004284233722513992,0.0049998215677061345,0.004628087622151775,0.004683847713984929,0.00631947707442411,0.007917933040307855,0.0060499699638971996,0.007899346343030137,0.009386282125247575,0.010640884191493538,0.011560925706740577,0.011189191761186218,0.011375058733963399,0.009302641987497844,0.008968081436498921,0.008261786939945639,0.008196733499473625,0.0084290672154451,0.008930908041943485,0.00824320024266792,0.007815706205280408,0.008642814234138858,0.008020159875335305,0.0071372917546437,0.00696071813050538,0.008438360564083959,0.011458698871713129,
20163,0.0003810272941932184,0.0003996139914709364,0.0003903206428320774,0.0004182006887486544,0.0004367873860263723,0.0004739607805818083,0.0004925474778595262,0.0005576009183315391,0.000622654358803552,0.0010222683502744885,0.0011059084880242192,0.0010873217907465013,0.0014962291308562967,0.0017657362413832072,0.0022396970219650154,0.0030110449589903117,0.004237766979319697,0.003215498629045209,0.0029274048212405805,0.0026578977107136696,0.0028065912889354136,0.0028158846375742723,0.002918111472601722,0.003122565142656619,0.0030853917481011833,0.003280552069517222,0.003773099547376748,0.003828859639209902,0.0036522860150715814,0.004284233722513992,0.0049998215677061345,0.004628087622151775,0.004683847713984929,0.00631947707442411,0.007917933040307855,0.0060499699638971996,0.007899346343030137,0.009386282125247575,0.010640884191493538,0.011560925706740577,0.011189191761186218,0.011375058733963399,0.009302641987497844,0.008968081436498921,0.008261786939945639,0.008196733499473625,0.0084290672154451,0.008930908041943485,0.00824320024266792,0.007815706205280408,0.008642814234138858,0.008020159875335305,0.0071372917546437,0.00696071813050538,0.008438360564083959,0.011458698871713129,
20165,0.0003810272941932184,0.0003996139914709364,0.0003903206428320774,0.0004182006887486544,0.0004367873860263723,0.0004739607805818083,0.0004925474778595262,0.0005576009183315391,0.000622654358803552,0.0010222683502744885,0.0011059084880242192,0.0010873217907465013,0.0014962291308562967,0.0017657362413832072,0.0022396970219650154,0.0030110449589903117,0.004237766979319697,0.003215498629045209,0.0029274048212405805,0.0026578977107136696,0.0028065912889354136,0.0028158846375742723,0.002918111472601722,0.003122565142656619,0.0030853917481011833,0.003280552069517222,0.003773099547376748,0.003828859639209902,0.0036522860150715814,0.004284233722513992,0.0049998215677061345,0.004628087622151775,0.004683847713984929,0.00631947707442411,0.007917933040307855,0.0060499699638971996,0.007899346343030137,0.009386282125247575,0.010640884191493538,0.011560925706740577,0.011189191761186218,0.011375058733963399,0.009302641987497844,0.008968081436498921,0.008261786939945639,0.008196733499473625,0.0084290672154451,0.008930908041943485,0.00824320024266792,0.007815706205280408,0.008642814234138858,0.008020159875335305,0.0071372917546437,0.00696071813050538,0.008438360564083959,0.011458698871713129,
20167,0.0003810272941932184,0.0003996139914709364,0.0003903206428320774,0.0004182006887486544,0.0004367873860263723,0.0004739607805818083,0.0004925474778595262,0.0005576009183315391,0.000622654358803552,0.0010222683502744885,0.0011059084880242192,0.0010873217907465013,0.0014962291308562967,0.0017657362413832072,0.0022396970219650154,0.0030110449589903117,0.004237766979319697,0.003215498629045209,0.0029274048212405805,0.0026578977107136696,0.0028065912889354136,0.0028158846375742723,0.002918111472601722,0.003122565142656619,0.0030853917481011833,0.003280552069517222,0.003773099547376748,0.003828859639209902,0.0036522860150715814,0.004284233722513992,0.0049998215677061345,0.004628087622151775,0.004683847713984929,0.00631947707442411,0.007917933040307855,0.0060499699638971996,0.007899346343030137,0.009386282125247575,0.010640884191493538,0.011560925706740577,0.011189191761186218,0.011375058733963399,0.009302641987497844,0.008968081436498921,0.008261786939945639,0.008196733499473625,0.0084290672154451,0.008930908041943485,0.00824320024266792,0.007815706205280408,0.008642814234138858,0.008020159875335305,0.0071372917546437,0.00696071813050538,0.008438360564083959,0.011458698871713129,
20169,0.0003810272941932184,0.0003996139914709364,0.0003903206428320774,0.0004182006887486544,0.0004367873860263723,0.0004739607805818083,0.0004925474778595262,0.0005576009183315391,0.000622654358803552,0.0010222683502744885,0.0011059084880242192,0.0010873217907465013,0.0014962291308562967,0.0017657362413832072,0.0022396970219650154,0.0030110449589903117,0.004237766979319697,0.003215498629045209,0.0029274048212405805,0.0026578977107136696,0.0028065912889354136,0.0028158846375742723,0.002918111472601722,0.003122565142656619,0.0030853917481011833,0.003280552069517222,0.003773099547376748,0.003828859639209902,0.0036522860150715814,0.004284233722513992,0.0049998215677061345,0.004628087622151775,0.004683847713984929,0.00631947707442411,0.007917933040307855,0.0060499699638971996,0.007899346343030137,0.009386282125247575,0.010640884191493538,0.011560925706740577,0.011189191761186218,0.011375058733963399,0.009302641987497844,0.008968081436498921,0.008261786939945639,0.008196733499473625,0.0084290672154451,0.008930908041943485,0.00824320024266792,0.007815706205280408,0.008642814234138858,0.008020159875335305,0.0071372917546437,0.00696071813050538,0.008438360564083959,0.011458698871713129,
20171,0.0003810272941932184,0.0003996139914709364,0.0003903206428320774,0.0004182006887486544,0.0004367873860263723,0.0004739607805818083,0.0004925474778595262,0.0005576009183315391,0.000622654358803552,0.0010222683502744885,0.0011059084880242192,0.0010873217907465013,0.0014962291308562967,0.0017657362413832072,0.0022396970219650154,0.0030110449589903117,0.004237766979319697,0.003215498629045209,0.0029274048212405805,0.0026578977107136696,0.0028065912889354136,0.0028158846375742723,0.002918111472601722,0.003122565142656619,0.0030853917481011833,0.003280552069517222,0.003773099547376748,0.003828859639209902,0.0036522860150715814,0.004284233722513992,0.0049998215677061345,0.004628087622151775,0.004683847713984929,0.00631947707442411,0.007917933040307855,0.0060499699638971996,0.007899346343030137,0.009386282125247575,0.010640884191493538,0.011560925706740577,0.011189191761186218,0.011375058733963399,0.009302641987497844,0.008968081436498921,0.008261786939945639,0.008196733499473625,0.0084290672154451,0.008930908041943485,0.00824320024266792,0.007815706205280408,0.008642814234138858,0.008020159875335305,0.0071372917546437,0.00696071813050538,0.008438360564083959,0.011458698871713129,
20173,0.0003810272941932184,0.0003996139914709364,0.0003903206428320774,0.0004182006887486544,0.0004367873860263723,0.0004739607805818083,0.0004925474778595262,0.0005576009183315391,0.000622654358803552,0.0010222683502744885,0.0011059084880242192,0.0010873217907465013,0.0014962291308562967,0.0017657362413832072,0.0022396970219650154,0.0030110449589903117,0.004237766979319697,0.003215498629045209,0.0029274048212405805,0.0026578977107136696,0.0028065912889354136,0.0028158846375742723,0.002918111472601722,0.003122565142656619,0.0030853917481011833,0.003280552069517222,0.003773099547376748,0.003828859639209902,0.0036522860150715814,0.004284233722513992,0.0049998215677061345,0.004628087622151775,0.004683847713984929,0.00631947707442411,0.007917933040307855,0.0060499699638971996,0.007899346343030137,0.009386282125247575,0.010640884191493538,0.011560925706740577,0.011189191761186218,0.011375058733963399,0.009302641987497844,0.008968081436498921,0.008261786939945639,0.008196733499473625,0.0084290672154451,0.008930908041943485,0.00824320024266792,0.007815706205280408,0.008642814234138858,0.008020159875335305,0.0071372917546437,0.00696071813050538,0.008438360564083959,0.011458698871713129,
20175,0.0003810272941932184,0.0003996139914709364,0.0003903206428320774,0.0004182006887486544,0.0004367873860263723,0.0004739607805818083,0.0004925474778595262,0.0005576009183315391,0.000622654358803552,0.0010222683502744885,0.0011059084880242192,0.0010873217907465013,0.0014962291308562967,0.0017657362413832072,0.0022396970219650154,0.0030110449589903117,0.004237766979319697,0.003215498629045209,0.0029274048212405805,0.0026578977107136696,0.0028065912889354136,0.0028158846375742723,0.002918111472601722,0.003122565142656619,0.0030853917481011833,0.003280552069517222,0.003773099547376748,0.003828859639209902,0.0036522860150715814,0.004284233722513992,0.0049998215677061345,0.004628087622151775,0.004683847713984929,0.00631947707442411,0.007917933040307855,0.0060499699638971996,0.007899346343030137,0.009386282125247575,0.010640884191493538,0.011560925706740577,0.011189191761186218,0.011375058733963399,0.009302641987497844,0.008968081436498921,0.008261786939945639,0.008196733499473625,0.0084290672154451,0.008930908041943485,0.00824320024266792,0.007815706205280408,0.008642814234138858,0.008020159875335305,0.0071372917546437,0.00696071813050538,0.008438360564083959,0.011458698871713129,
20177,0.0003810272941932184,0.0003996139914709364,0.0003903206428320774,0.0004182006887486544,0.0004367873860263723,0.0004739607805818083,0.0004925474778595262,0.0005576009183315391,0.000622654358803552,0.0010222683502744885,0.0011059084880242192,0.0010873217907465013,0.0014962291308562967,0.0017657362413832072,0.0022396970219650154,0.0030110449589903117,0.004237766979319697,0.003215498629045209,0.0029274048212405805,0.0026578977107136696,0.0028065912889354136,0.0028158846375742723,0.002918111472601722,0.003122565142656619,0.0030853917481011833,0.003280552069517222,0.003773099547376748,0.003828859639209902,0.0036522860150715814,0.004284233722513992,0.0049998215677061345,0.004628087622151775,0.004683847713984929,0.00631947707442411,0.007917933040307855,0.0060499699638971996,0.007899346343030137,0.009386282125247575,0.010640884191493538,0.011560925706740577,0.011189191761186218,0.011375058733963399,0.009302641987497844,0.008968081436498921,0.008261786939945639,0.008196733499473625,0.0084290672154451,0.008930908041943485,0.00824320024266792,0.007815706205280408,0.008642814234138858,0.008020159875335305,0.0071372917546437,0.00696071813050538,0.008438360564083959,0.011458698871713129,
20179,0.0003810272941932184,0.0003996139914709364,0.0003903206428320774,0.0004182006887486544,0.0004367873860263723,0.0004739607805818083,0.0004925474778595262,0.0005576009183315391,0.000622654358803552,0.0010222683502744885,0.0011059084880242192,0.0010873217907465013,0.0014962291308562967,0.0017657362413832072,0.0022396970219650154,0.0030110449589903117,0.004237766979319697,0.003215498629045209,0.0029274048212405805,0.0026578977107136696,0.0028065912889354136,0.0028158846375742723,0.002918111472601722,0.003122565142656619,0.0030853917481011833,0.003280552069517222,0.003773099547376748,0.003828859639209902,0.0036522860150715814,0.004284233722513992,0.0049998215677061345,0.004628087622151775,0.004683847713984929,0.00631947707442411,0.007917933040307855,0.0060499699638971996,0.007899346343030137,0.009386282125247575,0.010640884191493538,0.011560925706740577,0.011189191761186218,0.011375058733963399,0.009302641987497844,0.008968081436498921,0.008261786939945639,0.008196733499473625,0.0084290672154451,0.008930908041943485,0.00824320024266792,0.007815706205280408,0.008642814234138858,0.008020159875335305,0.0071372917546437,0.00696071813050538,0.008438360564083959,0.011458698871713129,
20181,0.0003810272941932184,0.0003996139914709364,0.0003903206428320774,0.0004182006887486544,0.0004367873860263723,0.0004739607805818083,0.0004925474778595262,0.0005576009183315391,0.000622654358803552,0.0010222683502744885,0.0011059084880242192,0.0010873217907465013,0.0014962291308562967,0.0017657362413832072,0.0022396970219650154,0.0030110449589903117,0.004237766979319697,0.003215498629045209,0.0029274048212405805,0.0026578977107136696,0.0028065912889354136,0.0028158846375742723,0.002918111472601722,0.003122565142656619,0.0030853917481011833,0.003280552069517222,0.003773099547376748,0.003828859639209902,0.0036522860150715814,0.004284233722513992,0.0049998215677061345,0.004628087622151775,0.004683847713984929,0.00631947707442411,0.007917933040307855,0.0060499699638971996,0.007899346343030137,0.009386282125247575,0.010640884191493538,0.011560925706740577,0.011189191761186218,0.011375058733963399,0.009302641987497844,0.008968081436498921,0.008261786939945639,0.008196733499473625,0.0084290672154451,0.008930908041943485,0.00824320024266792,0.007815706205280408,0.008642814234138858,0.008020159875335305,0.0071372917546437,0.00696071813050538,0.008438360564083959,0.011458698871713129,
20183,0.0003810272941932184,0.0003996139914709364,0.0003903206428320774,0.0004182006887486544,0.0004367873860263723,0.0004739607805818083,0.0004925474778595262,0.0005576009183315391,0.000622654358803552,0.0010222683502744885,0.0011059084880242192,0.0010873217907465013,0.0014962291308562967,0.0017657362413832072,0.0022396970219650154,0.0030110449589903117,0.004237766979319697,0.003215498629045209,0.0029274048212405805,0.0026578977107136696,0.0028065912889354136,0.0028158846375742723,0.002918111472601722,0.003122565142656619,0.0030853917481011833,0.003280552069517222,0.003773099547376748,0.003828859639209902,0.0036522860150715814,0.004284233722513992,0.0049998215677061345,0.004628087622151775,0.004683847713984929,0.00631947707442411,0.007917933040307855,0.0060499699638971996,0.007899346343030137,0.009386282125247575,0.010640884191493538,0.011560925706740577,0.011189191761186218,0.011375058733963399,0.009302641987497844,0.008968081436498921,0.008261786939945639,0.008196733499473625,0.0084290672154451,0.008930908041943485,0.00824320024266792,0.007815706205280408,0.008642814234138858,0.008020159875335305,0.0071372917546437,0.00696071813050538,0.008438360564083959,0.011458698871713129,
20185,0.0003810272941932184,0.0003996139914709364,0.0003903206428320774,0.0004182006887486544,0.0004367873860263723,0.0004739607805818083,0.0004925474778595262,0.0005576009183315391,0.000622654358803552,0.0010222683502744885,0.0011059084880242192,0.0010873217907465013,0.0014962291308562967,0.0017657362413832072,0.0022396970219650154,0.0030110449589903117,0.004237766979319697,0.003215498629045209,0.0029274048212405805,0.0026578977107136696,0.0028065912889354136,0.0028158846375742723,0.002918111472601722,0.003122565142656619,0.0030853917481011833,0.003280552069517222,0.003773099547376748,0.003828859639209902,0.0036522860150715814,0.004284233722513992,0.0049998215677061345,0.004628087622151775,0.004683847713984929,0.00631947707442411,0.007917933040307855,0.0060499699638971996,0.007899346343030137,0.009386282125247575,0.010640884191493538,0.011560925706740577,0.011189191761186218,0.011375058733963399,0.009302641987497844,0.008968081436498921,0.008261786939945639,0.008196733499473625,0.0084290672154451,0.008930908041943485,0.00824320024266792,0.007815706205280408,0.008642814234138858,0.008020159875335305,0.0071372917546437,0.00696071813050538,0.008438360564083959,0.011458698871713129,
20187,0.0003810272941932184,0.0003996139914709364,0.0003903206428320774,0.0004182006887486544,0.0004367873860263723,0.0004739607805818083,0.0004925474778595262,0.0005576009183315391,0.000622654358803552,0.0010222683502744885,0.0011059084880242192,0.0010873217907465013,0.0014962291308562967,0.0017657362413832072,0.0022396970219650154,0.0030110449589903117,0.004237766979319697,0.003215498629045209,0.0029274048212405805,0.0026578977107136696,0.0028065912889354136,0.0028158846375742723,0.002918111472601722,0.003122565142656619,0.0030853917481011833,0.003280552069517222,0.003773099547376748,0.003828859639209902,0.0036522860150715814,0.004284233722513992,0.0049998215677061345,0.004628087622151775,0.004683847713984929,0.00631947707442411,0.007917933040307855,0.0060499699638971996,0.007899346343030137,0.009386282125247575,0.010640884191493538,0.011560925706740577,0.011189191761186218,0.011375058733963399,0.009302641987497844,0.008968081436498921,0.008261786939945639,0.008196733499473625,0.0084290672154451,0.008930908041943485,0.00824320024266792,0.007815706205280408,0.008642814234138858,0.008020159875335305,0.0071372917546437,0.00696071813050538,0.008438360564083959,0.011458698871713129,
20189,0.0003810272941932184,0.0003996139914709364,0.0003903206428320774,0.0004182006887486544,0.0004367873860263723,0.0004739607805818083,0.0004925474778595262,0.0005576009183315391,0.000622654358803552,0.0010222683502744885,0.0011059084880242192,0.0010873217907465013,0.0014962291308562967,0.0017657362413832072,0.0022396970219650154,0.0030110449589903117,0.004237766979319697,0.003215498629045209,0.0029274048212405805,0.0026578977107136696,0.0028065912889354136,0.0028158846375742723,0.002918111472601722,0.003122565142656619,0.0030853917481011833,0.003280552069517222,0.003773099547376748,0.003828859639209902,0.0036522860150715814,0.004284233722513992,0.0049998215677061345,0.004628087622151775,0.004683847713984929,0.00631947707442411,0.007917933040307855,0.0060499699638971996,0.007899346343030137,0.009386282125247575,0.010640884191493538,0.011560925706740577,0.011189191761186218,0.011375058733963399,0.009302641987497844,0.008968081436498921,0.008261786939945639,0.008196733499473625,0.0084290672154451,0.008930908041943485,0.00824320024266792,0.007815706205280408,0.008642814234138858,0.008020159875335305,0.0071372917546437,0.00696071813050538,0.008438360564083959,0.011458698871713129,
20191,0.0003810272941932184,0.0003996139914709364,0.0003903206428320774,0.0004182006887486544,0.0004367873860263723,0.0004739607805818083,0.0004925474778595262,0.0005576009183315391,0.000622654358803552,0.0010222683502744885,0.0011059084880242192,0.0010873217907465013,0.0014962291308562967,0.0017657362413832072,0.0022396970219650154,0.0030110449589903117,0.004237766979319697,0.003215498629045209,0.0029274048212405805,0.0026578977107136696,0.0028065912889354136,0.0028158846375742723,0.002918111472601722,0.003122565142656619,0.0030853917481011833,0.003280552069517222,0.003773099547376748,0.003828859639209902,0.0036522860150715814,0.004284233722513992,0.0049998215677061345,0.004628087622151775,0.004683847713984929,0.00631947707442411,0.007917933040307855,0.0060499699638971996,0.007899346343030137,0.009386282125247575,0.010640884191493538,0.011560925706740577,0.011189191761186218,0.011375058733963399,0.009302641987497844,0.008968081436498921,0.008261786939945639,0.008196733499473625,0.0084290672154451,0.008930908041943485,0.00824320024266792,0.007815706205280408,0.008642814234138858,0.008020159875335305,0.0071372917546437,0.00696071813050538,0.008438360564083959,0.011458698871713129,
20193,0.0003810272941932184,0.0003996139914709364,0.0003903206428320774,0.0004182006887486544,0.0004367873860263723,0.0004739607805818083,0.0004925474778595262,0.0005576009183315391,0.000622654358803552,0.0010222683502744885,0.0011059084880242192,0.0010873217907465013,0.0014962291308562967,0.0017657362413832072,0.0022396970219650154,0.0030110449589903117,0.004237766979319697,0.003215498629045209,0.0029274048212405805,0.0026578977107136696,0.0028065912889354136,0.0028158846375742723,0.002918111472601722,0.003122565142656619,0.0030853917481011833,0.003280552069517222,0.003773099547376748,0.003828859639209902,0.0036522860150715814,0.004284233722513992,0.0049998215677061345,0.004628087622151775,0.004683847713984929,0.00631947707442411,0.007917933040307855,0.0060499699638971996,0.007899346343030137,0.009386282125247575,0.010640884191493538,0.011560925706740577,0.011189191761186218,0.011375058733963399,0.009302641987497844,0.008968081436498921,0.008261786939945639,0.008196733499473625,0.0084290672154451,0.008930908041943485,0.00824320024266792,0.007815706205280408,0.008642814234138858,0.008020159875335305,0.0071372917546437,0.00696071813050538,0.008438360564083959,0.011458698871713129,
20195,0.0003810272941932184,0.0003996139914709364,0.0003903206428320774,0.0004182006887486544,0.0004367873860263723,0.0004739607805818083,0.0004925474778595262,0.0005576009183315391,0.000622654358803552,0.0010222683502744885,0.0011059084880242192,0.0010873217907465013,0.0014962291308562967,0.0017657362413832072,0.0022396970219650154,0.0030110449589903117,0.004237766979319697,0.003215498629045209,0.0029274048212405805,0.0026578977107136696,0.0028065912889354136,0.0028158846375742723,0.002918111472601722,0.003122565142656619,0.0030853917481011833,0.003280552069517222,0.003773099547376748,0.003828859639209902,0.0036522860150715814,0.004284233722513992,0.0049998215677061345,0.004628087622151775,0.004683847713984929,0.00631947707442411,0.007917933040307855,0.0060499699638971996,0.007899346343030137,0.009386282125247575,0.010640884191493538,0.011560925706740577,0.011189191761186218,0.011375058733963399,0.009302641987497844,0.008968081436498921,0.008261786939945639,0.008196733499473625,0.0084290672154451,0.008930908041943485,0.00824320024266792,0.007815706205280408,0.008642814234138858,0.008020159875335305,0.0071372917546437,0.00696071813050538,0.008438360564083959,0.011458698871713129,
20197,0.0003810272941932184,0.0003996139914709364,0.0003903206428320774,0.0004182006887486544,0.0004367873860263723,0.0004739607805818083,0.0004925474778595262,0.0005576009183315391,0.000622654358803552,0.0010222683502744885,0.0011059084880242192,0.0010873217907465013,0.0014962291308562967,0.0017657362413832072,0.0022396970219650154,0.0030110449589903117,0.004237766979319697,0.003215498629045209,0.0029274048212405805,0.0026578977107136696,0.0028065912889354136,0.0028158846375742723,0.002918111472601722,0.003122565142656619,0.0030853917481011833,0.003280552069517222,0.003773099547376748,0.003828859639209902,0.0036522860150715814,0.004284233722513992,0.0049998215677061345,0.004628087622151775,0.004683847713984929,0.00631947707442411,0.007917933040307855,0.0060499699638971996,0.007899346343030137,0.009386282125247575,0.010640884191493538,0.011560925706740577,0.011189191761186218,0.011375058733963399,0.009302641987497844,0.008968081436498921,0.008261786939945639,0.008196733499473625,0.0084290672154451,0.008930908041943485,0.00824320024266792,0.007815706205280408,0.008642814234138858,0.008020159875335305,0.0071372917546437,0.00696071813050538,0.008438360564083959,0.011458698871713129,
20199,0.0003810272941932184,0.0003996139914709364,0.0003903206428320774,0.0004182006887486544,0.0004367873860263723,0.0004739607805818083,0.0004925474778595262,0.0005576009183315391,0.000622654358803552,0.0010222683502744885,0.0011059084880242192,0.0010873217907465013,0.0014962291308562967,0.0017657362413832072,0.0022396970219650154,0.0030110449589903117,0.004237766979319697,0.003215498629045209,0.0029274048212405805,0.0026578977107136696,0.0028065912889354136,0.0028158846375742723,0.002918111472601722,0.003122565142656619,0.0030853917481011833,0.003280552069517222,0.003773099547376748,0.003828859639209902,0.0036522860150715814,0.004284233722513992,0.0049998215677061345,0.004628087622151775,0.004683847713984929,0.00631947707442411,0.007917933040307855,0.0060499699638971996,0.007899346343030137,0.009386282125247575,0.010640884191493538,0.011560925706740577,0.011189191761186218,0.011375058733963399,0.009302641987497844,0.008968081436498921,0.008261786939945639,0.008196733499473625,0.0084290672154451,0.008930908041943485,0.00824320024266792,0.007815706205280408,0.008642814234138858,0.008020159875335305,0.0071372917546437,0.00696071813050538,0.008438360564083959,0.011458698871713129,
20201,0.0003810272941932184,0.0003996139914709364,0.0003903206428320774,0.0004182006887486544,0.0004367873860263723,0.0004739607805818083,0.0004925474778595262,0.0005576009183315391,0.000622654358803552,0.0010222683502744885,0.0011059084880242192,0.0010873217907465013,0.0014962291308562967,0.0017657362413832072,0.0022396970219650154,0.0030110449589903117,0.004237766979319697,0.003215498629045209,0.0029274048212405805,0.0026578977107136696,0.0028065912889354136,0.0028158846375742723,0.002918111472601722,0.003122565142656619,0.0030853917481011833,0.003280552069517222,0.003773099547376748,0.003828859639209902,0.0036522860150715814,0.004284233722513992,0.0049998215677061345,0.004628087622151775,0.004683847713984929,0.00631947707442411,0.007917933040307855,0.0060499699638971996,0.007899346343030137,0.009386282125247575,0.010640884191493538,0.011560925706740577,0.011189191761186218,0.011375058733963399,0.009302641987497844,0.008968081436498921,0.008261786939945639,0.008196733499473625,0.0084290672154451,0.008930908041943485,0.00824320024266792,0.007815706205280408,0.008642814234138858,0.008020159875335305,0.0071372917546437,0.00696071813050538,0.008438360564083959,0.011458698871713129,
20203,0.0003810272941932184,0.0003996139914709364,0.0003903206428320774,0.0004182006887486544,0.0004367873860263723,0.0004739607805818083,0.0004925474778595262,0.0005576009183315391,0.000622654358803552,0.0010222683502744885,0.0011059084880242192,0.0010873217907465013,0.0014962291308562967,0.0017657362413832072,0.0022396970219650154,0.0030110449589903117,0.004237766979319697,0.003215498629045209,0.0029274048212405805,0.0026578977107136696,0.0028065912889354136,0.0028158846375742723,0.002918111472601722,0.003122565142656619,0.0030853917481011833,0.003280552069517222,0.003773099547376748,0.003828859639209902,0.0036522860150715814,0.004284233722513992,0.0049998215677061345,0.004628087622151775,0.004683847713984929,0.00631947707442411,0.007917933040307855,0.0060499699638971996,0.007899346343030137,0.009386282125247575,0.010640884191493538,0.011560925706740577,0.011189191761186218,0.011375058733963399,0.009302641987497844,0.008968081436498921,0.008261786939945639,0.008196733499473625,0.0084290672154451,0.008930908041943485,0.00824320024266792,0.007815706205280408,0.008642814234138858,0.008020159875335305,0.0071372917546437,0.00696071813050538,0.008438360564083959,0.011458698871713129,
20205,0.0003810272941932184,0.0003996139914709364,0.0003903206428320774,0.0004182006887486544,0.0004367873860263723,0.0004739607805818083,0.0004925474778595262,0.0005576009183315391,0.000622654358803552,0.0010222683502744885,0.0011059084880242192,0.0010873217907465013,0.0014962291308562967,0.0017657362413832072,0.0022396970219650154,0.0030110449589903117,0.004237766979319697,0.003215498629045209,0.0029274048212405805,0.0026578977107136696,0.0028065912889354136,0.0028158846375742723,0.002918111472601722,0.003122565142656619,0.0030853917481011833,0.003280552069517222,0.003773099547376748,0.003828859639209902,0.0036522860150715814,0.004284233722513992,0.0049998215677061345,0.004628087622151775,0.004683847713984929,0.00631947707442411,0.007917933040307855,0.0060499699638971996,0.007899346343030137,0.009386282125247575,0.010640884191493538,0.011560925706740577,0.011189191761186218,0.011375058733963399,0.009302641987497844,0.008968081436498921,0.008261786939945639,0.008196733499473625,0.0084290672154451,0.008930908041943485,0.00824320024266792,0.007815706205280408,0.008642814234138858,0.008020159875335305,0.0071372917546437,0.00696071813050538,0.008438360564083959,0.011458698871713129,
20207,0.0003810272941932184,0.0003996139914709364,0.0003903206428320774,0.0004182006887486544,0.0004367873860263723,0.0004739607805818083,0.0004925474778595262,0.0005576009183315391,0.000622654358803552,0.0010222683502744885,0.0011059084880242192,0.0010873217907465013,0.0014962291308562967,0.0017657362413832072,0.0022396970219650154,0.0030110449589903117,0.004237766979319697,0.003215498629045209,0.0029274048212405805,0.0026578977107136696,0.0028065912889354136,0.0028158846375742723,0.002918111472601722,0.003122565142656619,0.0030853917481011833,0.003280552069517222,0.003773099547376748,0.003828859639209902,0.0036522860150715814,0.004284233722513992,0.0049998215677061345,0.004628087622151775,0.004683847713984929,0.00631947707442411,0.007917933040307855,0.0060499699638971996,0.007899346343030137,0.009386282125247575,0.010640884191493538,0.011560925706740577,0.011189191761186218,0.011375058733963399,0.009302641987497844,0.008968081436498921,0.008261786939945639,0.008196733499473625,0.0084290672154451,0.008930908041943485,0.00824320024266792,0.007815706205280408,0.008642814234138858,0.008020159875335305,0.0071372917546437,0.00696071813050538,0.008438360564083959,0.011458698871713129,
20209,0.0003810272941932184,0.0003996139914709364,0.0003903206428320774,0.0004182006887486544,0.0004367873860263723,0.0004739607805818083,0.0004925474778595262,0.0005576009183315391,0.000622654358803552,0.0010222683502744885,0.0011059084880242192,0.0010873217907465013,0.0014962291308562967,0.0017657362413832072,0.0022396970219650154,0.0030110449589903117,0.004237766979319697,0.003215498629045209,0.0029274048212405805,0.0026578977107136696,0.0028065912889354136,0.0028158846375742723,0.002918111472601722,0.003122565142656619,0.0030853917481011833,0.003280552069517222,0.003773099547376748,0.003828859639209902,0.0036522860150715814,0.004284233722513992,0.0049998215677061345,0.004628087622151775,0.004683847713984929,0.00631947707442411,0.007917933040307855,0.0060499699638971996,0.007899346343030137,0.009386282125247575,0.010640884191493538,0.011560925706740577,0.011189191761186218,0.011375058733963399,0.009302641987497844,0.008968081436498921,0.008261786939945639,0.008196733499473625,0.0084290672154451,0.008930908041943485,0.00824320024266792,0.007815706205280408,0.008642814234138858,0.008020159875335305,0.0071372917546437,0.00696071813050538,0.008438360564083959,0.011458698871713129,
21001,0.0006319477074424111,0.0005947743128869751,0.0006040676615258341,0.000622654358803552,0.0006598277533589879,0.0006970011479144239,0.0007527612397475779,0.0008456947261361677,0.0009850949557190525,0.0010687350934687832,0.0015426958740505916,0.0017006828009111944,0.002044536700548977,0.0027136578025468237,0.003150445188573196,0.004079780052459094,0.004795367897651236,0.004683847713984929,0.004739607805818082,0.004395753906180301,0.003958966520153927,0.003912499776959633,0.0040426066579036584,0.004200593584764261,0.00412624679565339,0.004154126841569967,0.004479394043930031,0.004628087622151775,0.004274940373875133,0.0047303144571792235,0.005380848861899353,0.005046288310900429,0.004776781200373518,0.006207956890757802,0.008549880747750266,0.006551810790395585,0.008010866526696445,0.009460628914358447,0.011402938779879974,0.012285806900571579,0.010492190613271795,0.012313686946488156,0.010120456667717435,0.008001573178057586,0.008168853453557048,0.00769489267297524,0.0077320660675306765,0.008419773866806242,0.008131680059001613,0.007332452076059739,0.008419773866806242,0.007834292902558125,0.007992279829418728,0.008029453223974164,0.008912321344665767,0.011310005293491385,0.011523752312185142
21003,0.0006319477074424111,0.0005947743128869751,0.0006040676615258341,0.000622654358803552,0.0006598277533589879,0.0006970011479144239,0.0007527612397475779,0.0008456947261361677,0.0009850949557190525,0.0010687350934687832,0.0015426958740505916,0.0017006828009111944,0.002044536700548977,0.0027136578025468237,0.003150445188573196,0.004079780052459094,0.004795367897651236,0.004683847713984929,0.004739607805818082,0.004395753906180301,0.003958966520153927,0.003912499776959633,0.0040426066579036584,0.004200593584764261,0.00412624679565339,0.004154126841569967,0.004479394043930031,0.004628087622151775,0.004274940373875133,0.0047303144571792235,0.005380848861899353,0.005046288310900429,0.004776781200373518,0.006207956890757802,0.008549880747750266,0.006551810790395585,0.008010866526696445,0.009460628914358447,0.011402938779879974,0.012285806900571579,0.010492190613271795,0.012313686946488156,0.010120456667717435,0.008001573178057586,0.008168853453557048,0.00769489267297524,0.0077320660675306765,0.008419773866806242,0.008131680059001613,0.007332452076059739,0.008419773866806242,0.007834292902558125,0.007992279829418728,0.008029453223974164,0.008912321344665767,0.011310005293491385,0.011523752312185142
21005,0.0006319477074424111,0.0005947743128869751,0.0006040676615258341,0.000622654358803552,0.0006598277533589879,0.0006970011479144239,0.0007527612397475779,0.0008456947261361677,0.0009850949557190525,0.0010687350934687832,0.0015426958740505916,0.0017006828009111944,0.002044536700548977,0.0027136578025468237,0.003150445188573196,0.004079780052459094,0.004795367897651236,0.004683847713984929,0.004739607805818082,0.004395753906180301,0.003958966520153927,0.003912499776959633,0.0040426066579036584,0.004200593584764261,0.00412624679565339,0.004154126841569967,0.004479394043930031,0.004628087622151775,0.004274940373875133,0.0047303144571792235,0.005380848861899353,0.005046288310900429,0.004776781200373518,0.006207956890757802,0.008549880747750266,0.006551810790395585,0.008010866526696445,0.009460628914358447,0.011402938779879974,0.012285806900571579,0.010492190613271795,0.012313686946488156,0.010120456667717435,0.008001573178057586,0.008168853453557048,0.00769489267297524,0.0077320660675306765,0.008419773866806242,0.008131680059001613,0.007332452076059739,0.008419773866806242,0.007834292902558125,0.007992279829418728,0.008029453223974164,0.008912321344665767,0.011310005293491385,0.011523752312185142
21007,0.0006319477074424111,0.0005947743128869751,0.0006040676615258341,0.000622654358803552,0.0006598277533589879,0.0006970011479144239,0.0007527612397475779,0.0008456947261361677,0.0009850949557190525,0.0010687350934687832,0.0015426958740505916,0.0017006828009111944,0.002044536700548977,0.0027136578025468237,0.003150445188573196,0.004079780052459094,0.004795367897651236,0.004683847713984929,0.004739607805818082,0.004395753906180301,0.003958966520153927,0.003912499776959633,0.0040426066579036584,0.004200593584764261,0.00412624679565339,0.004154126841569967,0.004479394043930031,0.004628087622151775,0.004274940373875133,0.0047303144571792235,0.005380848861899353,0.005046288310900429,0.004776781200373518,0.006207956890757802,0.008549880747750266,0.006551810790395585,0.008010866526696445,0.009460628914358447,0.011402938779879974,0.012285806900571579,0.010492190613271795,0.012313686946488156,0.010120456667717435,0.008001573178057586,0.008168853453557048,0.00769489267297524,0.0077320660675306765,0.008419773866806242,0.008131680059001613,0.007332452076059739,0.008419773866806242,0.007834292902558125,0.007992279829418728,0.008029453223974164,0.008912321344665767,0.011310005293491385,0.011523752312185142
21009,0.0006319477074424111,0.0005947743128869751,0.0006040676615258341,0.000622654358803552,0.0006598277533589879,0.0006970011479144239,0.0007527612397475779,0.0008456947261361677,0.0009850949557190525,0.0010687350934687832,0.0015426958740505916,0.0017006828009111944,0.002044536700548977,0.0027136578025468237,0.003150445188573196,0.004079780052459094,0.004795367897651236,0.004683847713984929,0.004739607805818082,0.004395753906180301,0.003958966520153927,0.003912499776959633,0.0040426066579036584,0.004200593584764261,0.00412624679565339,0.004154126841569967,0.004479394043930031,0.004628087622151775,0.004274940373875133,0.0047303144571792235,0.005380848861899353,0.005046288310900429,0.004776781200373518,0.006207956890757802,0.008549880747750266,0.006551810790395585,0.008010866526696445,0.009460628914358447,0.011402938779879974,0.012285806900571579,0.010492190613271795,0.012313686946488156,0.010120456667717435,0.008001573178057586,0.008168853453557048,0.00769489267297524,0.0077320660675306765,0.008419773866806242,0.008131680059001613,0.007332452076059739,0.008419773866806242,0.007834292902558125,0.007992279829418728,0.008029453223974164,0.008912321344665767,0.011310005293491385,0.011523752312185142
21011,0.0006319477074424111,0.0005947743128869751,0.0006040676615258341,0.000622654358803552,0.0006598277533589879,0.0006970011479144239,0.0007527612397475779,0.0008456947261361677,0.0009850949557190525,0.0010687350934687832,0.0015426958740505916,0.0017006828009111944,0.002044536700548977,0.0027136578025468237,0.003150445188573196,0.004079780052459094,0.004795367897651236,0.004683847713984929,0.004739607805818082,0.004395753906180301,0.003958966520153927,0.003912499776959633,0.0040426066579036584,0.004200593584764261,0.00412624679565339,0.004154126841569967,0.004479394043930031,0.004628087622151775,0.004274940373875133,0.0047303144571792235,0.005380848861899353,0.005046288310900429,0.004776781200373518,0.006207956890757802,0.008549880747750266,0.006551810790395585,0.008010866526696445,0.009460628914358447,0.011402938779879974,0.012285806900571579,0.010492190613271795,0.012313686946488156,0.010120456667717435,0.008001573178057586,0.008168853453557048,0.00769489267297524,0.0077320660675306765,0.008419773866806242,0.008131680059001613,0.007332452076059739,0.008419773866806242,0.007834292902558125,0.007992279829418728,0.008029453223974164,0.008912321344665767,0.011310005293491385,0.011523752312185142
21013,0.0006319477074424111,0.0005947743128869751,0.0006040676615258341,0.000622654358803552,0.0006598277533589879,0.0006970011479144239,0.0007527612397475779,0.0008456947261361677,0.0009850949557190525,0.0010687350934687832,0.0015426958740505916,0.0017006828009111944,0.002044536700548977,0.0027136578025468237,0.003150445188573196,0.004079780052459094,0.004795367897651236,0.004683847713984929,0.004739607805818082,0.004395753906180301,0.003958966520153927,0.003912499776959633,0.0040426066579036584,0.004200593584764261,0.00412624679565339,0.004154126841569967,0.004479394043930031,0.004628087622151775,0.004274940373875133,0.0047303144571792235,0.005380848861899353,0.005046288310900429,0.004776781200373518,0.006207956890757802,0.008549880747750266,0.006551810790395585,0.008010866526696445,0.009460628914358447,0.011402938779879974,0.012285806900571579,0.010492190613271795,0.012313686946488156,0.010120456667717435,0.008001573178057586,0.008168853453557048,0.00769489267297524,0.0077320660675306765,0.008419773866806242,0.008131680059001613,0.007332452076059739,0.008419773866806242,0.007834292902558125,0.007992279829418728,0.008029453223974164,0.008912321344665767,0.011310005293491385,0.011523752312185142
21015,0.0006319477074424111,0.0005947743128869751,0.0006040676615258341,0.000622654358803552,0.0006598277533589879,0.0006970011479144239,0.0007527612397475779,0.0008456947261361677,0.0009850949557190525,0.0010687350934687832,0.0015426958740505916,0.0017006828009111944,0.002044536700548977,0.0027136578025468237,0.003150445188573196,0.004079780052459094,0.004795367897651236,0.004683847713984929,0.004739607805818082,0.004395753906180301,0.003958966520153927,0.003912499776959633,0.0040426066579036584,0.004200593584764261,0.00412624679565339,0.004154126841569967,0.004479394043930031,0.004628087622151775,0.004274940373875133,0.0047303144571792235,0.005380848861899353,0.005046288310900429,0.004776781200373518,0.006207956890757802,0.008549880747750266,0.006551810790395585,0.008010866526696445,0.009460628914358447,0.011402938779879974,0.012285806900571579,0.010492190613271795,0.012313686946488156,0.010120456667717435,0.008001573178057586,0.008168853453557048,0.00769489267297524,0.0077320660675306765,0.008419773866806242,0.008131680059001613,0.007332452076059739,0.008419773866806242,0.007834292902558125,0.007992279829418728,0.008029453223974164,0.008912321344665767,0.011310005293491385,0.011523752312185142
21017,0.0006319477074424111,0.0005947743128869751,0.0006040676615258341,0.000622654358803552,0.0006598277533589879,0.0006970011479144239,0.0007527612397475779,0.0008456947261361677,0.0009850949557190525,0.0010687350934687832,0.0015426958740505916,0.0017006828009111944,0.002044536700548977,0.0027136578025468237,0.003150445188573196,0.004079780052459094,0.004795367897651236,0.004683847713984929,0.004739607805818082,0.004395753906180301,0.003958966520153927,0.003912499776959633,0.0040426066579036584,0.004200593584764261,0.00412624679565339,0.004154126841569967,0.004479394043930031,0.004628087622151775,0.004274940373875133,0.0047303144571792235,0.005380848861899353,0.005046288310900429,0.004776781200373518,0.006207956890757802,0.008549880747750266,0.006551810790395585,0.008010866526696445,0.009460628914358447,0.011402938779879974,0.012285806900571579,0.010492190613271795,0.012313686946488156,0.010120456667717435,0.008001573178057586,0.008168853453557048,0.00769489267297524,0.0077320660675306765,0.008419773866806242,0.008131680059001613,0.007332452076059739,0.008419773866806242,0.007834292902558125,0.007992279829418728,0.008029453223974164,0.008912321344665767,0.011310005293491385,0.011523752312185142
21019,0.0006319477074424111,0.0005947743128869751,0.0006040676615258341,0.000622654358803552,0.0006598277533589879,0.0006970011479144239,0.0007527612397475779,0.0008456947261361677,0.0009850949557190525,0.0010687350934687832,0.0015426958740505916,0.0017006828009111944,0.002044536700548977,0.0027136578025468237,0.003150445188573196,0.004079780052459094,0.004795367897651236,0.004683847713984929,0.004739607805818082,0.004395753906180301,0.003958966520153927,0.003912499776959633,0.0040426066579036584,0.004200593584764261,0.00412624679565339,0.004154126841569967,0.004479394043930031,0.004628087622151775,0.004274940373875133,0.0047303144571792235,0.005380848861899353,0.005046288310900429,0.004776781200373518,0.006207956890757802,0.008549880747750266,0.006551810790395585,0.008010866526696445,0.009460628914358447,0.011402938779879974,0.012285806900571579,0.010492190613271795,0.012313686946488156,0.010120456667717435,0.008001573178057586,0.008168853453557048,0.00769489267297524,0.0077320660675306765,0.008419773866806242,0.008131680059001613,0.007332452076059739,0.008419773866806242,0.007834292902558125,0.007992279829418728,0.008029453223974164,0.008912321344665767,0.011310005293491385,0.011523752312185142
21021,0.0006319477074424111,0.0005947743128869751,0.0006040676615258341,0.000622654358803552,0.0006598277533589879,0.0006970011479144239,0.0007527612397475779,0.0008456947261361677,0.0009850949557190525,0.0010687350934687832,0.0015426958740505916,0.0017006828009111944,0.002044536700548977,0.0027136578025468237,0.003150445188573196,0.004079780052459094,0.004795367897651236,0.004683847713984929,0.004739607805818082,0.004395753906180301,0.003958966520153927,0.003912499776959633,0.0040426066579036584,0.004200593584764261,0.00412624679565339,0.004154126841569967,0.004479394043930031,0.004628087622151775,0.004274940373875133,0.0047303144571792235,0.005380848861899353,0.005046288310900429,0.004776781200373518,0.006207956890757802,0.008549880747750266,0.006551810790395585,0.008010866526696445,0.009460628914358447,0.011402938779879974,0.012285806900571579,0.010492190613271795,0.012313686946488156,0.010120456667717435,0.008001573178057586,0.008168853453557048,0.00769489267297524,0.0077320660675306765,0.008419773866806242,0.008131680059001613,0.007332452076059739,0.008419773866806242,0.007834292902558125,0.007992279829418728,0.008029453223974164,0.008912321344665767,0.011310005293491385,0.011523752312185142
21023,0.0006319477074424111,0.0005947743128869751,0.0006040676615258341,0.000622654358803552,0.0006598277533589879,0.0006970011479144239,0.0007527612397475779,0.0008456947261361677,0.0009850949557190525,0.0010687350934687832,0.0015426958740505916,0.0017006828009111944,0.002044536700548977,0.0027136578025468237,0.003150445188573196,0.004079780052459094,0.004795367897651236,0.004683847713984929,0.004739607805818082,0.004395753906180301,0.003958966520153927,0.003912499776959633,0.0040426066579036584,0.004200593584764261,0.00412624679565339,0.004154126841569967,0.004479394043930031,0.004628087622151775,0.004274940373875133,0.0047303144571792235,0.005380848861899353,0.005046288310900429,0.004776781200373518,0.006207956890757802,0.008549880747750266,0.006551810790395585,0.008010866526696445,0.009460628914358447,0.011402938779879974,0.012285806900571579,0.010492190613271795,0.012313686946488156,0.010120456667717435,0.008001573178057586,0.008168853453557048,0.00769489267297524,0.0077320660675306765,0.008419773866806242,0.008131680059001613,0.007332452076059739,0.008419773866806242,0.007834292902558125,0.007992279829418728,0.008029453223974164,0.008912321344665767,0.011310005293491385,0.011523752312185142
21025,0.0006319477074424111,0.0005947743128869751,0.0006040676615258341,0.000622654358803552,0.0006598277533589879,0.0006970011479144239,0.0007527612397475779,0.0008456947261361677,0.0009850949557190525,0.0010687350934687832,0.0015426958740505916,0.0017006828009111944,0.002044536700548977,0.0027136578025468237,0.003150445188573196,0.004079780052459094,0.004795367897651236,0.004683847713984929,0.004739607805818082,0.004395753906180301,0.003958966520153927,0.003912499776959633,0.0040426066579036584,0.004200593584764261,0.00412624679565339,0.004154126841569967,0.004479394043930031,0.004628087622151775,0.004274940373875133,0.0047303144571792235,0.005380848861899353,0.005046288310900429,0.004776781200373518,0.006207956890757802,0.008549880747750266,0.006551810790395585,0.008010866526696445,0.009460628914358447,0.011402938779879974,0.012285806900571579,0.010492190613271795,0.012313686946488156,0.010120456667717435,0.008001573178057586,0.008168853453557048,0.00769489267297524,0.0077320660675306765,0.008419773866806242,0.008131680059001613,0.007332452076059739,0.008419773866806242,0.007834292902558125,0.007992279829418728,0.008029453223974164,0.008912321344665767,0.011310005293491385,0.011523752312185142
21027,0.0006319477074424111,0.0005947743128869751,0.0006040676615258341,0.000622654358803552,0.0006598277533589879,0.0006970011479144239,0.0007527612397475779,0.0008456947261361677,0.0009850949557190525,0.0010687350934687832,0.0015426958740505916,0.0017006828009111944,0.002044536700548977,0.0027136578025468237,0.003150445188573196,0.004079780052459094,0.004795367897651236,0.004683847713984929,0.004739607805818082,0.004395753906180301,0.003958966520153927,0.003912499776959633,0.0040426066579036584,0.004200593584764261,0.00412624679565339,0.004154126841569967,0.004479394043930031,0.004628087622151775,0.004274940373875133,0.0047303144571792235,0.005380848861899353,0.005046288310900429,0.004776781200373518,0.006207956890757802,0.008549880747750266,0.006551810790395585,0.008010866526696445,0.009460628914358447,0.011402938779879974,0.012285806900571579,0.010492190613271795,0.012313686946488156,0.010120456667717435,0.008001573178057586,0.008168853453557048,0.00769489267297524,0.0077320660675306765,0.008419773866806242,0.008131680059001613,0.007332452076059739,0.008419773866806242,0.007834292902558125,0.007992279829418728,0.008029453223974164,0.008912321344665767,0.011310005293491385,0.011523752312185142
21029,0.0006319477074424111,0.0005947743128869751,0.0006040676615258341,0.000622654358803552,0.0006598277533589879,0.0006970011479144239,0.0007527612397475779,0.0008456947261361677,0.0009850949557190525,0.0010687350934687832,0.0015426958740505916,0.0017006828009111944,0.002044536700548977,0.0027136578025468237,0.003150445188573196,0.004079780052459094,0.004795367897651236,0.004683847713984929,0.004739607805818082,0.004395753906180301,0.003958966520153927,0.003912499776959633,0.0040426066579036584,0.004200593584764261,0.00412624679565339,0.004154126841569967,0.004479394043930031,0.004628087622151775,0.004274940373875133,0.0047303144571792235,0.005380848861899353,0.005046288310900429,0.004776781200373518,0.006207956890757802,0.008549880747750266,0.006551810790395585,0.008010866526696445,0.009460628914358447,0.011402938779879974,0.012285806900571579,0.010492190613271795,0.012313686946488156,0.010120456667717435,0.008001573178057586,0.008168853453557048,0.00769489267297524,0.0077320660675306765,0.008419773866806242,0.008131680059001613,0.007332452076059739,0.008419773866806242,0.007834292902558125,0.007992279829418728,0.008029453223974164,0.008912321344665767,0.011310005293491385,0.011523752312185142
21031,0.0006319477074424111,0.0005947743128869751,0.0006040676615258341,0.000622654358803552,0.0006598277533589879,0.0006970011479144239,0.0007527612397475779,0.0008456947261361677,0.0009850949557190525,0.0010687350934687832,0.0015426958740505916,0.0017006828009111944,0.002044536700548977,0.0027136578025468237,0.003150445188573196,0.004079780052459094,0.004795367897651236,0.004683847713984929,0.004739607805818082,0.004395753906180301,0.003958966520153927,0.003912499776959633,0.0040426066579036584,0.004200593584764261,0.00412624679565339,0.004154126841569967,0.004479394043930031,0.004628087622151775,0.004274940373875133,0.0047303144571792235,0.005380848861899353,0.005046288310900429,0.004776781200373518,0.006207956890757802,0.008549880747750266,0.006551810790395585,0.008010866526696445,0.009460628914358447,0.011402938779879974,0.012285806900571579,0.010492190613271795,0.012313686946488156,0.010120456667717435,0.008001573178057586,0.008168853453557048,0.00769489267297524,0.0077320660675306765,0.008419773866806242,0.008131680059001613,0.007332452076059739,0.008419773866806242,0.007834292902558125,0.007992279829418728,0.008029453223974164,0.008912321344665767,0.011310005293491385,0.011523752312185142
21033,0.0006319477074424111,0.0005947743128869751,0.0006040676615258341,0.000622654358803552,0.0006598277533589879,0.0006970011479144239,0.0007527612397475779,0.0008456947261361677,0.0009850949557190525,0.0010687350934687832,0.0015426958740505916,0.0017006828009111944,0.002044536700548977,0.0027136578025468237,0.003150445188573196,0.004079780052459094,0.004795367897651236,0.004683847713984929,0.004739607805818082,0.004395753906180301,0.003958966520153927,0.003912499776959633,0.0040426066579036584,0.004200593584764261,0.00412624679565339,0.004154126841569967,0.004479394043930031,0.004628087622151775,0.004274940373875133,0.0047303144571792235,0.005380848861899353,0.005046288310900429,0.004776781200373518,0.006207956890757802,0.008549880747750266,0.006551810790395585,0.008010866526696445,0.009460628914358447,0.011402938779879974,0.012285806900571579,0.010492190613271795,0.012313686946488156,0.010120456667717435,0.008001573178057586,0.008168853453557048,0.00769489267297524,0.0077320660675306765,0.008419773866806242,0.008131680059001613,0.007332452076059739,0.008419773866806242,0.007834292902558125,0.007992279829418728,0.008029453223974164,0.008912321344665767,0.011310005293491385,0.011523752312185142
21035,0.0006319477074424111,0.0005947743128869751,0.0006040676615258341,0.000622654358803552,0.0006598277533589879,0.0006970011479144239,0.0007527612397475779,0.0008456947261361677,0.0009850949557190525,0.0010687350934687832,0.0015426958740505916,0.0017006828009111944,0.002044536700548977,0.0027136578025468237,0.003150445188573196,0.004079780052459094,0.004795367897651236,0.004683847713984929,0.004739607805818082,0.004395753906180301,0.003958966520153927,0.003912499776959633,0.0040426066579036584,0.004200593584764261,0.00412624679565339,0.004154126841569967,0.004479394043930031,0.004628087622151775,0.004274940373875133,0.0047303144571792235,0.005380848861899353,0.005046288310900429,0.004776781200373518,0.006207956890757802,0.008549880747750266,0.006551810790395585,0.008010866526696445,0.009460628914358447,0.011402938779879974,0.012285806900571579,0.010492190613271795,0.012313686946488156,0.010120456667717435,0.008001573178057586,0.008168853453557048,0.00769489267297524,0.0077320660675306765,0.008419773866806242,0.008131680059001613,0.007332452076059739,0.008419773866806242,0.007834292902558125,0.007992279829418728,0.008029453223974164,0.008912321344665767,0.011310005293491385,0.011523752312185142
21037,0.0006319477074424111,0.0005947743128869751,0.0006040676615258341,0.000622654358803552,0.0006598277533589879,0.0006970011479144239,0.0007527612397475779,0.0008456947261361677,0.0009850949557190525,0.0010687350934687832,0.0015426958740505916,0.0017006828009111944,0.002044536700548977,0.0027136578025468237,0.003150445188573196,0.004079780052459094,0.004795367897651236,0.004683847713984929,0.004739607805818082,0.004395753906180301,0.003958966520153927,0.003912499776959633,0.0040426066579036584,0.004200593584764261,0.00412624679565339,0.004154126841569967,0.004479394043930031,0.004628087622151775,0.004274940373875133,0.0047303144571792235,0.005380848861899353,0.005046288310900429,0.004776781200373518,0.006207956890757802,0.008549880747750266,0.006551810790395585,0.008010866526696445,0.009460628914358447,0.011402938779879974,0.012285806900571579,0.010492190613271795,0.012313686946488156,0.010120456667717435,0.008001573178057586,0.008168853453557048,0.00769489267297524,0.0077320660675306765,0.008419773866806242,0.008131680059001613,0.007332452076059739,0.008419773866806242,0.007834292902558125,0.007992279829418728,0.008029453223974164,0.008912321344665767,0.011310005293491385,0.011523752312185142
21039,0.0006319477074424111,0.0005947743128869751,0.0006040676615258341,0.000622654358803552,0.0006598277533589879,0.0006970011479144239,0.0007527612397475779,0.0008456947261361677,0.0009850949557190525,0.0010687350934687832,0.0015426958740505916,0.0017006828009111944,0.002044536700548977,0.0027136578025468237,0.003150445188573196,0.004079780052459094,0.004795367897651236,0.004683847713984929,0.004739607805818082,0.004395753906180301,0.003958966520153927,0.003912499776959633,0.0040426066579036584,0.004200593584764261,0.00412624679565339,0.004154126841569967,0.004479394043930031,0.004628087622151775,0.004274940373875133,0.0047303144571792235,0.005380848861899353,0.005046288310900429,0.004776781200373518,0.006207956890757802,0.008549880747750266,0.006551810790395585,0.008010866526696445,0.009460628914358447,0.011402938779879974,0.012285806900571579,0.010492190613271795,0.012313686946488156,0.010120456667717435,0.008001573178057586,0.008168853453557048,0.00769489267297524,0.0077320660675306765,0.008419773866806242,0.008131680059001613,0.007332452076059739,0.008419773866806242,0.007834292902558125,0.007992279829418728,0.008029453223974164,0.008912321344665767,0.011310005293491385,0.011523752312185142
21041,0.0006319477074424111,0.0005947743128869751,0.0006040676615258341,0.000622654358803552,0.0006598277533589879,0.0006970011479144239,0.0007527612397475779,0.0008456947261361677,0.0009850949557190525,0.0010687350934687832,0.0015426958740505916,0.0017006828009111944,0.002044536700548977,0.0027136578025468237,0.003150445188573196,0.004079780052459094,0.004795367897651236,0.004683847713984929,0.004739607805818082,0.004395753906180301,0.003958966520153927,0.003912499776959633,0.0040426066579036584,0.004200593584764261,0.00412624679565339,0.004154126841569967,0.004479394043930031,0.004628087622151775,0.004274940373875133,0.0047303144571792235,0.005380848861899353,0.005046288310900429,0.004776781200373518,0.006207956890757802,0.008549880747750266,0.006551810790395585,0.008010866526696445,0.009460628914358447,0.011402938779879974,0.012285806900571579,0.010492190613271795,0.012313686946488156,0.010120456667717435,0.008001573178057586,0.008168853453557048,0.00769489267297524,0.0077320660675306765,0.008419773866806242,0.008131680059001613,0.007332452076059739,0.008419773866806242,0.007834292902558125,0.007992279829418728,0.008029453223974164,0.008912321344665767,0.011310005293491385,0.011523752312185142
21043,0.0006319477074424111,0.0005947743128869751,0.0006040676615258341,0.000622654358803552,0.0006598277533589879,0.0006970011479144239,0.0007527612397475779,0.0008456947261361677,0.0009850949557190525,0.0010687350934687832,0.0015426958740505916,0.0017006828009111944,0.002044536700548977,0.0027136578025468237,0.003150445188573196,0.004079780052459094,0.004795367897651236,0.004683847713984929,0.004739607805818082,0.004395753906180301,0.003958966520153927,0.003912499776959633,0.0040426066579036584,0.004200593584764261,0.00412624679565339,0.004154126841569967,0.004479394043930031,0.004628087622151775,0.004274940373875133,0.0047303144571792235,0.005380848861899353,0.005046288310900429,0.004776781200373518,0.006207956890757802,0.008549880747750266,0.006551810790395585,0.008010866526696445,0.009460628914358447,0.011402938779879974,0.012285806900571579,0.010492190613271795,0.012313686946488156,0.010120456667717435,0.008001573178057586,0.008168853453557048,0.00769489267297524,0.0077320660675306765,0.008419773866806242,0.008131680059001613,0.007332452076059739,0.008419773866806242,0.007834292902558125,0.007992279829418728,0.008029453223974164,0.008912321344665767,0.011310005293491385,0.011523752312185142
21045,0.0006319477074424111,0.0005947743128869751,0.0006040676615258341,0.000622654358803552,0.0006598277533589879,0.0006970011479144239,0.0007527612397475779,0.0008456947261361677,0.0009850949557190525,0.0010687350934687832,0.0015426958740505916,0.0017006828009111944,0.002044536700548977,0.0027136578025468237,0.003150445188573196,0.004079780052459094,0.004795367897651236,0.004683847713984929,0.004739607805818082,0.004395753906180301,0.003958966520153927,0.003912499776959633,0.0040426066579036584,0.004200593584764261,0.00412624679565339,0.004154126841569967,0.004479394043930031,0.004628087622151775,0.004274940373875133,0.0047303144571792235,0.005380848861899353,0.005046288310900429,0.004776781200373518,0.006207956890757802,0.008549880747750266,0.006551810790395585,0.008010866526696445,0.009460628914358447,0.011402938779879974,0.012285806900571579,0.010492190613271795,0.012313686946488156,0.010120456667717435,0.008001573178057586,0.008168853453557048,0.00769489267297524,0.0077320660675306765,0.008419773866806242,0.008131680059001613,0.007332452076059739,0.008419773866806242,0.007834292902558125,0.007992279829418728,0.008029453223974164,0.008912321344665767,0.011310005293491385,0.011523752312185142
21047,0.0006319477074424111,0.0005947743128869751,0.0006040676615258341,0.000622654358803552,0.0006598277533589879,0.0006970011479144239,0.0007527612397475779,0.0008456947261361677,0.0009850949557190525,0.0010687350934687832,0.0015426958740505916,0.0017006828009111944,0.002044536700548977,0.0027136578025468237,0.003150445188573196,0.004079780052459094,0.004795367897651236,0.004683847713984929,0.004739607805818082,0.004395753906180301,0.003958966520153927,0.003912499776959633,0.0040426066579036584,0.004200593584764261,0.00412624679565339,0.004154126841569967,0.004479394043930031,0.004628087622151775,0.004274940373875133,0.0047303144571792235,0.005380848861899353,0.005046288310900429,0.004776781200373518,0.006207956890757802,0.008549880747750266,0.006551810790395585,0.008010866526696445,0.009460628914358447,0.011402938779879974,0.012285806900571579,0.010492190613271795,0.012313686946488156,0.010120456667717435,0.008001573178057586,0.008168853453557048,0.00769489267297524,0.0077320660675306765,0.008419773866806242,0.008131680059001613,0.007332452076059739,0.008419773866806242,0.007834292902558125,0.007992279829418728,0.008029453223974164,0.008912321344665767,0.011310005293491385,0.011523752312185142
21049,0.0006319477074424111,0.0005947743128869751,0.0006040676615258341,0.000622654358803552,0.0006598277533589879,0.0006970011479144239,0.0007527612397475779,0.0008456947261361677,0.0009850949557190525,0.0010687350934687832,0.0015426958740505916,0.0017006828009111944,0.002044536700548977,0.0027136578025468237,0.003150445188573196,0.004079780052459094,0.004795367897651236,0.004683847713984929,0.004739607805818082,0.004395753906180301,0.003958966520153927,0.003912499776959633,0.0040426066579036584,0.004200593584764261,0.00412624679565339,0.004154126841569967,0.004479394043930031,0.004628087622151775,0.004274940373875133,0.0047303144571792235,0.005380848861899353,0.005046288310900429,0.004776781200373518,0.006207956890757802,0.008549880747750266,0.006551810790395585,0.008010866526696445,0.009460628914358447,0.011402938779879974,0.012285806900571579,0.010492190613271795,0.012313686946488156,0.010120456667717435,0.008001573178057586,0.008168853453557048,0.00769489267297524,0.0077320660675306765,0.008419773866806242,0.008131680059001613,0.007332452076059739,0.008419773866806242,0.007834292902558125,0.007992279829418728,0.008029453223974164,0.008912321344665767,0.011310005293491385,0.011523752312185142
21051,0.0006319477074424111,0.0005947743128869751,0.0006040676615258341,0.000622654358803552,0.0006598277533589879,0.0006970011479144239,0.0007527612397475779,0.0008456947261361677,0.0009850949557190525,0.0010687350934687832,0.0015426958740505916,0.0017006828009111944,0.002044536700548977,0.0027136578025468237,0.003150445188573196,0.004079780052459094,0.004795367897651236,0.004683847713984929,0.004739607805818082,0.004395753906180301,0.003958966520153927,0.003912499776959633,0.0040426066579036584,0.004200593584764261,0.00412624679565339,0.004154126841569967,0.004479394043930031,0.004628087622151775,0.004274940373875133,0.0047303144571792235,0.005380848861899353,0.005046288310900429,0.004776781200373518,0.006207956890757802,0.008549880747750266,0.006551810790395585,0.008010866526696445,0.009460628914358447,0.011402938779879974,0.012285806900571579,0.010492190613271795,0.012313686946488156,0.010120456667717435,0.008001573178057586,0.008168853453557048,0.00769489267297524,0.0077320660675306765,0.008419773866806242,0.008131680059001613,0.007332452076059739,0.008419773866806242,0.007834292902558125,0.007992279829418728,0.008029453223974164,0.008912321344665767,0.011310005293491385,0.011523752312185142
21053,0.0006319477074424111,0.0005947743128869751,0.0006040676615258341,0.000622654358803552,0.0006598277533589879,0.0006970011479144239,0.0007527612397475779,0.0008456947261361677,0.0009850949557190525,0.0010687350934687832,0.0015426958740505916,0.0017006828009111944,0.002044536700548977,0.0027136578025468237,0.003150445188573196,0.004079780052459094,0.004795367897651236,0.004683847713984929,0.004739607805818082,0.004395753906180301,0.003958966520153927,0.003912499776959633,0.0040426066579036584,0.004200593584764261,0.00412624679565339,0.004154126841569967,0.004479394043930031,0.004628087622151775,0.004274940373875133,0.0047303144571792235,0.005380848861899353,0.005046288310900429,0.004776781200373518,0.006207956890757802,0.008549880747750266,0.006551810790395585,0.008010866526696445,0.009460628914358447,0.011402938779879974,0.012285806900571579,0.010492190613271795,0.012313686946488156,0.010120456667717435,0.008001573178057586,0.008168853453557048,0.00769489267297524,0.0077320660675306765,0.008419773866806242,0.008131680059001613,0.007332452076059739,0.008419773866806242,0.007834292902558125,0.007992279829418728,0.008029453223974164,0.008912321344665767,0.011310005293491385,0.011523752312185142
21055,0.0006319477074424111,0.0005947743128869751,0.0006040676615258341,0.000622654358803552,0.0006598277533589879,0.0006970011479144239,0.0007527612397475779,0.0008456947261361677,0.0009850949557190525,0.0010687350934687832,0.0015426958740505916,0.0017006828009111944,0.002044536700548977,0.0027136578025468237,0.003150445188573196,0.004079780052459094,0.004795367897651236,0.004683847713984929,0.004739607805818082,0.004395753906180301,0.003958966520153927,0.003912499776959633,0.0040426066579036584,0.004200593584764261,0.00412624679565339,0.004154126841569967,0.004479394043930031,0.004628087622151775,0.004274940373875133,0.0047303144571792235,0.005380848861899353,0.005046288310900429,0.004776781200373518,0.006207956890757802,0.008549880747750266,0.006551810790395585,0.008010866526696445,0.009460628914358447,0.011402938779879974,0.012285806900571579,0.010492190613271795,0.012313686946488156,0.010120456667717435,0.008001573178057586,0.008168853453557048,0.00769489267297524,0.0077320660675306765,0.008419773866806242,0.008131680059001613,0.007332452076059739,0.008419773866806242,0.007834292902558125,0.007992279829418728,0.008029453223974164,0.008912321344665767,0.011310005293491385,0.011523752312185142
21057,0.0006319477074424111,0.0005947743128869751,0.0006040676615258341,0.000622654358803552,0.0006598277533589879,0.0006970011479144239,0.0007527612397475779,0.0008456947261361677,0.0009850949557190525,0.0010687350934687832,0.0015426958740505916,0.0017006828009111944,0.002044536700548977,0.0027136578025468237,0.003150445188573196,0.004079780052459094,0.004795367897651236,0.004683847713984929,0.004739607805818082,0.004395753906180301,0.003958966520153927,0.003912499776959633,0.0040426066579036584,0.004200593584764261,0.00412624679565339,0.004154126841569967,0.004479394043930031,0.004628087622151775,0.004274940373875133,0.0047303144571792235,0.005380848861899353,0.005046288310900429,0.004776781200373518,0.006207956890757802,0.008549880747750266,0.006551810790395585,0.008010866526696445,0.009460628914358447,0.011402938779879974,0.012285806900571579,0.010492190613271795,0.012313686946488156,0.010120456667717435,0.008001573178057586,0.008168853453557048,0.00769489267297524,0.0077320660675306765,0.008419773866806242,0.008131680059001613,0.007332452076059739,0.008419773866806242,0.007834292902558125,0.007992279829418728,0.008029453223974164,0.008912321344665767,0.011310005293491385,0.011523752312185142
21059,0.0006319477074424111,0.0005947743128869751,0.0006040676615258341,0.000622654358803552,0.0006598277533589879,0.0006970011479144239,0.0007527612397475779,0.0008456947261361677,0.0009850949557190525,0.0010687350934687832,0.0015426958740505916,0.0017006828009111944,0.002044536700548977,0.0027136578025468237,0.003150445188573196,0.004079780052459094,0.004795367897651236,0.004683847713984929,0.004739607805818082,0.004395753906180301,0.003958966520153927,0.003912499776959633,0.0040426066579036584,0.004200593584764261,0.00412624679565339,0.004154126841569967,0.004479394043930031,0.004628087622151775,0.004274940373875133,0.0047303144571792235,0.005380848861899353,0.005046288310900429,0.004776781200373518,0.006207956890757802,0.008549880747750266,0.006551810790395585,0.008010866526696445,0.009460628914358447,0.011402938779879974,0.012285806900571579,0.010492190613271795,0.012313686946488156,0.010120456667717435,0.008001573178057586,0.008168853453557048,0.00769489267297524,0.0077320660675306765,0.008419773866806242,0.008131680059001613,0.007332452076059739,0.008419773866806242,0.007834292902558125,0.007992279829418728,0.008029453223974164,0.008912321344665767,0.011310005293491385,0.011523752312185142
21061,0.0006319477074424111,0.0005947743128869751,0.0006040676615258341,0.000622654358803552,0.0006598277533589879,0.0006970011479144239,0.0007527612397475779,0.0008456947261361677,0.0009850949557190525,0.0010687350934687832,0.0015426958740505916,0.0017006828009111944,0.002044536700548977,0.0027136578025468237,0.003150445188573196,0.004079780052459094,0.004795367897651236,0.004683847713984929,0.004739607805818082,0.004395753906180301,0.003958966520153927,0.003912499776959633,0.0040426066579036584,0.004200593584764261,0.00412624679565339,0.004154126841569967,0.004479394043930031,0.004628087622151775,0.004274940373875133,0.0047303144571792235,0.005380848861899353,0.005046288310900429,0.004776781200373518,0.006207956890757802,0.008549880747750266,0.006551810790395585,0.008010866526696445,0.009460628914358447,0.011402938779879974,0.012285806900571579,0.010492190613271795,0.012313686946488156,0.010120456667717435,0.008001573178057586,0.008168853453557048,0.00769489267297524,0.0077320660675306765,0.008419773866806242,0.008131680059001613,0.007332452076059739,0.008419773866806242,0.007834292902558125,0.007992279829418728,0.008029453223974164,0.008912321344665767,0.011310005293491385,0.011523752312185142
21063,0.0006319477074424111,0.0005947743128869751,0.0006040676615258341,0.000622654358803552,0.0006598277533589879,0.0006970011479144239,0.0007527612397475779,0.0008456947261361677,0.0009850949557190525,0.0010687350934687832,0.0015426958740505916,0.0017006828009111944,0.002044536700548977,0.0027136578025468237,0.003150445188573196,0.004079780052459094,0.004795367897651236,0.004683847713984929,0.004739607805818082,0.004395753906180301,0.003958966520153927,0.003912499776959633,0.0040426066579036584,0.004200593584764261,0.00412624679565339,0.004154126841569967,0.004479394043930031,0.004628087622151775,0.004274940373875133,0.0047303144571792235,0.005380848861899353,0.005046288310900429,0.004776781200373518,0.006207956890757802,0.008549880747750266,0.006551810790395585,0.008010866526696445,0.009460628914358447,0.011402938779879974,0.012285806900571579,0.010492190613271795,0.012313686946488156,0.010120456667717435,0.008001573178057586,0.008168853453557048,0.00769489267297524,0.0077320660675306765,0.008419773866806242,0.008131680059001613,0.007332452076059739,0.008419773866806242,0.007834292902558125,0.007992279829418728,0.008029453223974164,0.008912321344665767,0.011310005293491385,0.011523752312185142
21065,0.0006319477074424111,0.0005947743128869751,0.0006040676615258341,0.000622654358803552,0.0006598277533589879,0.0006970011479144239,0.0007527612397475779,0.0008456947261361677,0.0009850949557190525,0.0010687350934687832,0.0015426958740505916,0.0017006828009111944,0.002044536700548977,0.0027136578025468237,0.003150445188573196,0.004079780052459094,0.004795367897651236,0.004683847713984929,0.004739607805818082,0.004395753906180301,0.003958966520153927,0.003912499776959633,0.0040426066579036584,0.004200593584764261,0.00412624679565339,0.004154126841569967,0.004479394043930031,0.004628087622151775,0.004274940373875133,0.0047303144571792235,0.005380848861899353,0.005046288310900429,0.004776781200373518,0.006207956890757802,0.008549880747750266,0.006551810790395585,0.008010866526696445,0.009460628914358447,0.011402938779879974,0.012285806900571579,0.010492190613271795,0.012313686946488156,0.010120456667717435,0.008001573178057586,0.008168853453557048,0.00769489267297524,0.0077320660675306765,0.008419773866806242,0.008131680059001613,0.007332452076059739,0.008419773866806242,0.007834292902558125,0.007992279829418728,0.008029453223974164,0.008912321344665767,0.011310005293491385,0.011523752312185142
21067,0.0006319477074424111,0.0005947743128869751,0.0006040676615258341,0.000622654358803552,0.0006598277533589879,0.0006970011479144239,0.0007527612397475779,0.0008456947261361677,0.0009850949557190525,0.0010687350934687832,0.0015426958740505916,0.0017006828009111944,0.002044536700548977,0.0027136578025468237,0.003150445188573196,0.004079780052459094,0.004795367897651236,0.004683847713984929,0.004739607805818082,0.004395753906180301,0.003958966520153927,0.003912499776959633,0.0040426066579036584,0.004200593584764261,0.00412624679565339,0.004154126841569967,0.004479394043930031,0.004628087622151775,0.004274940373875133,0.0047303144571792235,0.005380848861899353,0.005046288310900429,0.004776781200373518,0.006207956890757802,0.008549880747750266,0.006551810790395585,0.008010866526696445,0.009460628914358447,0.011402938779879974,0.012285806900571579,0.010492190613271795,0.012313686946488156,0.010120456667717435,0.008001573178057586,0.008168853453557048,0.00769489267297524,0.0077320660675306765,0.008419773866806242,0.008131680059001613,0.007332452076059739,0.008419773866806242,0.007834292902558125,0.007992279829418728,0.008029453223974164,0.008912321344665767,0.011310005293491385,0.011523752312185142
21069,0.0006319477074424111,0.0005947743128869751,0.0006040676615258341,0.000622654358803552,0.0006598277533589879,0.0006970011479144239,0.0007527612397475779,0.0008456947261361677,0.0009850949557190525,0.0010687350934687832,0.0015426958740505916,0.0017006828009111944,0.002044536700548977,0.0027136578025468237,0.003150445188573196,0.004079780052459094,0.004795367897651236,0.004683847713984929,0.004739607805818082,0.004395753906180301,0.003958966520153927,0.003912499776959633,0.0040426066579036584,0.004200593584764261,0.00412624679565339,0.004154126841569967,0.004479394043930031,0.004628087622151775,0.004274940373875133,0.0047303144571792235,0.005380848861899353,0.005046288310900429,0.004776781200373518,0.006207956890757802,0.008549880747750266,0.006551810790395585,0.008010866526696445,0.009460628914358447,0.011402938779879974,0.012285806900571579,0.010492190613271795,0.012313686946488156,0.010120456667717435,0.008001573178057586,0.008168853453557048,0.00769489267297524,0.0077320660675306765,0.008419773866806242,0.008131680059001613,0.007332452076059739,0.008419773866806242,0.007834292902558125,0.007992279829418728,0.008029453223974164,0.008912321344665767,0.011310005293491385,0.011523752312185142
21071,0.0006319477074424111,0.0005947743128869751,0.0006040676615258341,0.000622654358803552,0.0006598277533589879,0.0006970011479144239,0.0007527612397475779,0.0008456947261361677,0.0009850949557190525,0.0010687350934687832,0.0015426958740505916,0.0017006828009111944,0.002044536700548977,0.0027136578025468237,0.003150445188573196,0.004079780052459094,0.004795367897651236,0.004683847713984929,0.004739607805818082,0.004395753906180301,0.003958966520153927,0.003912499776959633,0.0040426066579036584,0.004200593584764261,0.00412624679565339,0.004154126841569967,0.004479394043930031,0.004628087622151775,0.004274940373875133,0.0047303144571792235,0.005380848861899353,0.005046288310900429,0.004776781200373518,0.006207956890757802,0.008549880747750266,0.006551810790395585,0.008010866526696445,0.009460628914358447,0.011402938779879974,0.012285806900571579,0.010492190613271795,0.012313686946488156,0.010120456667717435,0.008001573178057586,0.008168853453557048,0.00769489267297524,0.0077320660675306765,0.008419773866806242,0.008131680059001613,0.007332452076059739,0.008419773866806242,0.007834292902558125,0.007992279829418728,0.008029453223974164,0.008912321344665767,0.011310005293491385,0.011523752312185142
21073,0.0006319477074424111,0.0005947743128869751,0.0006040676615258341,0.000622654358803552,0.0006598277533589879,0.0006970011479144239,0.0007527612397475779,0.0008456947261361677,0.0009850949557190525,0.0010687350934687832,0.0015426958740505916,0.0017006828009111944,0.002044536700548977,0.0027136578025468237,0.003150445188573196,0.004079780052459094,0.004795367897651236,0.004683847713984929,0.004739607805818082,0.004395753906180301,0.003958966520153927,0.003912499776959633,0.0040426066579036584,0.004200593584764261,0.00412624679565339,0.004154126841569967,0.004479394043930031,0.004628087622151775,0.004274940373875133,0.0047303144571792235,0.005380848861899353,0.005046288310900429,0.004776781200373518,0.006207956890757802,0.008549880747750266,0.006551810790395585,0.008010866526696445,0.009460628914358447,0.011402938779879974,0.012285806900571579,0.010492190613271795,0.012313686946488156,0.010120456667717435,0.008001573178057586,0.008168853453557048,0.00769489267297524,0.0077320660675306765,0.008419773866806242,0.008131680059001613,0.007332452076059739,0.008419773866806242,0.007834292902558125,0.007992279829418728,0.008029453223974164,0.008912321344665767,0.011310005293491385,0.011523752312185142
21075,0.0006319477074424111,0.0005947743128869751,0.0006040676615258341,0.000622654358803552,0.0006598277533589879,0.0006970011479144239,0.0007527612397475779,0.0008456947261361677,0.0009850949557190525,0.0010687350934687832,0.0015426958740505916,0.0017006828009111944,0.002044536700548977,0.0027136578025468237,0.003150445188573196,0.004079780052459094,0.004795367897651236,0.004683847713984929,0.004739607805818082,0.004395753906180301,0.003958966520153927,0.003912499776959633,0.0040426066579036584,0.004200593584764261,0.00412624679565339,0.004154126841569967,0.004479394043930031,0.004628087622151775,0.004274940373875133,0.0047303144571792235,0.005380848861899353,0.005046288310900429,0.004776781200373518,0.006207956890757802,0.008549880747750266,0.006551810790395585,0.008010866526696445,0.009460628914358447,0.011402938779879974,0.012285806900571579,0.010492190613271795,0.012313686946488156,0.010120456667717435,0.008001573178057586,0.008168853453557048,0.00769489267297524,0.0077320660675306765,0.008419773866806242,0.008131680059001613,0.007332452076059739,0.008419773866806242,0.007834292902558125,0.007992279829418728,0.008029453223974164,0.008912321344665767,0.011310005293491385,0.011523752312185142
21077,0.0006319477074424111,0.0005947743128869751,0.0006040676615258341,0.000622654358803552,0.0006598277533589879,0.0006970011479144239,0.0007527612397475779,0.0008456947261361677,0.0009850949557190525,0.0010687350934687832,0.0015426958740505916,0.0017006828009111944,0.002044536700548977,0.0027136578025468237,0.003150445188573196,0.004079780052459094,0.004795367897651236,0.004683847713984929,0.004739607805818082,0.004395753906180301,0.003958966520153927,0.003912499776959633,0.0040426066579036584,0.004200593584764261,0.00412624679565339,0.004154126841569967,0.004479394043930031,0.004628087622151775,0.004274940373875133,0.0047303144571792235,0.005380848861899353,0.005046288310900429,0.004776781200373518,0.006207956890757802,0.008549880747750266,0.006551810790395585,0.008010866526696445,0.009460628914358447,0.011402938779879974,0.012285806900571579,0.010492190613271795,0.012313686946488156,0.010120456667717435,0.008001573178057586,0.008168853453557048,0.00769489267297524,0.0077320660675306765,0.008419773866806242,0.008131680059001613,0.007332452076059739,0.008419773866806242,0.007834292902558125,0.007992279829418728,0.008029453223974164,0.008912321344665767,0.011310005293491385,0.011523752312185142
21079,0.0006319477074424111,0.0005947743128869751,0.0006040676615258341,0.000622654358803552,0.0006598277533589879,0.0006970011479144239,0.0007527612397475779,0.0008456947261361677,0.0009850949557190525,0.0010687350934687832,0.0015426958740505916,0.0017006828009111944,0.002044536700548977,0.0027136578025468237,0.003150445188573196,0.004079780052459094,0.004795367897651236,0.004683847713984929,0.004739607805818082,0.004395753906180301,0.003958966520153927,0.003912499776959633,0.0040426066579036584,0.004200593584764261,0.00412624679565339,0.004154126841569967,0.004479394043930031,0.004628087622151775,0.004274940373875133,0.0047303144571792235,0.005380848861899353,0.005046288310900429,0.004776781200373518,0.006207956890757802,0.008549880747750266,0.006551810790395585,0.008010866526696445,0.009460628914358447,0.011402938779879974,0.012285806900571579,0.010492190613271795,0.012313686946488156,0.010120456667717435,0.008001573178057586,0.008168853453557048,0.00769489267297524,0.0077320660675306765,0.008419773866806242,0.008131680059001613,0.007332452076059739,0.008419773866806242,0.007834292902558125,0.007992279829418728,0.008029453223974164,0.008912321344665767,0.011310005293491385,0.011523752312185142
21081,0.0006319477074424111,0.0005947743128869751,0.0006040676615258341,0.000622654358803552,0.0006598277533589879,0.0006970011479144239,0.0007527612397475779,0.0008456947261361677,0.0009850949557190525,0.0010687350934687832,0.0015426958740505916,0.0017006828009111944,0.002044536700548977,0.0027136578025468237,0.003150445188573196,0.004079780052459094,0.004795367897651236,0.004683847713984929,0.004739607805818082,0.004395753906180301,0.003958966520153927,0.003912499776959633,0.0040426066579036584,0.004200593584764261,0.00412624679565339,0.004154126841569967,0.004479394043930031,0.004628087622151775,0.004274940373875133,0.0047303144571792235,0.005380848861899353,0.005046288310900429,0.004776781200373518,0.006207956890757802,0.008549880747750266,0.006551810790395585,0.008010866526696445,0.009460628914358447,0.011402938779879974,0.012285806900571579,0.010492190613271795,0.012313686946488156,0.010120456667717435,0.008001573178057586,0.008168853453557048,0.00769489267297524,0.0077320660675306765,0.008419773866806242,0.008131680059001613,0.007332452076059739,0.008419773866806242,0.007834292902558125,0.007992279829418728,0.008029453223974164,0.008912321344665767,0.011310005293491385,0.011523752312185142
21083,0.0006319477074424111,0.0005947743128869751,0.0006040676615258341,0.000622654358803552,0.0006598277533589879,0.0006970011479144239,0.0007527612397475779,0.0008456947261361677,0.0009850949557190525,0.0010687350934687832,0.0015426958740505916,0.0017006828009111944,0.002044536700548977,0.0027136578025468237,0.003150445188573196,0.004079780052459094,0.004795367897651236,0.004683847713984929,0.004739607805818082,0.004395753906180301,0.003958966520153927,0.003912499776959633,0.0040426066579036584,0.004200593584764261,0.00412624679565339,0.004154126841569967,0.004479394043930031,0.004628087622151775,0.004274940373875133,0.0047303144571792235,0.005380848861899353,0.005046288310900429,0.004776781200373518,0.006207956890757802,0.008549880747750266,0.006551810790395585,0.008010866526696445,0.009460628914358447,0.011402938779879974,0.012285806900571579,0.010492190613271795,0.012313686946488156,0.010120456667717435,0.008001573178057586,0.008168853453557048,0.00769489267297524,0.0077320660675306765,0.008419773866806242,0.008131680059001613,0.007332452076059739,0.008419773866806242,0.007834292902558125,0.007992279829418728,0.008029453223974164,0.008912321344665767,0.011310005293491385,0.011523752312185142
21085,0.0006319477074424111,0.0005947743128869751,0.0006040676615258341,0.000622654358803552,0.0006598277533589879,0.0006970011479144239,0.0007527612397475779,0.0008456947261361677,0.0009850949557190525,0.0010687350934687832,0.0015426958740505916,0.0017006828009111944,0.002044536700548977,0.0027136578025468237,0.003150445188573196,0.004079780052459094,0.004795367897651236,0.004683847713984929,0.004739607805818082,0.004395753906180301,0.003958966520153927,0.003912499776959633,0.0040426066579036584,0.004200593584764261,0.00412624679565339,0.004154126841569967,0.004479394043930031,0.004628087622151775,0.004274940373875133,0.0047303144571792235,0.005380848861899353,0.005046288310900429,0.004776781200373518,0.006207956890757802,0.008549880747750266,0.006551810790395585,0.008010866526696445,0.009460628914358447,0.011402938779879974,0.012285806900571579,0.010492190613271795,0.012313686946488156,0.010120456667717435,0.008001573178057586,0.008168853453557048,0.00769489267297524,0.0077320660675306765,0.008419773866806242,0.008131680059001613,0.007332452076059739,0.008419773866806242,0.007834292902558125,0.007992279829418728,0.008029453223974164,0.008912321344665767,0.011310005293491385,0.011523752312185142
21087,0.0006319477074424111,0.0005947743128869751,0.0006040676615258341,0.000622654358803552,0.0006598277533589879,0.0006970011479144239,0.0007527612397475779,0.0008456947261361677,0.0009850949557190525,0.0010687350934687832,0.0015426958740505916,0.0017006828009111944,0.002044536700548977,0.0027136578025468237,0.003150445188573196,0.004079780052459094,0.004795367897651236,0.004683847713984929,0.004739607805818082,0.004395753906180301,0.003958966520153927,0.003912499776959633,0.0040426066579036584,0.004200593584764261,0.00412624679565339,0.004154126841569967,0.004479394043930031,0.004628087622151775,0.004274940373875133,0.0047303144571792235,0.005380848861899353,0.005046288310900429,0.004776781200373518,0.006207956890757802,0.008549880747750266,0.006551810790395585,0.008010866526696445,0.009460628914358447,0.011402938779879974,0.012285806900571579,0.010492190613271795,0.012313686946488156,0.010120456667717435,0.008001573178057586,0.008168853453557048,0.00769489267297524,0.0077320660675306765,0.008419773866806242,0.008131680059001613,0.007332452076059739,0.008419773866806242,0.007834292902558125,0.007992279829418728,0.008029453223974164,0.008912321344665767,0.011310005293491385,0.011523752312185142
21089,0.0006319477074424111,0.0005947743128869751,0.0006040676615258341,0.000622654358803552,0.0006598277533589879,0.0006970011479144239,0.0007527612397475779,0.0008456947261361677,0.0009850949557190525,0.0010687350934687832,0.0015426958740505916,0.0017006828009111944,0.002044536700548977,0.0027136578025468237,0.003150445188573196,0.004079780052459094,0.004795367897651236,0.004683847713984929,0.004739607805818082,0.004395753906180301,0.003958966520153927,0.003912499776959633,0.0040426066579036584,0.004200593584764261,0.00412624679565339,0.004154126841569967,0.004479394043930031,0.004628087622151775,0.004274940373875133,0.0047303144571792235,0.005380848861899353,0.005046288310900429,0.004776781200373518,0.006207956890757802,0.008549880747750266,0.006551810790395585,0.008010866526696445,0.009460628914358447,0.011402938779879974,0.012285806900571579,0.010492190613271795,0.012313686946488156,0.010120456667717435,0.008001573178057586,0.008168853453557048,0.00769489267297524,0.0077320660675306765,0.008419773866806242,0.008131680059001613,0.007332452076059739,0.008419773866806242,0.007834292902558125,0.007992279829418728,0.008029453223974164,0.008912321344665767,0.011310005293491385,0.011523752312185142
21091,0.0006319477074424111,0.0005947743128869751,0.0006040676615258341,0.000622654358803552,0.0006598277533589879,0.0006970011479144239,0.0007527612397475779,0.0008456947261361677,0.0009850949557190525,0.0010687350934687832,0.0015426958740505916,0.0017006828009111944,0.002044536700548977,0.0027136578025468237,0.003150445188573196,0.004079780052459094,0.004795367897651236,0.004683847713984929,0.004739607805818082,0.004395753906180301,0.003958966520153927,0.003912499776959633,0.0040426066579036584,0.004200593584764261,0.00412624679565339,0.004154126841569967,0.004479394043930031,0.004628087622151775,0.004274940373875133,0.0047303144571792235,0.005380848861899353,0.005046288310900429,0.004776781200373518,0.006207956890757802,0.008549880747750266,0.006551810790395585,0.008010866526696445,0.009460628914358447,0.011402938779879974,0.012285806900571579,0.010492190613271795,0.012313686946488156,0.010120456667717435,0.008001573178057586,0.008168853453557048,0.00769489267297524,0.0077320660675306765,0.008419773866806242,0.008131680059001613,0.007332452076059739,0.008419773866806242,0.007834292902558125,0.007992279829418728,0.008029453223974164,0.008912321344665767,0.011310005293491385,0.011523752312185142
21093,0.0006319477074424111,0.0005947743128869751,0.0006040676615258341,0.000622654358803552,0.0006598277533589879,0.0006970011479144239,0.0007527612397475779,0.0008456947261361677,0.0009850949557190525,0.0010687350934687832,0.0015426958740505916,0.0017006828009111944,0.002044536700548977,0.0027136578025468237,0.003150445188573196,0.004079780052459094,0.004795367897651236,0.004683847713984929,0.004739607805818082,0.004395753906180301,0.003958966520153927,0.003912499776959633,0.0040426066579036584,0.004200593584764261,0.00412624679565339,0.004154126841569967,0.004479394043930031,0.004628087622151775,0.004274940373875133,0.0047303144571792235,0.005380848861899353,0.005046288310900429,0.004776781200373518,0.006207956890757802,0.008549880747750266,0.006551810790395585,0.008010866526696445,0.009460628914358447,0.011402938779879974,0.012285806900571579,0.010492190613271795,0.012313686946488156,0.010120456667717435,0.008001573178057586,0.008168853453557048,0.00769489267297524,0.0077320660675306765,0.008419773866806242,0.008131680059001613,0.007332452076059739,0.008419773866806242,0.007834292902558125,0.007992279829418728,0.008029453223974164,0.008912321344665767,0.011310005293491385,0.011523752312185142
21095,0.0006319477074424111,0.0005947743128869751,0.0006040676615258341,0.000622654358803552,0.0006598277533589879,0.0006970011479144239,0.0007527612397475779,0.0008456947261361677,0.0009850949557190525,0.0010687350934687832,0.0015426958740505916,0.0017006828009111944,0.002044536700548977,0.0027136578025468237,0.003150445188573196,0.004079780052459094,0.004795367897651236,0.004683847713984929,0.004739607805818082,0.004395753906180301,0.003958966520153927,0.003912499776959633,0.0040426066579036584,0.004200593584764261,0.00412624679565339,0.004154126841569967,0.004479394043930031,0.004628087622151775,0.004274940373875133,0.0047303144571792235,0.005380848861899353,0.005046288310900429,0.004776781200373518,0.006207956890757802,0.008549880747750266,0.006551810790395585,0.008010866526696445,0.009460628914358447,0.011402938779879974,0.012285806900571579,0.010492190613271795,0.012313686946488156,0.010120456667717435,0.008001573178057586,0.008168853453557048,0.00769489267297524,0.0077320660675306765,0.008419773866806242,0.008131680059001613,0.007332452076059739,0.008419773866806242,0.007834292902558125,0.007992279829418728,0.008029453223974164,0.008912321344665767,0.011310005293491385,0.011523752312185142
21097,0.0006319477074424111,0.0005947743128869751,0.0006040676615258341,0.000622654358803552,0.0006598277533589879,0.0006970011479144239,0.0007527612397475779,0.0008456947261361677,0.0009850949557190525,0.0010687350934687832,0.0015426958740505916,0.0017006828009111944,0.002044536700548977,0.0027136578025468237,0.003150445188573196,0.004079780052459094,0.004795367897651236,0.004683847713984929,0.004739607805818082,0.004395753906180301,0.003958966520153927,0.003912499776959633,0.0040426066579036584,0.004200593584764261,0.00412624679565339,0.004154126841569967,0.004479394043930031,0.004628087622151775,0.004274940373875133,0.0047303144571792235,0.005380848861899353,0.005046288310900429,0.004776781200373518,0.006207956890757802,0.008549880747750266,0.006551810790395585,0.008010866526696445,0.009460628914358447,0.011402938779879974,0.012285806900571579,0.010492190613271795,0.012313686946488156,0.010120456667717435,0.008001573178057586,0.008168853453557048,0.00769489267297524,0.0077320660675306765,0.008419773866806242,0.008131680059001613,0.007332452076059739,0.008419773866806242,0.007834292902558125,0.007992279829418728,0.008029453223974164,0.008912321344665767,0.011310005293491385,0.011523752312185142
21099,0.0006319477074424111,0.0005947743128869751,0.0006040676615258341,0.000622654358803552,0.0006598277533589879,0.0006970011479144239,0.0007527612397475779,0.0008456947261361677,0.0009850949557190525,0.0010687350934687832,0.0015426958740505916,0.0017006828009111944,0.002044536700548977,0.0027136578025468237,0.003150445188573196,0.004079780052459094,0.004795367897651236,0.004683847713984929,0.004739607805818082,0.004395753906180301,0.003958966520153927,0.003912499776959633,0.0040426066579036584,0.004200593584764261,0.00412624679565339,0.004154126841569967,0.004479394043930031,0.004628087622151775,0.004274940373875133,0.0047303144571792235,0.005380848861899353,0.005046288310900429,0.004776781200373518,0.006207956890757802,0.008549880747750266,0.006551810790395585,0.008010866526696445,0.009460628914358447,0.011402938779879974,0.012285806900571579,0.010492190613271795,0.012313686946488156,0.010120456667717435,0.008001573178057586,0.008168853453557048,0.00769489267297524,0.0077320660675306765,0.008419773866806242,0.008131680059001613,0.007332452076059739,0.008419773866806242,0.007834292902558125,0.007992279829418728,0.008029453223974164,0.008912321344665767,0.011310005293491385,0.011523752312185142
21101,0.0006319477074424111,0.0005947743128869751,0.0006040676615258341,0.000622654358803552,0.0006598277533589879,0.0006970011479144239,0.0007527612397475779,0.0008456947261361677,0.0009850949557190525,0.0010687350934687832,0.0015426958740505916,0.0017006828009111944,0.002044536700548977,0.0027136578025468237,0.003150445188573196,0.004079780052459094,0.004795367897651236,0.004683847713984929,0.004739607805818082,0.004395753906180301,0.003958966520153927,0.003912499776959633,0.0040426066579036584,0.004200593584764261,0.00412624679565339,0.004154126841569967,0.004479394043930031,0.004628087622151775,0.004274940373875133,0.0047303144571792235,0.005380848861899353,0.005046288310900429,0.004776781200373518,0.006207956890757802,0.008549880747750266,0.006551810790395585,0.008010866526696445,0.009460628914358447,0.011402938779879974,0.012285806900571579,0.010492190613271795,0.012313686946488156,0.010120456667717435,0.008001573178057586,0.008168853453557048,0.00769489267297524,0.0077320660675306765,0.008419773866806242,0.008131680059001613,0.007332452076059739,0.008419773866806242,0.007834292902558125,0.007992279829418728,0.008029453223974164,0.008912321344665767,0.011310005293491385,0.011523752312185142
21103,0.0006319477074424111,0.0005947743128869751,0.0006040676615258341,0.000622654358803552,0.0006598277533589879,0.0006970011479144239,0.0007527612397475779,0.0008456947261361677,0.0009850949557190525,0.0010687350934687832,0.0015426958740505916,0.0017006828009111944,0.002044536700548977,0.0027136578025468237,0.003150445188573196,0.004079780052459094,0.004795367897651236,0.004683847713984929,0.004739607805818082,0.004395753906180301,0.003958966520153927,0.003912499776959633,0.0040426066579036584,0.004200593584764261,0.00412624679565339,0.004154126841569967,0.004479394043930031,0.004628087622151775,0.004274940373875133,0.0047303144571792235,0.005380848861899353,0.005046288310900429,0.004776781200373518,0.006207956890757802,0.008549880747750266,0.006551810790395585,0.008010866526696445,0.009460628914358447,0.011402938779879974,0.012285806900571579,0.010492190613271795,0.012313686946488156,0.010120456667717435,0.008001573178057586,0.008168853453557048,0.00769489267297524,0.0077320660675306765,0.008419773866806242,0.008131680059001613,0.007332452076059739,0.008419773866806242,0.007834292902558125,0.007992279829418728,0.008029453223974164,0.008912321344665767,0.011310005293491385,0.011523752312185142
21105,0.0006319477074424111,0.0005947743128869751,0.0006040676615258341,0.000622654358803552,0.0006598277533589879,0.0006970011479144239,0.0007527612397475779,0.0008456947261361677,0.0009850949557190525,0.0010687350934687832,0.0015426958740505916,0.0017006828009111944,0.002044536700548977,0.0027136578025468237,0.003150445188573196,0.004079780052459094,0.004795367897651236,0.004683847713984929,0.004739607805818082,0.004395753906180301,0.003958966520153927,0.003912499776959633,0.0040426066579036584,0.004200593584764261,0.00412624679565339,0.004154126841569967,0.004479394043930031,0.004628087622151775,0.004274940373875133,0.0047303144571792235,0.005380848861899353,0.005046288310900429,0.004776781200373518,0.006207956890757802,0.008549880747750266,0.006551810790395585,0.008010866526696445,0.009460628914358447,0.011402938779879974,0.012285806900571579,0.010492190613271795,0.012313686946488156,0.010120456667717435,0.008001573178057586,0.008168853453557048,0.00769489267297524,0.0077320660675306765,0.008419773866806242,0.008131680059001613,0.007332452076059739,0.008419773866806242,0.007834292902558125,0.007992279829418728,0.008029453223974164,0.008912321344665767,0.011310005293491385,0.011523752312185142
21107,0.0006319477074424111,0.0005947743128869751,0.0006040676615258341,0.000622654358803552,0.0006598277533589879,0.0006970011479144239,0.0007527612397475779,0.0008456947261361677,0.0009850949557190525,0.0010687350934687832,0.0015426958740505916,0.0017006828009111944,0.002044536700548977,0.0027136578025468237,0.003150445188573196,0.004079780052459094,0.004795367897651236,0.004683847713984929,0.004739607805818082,0.004395753906180301,0.003958966520153927,0.003912499776959633,0.0040426066579036584,0.004200593584764261,0.00412624679565339,0.004154126841569967,0.004479394043930031,0.004628087622151775,0.004274940373875133,0.0047303144571792235,0.005380848861899353,0.005046288310900429,0.004776781200373518,0.006207956890757802,0.008549880747750266,0.006551810790395585,0.008010866526696445,0.009460628914358447,0.011402938779879974,0.012285806900571579,0.010492190613271795,0.012313686946488156,0.010120456667717435,0.008001573178057586,0.008168853453557048,0.00769489267297524,0.0077320660675306765,0.008419773866806242,0.008131680059001613,0.007332452076059739,0.008419773866806242,0.007834292902558125,0.007992279829418728,0.008029453223974164,0.008912321344665767,0.011310005293491385,0.011523752312185142
21109,0.0006319477074424111,0.0005947743128869751,0.0006040676615258341,0.000622654358803552,0.0006598277533589879,0.0006970011479144239,0.0007527612397475779,0.0008456947261361677,0.0009850949557190525,0.0010687350934687832,0.0015426958740505916,0.0017006828009111944,0.002044536700548977,0.0027136578025468237,0.003150445188573196,0.004079780052459094,0.004795367897651236,0.004683847713984929,0.004739607805818082,0.004395753906180301,0.003958966520153927,0.003912499776959633,0.0040426066579036584,0.004200593584764261,0.00412624679565339,0.004154126841569967,0.004479394043930031,0.004628087622151775,0.004274940373875133,0.0047303144571792235,0.005380848861899353,0.005046288310900429,0.004776781200373518,0.006207956890757802,0.008549880747750266,0.006551810790395585,0.008010866526696445,0.009460628914358447,0.011402938779879974,0.012285806900571579,0.010492190613271795,0.012313686946488156,0.010120456667717435,0.008001573178057586,0.008168853453557048,0.00769489267297524,0.0077320660675306765,0.008419773866806242,0.008131680059001613,0.007332452076059739,0.008419773866806242,0.007834292902558125,0.007992279829418728,0.008029453223974164,0.008912321344665767,0.011310005293491385,0.011523752312185142
21111,0.0006319477074424111,0.0005947743128869751,0.0006040676615258341,0.000622654358803552,0.0006598277533589879,0.0006970011479144239,0.0007527612397475779,0.0008456947261361677,0.0009850949557190525,0.0010687350934687832,0.0015426958740505916,0.0017006828009111944,0.002044536700548977,0.0027136578025468237,0.003150445188573196,0.004079780052459094,0.004795367897651236,0.004683847713984929,0.004739607805818082,0.004395753906180301,0.003958966520153927,0.003912499776959633,0.0040426066579036584,0.004200593584764261,0.00412624679565339,0.004154126841569967,0.004479394043930031,0.004628087622151775,0.004274940373875133,0.0047303144571792235,0.005380848861899353,0.005046288310900429,0.004776781200373518,0.006207956890757802,0.008549880747750266,0.006551810790395585,0.008010866526696445,0.009460628914358447,0.011402938779879974,0.012285806900571579,0.010492190613271795,0.012313686946488156,0.010120456667717435,0.008001573178057586,0.008168853453557048,0.00769489267297524,0.0077320660675306765,0.008419773866806242,0.008131680059001613,0.007332452076059739,0.008419773866806242,0.007834292902558125,0.007992279829418728,0.008029453223974164,0.008912321344665767,0.011310005293491385,0.011523752312185142
21113,0.0006319477074424111,0.0005947743128869751,0.0006040676615258341,0.000622654358803552,0.0006598277533589879,0.0006970011479144239,0.0007527612397475779,0.0008456947261361677,0.0009850949557190525,0.0010687350934687832,0.0015426958740505916,0.0017006828009111944,0.002044536700548977,0.0027136578025468237,0.003150445188573196,0.004079780052459094,0.004795367897651236,0.004683847713984929,0.004739607805818082,0.004395753906180301,0.003958966520153927,0.003912499776959633,0.0040426066579036584,0.004200593584764261,0.00412624679565339,0.004154126841569967,0.004479394043930031,0.004628087622151775,0.004274940373875133,0.0047303144571792235,0.005380848861899353,0.005046288310900429,0.004776781200373518,0.006207956890757802,0.008549880747750266,0.006551810790395585,0.008010866526696445,0.009460628914358447,0.011402938779879974,0.012285806900571579,0.010492190613271795,0.012313686946488156,0.010120456667717435,0.008001573178057586,0.008168853453557048,0.00769489267297524,0.0077320660675306765,0.008419773866806242,0.008131680059001613,0.007332452076059739,0.008419773866806242,0.007834292902558125,0.007992279829418728,0.008029453223974164,0.008912321344665767,0.011310005293491385,0.011523752312185142
21115,0.0006319477074424111,0.0005947743128869751,0.0006040676615258341,0.000622654358803552,0.0006598277533589879,0.0006970011479144239,0.0007527612397475779,0.0008456947261361677,0.0009850949557190525,0.0010687350934687832,0.0015426958740505916,0.0017006828009111944,0.002044536700548977,0.0027136578025468237,0.003150445188573196,0.004079780052459094,0.004795367897651236,0.004683847713984929,0.004739607805818082,0.004395753906180301,0.003958966520153927,0.003912499776959633,0.0040426066579036584,0.004200593584764261,0.00412624679565339,0.004154126841569967,0.004479394043930031,0.004628087622151775,0.004274940373875133,0.0047303144571792235,0.005380848861899353,0.005046288310900429,0.004776781200373518,0.006207956890757802,0.008549880747750266,0.006551810790395585,0.008010866526696445,0.009460628914358447,0.011402938779879974,0.012285806900571579,0.010492190613271795,0.012313686946488156,0.010120456667717435,0.008001573178057586,0.008168853453557048,0.00769489267297524,0.0077320660675306765,0.008419773866806242,0.008131680059001613,0.007332452076059739,0.008419773866806242,0.007834292902558125,0.007992279829418728,0.008029453223974164,0.008912321344665767,0.011310005293491385,0.011523752312185142
21117,0.0006319477074424111,0.0005947743128869751,0.0006040676615258341,0.000622654358803552,0.0006598277533589879,0.0006970011479144239,0.0007527612397475779,0.0008456947261361677,0.0009850949557190525,0.0010687350934687832,0.0015426958740505916,0.0017006828009111944,0.002044536700548977,0.0027136578025468237,0.003150445188573196,0.004079780052459094,0.004795367897651236,0.004683847713984929,0.004739607805818082,0.004395753906180301,0.003958966520153927,0.003912499776959633,0.0040426066579036584,0.004200593584764261,0.00412624679565339,0.004154126841569967,0.004479394043930031,0.004628087622151775,0.004274940373875133,0.0047303144571792235,0.005380848861899353,0.005046288310900429,0.004776781200373518,0.006207956890757802,0.008549880747750266,0.006551810790395585,0.008010866526696445,0.009460628914358447,0.011402938779879974,0.012285806900571579,0.010492190613271795,0.012313686946488156,0.010120456667717435,0.008001573178057586,0.008168853453557048,0.00769489267297524,0.0077320660675306765,0.008419773866806242,0.008131680059001613,0.007332452076059739,0.008419773866806242,0.007834292902558125,0.007992279829418728,0.008029453223974164,0.008912321344665767,0.011310005293491385,0.011523752312185142
21119,0.0006319477074424111,0.0005947743128869751,0.0006040676615258341,0.000622654358803552,0.0006598277533589879,0.0006970011479144239,0.0007527612397475779,0.0008456947261361677,0.0009850949557190525,0.0010687350934687832,0.0015426958740505916,0.0017006828009111944,0.002044536700548977,0.0027136578025468237,0.003150445188573196,0.004079780052459094,0.004795367897651236,0.004683847713984929,0.004739607805818082,0.004395753906180301,0.003958966520153927,0.003912499776959633,0.0040426066579036584,0.004200593584764261,0.00412624679565339,0.004154126841569967,0.004479394043930031,0.004628087622151775,0.004274940373875133,0.0047303144571792235,0.005380848861899353,0.005046288310900429,0.004776781200373518,0.006207956890757802,0.008549880747750266,0.006551810790395585,0.008010866526696445,0.009460628914358447,0.011402938779879974,0.012285806900571579,0.010492190613271795,0.012313686946488156,0.010120456667717435,0.008001573178057586,0.008168853453557048,0.00769489267297524,0.0077320660675306765,0.008419773866806242,0.008131680059001613,0.007332452076059739,0.008419773866806242,0.007834292902558125,0.007992279829418728,0.008029453223974164,0.008912321344665767,0.011310005293491385,0.011523752312185142
21121,0.0006319477074424111,0.0005947743128869751,0.0006040676615258341,0.000622654358803552,0.0006598277533589879,0.0006970011479144239,0.0007527612397475779,0.0008456947261361677,0.0009850949557190525,0.0010687350934687832,0.0015426958740505916,0.0017006828009111944,0.002044536700548977,0.0027136578025468237,0.003150445188573196,0.004079780052459094,0.004795367897651236,0.004683847713984929,0.004739607805818082,0.004395753906180301,0.003958966520153927,0.003912499776959633,0.0040426066579036584,0.004200593584764261,0.00412624679565339,0.004154126841569967,0.004479394043930031,0.004628087622151775,0.004274940373875133,0.0047303144571792235,0.005380848861899353,0.005046288310900429,0.004776781200373518,0.006207956890757802,0.008549880747750266,0.006551810790395585,0.008010866526696445,0.009460628914358447,0.011402938779879974,0.012285806900571579,0.010492190613271795,0.012313686946488156,0.010120456667717435,0.008001573178057586,0.008168853453557048,0.00769489267297524,0.0077320660675306765,0.008419773866806242,0.008131680059001613,0.007332452076059739,0.008419773866806242,0.007834292902558125,0.007992279829418728,0.008029453223974164,0.008912321344665767,0.011310005293491385,0.011523752312185142
21123,0.0006319477074424111,0.0005947743128869751,0.0006040676615258341,0.000622654358803552,0.0006598277533589879,0.0006970011479144239,0.0007527612397475779,0.0008456947261361677,0.0009850949557190525,0.0010687350934687832,0.0015426958740505916,0.0017006828009111944,0.002044536700548977,0.0027136578025468237,0.003150445188573196,0.004079780052459094,0.004795367897651236,0.004683847713984929,0.004739607805818082,0.004395753906180301,0.003958966520153927,0.003912499776959633,0.0040426066579036584,0.004200593584764261,0.00412624679565339,0.004154126841569967,0.004479394043930031,0.004628087622151775,0.004274940373875133,0.0047303144571792235,0.005380848861899353,0.005046288310900429,0.004776781200373518,0.006207956890757802,0.008549880747750266,0.006551810790395585,0.008010866526696445,0.009460628914358447,0.011402938779879974,0.012285806900571579,0.010492190613271795,0.012313686946488156,0.010120456667717435,0.008001573178057586,0.008168853453557048,0.00769489267297524,0.0077320660675306765,0.008419773866806242,0.008131680059001613,0.007332452076059739,0.008419773866806242,0.007834292902558125,0.007992279829418728,0.008029453223974164,0.008912321344665767,0.011310005293491385,0.011523752312185142
21125,0.0006319477074424111,0.0005947743128869751,0.0006040676615258341,0.000622654358803552,0.0006598277533589879,0.0006970011479144239,0.0007527612397475779,0.0008456947261361677,0.0009850949557190525,0.0010687350934687832,0.0015426958740505916,0.0017006828009111944,0.002044536700548977,0.0027136578025468237,0.003150445188573196,0.004079780052459094,0.004795367897651236,0.004683847713984929,0.004739607805818082,0.004395753906180301,0.003958966520153927,0.003912499776959633,0.0040426066579036584,0.004200593584764261,0.00412624679565339,0.004154126841569967,0.004479394043930031,0.004628087622151775,0.004274940373875133,0.0047303144571792235,0.005380848861899353,0.005046288310900429,0.004776781200373518,0.006207956890757802,0.008549880747750266,0.006551810790395585,0.008010866526696445,0.009460628914358447,0.011402938779879974,0.012285806900571579,0.010492190613271795,0.012313686946488156,0.010120456667717435,0.008001573178057586,0.008168853453557048,0.00769489267297524,0.0077320660675306765,0.008419773866806242,0.008131680059001613,0.007332452076059739,0.008419773866806242,0.007834292902558125,0.007992279829418728,0.008029453223974164,0.008912321344665767,0.011310005293491385,0.011523752312185142
21127,0.0006319477074424111,0.0005947743128869751,0.0006040676615258341,0.000622654358803552,0.0006598277533589879,0.0006970011479144239,0.0007527612397475779,0.0008456947261361677,0.0009850949557190525,0.0010687350934687832,0.0015426958740505916,0.0017006828009111944,0.002044536700548977,0.0027136578025468237,0.003150445188573196,0.004079780052459094,0.004795367897651236,0.004683847713984929,0.004739607805818082,0.004395753906180301,0.003958966520153927,0.003912499776959633,0.0040426066579036584,0.004200593584764261,0.00412624679565339,0.004154126841569967,0.004479394043930031,0.004628087622151775,0.004274940373875133,0.0047303144571792235,0.005380848861899353,0.005046288310900429,0.004776781200373518,0.006207956890757802,0.008549880747750266,0.006551810790395585,0.008010866526696445,0.009460628914358447,0.011402938779879974,0.012285806900571579,0.010492190613271795,0.012313686946488156,0.010120456667717435,0.008001573178057586,0.008168853453557048,0.00769489267297524,0.0077320660675306765,0.008419773866806242,0.008131680059001613,0.007332452076059739,0.008419773866806242,0.007834292902558125,0.007992279829418728,0.008029453223974164,0.008912321344665767,0.011310005293491385,0.011523752312185142
21129,0.0006319477074424111,0.0005947743128869751,0.0006040676615258341,0.000622654358803552,0.0006598277533589879,0.0006970011479144239,0.0007527612397475779,0.0008456947261361677,0.0009850949557190525,0.0010687350934687832,0.0015426958740505916,0.0017006828009111944,0.002044536700548977,0.0027136578025468237,0.003150445188573196,0.004079780052459094,0.004795367897651236,0.004683847713984929,0.004739607805818082,0.004395753906180301,0.003958966520153927,0.003912499776959633,0.0040426066579036584,0.004200593584764261,0.00412624679565339,0.004154126841569967,0.004479394043930031,0.004628087622151775,0.004274940373875133,0.0047303144571792235,0.005380848861899353,0.005046288310900429,0.004776781200373518,0.006207956890757802,0.008549880747750266,0.006551810790395585,0.008010866526696445,0.009460628914358447,0.011402938779879974,0.012285806900571579,0.010492190613271795,0.012313686946488156,0.010120456667717435,0.008001573178057586,0.008168853453557048,0.00769489267297524,0.0077320660675306765,0.008419773866806242,0.008131680059001613,0.007332452076059739,0.008419773866806242,0.007834292902558125,0.007992279829418728,0.008029453223974164,0.008912321344665767,0.011310005293491385,0.011523752312185142
21131,0.0006319477074424111,0.0005947743128869751,0.0006040676615258341,0.000622654358803552,0.0006598277533589879,0.0006970011479144239,0.0007527612397475779,0.0008456947261361677,0.0009850949557190525,0.0010687350934687832,0.0015426958740505916,0.0017006828009111944,0.002044536700548977,0.0027136578025468237,0.003150445188573196,0.004079780052459094,0.004795367897651236,0.004683847713984929,0.004739607805818082,0.004395753906180301,0.003958966520153927,0.003912499776959633,0.0040426066579036584,0.004200593584764261,0.00412624679565339,0.004154126841569967,0.004479394043930031,0.004628087622151775,0.004274940373875133,0.0047303144571792235,0.005380848861899353,0.005046288310900429,0.004776781200373518,0.006207956890757802,0.008549880747750266,0.006551810790395585,0.008010866526696445,0.009460628914358447,0.011402938779879974,0.012285806900571579,0.010492190613271795,0.012313686946488156,0.010120456667717435,0.008001573178057586,0.008168853453557048,0.00769489267297524,0.0077320660675306765,0.008419773866806242,0.008131680059001613,0.007332452076059739,0.008419773866806242,0.007834292902558125,0.007992279829418728,0.008029453223974164,0.008912321344665767,0.011310005293491385,0.011523752312185142
21133,0.0006319477074424111,0.0005947743128869751,0.0006040676615258341,0.000622654358803552,0.0006598277533589879,0.0006970011479144239,0.0007527612397475779,0.0008456947261361677,0.0009850949557190525,0.0010687350934687832,0.0015426958740505916,0.0017006828009111944,0.002044536700548977,0.0027136578025468237,0.003150445188573196,0.004079780052459094,0.004795367897651236,0.004683847713984929,0.004739607805818082,0.004395753906180301,0.003958966520153927,0.003912499776959633,0.0040426066579036584,0.004200593584764261,0.00412624679565339,0.004154126841569967,0.004479394043930031,0.004628087622151775,0.004274940373875133,0.0047303144571792235,0.005380848861899353,0.005046288310900429,0.004776781200373518,0.006207956890757802,0.008549880747750266,0.006551810790395585,0.008010866526696445,0.009460628914358447,0.011402938779879974,0.012285806900571579,0.010492190613271795,0.012313686946488156,0.010120456667717435,0.008001573178057586,0.008168853453557048,0.00769489267297524,0.0077320660675306765,0.008419773866806242,0.008131680059001613,0.007332452076059739,0.008419773866806242,0.007834292902558125,0.007992279829418728,0.008029453223974164,0.008912321344665767,0.011310005293491385,0.011523752312185142
21135,0.0006319477074424111,0.0005947743128869751,0.0006040676615258341,0.000622654358803552,0.0006598277533589879,0.0006970011479144239,0.0007527612397475779,0.0008456947261361677,0.0009850949557190525,0.0010687350934687832,0.0015426958740505916,0.0017006828009111944,0.002044536700548977,0.0027136578025468237,0.003150445188573196,0.004079780052459094,0.004795367897651236,0.004683847713984929,0.004739607805818082,0.004395753906180301,0.003958966520153927,0.003912499776959633,0.0040426066579036584,0.004200593584764261,0.00412624679565339,0.004154126841569967,0.004479394043930031,0.004628087622151775,0.004274940373875133,0.0047303144571792235,0.005380848861899353,0.005046288310900429,0.004776781200373518,0.006207956890757802,0.008549880747750266,0.006551810790395585,0.008010866526696445,0.009460628914358447,0.011402938779879974,0.012285806900571579,0.010492190613271795,0.012313686946488156,0.010120456667717435,0.008001573178057586,0.008168853453557048,0.00769489267297524,0.0077320660675306765,0.008419773866806242,0.008131680059001613,0.007332452076059739,0.008419773866806242,0.007834292902558125,0.007992279829418728,0.008029453223974164,0.008912321344665767,0.011310005293491385,0.011523752312185142
21137,0.0006319477074424111,0.0005947743128869751,0.0006040676615258341,0.000622654358803552,0.0006598277533589879,0.0006970011479144239,0.0007527612397475779,0.0008456947261361677,0.0009850949557190525,0.0010687350934687832,0.0015426958740505916,0.0017006828009111944,0.002044536700548977,0.0027136578025468237,0.003150445188573196,0.004079780052459094,0.004795367897651236,0.004683847713984929,0.004739607805818082,0.004395753906180301,0.003958966520153927,0.003912499776959633,0.0040426066579036584,0.004200593584764261,0.00412624679565339,0.004154126841569967,0.004479394043930031,0.004628087622151775,0.004274940373875133,0.0047303144571792235,0.005380848861899353,0.005046288310900429,0.004776781200373518,0.006207956890757802,0.008549880747750266,0.006551810790395585,0.008010866526696445,0.009460628914358447,0.011402938779879974,0.012285806900571579,0.010492190613271795,0.012313686946488156,0.010120456667717435,0.008001573178057586,0.008168853453557048,0.00769489267297524,0.0077320660675306765,0.008419773866806242,0.008131680059001613,0.007332452076059739,0.008419773866806242,0.007834292902558125,0.007992279829418728,0.008029453223974164,0.008912321344665767,0.011310005293491385,0.011523752312185142
21139,0.0006319477074424111,0.0005947743128869751,0.0006040676615258341,0.000622654358803552,0.0006598277533589879,0.0006970011479144239,0.0007527612397475779,0.0008456947261361677,0.0009850949557190525,0.0010687350934687832,0.0015426958740505916,0.0017006828009111944,0.002044536700548977,0.0027136578025468237,0.003150445188573196,0.004079780052459094,0.004795367897651236,0.004683847713984929,0.004739607805818082,0.004395753906180301,0.003958966520153927,0.003912499776959633,0.0040426066579036584,0.004200593584764261,0.00412624679565339,0.004154126841569967,0.004479394043930031,0.004628087622151775,0.004274940373875133,0.0047303144571792235,0.005380848861899353,0.005046288310900429,0.004776781200373518,0.006207956890757802,0.008549880747750266,0.006551810790395585,0.008010866526696445,0.009460628914358447,0.011402938779879974,0.012285806900571579,0.010492190613271795,0.012313686946488156,0.010120456667717435,0.008001573178057586,0.008168853453557048,0.00769489267297524,0.0077320660675306765,0.008419773866806242,0.008131680059001613,0.007332452076059739,0.008419773866806242,0.007834292902558125,0.007992279829418728,0.008029453223974164,0.008912321344665767,0.011310005293491385,0.011523752312185142
21141,0.0006319477074424111,0.0005947743128869751,0.0006040676615258341,0.000622654358803552,0.0006598277533589879,0.0006970011479144239,0.0007527612397475779,0.0008456947261361677,0.0009850949557190525,0.0010687350934687832,0.0015426958740505916,0.0017006828009111944,0.002044536700548977,0.0027136578025468237,0.003150445188573196,0.004079780052459094,0.004795367897651236,0.004683847713984929,0.004739607805818082,0.004395753906180301,0.003958966520153927,0.003912499776959633,0.0040426066579036584,0.004200593584764261,0.00412624679565339,0.004154126841569967,0.004479394043930031,0.004628087622151775,0.004274940373875133,0.0047303144571792235,0.005380848861899353,0.005046288310900429,0.004776781200373518,0.006207956890757802,0.008549880747750266,0.006551810790395585,0.008010866526696445,0.009460628914358447,0.011402938779879974,0.012285806900571579,0.010492190613271795,0.012313686946488156,0.010120456667717435,0.008001573178057586,0.008168853453557048,0.00769489267297524,0.0077320660675306765,0.008419773866806242,0.008131680059001613,0.007332452076059739,0.008419773866806242,0.007834292902558125,0.007992279829418728,0.008029453223974164,0.008912321344665767,0.011310005293491385,0.011523752312185142
21143,0.0006319477074424111,0.0005947743128869751,0.0006040676615258341,0.000622654358803552,0.0006598277533589879,0.0006970011479144239,0.0007527612397475779,0.0008456947261361677,0.0009850949557190525,0.0010687350934687832,0.0015426958740505916,0.0017006828009111944,0.002044536700548977,0.0027136578025468237,0.003150445188573196,0.004079780052459094,0.004795367897651236,0.004683847713984929,0.004739607805818082,0.004395753906180301,0.003958966520153927,0.003912499776959633,0.0040426066579036584,0.004200593584764261,0.00412624679565339,0.004154126841569967,0.004479394043930031,0.004628087622151775,0.004274940373875133,0.0047303144571792235,0.005380848861899353,0.005046288310900429,0.004776781200373518,0.006207956890757802,0.008549880747750266,0.006551810790395585,0.008010866526696445,0.009460628914358447,0.011402938779879974,0.012285806900571579,0.010492190613271795,0.012313686946488156,0.010120456667717435,0.008001573178057586,0.008168853453557048,0.00769489267297524,0.0077320660675306765,0.008419773866806242,0.008131680059001613,0.007332452076059739,0.008419773866806242,0.007834292902558125,0.007992279829418728,0.008029453223974164,0.008912321344665767,0.011310005293491385,0.011523752312185142
21145,0.0006319477074424111,0.0005947743128869751,0.0006040676615258341,0.000622654358803552,0.0006598277533589879,0.0006970011479144239,0.0007527612397475779,0.0008456947261361677,0.0009850949557190525,0.0010687350934687832,0.0015426958740505916,0.0017006828009111944,0.002044536700548977,0.0027136578025468237,0.003150445188573196,0.004079780052459094,0.004795367897651236,0.004683847713984929,0.004739607805818082,0.004395753906180301,0.003958966520153927,0.003912499776959633,0.0040426066579036584,0.004200593584764261,0.00412624679565339,0.004154126841569967,0.004479394043930031,0.004628087622151775,0.004274940373875133,0.0047303144571792235,0.005380848861899353,0.005046288310900429,0.004776781200373518,0.006207956890757802,0.008549880747750266,0.006551810790395585,0.008010866526696445,0.009460628914358447,0.011402938779879974,0.012285806900571579,0.010492190613271795,0.012313686946488156,0.010120456667717435,0.008001573178057586,0.008168853453557048,0.00769489267297524,0.0077320660675306765,0.008419773866806242,0.008131680059001613,0.007332452076059739,0.008419773866806242,0.007834292902558125,0.007992279829418728,0.008029453223974164,0.008912321344665767,0.011310005293491385,0.011523752312185142
21147,0.0006319477074424111,0.0005947743128869751,0.0006040676615258341,0.000622654358803552,0.0006598277533589879,0.0006970011479144239,0.0007527612397475779,0.0008456947261361677,0.0009850949557190525,0.0010687350934687832,0.0015426958740505916,0.0017006828009111944,0.002044536700548977,0.0027136578025468237,0.003150445188573196,0.004079780052459094,0.004795367897651236,0.004683847713984929,0.004739607805818082,0.004395753906180301,0.003958966520153927,0.003912499776959633,0.0040426066579036584,0.004200593584764261,0.00412624679565339,0.004154126841569967,0.004479394043930031,0.004628087622151775,0.004274940373875133,0.0047303144571792235,0.005380848861899353,0.005046288310900429,0.004776781200373518,0.006207956890757802,0.008549880747750266,0.006551810790395585,0.008010866526696445,0.009460628914358447,0.011402938779879974,0.012285806900571579,0.010492190613271795,0.012313686946488156,0.010120456667717435,0.008001573178057586,0.008168853453557048,0.00769489267297524,0.0077320660675306765,0.008419773866806242,0.008131680059001613,0.007332452076059739,0.008419773866806242,0.007834292902558125,0.007992279829418728,0.008029453223974164,0.008912321344665767,0.011310005293491385,0.011523752312185142
21149,0.0006319477074424111,0.0005947743128869751,0.0006040676615258341,0.000622654358803552,0.0006598277533589879,0.0006970011479144239,0.0007527612397475779,0.0008456947261361677,0.0009850949557190525,0.0010687350934687832,0.0015426958740505916,0.0017006828009111944,0.002044536700548977,0.0027136578025468237,0.003150445188573196,0.004079780052459094,0.004795367897651236,0.004683847713984929,0.004739607805818082,0.004395753906180301,0.003958966520153927,0.003912499776959633,0.0040426066579036584,0.004200593584764261,0.00412624679565339,0.004154126841569967,0.004479394043930031,0.004628087622151775,0.004274940373875133,0.0047303144571792235,0.005380848861899353,0.005046288310900429,0.004776781200373518,0.006207956890757802,0.008549880747750266,0.006551810790395585,0.008010866526696445,0.009460628914358447,0.011402938779879974,0.012285806900571579,0.010492190613271795,0.012313686946488156,0.010120456667717435,0.008001573178057586,0.008168853453557048,0.00769489267297524,0.0077320660675306765,0.008419773866806242,0.008131680059001613,0.007332452076059739,0.008419773866806242,0.007834292902558125,0.007992279829418728,0.008029453223974164,0.008912321344665767,0.011310005293491385,0.011523752312185142
21151,0.0006319477074424111,0.0005947743128869751,0.0006040676615258341,0.000622654358803552,0.0006598277533589879,0.0006970011479144239,0.0007527612397475779,0.0008456947261361677,0.0009850949557190525,0.0010687350934687832,0.0015426958740505916,0.0017006828009111944,0.002044536700548977,0.0027136578025468237,0.003150445188573196,0.004079780052459094,0.004795367897651236,0.004683847713984929,0.004739607805818082,0.004395753906180301,0.003958966520153927,0.003912499776959633,0.0040426066579036584,0.004200593584764261,0.00412624679565339,0.004154126841569967,0.004479394043930031,0.004628087622151775,0.004274940373875133,0.0047303144571792235,0.005380848861899353,0.005046288310900429,0.004776781200373518,0.006207956890757802,0.008549880747750266,0.006551810790395585,0.008010866526696445,0.009460628914358447,0.011402938779879974,0.012285806900571579,0.010492190613271795,0.012313686946488156,0.010120456667717435,0.008001573178057586,0.008168853453557048,0.00769489267297524,0.0077320660675306765,0.008419773866806242,0.008131680059001613,0.007332452076059739,0.008419773866806242,0.007834292902558125,0.007992279829418728,0.008029453223974164,0.008912321344665767,0.011310005293491385,0.011523752312185142
21153,0.0006319477074424111,0.0005947743128869751,0.0006040676615258341,0.000622654358803552,0.0006598277533589879,0.0006970011479144239,0.0007527612397475779,0.0008456947261361677,0.0009850949557190525,0.0010687350934687832,0.0015426958740505916,0.0017006828009111944,0.002044536700548977,0.0027136578025468237,0.003150445188573196,0.004079780052459094,0.004795367897651236,0.004683847713984929,0.004739607805818082,0.004395753906180301,0.003958966520153927,0.003912499776959633,0.0040426066579036584,0.004200593584764261,0.00412624679565339,0.004154126841569967,0.004479394043930031,0.004628087622151775,0.004274940373875133,0.0047303144571792235,0.005380848861899353,0.005046288310900429,0.004776781200373518,0.006207956890757802,0.008549880747750266,0.006551810790395585,0.008010866526696445,0.009460628914358447,0.011402938779879974,0.012285806900571579,0.010492190613271795,0.012313686946488156,0.010120456667717435,0.008001573178057586,0.008168853453557048,0.00769489267297524,0.0077320660675306765,0.008419773866806242,0.008131680059001613,0.007332452076059739,0.008419773866806242,0.007834292902558125,0.007992279829418728,0.008029453223974164,0.008912321344665767,0.011310005293491385,0.011523752312185142
21155,0.0006319477074424111,0.0005947743128869751,0.0006040676615258341,0.000622654358803552,0.0006598277533589879,0.0006970011479144239,0.0007527612397475779,0.0008456947261361677,0.0009850949557190525,0.0010687350934687832,0.0015426958740505916,0.0017006828009111944,0.002044536700548977,0.0027136578025468237,0.003150445188573196,0.004079780052459094,0.004795367897651236,0.004683847713984929,0.004739607805818082,0.004395753906180301,0.003958966520153927,0.003912499776959633,0.0040426066579036584,0.004200593584764261,0.00412624679565339,0.004154126841569967,0.004479394043930031,0.004628087622151775,0.004274940373875133,0.0047303144571792235,0.005380848861899353,0.005046288310900429,0.004776781200373518,0.006207956890757802,0.008549880747750266,0.006551810790395585,0.008010866526696445,0.009460628914358447,0.011402938779879974,0.012285806900571579,0.010492190613271795,0.012313686946488156,0.010120456667717435,0.008001573178057586,0.008168853453557048,0.00769489267297524,0.0077320660675306765,0.008419773866806242,0.008131680059001613,0.007332452076059739,0.008419773866806242,0.007834292902558125,0.007992279829418728,0.008029453223974164,0.008912321344665767,0.011310005293491385,0.011523752312185142
21157,0.0006319477074424111,0.0005947743128869751,0.0006040676615258341,0.000622654358803552,0.0006598277533589879,0.0006970011479144239,0.0007527612397475779,0.0008456947261361677,0.0009850949557190525,0.0010687350934687832,0.0015426958740505916,0.0017006828009111944,0.002044536700548977,0.0027136578025468237,0.003150445188573196,0.004079780052459094,0.004795367897651236,0.004683847713984929,0.004739607805818082,0.004395753906180301,0.003958966520153927,0.003912499776959633,0.0040426066579036584,0.004200593584764261,0.00412624679565339,0.004154126841569967,0.004479394043930031,0.004628087622151775,0.004274940373875133,0.0047303144571792235,0.005380848861899353,0.005046288310900429,0.004776781200373518,0.006207956890757802,0.008549880747750266,0.006551810790395585,0.008010866526696445,0.009460628914358447,0.011402938779879974,0.012285806900571579,0.010492190613271795,0.012313686946488156,0.010120456667717435,0.008001573178057586,0.008168853453557048,0.00769489267297524,0.0077320660675306765,0.008419773866806242,0.008131680059001613,0.007332452076059739,0.008419773866806242,0.007834292902558125,0.007992279829418728,0.008029453223974164,0.008912321344665767,0.011310005293491385,0.011523752312185142
21159,0.0006319477074424111,0.0005947743128869751,0.0006040676615258341,0.000622654358803552,0.0006598277533589879,0.0006970011479144239,0.0007527612397475779,0.0008456947261361677,0.0009850949557190525,0.0010687350934687832,0.0015426958740505916,0.0017006828009111944,0.002044536700548977,0.0027136578025468237,0.003150445188573196,0.004079780052459094,0.004795367897651236,0.004683847713984929,0.004739607805818082,0.004395753906180301,0.003958966520153927,0.003912499776959633,0.0040426066579036584,0.004200593584764261,0.00412624679565339,0.004154126841569967,0.004479394043930031,0.004628087622151775,0.004274940373875133,0.0047303144571792235,0.005380848861899353,0.005046288310900429,0.004776781200373518,0.006207956890757802,0.008549880747750266,0.006551810790395585,0.008010866526696445,0.009460628914358447,0.011402938779879974,0.012285806900571579,0.010492190613271795,0.012313686946488156,0.010120456667717435,0.008001573178057586,0.008168853453557048,0.00769489267297524,0.0077320660675306765,0.008419773866806242,0.008131680059001613,0.007332452076059739,0.008419773866806242,0.007834292902558125,0.007992279829418728,0.008029453223974164,0.008912321344665767,0.011310005293491385,0.011523752312185142
21161,0.0006319477074424111,0.0005947743128869751,0.0006040676615258341,0.000622654358803552,0.0006598277533589879,0.0006970011479144239,0.0007527612397475779,0.0008456947261361677,0.0009850949557190525,0.0010687350934687832,0.0015426958740505916,0.0017006828009111944,0.002044536700548977,0.0027136578025468237,0.003150445188573196,0.004079780052459094,0.004795367897651236,0.004683847713984929,0.004739607805818082,0.004395753906180301,0.003958966520153927,0.003912499776959633,0.0040426066579036584,0.004200593584764261,0.00412624679565339,0.004154126841569967,0.004479394043930031,0.004628087622151775,0.004274940373875133,0.0047303144571792235,0.005380848861899353,0.005046288310900429,0.004776781200373518,0.006207956890757802,0.008549880747750266,0.006551810790395585,0.008010866526696445,0.009460628914358447,0.011402938779879974,0.012285806900571579,0.010492190613271795,0.012313686946488156,0.010120456667717435,0.008001573178057586,0.008168853453557048,0.00769489267297524,0.0077320660675306765,0.008419773866806242,0.008131680059001613,0.007332452076059739,0.008419773866806242,0.007834292902558125,0.007992279829418728,0.008029453223974164,0.008912321344665767,0.011310005293491385,0.011523752312185142
21163,0.0006319477074424111,0.0005947743128869751,0.0006040676615258341,0.000622654358803552,0.0006598277533589879,0.0006970011479144239,0.0007527612397475779,0.0008456947261361677,0.0009850949557190525,0.0010687350934687832,0.0015426958740505916,0.0017006828009111944,0.002044536700548977,0.0027136578025468237,0.003150445188573196,0.004079780052459094,0.004795367897651236,0.004683847713984929,0.004739607805818082,0.004395753906180301,0.003958966520153927,0.003912499776959633,0.0040426066579036584,0.004200593584764261,0.00412624679565339,0.004154126841569967,0.004479394043930031,0.004628087622151775,0.004274940373875133,0.0047303144571792235,0.005380848861899353,0.005046288310900429,0.004776781200373518,0.006207956890757802,0.008549880747750266,0.006551810790395585,0.008010866526696445,0.009460628914358447,0.011402938779879974,0.012285806900571579,0.010492190613271795,0.012313686946488156,0.010120456667717435,0.008001573178057586,0.008168853453557048,0.00769489267297524,0.0077320660675306765,0.008419773866806242,0.008131680059001613,0.007332452076059739,0.008419773866806242,0.007834292902558125,0.007992279829418728,0.008029453223974164,0.008912321344665767,0.011310005293491385,0.011523752312185142
21165,0.0006319477074424111,0.0005947743128869751,0.0006040676615258341,0.000622654358803552,0.0006598277533589879,0.0006970011479144239,0.0007527612397475779,0.0008456947261361677,0.0009850949557190525,0.0010687350934687832,0.0015426958740505916,0.0017006828009111944,0.002044536700548977,0.0027136578025468237,0.003150445188573196,0.004079780052459094,0.004795367897651236,0.004683847713984929,0.004739607805818082,0.004395753906180301,0.003958966520153927,0.003912499776959633,0.0040426066579036584,0.004200593584764261,0.00412624679565339,0.004154126841569967,0.004479394043930031,0.004628087622151775,0.004274940373875133,0.0047303144571792235,0.005380848861899353,0.005046288310900429,0.004776781200373518,0.006207956890757802,0.008549880747750266,0.006551810790395585,0.008010866526696445,0.009460628914358447,0.011402938779879974,0.012285806900571579,0.010492190613271795,0.012313686946488156,0.010120456667717435,0.008001573178057586,0.008168853453557048,0.00769489267297524,0.0077320660675306765,0.008419773866806242,0.008131680059001613,0.007332452076059739,0.008419773866806242,0.007834292902558125,0.007992279829418728,0.008029453223974164,0.008912321344665767,0.011310005293491385,0.011523752312185142
21167,0.0006319477074424111,0.0005947743128869751,0.0006040676615258341,0.000622654358803552,0.0006598277533589879,0.0006970011479144239,0.0007527612397475779,0.0008456947261361677,0.0009850949557190525,0.0010687350934687832,0.0015426958740505916,0.0017006828009111944,0.002044536700548977,0.0027136578025468237,0.003150445188573196,0.004079780052459094,0.004795367897651236,0.004683847713984929,0.004739607805818082,0.004395753906180301,0.003958966520153927,0.003912499776959633,0.0040426066579036584,0.004200593584764261,0.00412624679565339,0.004154126841569967,0.004479394043930031,0.004628087622151775,0.004274940373875133,0.0047303144571792235,0.005380848861899353,0.005046288310900429,0.004776781200373518,0.006207956890757802,0.008549880747750266,0.006551810790395585,0.008010866526696445,0.009460628914358447,0.011402938779879974,0.012285806900571579,0.010492190613271795,0.012313686946488156,0.010120456667717435,0.008001573178057586,0.008168853453557048,0.00769489267297524,0.0077320660675306765,0.008419773866806242,0.008131680059001613,0.007332452076059739,0.008419773866806242,0.007834292902558125,0.007992279829418728,0.008029453223974164,0.008912321344665767,0.011310005293491385,0.011523752312185142
21169,0.0006319477074424111,0.0005947743128869751,0.0006040676615258341,0.000622654358803552,0.0006598277533589879,0.0006970011479144239,0.0007527612397475779,0.0008456947261361677,0.0009850949557190525,0.0010687350934687832,0.0015426958740505916,0.0017006828009111944,0.002044536700548977,0.0027136578025468237,0.003150445188573196,0.004079780052459094,0.004795367897651236,0.004683847713984929,0.004739607805818082,0.004395753906180301,0.003958966520153927,0.003912499776959633,0.0040426066579036584,0.004200593584764261,0.00412624679565339,0.004154126841569967,0.004479394043930031,0.004628087622151775,0.004274940373875133,0.0047303144571792235,0.005380848861899353,0.005046288310900429,0.004776781200373518,0.006207956890757802,0.008549880747750266,0.006551810790395585,0.008010866526696445,0.009460628914358447,0.011402938779879974,0.012285806900571579,0.010492190613271795,0.012313686946488156,0.010120456667717435,0.008001573178057586,0.008168853453557048,0.00769489267297524,0.0077320660675306765,0.008419773866806242,0.008131680059001613,0.007332452076059739,0.008419773866806242,0.007834292902558125,0.007992279829418728,0.008029453223974164,0.008912321344665767,0.011310005293491385,0.011523752312185142
21171,0.0006319477074424111,0.0005947743128869751,0.0006040676615258341,0.000622654358803552,0.0006598277533589879,0.0006970011479144239,0.0007527612397475779,0.0008456947261361677,0.0009850949557190525,0.0010687350934687832,0.0015426958740505916,0.0017006828009111944,0.002044536700548977,0.0027136578025468237,0.003150445188573196,0.004079780052459094,0.004795367897651236,0.004683847713984929,0.004739607805818082,0.004395753906180301,0.003958966520153927,0.003912499776959633,0.0040426066579036584,0.004200593584764261,0.00412624679565339,0.004154126841569967,0.004479394043930031,0.004628087622151775,0.004274940373875133,0.0047303144571792235,0.005380848861899353,0.005046288310900429,0.004776781200373518,0.006207956890757802,0.008549880747750266,0.006551810790395585,0.008010866526696445,0.009460628914358447,0.011402938779879974,0.012285806900571579,0.010492190613271795,0.012313686946488156,0.010120456667717435,0.008001573178057586,0.008168853453557048,0.00769489267297524,0.0077320660675306765,0.008419773866806242,0.008131680059001613,0.007332452076059739,0.008419773866806242,0.007834292902558125,0.007992279829418728,0.008029453223974164,0.008912321344665767,0.011310005293491385,0.011523752312185142
21173,0.0006319477074424111,0.0005947743128869751,0.0006040676615258341,0.000622654358803552,0.0006598277533589879,0.0006970011479144239,0.0007527612397475779,0.0008456947261361677,0.0009850949557190525,0.0010687350934687832,0.0015426958740505916,0.0017006828009111944,0.002044536700548977,0.0027136578025468237,0.003150445188573196,0.004079780052459094,0.004795367897651236,0.004683847713984929,0.004739607805818082,0.004395753906180301,0.003958966520153927,0.003912499776959633,0.0040426066579036584,0.004200593584764261,0.00412624679565339,0.004154126841569967,0.004479394043930031,0.004628087622151775,0.004274940373875133,0.0047303144571792235,0.005380848861899353,0.005046288310900429,0.004776781200373518,0.006207956890757802,0.008549880747750266,0.006551810790395585,0.008010866526696445,0.009460628914358447,0.011402938779879974,0.012285806900571579,0.010492190613271795,0.012313686946488156,0.010120456667717435,0.008001573178057586,0.008168853453557048,0.00769489267297524,0.0077320660675306765,0.008419773866806242,0.008131680059001613,0.007332452076059739,0.008419773866806242,0.007834292902558125,0.007992279829418728,0.008029453223974164,0.008912321344665767,0.011310005293491385,0.011523752312185142
21175,0.0006319477074424111,0.0005947743128869751,0.0006040676615258341,0.000622654358803552,0.0006598277533589879,0.0006970011479144239,0.0007527612397475779,0.0008456947261361677,0.0009850949557190525,0.0010687350934687832,0.0015426958740505916,0.0017006828009111944,0.002044536700548977,0.0027136578025468237,0.003150445188573196,0.004079780052459094,0.004795367897651236,0.004683847713984929,0.004739607805818082,0.004395753906180301,0.003958966520153927,0.003912499776959633,0.0040426066579036584,0.004200593584764261,0.00412624679565339,0.004154126841569967,0.004479394043930031,0.004628087622151775,0.004274940373875133,0.0047303144571792235,0.005380848861899353,0.005046288310900429,0.004776781200373518,0.006207956890757802,0.008549880747750266,0.006551810790395585,0.008010866526696445,0.009460628914358447,0.011402938779879974,0.012285806900571579,0.010492190613271795,0.012313686946488156,0.010120456667717435,0.008001573178057586,0.008168853453557048,0.00769489267297524,0.0077320660675306765,0.008419773866806242,0.008131680059001613,0.007332452076059739,0.008419773866806242,0.007834292902558125,0.007992279829418728,0.008029453223974164,0.008912321344665767,0.011310005293491385,0.011523752312185142
21177,0.0006319477074424111,0.0005947743128869751,0.0006040676615258341,0.000622654358803552,0.0006598277533589879,0.0006970011479144239,0.0007527612397475779,0.0008456947261361677,0.0009850949557190525,0.0010687350934687832,0.0015426958740505916,0.0017006828009111944,0.002044536700548977,0.0027136578025468237,0.003150445188573196,0.004079780052459094,0.004795367897651236,0.004683847713984929,0.004739607805818082,0.004395753906180301,0.003958966520153927,0.003912499776959633,0.0040426066579036584,0.004200593584764261,0.00412624679565339,0.004154126841569967,0.004479394043930031,0.004628087622151775,0.004274940373875133,0.0047303144571792235,0.005380848861899353,0.005046288310900429,0.004776781200373518,0.006207956890757802,0.008549880747750266,0.006551810790395585,0.008010866526696445,0.009460628914358447,0.011402938779879974,0.012285806900571579,0.010492190613271795,0.012313686946488156,0.010120456667717435,0.008001573178057586,0.008168853453557048,0.00769489267297524,0.0077320660675306765,0.008419773866806242,0.008131680059001613,0.007332452076059739,0.008419773866806242,0.007834292902558125,0.007992279829418728,0.008029453223974164,0.008912321344665767,0.011310005293491385,0.011523752312185142
21179,0.0006319477074424111,0.0005947743128869751,0.0006040676615258341,0.000622654358803552,0.0006598277533589879,0.0006970011479144239,0.0007527612397475779,0.0008456947261361677,0.0009850949557190525,0.0010687350934687832,0.0015426958740505916,0.0017006828009111944,0.002044536700548977,0.0027136578025468237,0.003150445188573196,0.004079780052459094,0.004795367897651236,0.004683847713984929,0.004739607805818082,0.004395753906180301,0.003958966520153927,0.003912499776959633,0.0040426066579036584,0.004200593584764261,0.00412624679565339,0.004154126841569967,0.004479394043930031,0.004628087622151775,0.004274940373875133,0.0047303144571792235,0.005380848861899353,0.005046288310900429,0.004776781200373518,0.006207956890757802,0.008549880747750266,0.006551810790395585,0.008010866526696445,0.009460628914358447,0.011402938779879974,0.012285806900571579,0.010492190613271795,0.012313686946488156,0.010120456667717435,0.008001573178057586,0.008168853453557048,0.00769489267297524,0.0077320660675306765,0.008419773866806242,0.008131680059001613,0.007332452076059739,0.008419773866806242,0.007834292902558125,0.007992279829418728,0.008029453223974164,0.008912321344665767,0.011310005293491385,0.011523752312185142
21181,0.0006319477074424111,0.0005947743128869751,0.0006040676615258341,0.000622654358803552,0.0006598277533589879,0.0006970011479144239,0.0007527612397475779,0.0008456947261361677,0.0009850949557190525,0.0010687350934687832,0.0015426958740505916,0.0017006828009111944,0.002044536700548977,0.0027136578025468237,0.003150445188573196,0.004079780052459094,0.004795367897651236,0.004683847713984929,0.004739607805818082,0.004395753906180301,0.003958966520153927,0.003912499776959633,0.0040426066579036584,0.004200593584764261,0.00412624679565339,0.004154126841569967,0.004479394043930031,0.004628087622151775,0.004274940373875133,0.0047303144571792235,0.005380848861899353,0.005046288310900429,0.004776781200373518,0.006207956890757802,0.008549880747750266,0.006551810790395585,0.008010866526696445,0.009460628914358447,0.011402938779879974,0.012285806900571579,0.010492190613271795,0.012313686946488156,0.010120456667717435,0.008001573178057586,0.008168853453557048,0.00769489267297524,0.0077320660675306765,0.008419773866806242,0.008131680059001613,0.007332452076059739,0.008419773866806242,0.007834292902558125,0.007992279829418728,0.008029453223974164,0.008912321344665767,0.011310005293491385,0.011523752312185142
21183,0.0006319477074424111,0.0005947743128869751,0.0006040676615258341,0.000622654358803552,0.0006598277533589879,0.0006970011479144239,0.0007527612397475779,0.0008456947261361677,0.0009850949557190525,0.0010687350934687832,0.0015426958740505916,0.0017006828009111944,0.002044536700548977,0.0027136578025468237,0.003150445188573196,0.004079780052459094,0.004795367897651236,0.004683847713984929,0.004739607805818082,0.004395753906180301,0.003958966520153927,0.003912499776959633,0.0040426066579036584,0.004200593584764261,0.00412624679565339,0.004154126841569967,0.004479394043930031,0.004628087622151775,0.004274940373875133,0.0047303144571792235,0.005380848861899353,0.005046288310900429,0.004776781200373518,0.006207956890757802,0.008549880747750266,0.006551810790395585,0.008010866526696445,0.009460628914358447,0.011402938779879974,0.012285806900571579,0.010492190613271795,0.012313686946488156,0.010120456667717435,0.008001573178057586,0.008168853453557048,0.00769489267297524,0.0077320660675306765,0.008419773866806242,0.008131680059001613,0.007332452076059739,0.008419773866806242,0.007834292902558125,0.007992279829418728,0.008029453223974164,0.008912321344665767,0.011310005293491385,0.011523752312185142
21185,0.0006319477074424111,0.0005947743128869751,0.0006040676615258341,0.000622654358803552,0.0006598277533589879,0.0006970011479144239,0.0007527612397475779,0.0008456947261361677,0.0009850949557190525,0.0010687350934687832,0.0015426958740505916,0.0017006828009111944,0.002044536700548977,0.0027136578025468237,0.003150445188573196,0.004079780052459094,0.004795367897651236,0.004683847713984929,0.004739607805818082,0.004395753906180301,0.003958966520153927,0.003912499776959633,0.0040426066579036584,0.004200593584764261,0.00412624679565339,0.004154126841569967,0.004479394043930031,0.004628087622151775,0.004274940373875133,0.0047303144571792235,0.005380848861899353,0.005046288310900429,0.004776781200373518,0.006207956890757802,0.008549880747750266,0.006551810790395585,0.008010866526696445,0.009460628914358447,0.011402938779879974,0.012285806900571579,0.010492190613271795,0.012313686946488156,0.010120456667717435,0.008001573178057586,0.008168853453557048,0.00769489267297524,0.0077320660675306765,0.008419773866806242,0.008131680059001613,0.007332452076059739,0.008419773866806242,0.007834292902558125,0.007992279829418728,0.008029453223974164,0.008912321344665767,0.011310005293491385,0.011523752312185142
21187,0.0006319477074424111,0.0005947743128869751,0.0006040676615258341,0.000622654358803552,0.0006598277533589879,0.0006970011479144239,0.0007527612397475779,0.0008456947261361677,0.0009850949557190525,0.0010687350934687832,0.0015426958740505916,0.0017006828009111944,0.002044536700548977,0.0027136578025468237,0.003150445188573196,0.004079780052459094,0.004795367897651236,0.004683847713984929,0.004739607805818082,0.004395753906180301,0.003958966520153927,0.003912499776959633,0.0040426066579036584,0.004200593584764261,0.00412624679565339,0.004154126841569967,0.004479394043930031,0.004628087622151775,0.004274940373875133,0.0047303144571792235,0.005380848861899353,0.005046288310900429,0.004776781200373518,0.006207956890757802,0.008549880747750266,0.006551810790395585,0.008010866526696445,0.009460628914358447,0.011402938779879974,0.012285806900571579,0.010492190613271795,0.012313686946488156,0.010120456667717435,0.008001573178057586,0.008168853453557048,0.00769489267297524,0.0077320660675306765,0.008419773866806242,0.008131680059001613,0.007332452076059739,0.008419773866806242,0.007834292902558125,0.007992279829418728,0.008029453223974164,0.008912321344665767,0.011310005293491385,0.011523752312185142
21189,0.0006319477074424111,0.0005947743128869751,0.0006040676615258341,0.000622654358803552,0.0006598277533589879,0.0006970011479144239,0.0007527612397475779,0.0008456947261361677,0.0009850949557190525,0.0010687350934687832,0.0015426958740505916,0.0017006828009111944,0.002044536700548977,0.0027136578025468237,0.003150445188573196,0.004079780052459094,0.004795367897651236,0.004683847713984929,0.004739607805818082,0.004395753906180301,0.003958966520153927,0.003912499776959633,0.0040426066579036584,0.004200593584764261,0.00412624679565339,0.004154126841569967,0.004479394043930031,0.004628087622151775,0.004274940373875133,0.0047303144571792235,0.005380848861899353,0.005046288310900429,0.004776781200373518,0.006207956890757802,0.008549880747750266,0.006551810790395585,0.008010866526696445,0.009460628914358447,0.011402938779879974,0.012285806900571579,0.010492190613271795,0.012313686946488156,0.010120456667717435,0.008001573178057586,0.008168853453557048,0.00769489267297524,0.0077320660675306765,0.008419773866806242,0.008131680059001613,0.007332452076059739,0.008419773866806242,0.007834292902558125,0.007992279829418728,0.008029453223974164,0.008912321344665767,0.011310005293491385,0.011523752312185142
21191,0.0006319477074424111,0.0005947743128869751,0.0006040676615258341,0.000622654358803552,0.0006598277533589879,0.0006970011479144239,0.0007527612397475779,0.0008456947261361677,0.0009850949557190525,0.0010687350934687832,0.0015426958740505916,0.0017006828009111944,0.002044536700548977,0.0027136578025468237,0.003150445188573196,0.004079780052459094,0.004795367897651236,0.004683847713984929,0.004739607805818082,0.004395753906180301,0.003958966520153927,0.003912499776959633,0.0040426066579036584,0.004200593584764261,0.00412624679565339,0.004154126841569967,0.004479394043930031,0.004628087622151775,0.004274940373875133,0.0047303144571792235,0.005380848861899353,0.005046288310900429,0.004776781200373518,0.006207956890757802,0.008549880747750266,0.006551810790395585,0.008010866526696445,0.009460628914358447,0.011402938779879974,0.012285806900571579,0.010492190613271795,0.012313686946488156,0.010120456667717435,0.008001573178057586,0.008168853453557048,0.00769489267297524,0.0077320660675306765,0.008419773866806242,0.008131680059001613,0.007332452076059739,0.008419773866806242,0.007834292902558125,0.007992279829418728,0.008029453223974164,0.008912321344665767,0.011310005293491385,0.011523752312185142
21193,0.0006319477074424111,0.0005947743128869751,0.0006040676615258341,0.000622654358803552,0.0006598277533589879,0.0006970011479144239,0.0007527612397475779,0.0008456947261361677,0.0009850949557190525,0.0010687350934687832,0.0015426958740505916,0.0017006828009111944,0.002044536700548977,0.0027136578025468237,0.003150445188573196,0.004079780052459094,0.004795367897651236,0.004683847713984929,0.004739607805818082,0.004395753906180301,0.003958966520153927,0.003912499776959633,0.0040426066579036584,0.004200593584764261,0.00412624679565339,0.004154126841569967,0.004479394043930031,0.004628087622151775,0.004274940373875133,0.0047303144571792235,0.005380848861899353,0.005046288310900429,0.004776781200373518,0.006207956890757802,0.008549880747750266,0.006551810790395585,0.008010866526696445,0.009460628914358447,0.011402938779879974,0.012285806900571579,0.010492190613271795,0.012313686946488156,0.010120456667717435,0.008001573178057586,0.008168853453557048,0.00769489267297524,0.0077320660675306765,0.008419773866806242,0.008131680059001613,0.007332452076059739,0.008419773866806242,0.007834292902558125,0.007992279829418728,0.008029453223974164,0.008912321344665767,0.011310005293491385,0.011523752312185142
21195,0.0006319477074424111,0.0005947743128869751,0.0006040676615258341,0.000622654358803552,0.0006598277533589879,0.0006970011479144239,0.0007527612397475779,0.0008456947261361677,0.0009850949557190525,0.0010687350934687832,0.0015426958740505916,0.0017006828009111944,0.002044536700548977,0.0027136578025468237,0.003150445188573196,0.004079780052459094,0.004795367897651236,0.004683847713984929,0.004739607805818082,0.004395753906180301,0.003958966520153927,0.003912499776959633,0.0040426066579036584,0.004200593584764261,0.00412624679565339,0.004154126841569967,0.004479394043930031,0.004628087622151775,0.004274940373875133,0.0047303144571792235,0.005380848861899353,0.005046288310900429,0.004776781200373518,0.006207956890757802,0.008549880747750266,0.006551810790395585,0.008010866526696445,0.009460628914358447,0.011402938779879974,0.012285806900571579,0.010492190613271795,0.012313686946488156,0.010120456667717435,0.008001573178057586,0.008168853453557048,0.00769489267297524,0.0077320660675306765,0.008419773866806242,0.008131680059001613,0.007332452076059739,0.008419773866806242,0.007834292902558125,0.007992279829418728,0.008029453223974164,0.008912321344665767,0.011310005293491385,0.011523752312185142
21197,0.0006319477074424111,0.0005947743128869751,0.0006040676615258341,0.000622654358803552,0.0006598277533589879,0.0006970011479144239,0.0007527612397475779,0.0008456947261361677,0.0009850949557190525,0.0010687350934687832,0.0015426958740505916,0.0017006828009111944,0.002044536700548977,0.0027136578025468237,0.003150445188573196,0.004079780052459094,0.004795367897651236,0.004683847713984929,0.004739607805818082,0.004395753906180301,0.003958966520153927,0.003912499776959633,0.0040426066579036584,0.004200593584764261,0.00412624679565339,0.004154126841569967,0.004479394043930031,0.004628087622151775,0.004274940373875133,0.0047303144571792235,0.005380848861899353,0.005046288310900429,0.004776781200373518,0.006207956890757802,0.008549880747750266,0.006551810790395585,0.008010866526696445,0.009460628914358447,0.011402938779879974,0.012285806900571579,0.010492190613271795,0.012313686946488156,0.010120456667717435,0.008001573178057586,0.008168853453557048,0.00769489267297524,0.0077320660675306765,0.008419773866806242,0.008131680059001613,0.007332452076059739,0.008419773866806242,0.007834292902558125,0.007992279829418728,0.008029453223974164,0.008912321344665767,0.011310005293491385,0.011523752312185142
21199,0.0006319477074424111,0.0005947743128869751,0.0006040676615258341,0.000622654358803552,0.0006598277533589879,0.0006970011479144239,0.0007527612397475779,0.0008456947261361677,0.0009850949557190525,0.0010687350934687832,0.0015426958740505916,0.0017006828009111944,0.002044536700548977,0.0027136578025468237,0.003150445188573196,0.004079780052459094,0.004795367897651236,0.004683847713984929,0.004739607805818082,0.004395753906180301,0.003958966520153927,0.003912499776959633,0.0040426066579036584,0.004200593584764261,0.00412624679565339,0.004154126841569967,0.004479394043930031,0.004628087622151775,0.004274940373875133,0.0047303144571792235,0.005380848861899353,0.005046288310900429,0.004776781200373518,0.006207956890757802,0.008549880747750266,0.006551810790395585,0.008010866526696445,0.009460628914358447,0.011402938779879974,0.012285806900571579,0.010492190613271795,0.012313686946488156,0.010120456667717435,0.008001573178057586,0.008168853453557048,0.00769489267297524,0.0077320660675306765,0.008419773866806242,0.008131680059001613,0.007332452076059739,0.008419773866806242,0.007834292902558125,0.007992279829418728,0.008029453223974164,0.008912321344665767,0.011310005293491385,0.011523752312185142
21201,0.0006319477074424111,0.0005947743128869751,0.0006040676615258341,0.000622654358803552,0.0006598277533589879,0.0006970011479144239,0.0007527612397475779,0.0008456947261361677,0.0009850949557190525,0.0010687350934687832,0.0015426958740505916,0.0017006828009111944,0.002044536700548977,0.0027136578025468237,0.003150445188573196,0.004079780052459094,0.004795367897651236,0.004683847713984929,0.004739607805818082,0.004395753906180301,0.003958966520153927,0.003912499776959633,0.0040426066579036584,0.004200593584764261,0.00412624679565339,0.004154126841569967,0.004479394043930031,0.004628087622151775,0.004274940373875133,0.0047303144571792235,0.005380848861899353,0.005046288310900429,0.004776781200373518,0.006207956890757802,0.008549880747750266,0.006551810790395585,0.008010866526696445,0.009460628914358447,0.011402938779879974,0.012285806900571579,0.010492190613271795,0.012313686946488156,0.010120456667717435,0.008001573178057586,0.008168853453557048,0.00769489267297524,0.0077320660675306765,0.008419773866806242,0.008131680059001613,0.007332452076059739,0.008419773866806242,0.007834292902558125,0.007992279829418728,0.008029453223974164,0.008912321344665767,0.011310005293491385,0.011523752312185142
21203,0.0006319477074424111,0.0005947743128869751,0.0006040676615258341,0.000622654358803552,0.0006598277533589879,0.0006970011479144239,0.0007527612397475779,0.0008456947261361677,0.0009850949557190525,0.0010687350934687832,0.0015426958740505916,0.0017006828009111944,0.002044536700548977,0.0027136578025468237,0.003150445188573196,0.004079780052459094,0.004795367897651236,0.004683847713984929,0.004739607805818082,0.004395753906180301,0.003958966520153927,0.003912499776959633,0.0040426066579036584,0.004200593584764261,0.00412624679565339,0.004154126841569967,0.004479394043930031,0.004628087622151775,0.004274940373875133,0.0047303144571792235,0.005380848861899353,0.005046288310900429,0.004776781200373518,0.006207956890757802,0.008549880747750266,0.006551810790395585,0.008010866526696445,0.009460628914358447,0.011402938779879974,0.012285806900571579,0.010492190613271795,0.012313686946488156,0.010120456667717435,0.008001573178057586,0.008168853453557048,0.00769489267297524,0.0077320660675306765,0.008419773866806242,0.008131680059001613,0.007332452076059739,0.008419773866806242,0.007834292902558125,0.007992279829418728,0.008029453223974164,0.008912321344665767,0.011310005293491385,0.011523752312185142
21205,0.0006319477074424111,0.0005947743128869751,0.0006040676615258341,0.000622654358803552,0.0006598277533589879,0.0006970011479144239,0.0007527612397475779,0.0008456947261361677,0.0009850949557190525,0.0010687350934687832,0.0015426958740505916,0.0017006828009111944,0.002044536700548977,0.0027136578025468237,0.003150445188573196,0.004079780052459094,0.004795367897651236,0.004683847713984929,0.004739607805818082,0.004395753906180301,0.003958966520153927,0.003912499776959633,0.0040426066579036584,0.004200593584764261,0.00412624679565339,0.004154126841569967,0.004479394043930031,0.004628087622151775,0.004274940373875133,0.0047303144571792235,0.005380848861899353,0.005046288310900429,0.004776781200373518,0.006207956890757802,0.008549880747750266,0.006551810790395585,0.008010866526696445,0.009460628914358447,0.011402938779879974,0.012285806900571579,0.010492190613271795,0.012313686946488156,0.010120456667717435,0.008001573178057586,0.008168853453557048,0.00769489267297524,0.0077320660675306765,0.008419773866806242,0.008131680059001613,0.007332452076059739,0.008419773866806242,0.007834292902558125,0.007992279829418728,0.008029453223974164,0.008912321344665767,0.011310005293491385,0.011523752312185142
21207,0.0006319477074424111,0.0005947743128869751,0.0006040676615258341,0.000622654358803552,0.0006598277533589879,0.0006970011479144239,0.0007527612397475779,0.0008456947261361677,0.0009850949557190525,0.0010687350934687832,0.0015426958740505916,0.0017006828009111944,0.002044536700548977,0.0027136578025468237,0.003150445188573196,0.004079780052459094,0.004795367897651236,0.004683847713984929,0.004739607805818082,0.004395753906180301,0.003958966520153927,0.003912499776959633,0.0040426066579036584,0.004200593584764261,0.00412624679565339,0.004154126841569967,0.004479394043930031,0.004628087622151775,0.004274940373875133,0.0047303144571792235,0.005380848861899353,0.005046288310900429,0.004776781200373518,0.006207956890757802,0.008549880747750266,0.006551810790395585,0.008010866526696445,0.009460628914358447,0.011402938779879974,0.012285806900571579,0.010492190613271795,0.012313686946488156,0.010120456667717435,0.008001573178057586,0.008168853453557048,0.00769489267297524,0.0077320660675306765,0.008419773866806242,0.008131680059001613,0.007332452076059739,0.008419773866806242,0.007834292902558125,0.007992279829418728,0.008029453223974164,0.008912321344665767,0.011310005293491385,0.011523752312185142
21209,0.0006319477074424111,0.0005947743128869751,0.0006040676615258341,0.000622654358803552,0.0006598277533589879,0.0006970011479144239,0.0007527612397475779,0.0008456947261361677,0.0009850949557190525,0.0010687350934687832,0.0015426958740505916,0.0017006828009111944,0.002044536700548977,0.0027136578025468237,0.003150445188573196,0.004079780052459094,0.004795367897651236,0.004683847713984929,0.004739607805818082,0.004395753906180301,0.003958966520153927,0.003912499776959633,0.0040426066579036584,0.004200593584764261,0.00412624679565339,0.004154126841569967,0.004479394043930031,0.004628087622151775,0.004274940373875133,0.0047303144571792235,0.005380848861899353,0.005046288310900429,0.004776781200373518,0.006207956890757802,0.008549880747750266,0.006551810790395585,0.008010866526696445,0.009460628914358447,0.011402938779879974,0.012285806900571579,0.010492190613271795,0.012313686946488156,0.010120456667717435,0.008001573178057586,0.008168853453557048,0.00769489267297524,0.0077320660675306765,0.008419773866806242,0.008131680059001613,0.007332452076059739,0.008419773866806242,0.007834292902558125,0.007992279829418728,0.008029453223974164,0.008912321344665767,0.011310005293491385,0.011523752312185142
21211,0.0006319477074424111,0.0005947743128869751,0.0006040676615258341,0.000622654358803552,0.0006598277533589879,0.0006970011479144239,0.0007527612397475779,0.0008456947261361677,0.0009850949557190525,0.0010687350934687832,0.0015426958740505916,0.0017006828009111944,0.002044536700548977,0.0027136578025468237,0.003150445188573196,0.004079780052459094,0.004795367897651236,0.004683847713984929,0.004739607805818082,0.004395753906180301,0.003958966520153927,0.003912499776959633,0.0040426066579036584,0.004200593584764261,0.00412624679565339,0.004154126841569967,0.004479394043930031,0.004628087622151775,0.004274940373875133,0.0047303144571792235,0.005380848861899353,0.005046288310900429,0.004776781200373518,0.006207956890757802,0.008549880747750266,0.006551810790395585,0.008010866526696445,0.009460628914358447,0.011402938779879974,0.012285806900571579,0.010492190613271795,0.012313686946488156,0.010120456667717435,0.008001573178057586,0.008168853453557048,0.00769489267297524,0.0077320660675306765,0.008419773866806242,0.008131680059001613,0.007332452076059739,0.008419773866806242,0.007834292902558125,0.007992279829418728,0.008029453223974164,0.008912321344665767,0.011310005293491385,0.011523752312185142
21213,0.0006319477074424111,0.0005947743128869751,0.0006040676615258341,0.000622654358803552,0.0006598277533589879,0.0006970011479144239,0.0007527612397475779,0.0008456947261361677,0.0009850949557190525,0.0010687350934687832,0.0015426958740505916,0.0017006828009111944,0.002044536700548977,0.0027136578025468237,0.003150445188573196,0.004079780052459094,0.004795367897651236,0.004683847713984929,0.004739607805818082,0.004395753906180301,0.003958966520153927,0.003912499776959633,0.0040426066579036584,0.004200593584764261,0.00412624679565339,0.004154126841569967,0.004479394043930031,0.004628087622151775,0.004274940373875133,0.0047303144571792235,0.005380848861899353,0.005046288310900429,0.004776781200373518,0.006207956890757802,0.008549880747750266,0.006551810790395585,0.008010866526696445,0.009460628914358447,0.011402938779879974,0.012285806900571579,0.010492190613271795,0.012313686946488156,0.010120456667717435,0.008001573178057586,0.008168853453557048,0.00769489267297524,0.0077320660675306765,0.008419773866806242,0.008131680059001613,0.007332452076059739,0.008419773866806242,0.007834292902558125,0.007992279829418728,0.008029453223974164,0.008912321344665767,0.011310005293491385,0.011523752312185142
21215,0.0006319477074424111,0.0005947743128869751,0.0006040676615258341,0.000622654358803552,0.0006598277533589879,0.0006970011479144239,0.0007527612397475779,0.0008456947261361677,0.0009850949557190525,0.0010687350934687832,0.0015426958740505916,0.0017006828009111944,0.002044536700548977,0.0027136578025468237,0.003150445188573196,0.004079780052459094,0.004795367897651236,0.004683847713984929,0.004739607805818082,0.004395753906180301,0.003958966520153927,0.003912499776959633,0.0040426066579036584,0.004200593584764261,0.00412624679565339,0.004154126841569967,0.004479394043930031,0.004628087622151775,0.004274940373875133,0.0047303144571792235,0.005380848861899353,0.005046288310900429,0.004776781200373518,0.006207956890757802,0.008549880747750266,0.006551810790395585,0.008010866526696445,0.009460628914358447,0.011402938779879974,0.012285806900571579,0.010492190613271795,0.012313686946488156,0.010120456667717435,0.008001573178057586,0.008168853453557048,0.00769489267297524,0.0077320660675306765,0.008419773866806242,0.008131680059001613,0.007332452076059739,0.008419773866806242,0.007834292902558125,0.007992279829418728,0.008029453223974164,0.008912321344665767,0.011310005293491385,0.011523752312185142
21217,0.0006319477074424111,0.0005947743128869751,0.0006040676615258341,0.000622654358803552,0.0006598277533589879,0.0006970011479144239,0.0007527612397475779,0.0008456947261361677,0.0009850949557190525,0.0010687350934687832,0.0015426958740505916,0.0017006828009111944,0.002044536700548977,0.0027136578025468237,0.003150445188573196,0.004079780052459094,0.004795367897651236,0.004683847713984929,0.004739607805818082,0.004395753906180301,0.003958966520153927,0.003912499776959633,0.0040426066579036584,0.004200593584764261,0.00412624679565339,0.004154126841569967,0.004479394043930031,0.004628087622151775,0.004274940373875133,0.0047303144571792235,0.005380848861899353,0.005046288310900429,0.004776781200373518,0.006207956890757802,0.008549880747750266,0.006551810790395585,0.008010866526696445,0.009460628914358447,0.011402938779879974,0.012285806900571579,0.010492190613271795,0.012313686946488156,0.010120456667717435,0.008001573178057586,0.008168853453557048,0.00769489267297524,0.0077320660675306765,0.008419773866806242,0.008131680059001613,0.007332452076059739,0.008419773866806242,0.007834292902558125,0.007992279829418728,0.008029453223974164,0.008912321344665767,0.011310005293491385,0.011523752312185142
21219,0.0006319477074424111,0.0005947743128869751,0.0006040676615258341,0.000622654358803552,0.0006598277533589879,0.0006970011479144239,0.0007527612397475779,0.0008456947261361677,0.0009850949557190525,0.0010687350934687832,0.0015426958740505916,0.0017006828009111944,0.002044536700548977,0.0027136578025468237,0.003150445188573196,0.004079780052459094,0.004795367897651236,0.004683847713984929,0.004739607805818082,0.004395753906180301,0.003958966520153927,0.003912499776959633,0.0040426066579036584,0.004200593584764261,0.00412624679565339,0.004154126841569967,0.004479394043930031,0.004628087622151775,0.004274940373875133,0.0047303144571792235,0.005380848861899353,0.005046288310900429,0.004776781200373518,0.006207956890757802,0.008549880747750266,0.006551810790395585,0.008010866526696445,0.009460628914358447,0.011402938779879974,0.012285806900571579,0.010492190613271795,0.012313686946488156,0.010120456667717435,0.008001573178057586,0.008168853453557048,0.00769489267297524,0.0077320660675306765,0.008419773866806242,0.008131680059001613,0.007332452076059739,0.008419773866806242,0.007834292902558125,0.007992279829418728,0.008029453223974164,0.008912321344665767,0.011310005293491385,0.011523752312185142
21221,0.0006319477074424111,0.0005947743128869751,0.0006040676615258341,0.000622654358803552,0.0006598277533589879,0.0006970011479144239,0.0007527612397475779,0.0008456947261361677,0.0009850949557190525,0.0010687350934687832,0.0015426958740505916,0.0017006828009111944,0.002044536700548977,0.0027136578025468237,0.003150445188573196,0.004079780052459094,0.004795367897651236,0.004683847713984929,0.004739607805818082,0.004395753906180301,0.003958966520153927,0.003912499776959633,0.0040426066579036584,0.004200593584764261,0.00412624679565339,0.004154126841569967,0.004479394043930031,0.004628087622151775,0.004274940373875133,0.0047303144571792235,0.005380848861899353,0.005046288310900429,0.004776781200373518,0.006207956890757802,0.008549880747750266,0.006551810790395585,0.008010866526696445,0.009460628914358447,0.011402938779879974,0.012285806900571579,0.010492190613271795,0.012313686946488156,0.010120456667717435,0.008001573178057586,0.008168853453557048,0.00769489267297524,0.0077320660675306765,0.008419773866806242,0.008131680059001613,0.007332452076059739,0.008419773866806242,0.007834292902558125,0.007992279829418728,0.008029453223974164,0.008912321344665767,0.011310005293491385,0.011523752312185142
21223,0.0006319477074424111,0.0005947743128869751,0.0006040676615258341,0.000622654358803552,0.0006598277533589879,0.0006970011479144239,0.0007527612397475779,0.0008456947261361677,0.0009850949557190525,0.0010687350934687832,0.0015426958740505916,0.0017006828009111944,0.002044536700548977,0.0027136578025468237,0.003150445188573196,0.004079780052459094,0.004795367897651236,0.004683847713984929,0.004739607805818082,0.004395753906180301,0.003958966520153927,0.003912499776959633,0.0040426066579036584,0.004200593584764261,0.00412624679565339,0.004154126841569967,0.004479394043930031,0.004628087622151775,0.004274940373875133,0.0047303144571792235,0.005380848861899353,0.005046288310900429,0.004776781200373518,0.006207956890757802,0.008549880747750266,0.006551810790395585,0.008010866526696445,0.009460628914358447,0.011402938779879974,0.012285806900571579,0.010492190613271795,0.012313686946488156,0.010120456667717435,0.008001573178057586,0.008168853453557048,0.00769489267297524,0.0077320660675306765,0.008419773866806242,0.008131680059001613,0.007332452076059739,0.008419773866806242,0.007834292902558125,0.007992279829418728,0.008029453223974164,0.008912321344665767,0.011310005293491385,0.011523752312185142
21225,0.0006319477074424111,0.0005947743128869751,0.0006040676615258341,0.000622654358803552,0.0006598277533589879,0.0006970011479144239,0.0007527612397475779,0.0008456947261361677,0.0009850949557190525,0.0010687350934687832,0.0015426958740505916,0.0017006828009111944,0.002044536700548977,0.0027136578025468237,0.003150445188573196,0.004079780052459094,0.004795367897651236,0.004683847713984929,0.004739607805818082,0.004395753906180301,0.003958966520153927,0.003912499776959633,0.0040426066579036584,0.004200593584764261,0.00412624679565339,0.004154126841569967,0.004479394043930031,0.004628087622151775,0.004274940373875133,0.0047303144571792235,0.005380848861899353,0.005046288310900429,0.004776781200373518,0.006207956890757802,0.008549880747750266,0.006551810790395585,0.008010866526696445,0.009460628914358447,0.011402938779879974,0.012285806900571579,0.010492190613271795,0.012313686946488156,0.010120456667717435,0.008001573178057586,0.008168853453557048,0.00769489267297524,0.0077320660675306765,0.008419773866806242,0.008131680059001613,0.007332452076059739,0.008419773866806242,0.007834292902558125,0.007992279829418728,0.008029453223974164,0.008912321344665767,0.011310005293491385,0.011523752312185142
21227,0.0006319477074424111,0.0005947743128869751,0.0006040676615258341,0.000622654358803552,0.0006598277533589879,0.0006970011479144239,0.0007527612397475779,0.0008456947261361677,0.0009850949557190525,0.0010687350934687832,0.0015426958740505916,0.0017006828009111944,0.002044536700548977,0.0027136578025468237,0.003150445188573196,0.004079780052459094,0.004795367897651236,0.004683847713984929,0.004739607805818082,0.004395753906180301,0.003958966520153927,0.003912499776959633,0.0040426066579036584,0.004200593584764261,0.00412624679565339,0.004154126841569967,0.004479394043930031,0.004628087622151775,0.004274940373875133,0.0047303144571792235,0.005380848861899353,0.005046288310900429,0.004776781200373518,0.006207956890757802,0.008549880747750266,0.006551810790395585,0.008010866526696445,0.009460628914358447,0.011402938779879974,0.012285806900571579,0.010492190613271795,0.012313686946488156,0.010120456667717435,0.008001573178057586,0.008168853453557048,0.00769489267297524,0.0077320660675306765,0.008419773866806242,0.008131680059001613,0.007332452076059739,0.008419773866806242,0.007834292902558125,0.007992279829418728,0.008029453223974164,0.008912321344665767,0.011310005293491385,0.011523752312185142
21229,0.0006319477074424111,0.0005947743128869751,0.0006040676615258341,0.000622654358803552,0.0006598277533589879,0.0006970011479144239,0.0007527612397475779,0.0008456947261361677,0.0009850949557190525,0.0010687350934687832,0.0015426958740505916,0.0017006828009111944,0.002044536700548977,0.0027136578025468237,0.003150445188573196,0.004079780052459094,0.004795367897651236,0.004683847713984929,0.004739607805818082,0.004395753906180301,0.003958966520153927,0.003912499776959633,0.0040426066579036584,0.004200593584764261,0.00412624679565339,0.004154126841569967,0.004479394043930031,0.004628087622151775,0.004274940373875133,0.0047303144571792235,0.005380848861899353,0.005046288310900429,0.004776781200373518,0.006207956890757802,0.008549880747750266,0.006551810790395585,0.008010866526696445,0.009460628914358447,0.011402938779879974,0.012285806900571579,0.010492190613271795,0.012313686946488156,0.010120456667717435,0.008001573178057586,0.008168853453557048,0.00769489267297524,0.0077320660675306765,0.008419773866806242,0.008131680059001613,0.007332452076059739,0.008419773866806242,0.007834292902558125,0.007992279829418728,0.008029453223974164,0.008912321344665767,0.011310005293491385,0.011523752312185142
21231,0.0006319477074424111,0.0005947743128869751,0.0006040676615258341,0.000622654358803552,0.0006598277533589879,0.0006970011479144239,0.0007527612397475779,0.0008456947261361677,0.0009850949557190525,0.0010687350934687832,0.0015426958740505916,0.0017006828009111944,0.002044536700548977,0.0027136578025468237,0.003150445188573196,0.004079780052459094,0.004795367897651236,0.004683847713984929,0.004739607805818082,0.004395753906180301,0.003958966520153927,0.003912499776959633,0.0040426066579036584,0.004200593584764261,0.00412624679565339,0.004154126841569967,0.004479394043930031,0.004628087622151775,0.004274940373875133,0.0047303144571792235,0.005380848861899353,0.005046288310900429,0.004776781200373518,0.006207956890757802,0.008549880747750266,0.006551810790395585,0.008010866526696445,0.009460628914358447,0.011402938779879974,0.012285806900571579,0.010492190613271795,0.012313686946488156,0.010120456667717435,0.008001573178057586,0.008168853453557048,0.00769489267297524,0.0077320660675306765,0.008419773866806242,0.008131680059001613,0.007332452076059739,0.008419773866806242,0.007834292902558125,0.007992279829418728,0.008029453223974164,0.008912321344665767,0.011310005293491385,0.011523752312185142
21233,0.0006319477074424111,0.0005947743128869751,0.0006040676615258341,0.000622654358803552,0.0006598277533589879,0.0006970011479144239,0.0007527612397475779,0.0008456947261361677,0.0009850949557190525,0.0010687350934687832,0.0015426958740505916,0.0017006828009111944,0.002044536700548977,0.0027136578025468237,0.003150445188573196,0.004079780052459094,0.004795367897651236,0.004683847713984929,0.004739607805818082,0.004395753906180301,0.003958966520153927,0.003912499776959633,0.0040426066579036584,0.004200593584764261,0.00412624679565339,0.004154126841569967,0.004479394043930031,0.004628087622151775,0.004274940373875133,0.0047303144571792235,0.005380848861899353,0.005046288310900429,0.004776781200373518,0.006207956890757802,0.008549880747750266,0.006551810790395585,0.008010866526696445,0.009460628914358447,0.011402938779879974,0.012285806900571579,0.010492190613271795,0.012313686946488156,0.010120456667717435,0.008001573178057586,0.008168853453557048,0.00769489267297524,0.0077320660675306765,0.008419773866806242,0.008131680059001613,0.007332452076059739,0.008419773866806242,0.007834292902558125,0.007992279829418728,0.008029453223974164,0.008912321344665767,0.011310005293491385,0.011523752312185142
21235,0.0006319477074424111,0.0005947743128869751,0.0006040676615258341,0.000622654358803552,0.0006598277533589879,0.0006970011479144239,0.0007527612397475779,0.0008456947261361677,0.0009850949557190525,0.0010687350934687832,0.0015426958740505916,0.0017006828009111944,0.002044536700548977,0.0027136578025468237,0.003150445188573196,0.004079780052459094,0.004795367897651236,0.004683847713984929,0.004739607805818082,0.004395753906180301,0.003958966520153927,0.003912499776959633,0.0040426066579036584,0.004200593584764261,0.00412624679565339,0.004154126841569967,0.004479394043930031,0.004628087622151775,0.004274940373875133,0.0047303144571792235,0.005380848861899353,0.005046288310900429,0.004776781200373518,0.006207956890757802,0.008549880747750266,0.006551810790395585,0.008010866526696445,0.009460628914358447,0.011402938779879974,0.012285806900571579,0.010492190613271795,0.012313686946488156,0.010120456667717435,0.008001573178057586,0.008168853453557048,0.00769489267297524,0.0077320660675306765,0.008419773866806242,0.008131680059001613,0.007332452076059739,0.008419773866806242,0.007834292902558125,0.007992279829418728,0.008029453223974164,0.008912321344665767,0.011310005293491385,0.011523752312185142
21237,0.0006319477074424111,0.0005947743128869751,0.0006040676615258341,0.000622654358803552,0.0006598277533589879,0.0006970011479144239,0.0007527612397475779,0.0008456947261361677,0.0009850949557190525,0.0010687350934687832,0.0015426958740505916,0.0017006828009111944,0.002044536700548977,0.0027136578025468237,0.003150445188573196,0.004079780052459094,0.004795367897651236,0.004683847713984929,0.004739607805818082,0.004395753906180301,0.003958966520153927,0.003912499776959633,0.0040426066579036584,0.004200593584764261,0.00412624679565339,0.004154126841569967,0.004479394043930031,0.004628087622151775,0.004274940373875133,0.0047303144571792235,0.005380848861899353,0.005046288310900429,0.004776781200373518,0.006207956890757802,0.008549880747750266,0.006551810790395585,0.008010866526696445,0.009460628914358447,0.011402938779879974,0.012285806900571579,0.010492190613271795,0.012313686946488156,0.010120456667717435,0.008001573178057586,0.008168853453557048,0.00769489267297524,0.0077320660675306765,0.008419773866806242,0.008131680059001613,0.007332452076059739,0.008419773866806242,0.007834292902558125,0.007992279829418728,0.008029453223974164,0.008912321344665767,0.011310005293491385,0.011523752312185142
21239,0.0006319477074424111,0.0005947743128869751,0.0006040676615258341,0.000622654358803552,0.0006598277533589879,0.0006970011479144239,0.0007527612397475779,0.0008456947261361677,0.0009850949557190525,0.0010687350934687832,0.0015426958740505916,0.0017006828009111944,0.002044536700548977,0.0027136578025468237,0.003150445188573196,0.004079780052459094,0.004795367897651236,0.004683847713984929,0.004739607805818082,0.004395753906180301,0.003958966520153927,0.003912499776959633,0.0040426066579036584,0.004200593584764261,0.00412624679565339,0.004154126841569967,0.004479394043930031,0.004628087622151775,0.004274940373875133,0.0047303144571792235,0.005380848861899353,0.005046288310900429,0.004776781200373518,0.006207956890757802,0.008549880747750266,0.006551810790395585,0.008010866526696445,0.009460628914358447,0.011402938779879974,0.012285806900571579,0.010492190613271795,0.012313686946488156,0.010120456667717435,0.008001573178057586,0.008168853453557048,0.00769489267297524,0.0077320660675306765,0.008419773866806242,0.008131680059001613,0.007332452076059739,0.008419773866806242,0.007834292902558125,0.007992279829418728,0.008029453223974164,0.008912321344665767,0.011310005293491385,0.011523752312185142
22001,0.0003810272941932184,0.0003438538996377825,0.00035314724827664143,0.00035314724827664143,0.0003810272941932184,0.00042749403738751333,0.0004739607805818083,0.0005576009183315391,0.0007434678911087189,0.0010222683502744885,0.001301068809440258,0.001338242203995694,0.0021188834896598485,0.0024999107838530672,0.003429245647738966,0.0045816208789574795,0.00530650207278848,0.005148515145927878,0.004906888081317545,0.0048790080354009675,0.004618794273512915,0.004776781200373518,0.004823247943567814,0.004888301384039826,0.004553740833040903,0.004451513998013454,0.004953354824511839,0.00503699496226157,0.004786074549012378,0.0056596493210651225,0.005780462853370289,0.0052414486323164675,0.005325088770066199,0.006886371341394509,0.00797369313214101,0.006263716982590956,0.008187440150834767,0.00888444129874919,0.010603710796938103,0.01100332478840904,0.01099403143977018,0.012564607359737348,0.0097208426762465,0.009181828455192678,0.00869857432597201,0.007843586251196983,0.007982986480779868,0.008373307123611945,0.007443972259726047,0.007360332121976317,0.008354720426334228,0.008094506664446176,0.007834292902558125,0.007787826159363831,0.009163241757914959,0.012099939927794399,0.010213390154106026
22003,0.0003810272941932184,0.0003438538996377825,0.00035314724827664143,0.00035314724827664143,0.0003810272941932184,0.00042749403738751333,0.0004739607805818083,0.0005576009183315391,0.0007434678911087189,0.0010222683502744885,0.001301068809440258,0.001338242203995694,0.0021188834896598485,0.0024999107838530672,0.003429245647738966,0.0045816208789574795,0.00530650207278848,0.005148515145927878,0.004906888081317545,0.0048790080354009675,0.004618794273512915,0.004776781200373518,0.004823247943567814,0.004888301384039826,0.004553740833040903,0.004451513998013454,0.004953354824511839,0.00503699496226157,0.004786074549012378,0.0056596493210651225,0.005780462853370289,0.0052414486323164675,0.005325088770066199,0.006886371341394509,0.00797369313214101,0.006263716982590956,0.008187440150834767,0.00888444129874919,0.010603710796938103,0.01100332478840904,0.01099403143977018,0.012564607359737348,0.0097208426762465,0.009181828455192678,0.00869857432597201,0.007843586251196983,0.007982986480779868,0.008373307123611945,0.007443972259726047,0.007360332121976317,0.008354720426334228,0.008094506664446176,0.007834292902558125,0.007787826159363831,0.009163241757914959,0.012099939927794399,0.010213390154106026
22005,0.0003810272941932184,0.0003438538996377825,0.00035314724827664143,0.00035314724827664143,0.0003810272941932184,0.00042749403738751333,0.0004739607805818083,0.0005576009183315391,0.0007434678911087189,0.0010222683502744885,0.001301068809440258,0.001338242203995694,0.0021188834896598485,0.0024999107838530672,0.003429245647738966,0.0045816208789574795,0.00530650207278848,0.005148515145927878,0.004906888081317545,0.0048790080354009675,0.004618794273512915,0.004776781200373518,0.004823247943567814,0.004888301384039826,0.004553740833040903,0.004451513998013454,0.004953354824511839,0.00503699496226157,0.004786074549012378,0.0056596493210651225,0.005780462853370289,0.0052414486323164675,0.005325088770066199,0.006886371341394509,0.00797369313214101,0.006263716982590956,0.008187440150834767,0.00888444129874919,0.010603710796938103,0.01100332478840904,0.01099403143977018,0.012564607359737348,0.0097208426762465,0.009181828455192678,0.00869857432597201,0.007843586251196983,0.007982986480779868,0.008373307123611945,0.007443972259726047,0.007360332121976317,0.008354720426334228,0.008094506664446176,0.007834292902558125,0.007787826159363831,0.009163241757914959,0.012099939927794399,0.010213390154106026
22007,0.0003810272941932184,0.0003438538996377825,0.00035314724827664143,0.00035314724827664143,0.0003810272941932184,0.00042749403738751333,0.0004739607805818083,0.0005576009183315391,0.0007434678911087189,0.0010222683502744885,0.001301068809440258,0.001338242203995694,0.0021188834896598485,0.0024999107838530672,0.003429245647738966,0.0045816208789574795,0.00530650207278848,0.005148515145927878,0.004906888081317545,0.0048790080354009675,0.004618794273512915,0.004776781200373518,0.004823247943567814,0.004888301384039826,0.004553740833040903,0.004451513998013454,0.004953354824511839,0.00503699496226157,0.004786074549012378,0.0056596493210651225,0.005780462853370289,0.0052414486323164675,0.005325088770066199,0.006886371341394509,0.00797369313214101,0.006263716982590956,0.008187440150834767,0.00888444129874919,0.010603710796938103,0.01100332478840904,0.01099403143977018,0.012564607359737348,0.0097208426762465,0.009181828455192678,0.00869857432597201,0.007843586251196983,0.007982986480779868,0.008373307123611945,0.007443972259726047,0.007360332121976317,0.008354720426334228,0.008094506664446176,0.007834292902558125,0.007787826159363831,0.009163241757914959,0.012099939927794399,0.010213390154106026
22009,0.0003810272941932184,0.0003438538996377825,0.00035314724827664143,0.00035314724827664143,0.0003810272941932184,0.00042749403738751333,0.0004739607805818083,0.0005576009183315391,0.0007434678911087189,0.0010222683502744885,0.001301068809440258,0.001338242203995694,0.0021188834896598485,0.0024999107838530672,0.003429245647738966,0.0045816208789574795,0.00530650207278848,0.005148515145927878,0.004906888081317545,0.0048790080354009675,0.004618794273512915,0.004776781200373518,0.004823247943567814,0.004888301384039826,0.004553740833040903,0.004451513998013454,0.004953354824511839,0.00503699496226157,0.004786074549012378,0.0056596493210651225,0.005780462853370289,0.0052414486323164675,0.005325088770066199,0.006886371341394509,0.00797369313214101,0.006263716982590956,0.008187440150834767,0.00888444129874919,0.010603710796938103,0.01100332478840904,0.01099403143977018,0.012564607359737348,0.0097208426762465,0.009181828455192678,0.00869857432597201,0.007843586251196983,0.007982986480779868,0.008373307123611945,0.007443972259726047,0.007360332121976317,0.008354720426334228,0.008094506664446176,0.007834292902558125,0.007787826159363831,0.009163241757914959,0.012099939927794399,0.010213390154106026
22011,0.0003810272941932184,0.0003438538996377825,0.00035314724827664143,0.00035314724827664143,0.0003810272941932184,0.00042749403738751333,0.0004739607805818083,0.0005576009183315391,0.0007434678911087189,0.0010222683502744885,0.001301068809440258,0.001338242203995694,0.0021188834896598485,0.0024999107838530672,0.003429245647738966,0.0045816208789574795,0.00530650207278848,0.005148515145927878,0.004906888081317545,0.0048790080354009675,0.004618794273512915,0.004776781200373518,0.004823247943567814,0.004888301384039826,0.004553740833040903,0.004451513998013454,0.004953354824511839,0.00503699496226157,0.004786074549012378,0.0056596493210651225,0.005780462853370289,0.0052414486323164675,0.005325088770066199,0.006886371341394509,0.00797369313214101,0.006263716982590956,0.008187440150834767,0.00888444129874919,0.010603710796938103,0.01100332478840904,0.01099403143977018,0.012564607359737348,0.0097208426762465,0.009181828455192678,0.00869857432597201,0.007843586251196983,0.007982986480779868,0.008373307123611945,0.007443972259726047,0.007360332121976317,0.008354720426334228,0.008094506664446176,0.007834292902558125,0.007787826159363831,0.009163241757914959,0.012099939927794399,0.010213390154106026
22013,0.0003810272941932184,0.0003438538996377825,0.00035314724827664143,0.00035314724827664143,0.0003810272941932184,0.00042749403738751333,0.0004739607805818083,0.0005576009183315391,0.0007434678911087189,0.0010222683502744885,0.001301068809440258,0.001338242203995694,0.0021188834896598485,0.0024999107838530672,0.003429245647738966,0.0045816208789574795,0.00530650207278848,0.005148515145927878,0.004906888081317545,0.0048790080354009675,0.004618794273512915,0.004776781200373518,0.004823247943567814,0.004888301384039826,0.004553740833040903,0.004451513998013454,0.004953354824511839,0.00503699496226157,0.004786074549012378,0.0056596493210651225,0.005780462853370289,0.0052414486323164675,0.005325088770066199,0.006886371341394509,0.00797369313214101,0.006263716982590956,0.008187440150834767,0.00888444129874919,0.010603710796938103,0.01100332478840904,0.01099403143977018,0.012564607359737348,0.0097208426762465,0.009181828455192678,0.00869857432597201,0.007843586251196983,0.007982986480779868,0.008373307123611945,0.007443972259726047,0.007360332121976317,0.008354720426334228,0.008094506664446176,0.007834292902558125,0.007787826159363831,0.009163241757914959,0.012099939927794399,0.010213390154106026
22015,0.0003810272941932184,0.0003438538996377825,0.00035314724827664143,0.00035314724827664143,0.0003810272941932184,0.00042749403738751333,0.0004739607805818083,0.0005576009183315391,0.0007434678911087189,0.0010222683502744885,0.001301068809440258,0.001338242203995694,0.0021188834896598485,0.0024999107838530672,0.003429245647738966,0.0045816208789574795,0.00530650207278848,0.005148515145927878,0.004906888081317545,0.0048790080354009675,0.004618794273512915,0.004776781200373518,0.004823247943567814,0.004888301384039826,0.004553740833040903,0.004451513998013454,0.004953354824511839,0.00503699496226157,0.004786074549012378,0.0056596493210651225,0.005780462853370289,0.0052414486323164675,0.005325088770066199,0.006886371341394509,0.00797369313214101,0.006263716982590956,0.008187440150834767,0.00888444129874919,0.010603710796938103,0.01100332478840904,0.01099403143977018,0.012564607359737348,0.0097208426762465,0.009181828455192678,0.00869857432597201,0.007843586251196983,0.007982986480779868,0.008373307123611945,0.007443972259726047,0.007360332121976317,0.008354720426334228,0.008094506664446176,0.007834292902558125,0.007787826159363831,0.009163241757914959,0.012099939927794399,0.010213390154106026
22017,0.0003810272941932184,0.0003438538996377825,0.00035314724827664143,0.00035314724827664143,0.0003810272941932184,0.00042749403738751333,0.0004739607805818083,0.0005576009183315391,0.0007434678911087189,0.0010222683502744885,0.001301068809440258,0.001338242203995694,0.0021188834896598485,0.0024999107838530672,0.003429245647738966,0.0045816208789574795,0.00530650207278848,0.005148515145927878,0.004906888081317545,0.0048790080354009675,0.004618794273512915,0.004776781200373518,0.004823247943567814,0.004888301384039826,0.004553740833040903,0.004451513998013454,0.004953354824511839,0.00503699496226157,0.004786074549012378,0.0056596493210651225,0.005780462853370289,0.0052414486323164675,0.005325088770066199,0.006886371341394509,0.00797369313214101,0.006263716982590956,0.008187440150834767,0.00888444129874919,0.010603710796938103,0.01100332478840904,0.01099403143977018,0.012564607359737348,0.0097208426762465,0.009181828455192678,0.00869857432597201,0.007843586251196983,0.007982986480779868,0.008373307123611945,0.007443972259726047,0.007360332121976317,0.008354720426334228,0.008094506664446176,0.007834292902558125,0.007787826159363831,0.009163241757914959,0.012099939927794399,0.010213390154106026
22019,0.0003810272941932184,0.0003438538996377825,0.00035314724827664143,0.00035314724827664143,0.0003810272941932184,0.00042749403738751333,0.0004739607805818083,0.0005576009183315391,0.0007434678911087189,0.0010222683502744885,0.001301068809440258,0.001338242203995694,0.0021188834896598485,0.0024999107838530672,0.003429245647738966,0.0045816208789574795,0.00530650207278848,0.005148515145927878,0.004906888081317545,0.0048790080354009675,0.004618794273512915,0.004776781200373518,0.004823247943567814,0.004888301384039826,0.004553740833040903,0.004451513998013454,0.004953354824511839,0.00503699496226157,0.004786074549012378,0.0056596493210651225,0.005780462853370289,0.0052414486323164675,0.005325088770066199,0.006886371341394509,0.00797369313214101,0.006263716982590956,0.008187440150834767,0.00888444129874919,0.010603710796938103,0.01100332478840904,0.01099403143977018,0.012564607359737348,0.0097208426762465,0.009181828455192678,0.00869857432597201,0.007843586251196983,0.007982986480779868,0.008373307123611945,0.007443972259726047,0.007360332121976317,0.008354720426334228,0.008094506664446176,0.007834292902558125,0.007787826159363831,0.009163241757914959,0.012099939927794399,0.010213390154106026
22021,0.0003810272941932184,0.0003438538996377825,0.00035314724827664143,0.00035314724827664143,0.0003810272941932184,0.00042749403738751333,0.0004739607805818083,0.0005576009183315391,0.0007434678911087189,0.0010222683502744885,0.001301068809440258,0.001338242203995694,0.0021188834896598485,0.0024999107838530672,0.003429245647738966,0.0045816208789574795,0.00530650207278848,0.005148515145927878,0.004906888081317545,0.0048790080354009675,0.004618794273512915,0.004776781200373518,0.004823247943567814,0.004888301384039826,0.004553740833040903,0.004451513998013454,0.004953354824511839,0.00503699496226157,0.004786074549012378,0.0056596493210651225,0.005780462853370289,0.0052414486323164675,0.005325088770066199,0.006886371341394509,0.00797369313214101,0.006263716982590956,0.008187440150834767,0.00888444129874919,0.010603710796938103,0.01100332478840904,0.01099403143977018,0.012564607359737348,0.0097208426762465,0.009181828455192678,0.00869857432597201,0.007843586251196983,0.007982986480779868,0.008373307123611945,0.007443972259726047,0.007360332121976317,0.008354720426334228,0.008094506664446176,0.007834292902558125,0.007787826159363831,0.009163241757914959,0.012099939927794399,0.010213390154106026
22023,0.0003810272941932184,0.0003438538996377825,0.00035314724827664143,0.00035314724827664143,0.0003810272941932184,0.00042749403738751333,0.0004739607805818083,0.0005576009183315391,0.0007434678911087189,0.0010222683502744885,0.001301068809440258,0.001338242203995694,0.0021188834896598485,0.0024999107838530672,0.003429245647738966,0.0045816208789574795,0.00530650207278848,0.005148515145927878,0.004906888081317545,0.0048790080354009675,0.004618794273512915,0.004776781200373518,0.004823247943567814,0.004888301384039826,0.004553740833040903,0.004451513998013454,0.004953354824511839,0.00503699496226157,0.004786074549012378,0.0056596493210651225,0.005780462853370289,0.0052414486323164675,0.005325088770066199,0.006886371341394509,0.00797369313214101,0.006263716982590956,0.008187440150834767,0.00888444129874919,0.010603710796938103,0.01100332478840904,0.01099403143977018,0.012564607359737348,0.0097208426762465,0.009181828455192678,0.00869857432597201,0.007843586251196983,0.007982986480779868,0.008373307123611945,0.007443972259726047,0.007360332121976317,0.008354720426334228,0.008094506664446176,0.007834292902558125,0.007787826159363831,0.009163241757914959,0.012099939927794399,0.010213390154106026
22025,0.0003810272941932184,0.0003438538996377825,0.00035314724827664143,0.00035314724827664143,0.0003810272941932184,0.00042749403738751333,0.0004739607805818083,0.0005576009183315391,0.0007434678911087189,0.0010222683502744885,0.001301068809440258,0.001338242203995694,0.0021188834896598485,0.0024999107838530672,0.003429245647738966,0.0045816208789574795,0.00530650207278848,0.005148515145927878,0.004906888081317545,0.0048790080354009675,0.004618794273512915,0.004776781200373518,0.004823247943567814,0.004888301384039826,0.004553740833040903,0.004451513998013454,0.004953354824511839,0.00503699496226157,0.004786074549012378,0.0056596493210651225,0.005780462853370289,0.0052414486323164675,0.005325088770066199,0.006886371341394509,0.00797369313214101,0.006263716982590956,0.008187440150834767,0.00888444129874919,0.010603710796938103,0.01100332478840904,0.01099403143977018,0.012564607359737348,0.0097208426762465,0.009181828455192678,0.00869857432597201,0.007843586251196983,0.007982986480779868,0.008373307123611945,0.007443972259726047,0.007360332121976317,0.008354720426334228,0.008094506664446176,0.007834292902558125,0.007787826159363831,0.009163241757914959,0.012099939927794399,0.010213390154106026
22027,0.0003810272941932184,0.0003438538996377825,0.00035314724827664143,0.00035314724827664143,0.0003810272941932184,0.00042749403738751333,0.0004739607805818083,0.0005576009183315391,0.0007434678911087189,0.0010222683502744885,0.001301068809440258,0.001338242203995694,0.0021188834896598485,0.0024999107838530672,0.003429245647738966,0.0045816208789574795,0.00530650207278848,0.005148515145927878,0.004906888081317545,0.0048790080354009675,0.004618794273512915,0.004776781200373518,0.004823247943567814,0.004888301384039826,0.004553740833040903,0.004451513998013454,0.004953354824511839,0.00503699496226157,0.004786074549012378,0.0056596493210651225,0.005780462853370289,0.0052414486323164675,0.005325088770066199,0.006886371341394509,0.00797369313214101,0.006263716982590956,0.008187440150834767,0.00888444129874919,0.010603710796938103,0.01100332478840904,0.01099403143977018,0.012564607359737348,0.0097208426762465,0.009181828455192678,0.00869857432597201,0.007843586251196983,0.007982986480779868,0.008373307123611945,0.007443972259726047,0.007360332121976317,0.008354720426334228,0.008094506664446176,0.007834292902558125,0.007787826159363831,0.009163241757914959,0.012099939927794399,0.010213390154106026
22029,0.0003810272941932184,0.0003438538996377825,0.00035314724827664143,0.00035314724827664143,0.0003810272941932184,0.00042749403738751333,0.0004739607805818083,0.0005576009183315391,0.0007434678911087189,0.0010222683502744885,0.001301068809440258,0.001338242203995694,0.0021188834896598485,0.0024999107838530672,0.003429245647738966,0.0045816208789574795,0.00530650207278848,0.005148515145927878,0.004906888081317545,0.0048790080354009675,0.004618794273512915,0.004776781200373518,0.004823247943567814,0.004888301384039826,0.004553740833040903,0.004451513998013454,0.004953354824511839,0.00503699496226157,0.004786074549012378,0.0056596493210651225,0.005780462853370289,0.0052414486323164675,0.005325088770066199,0.006886371341394509,0.00797369313214101,0.006263716982590956,0.008187440150834767,0.00888444129874919,0.010603710796938103,0.01100332478840904,0.01099403143977018,0.012564607359737348,0.0097208426762465,0.009181828455192678,0.00869857432597201,0.007843586251196983,0.007982986480779868,0.008373307123611945,0.007443972259726047,0.007360332121976317,0.008354720426334228,0.008094506664446176,0.007834292902558125,0.007787826159363831,0.009163241757914959,0.012099939927794399,0.010213390154106026
22031,0.0003810272941932184,0.0003438538996377825,0.00035314724827664143,0.00035314724827664143,0.0003810272941932184,0.00042749403738751333,0.0004739607805818083,0.0005576009183315391,0.0007434678911087189,0.0010222683502744885,0.001301068809440258,0.001338242203995694,0.0021188834896598485,0.0024999107838530672,0.003429245647738966,0.0045816208789574795,0.00530650207278848,0.005148515145927878,0.004906888081317545,0.0048790080354009675,0.004618794273512915,0.004776781200373518,0.004823247943567814,0.004888301384039826,0.004553740833040903,0.004451513998013454,0.004953354824511839,0.00503699496226157,0.004786074549012378,0.0056596493210651225,0.005780462853370289,0.0052414486323164675,0.005325088770066199,0.006886371341394509,0.00797369313214101,0.006263716982590956,0.008187440150834767,0.00888444129874919,0.010603710796938103,0.01100332478840904,0.01099403143977018,0.012564607359737348,0.0097208426762465,0.009181828455192678,0.00869857432597201,0.007843586251196983,0.007982986480779868,0.008373307123611945,0.007443972259726047,0.007360332121976317,0.008354720426334228,0.008094506664446176,0.007834292902558125,0.007787826159363831,0.009163241757914959,0.012099939927794399,0.010213390154106026
22033,0.0003810272941932184,0.0003438538996377825,0.00035314724827664143,0.00035314724827664143,0.0003810272941932184,0.00042749403738751333,0.0004739607805818083,0.0005576009183315391,0.0007434678911087189,0.0010222683502744885,0.001301068809440258,0.001338242203995694,0.0021188834896598485,0.0024999107838530672,0.003429245647738966,0.0045816208789574795,0.00530650207278848,0.005148515145927878,0.004906888081317545,0.0048790080354009675,0.004618794273512915,0.004776781200373518,0.004823247943567814,0.004888301384039826,0.004553740833040903,0.004451513998013454,0.004953354824511839,0.00503699496226157,0.004786074549012378,0.0056596493210651225,0.005780462853370289,0.0052414486323164675,0.005325088770066199,0.006886371341394509,0.00797369313214101,0.006263716982590956,0.008187440150834767,0.00888444129874919,0.010603710796938103,0.01100332478840904,0.01099403143977018,0.012564607359737348,0.0097208426762465,0.009181828455192678,0.00869857432597201,0.007843586251196983,0.007982986480779868,0.008373307123611945,0.007443972259726047,0.007360332121976317,0.008354720426334228,0.008094506664446176,0.007834292902558125,0.007787826159363831,0.009163241757914959,0.012099939927794399,0.010213390154106026
22035,0.0003810272941932184,0.0003438538996377825,0.00035314724827664143,0.00035314724827664143,0.0003810272941932184,0.00042749403738751333,0.0004739607805818083,0.0005576009183315391,0.0007434678911087189,0.0010222683502744885,0.001301068809440258,0.001338242203995694,0.0021188834896598485,0.0024999107838530672,0.003429245647738966,0.0045816208789574795,0.00530650207278848,0.005148515145927878,0.004906888081317545,0.0048790080354009675,0.004618794273512915,0.004776781200373518,0.004823247943567814,0.004888301384039826,0.004553740833040903,0.004451513998013454,0.004953354824511839,0.00503699496226157,0.004786074549012378,0.0056596493210651225,0.005780462853370289,0.0052414486323164675,0.005325088770066199,0.006886371341394509,0.00797369313214101,0.006263716982590956,0.008187440150834767,0.00888444129874919,0.010603710796938103,0.01100332478840904,0.01099403143977018,0.012564607359737348,0.0097208426762465,0.009181828455192678,0.00869857432597201,0.007843586251196983,0.007982986480779868,0.008373307123611945,0.007443972259726047,0.007360332121976317,0.008354720426334228,0.008094506664446176,0.007834292902558125,0.007787826159363831,0.009163241757914959,0.012099939927794399,0.010213390154106026
22037,0.0003810272941932184,0.0003438538996377825,0.00035314724827664143,0.00035314724827664143,0.0003810272941932184,0.00042749403738751333,0.0004739607805818083,0.0005576009183315391,0.0007434678911087189,0.0010222683502744885,0.001301068809440258,0.001338242203995694,0.0021188834896598485,0.0024999107838530672,0.003429245647738966,0.0045816208789574795,0.00530650207278848,0.005148515145927878,0.004906888081317545,0.0048790080354009675,0.004618794273512915,0.004776781200373518,0.004823247943567814,0.004888301384039826,0.004553740833040903,0.004451513998013454,0.004953354824511839,0.00503699496226157,0.004786074549012378,0.0056596493210651225,0.005780462853370289,0.0052414486323164675,0.005325088770066199,0.006886371341394509,0.00797369313214101,0.006263716982590956,0.008187440150834767,0.00888444129874919,0.010603710796938103,0.01100332478840904,0.01099403143977018,0.012564607359737348,0.0097208426762465,0.009181828455192678,0.00869857432597201,0.007843586251196983,0.007982986480779868,0.008373307123611945,0.007443972259726047,0.007360332121976317,0.008354720426334228,0.008094506664446176,0.007834292902558125,0.007787826159363831,0.009163241757914959,0.012099939927794399,0.010213390154106026
22039,0.0003810272941932184,0.0003438538996377825,0.00035314724827664143,0.00035314724827664143,0.0003810272941932184,0.00042749403738751333,0.0004739607805818083,0.0005576009183315391,0.0007434678911087189,0.0010222683502744885,0.001301068809440258,0.001338242203995694,0.0021188834896598485,0.0024999107838530672,0.003429245647738966,0.0045816208789574795,0.00530650207278848,0.005148515145927878,0.004906888081317545,0.0048790080354009675,0.004618794273512915,0.004776781200373518,0.004823247943567814,0.004888301384039826,0.004553740833040903,0.004451513998013454,0.004953354824511839,0.00503699496226157,0.004786074549012378,0.0056596493210651225,0.005780462853370289,0.0052414486323164675,0.005325088770066199,0.006886371341394509,0.00797369313214101,0.006263716982590956,0.008187440150834767,0.00888444129874919,0.010603710796938103,0.01100332478840904,0.01099403143977018,0.012564607359737348,0.0097208426762465,0.009181828455192678,0.00869857432597201,0.007843586251196983,0.007982986480779868,0.008373307123611945,0.007443972259726047,0.007360332121976317,0.008354720426334228,0.008094506664446176,0.007834292902558125,0.007787826159363831,0.009163241757914959,0.012099939927794399,0.010213390154106026
22041,0.0003810272941932184,0.0003438538996377825,0.00035314724827664143,0.00035314724827664143,0.0003810272941932184,0.00042749403738751333,0.0004739607805818083,0.0005576009183315391,0.0007434678911087189,0.0010222683502744885,0.001301068809440258,0.001338242203995694,0.0021188834896598485,0.0024999107838530672,0.003429245647738966,0.0045816208789574795,0.00530650207278848,0.005148515145927878,0.004906888081317545,0.0048790080354009675,0.004618794273512915,0.004776781200373518,0.004823247943567814,0.004888301384039826,0.004553740833040903,0.004451513998013454,0.004953354824511839,0.00503699496226157,0.004786074549012378,0.0056596493210651225,0.005780462853370289,0.0052414486323164675,0.005325088770066199,0.006886371341394509,0.00797369313214101,0.006263716982590956,0.008187440150834767,0.00888444129874919,0.010603710796938103,0.01100332478840904,0.01099403143977018,0.012564607359737348,0.0097208426762465,0.009181828455192678,0.00869857432597201,0.007843586251196983,0.007982986480779868,0.008373307123611945,0.007443972259726047,0.007360332121976317,0.008354720426334228,0.008094506664446176,0.007834292902558125,0.007787826159363831,0.009163241757914959,0.012099939927794399,0.010213390154106026
22043,0.0003810272941932184,0.0003438538996377825,0.00035314724827664143,0.00035314724827664143,0.0003810272941932184,0.00042749403738751333,0.0004739607805818083,0.0005576009183315391,0.0007434678911087189,0.0010222683502744885,0.001301068809440258,0.001338242203995694,0.0021188834896598485,0.0024999107838530672,0.003429245647738966,0.0045816208789574795,0.00530650207278848,0.005148515145927878,0.004906888081317545,0.0048790080354009675,0.004618794273512915,0.004776781200373518,0.004823247943567814,0.004888301384039826,0.004553740833040903,0.004451513998013454,0.004953354824511839,0.00503699496226157,0.004786074549012378,0.0056596493210651225,0.005780462853370289,0.0052414486323164675,0.005325088770066199,0.006886371341394509,0.00797369313214101,0.006263716982590956,0.008187440150834767,0.00888444129874919,0.010603710796938103,0.01100332478840904,0.01099403143977018,0.012564607359737348,0.0097208426762465,0.009181828455192678,0.00869857432597201,0.007843586251196983,0.007982986480779868,0.008373307123611945,0.007443972259726047,0.007360332121976317,0.008354720426334228,0.008094506664446176,0.007834292902558125,0.007787826159363831,0.009163241757914959,0.012099939927794399,0.010213390154106026
22045,0.0003810272941932184,0.0003438538996377825,0.00035314724827664143,0.00035314724827664143,0.0003810272941932184,0.00042749403738751333,0.0004739607805818083,0.0005576009183315391,0.0007434678911087189,0.0010222683502744885,0.001301068809440258,0.001338242203995694,0.0021188834896598485,0.0024999107838530672,0.003429245647738966,0.0045816208789574795,0.00530650207278848,0.005148515145927878,0.004906888081317545,0.0048790080354009675,0.004618794273512915,0.004776781200373518,0.004823247943567814,0.004888301384039826,0.004553740833040903,0.004451513998013454,0.004953354824511839,0.00503699496226157,0.004786074549012378,0.0056596493210651225,0.005780462853370289,0.0052414486323164675,0.005325088770066199,0.006886371341394509,0.00797369313214101,0.006263716982590956,0.008187440150834767,0.00888444129874919,0.010603710796938103,0.01100332478840904,0.01099403143977018,0.012564607359737348,0.0097208426762465,0.009181828455192678,0.00869857432597201,0.007843586251196983,0.007982986480779868,0.008373307123611945,0.007443972259726047,0.007360332121976317,0.008354720426334228,0.008094506664446176,0.007834292902558125,0.007787826159363831,0.009163241757914959,0.012099939927794399,0.010213390154106026
22047,0.0003810272941932184,0.0003438538996377825,0.00035314724827664143,0.00035314724827664143,0.0003810272941932184,0.00042749403738751333,0.0004739607805818083,0.0005576009183315391,0.0007434678911087189,0.0010222683502744885,0.001301068809440258,0.001338242203995694,0.0021188834896598485,0.0024999107838530672,0.003429245647738966,0.0045816208789574795,0.00530650207278848,0.005148515145927878,0.004906888081317545,0.0048790080354009675,0.004618794273512915,0.004776781200373518,0.004823247943567814,0.004888301384039826,0.004553740833040903,0.004451513998013454,0.004953354824511839,0.00503699496226157,0.004786074549012378,0.0056596493210651225,0.005780462853370289,0.0052414486323164675,0.005325088770066199,0.006886371341394509,0.00797369313214101,0.006263716982590956,0.008187440150834767,0.00888444129874919,0.010603710796938103,0.01100332478840904,0.01099403143977018,0.012564607359737348,0.0097208426762465,0.009181828455192678,0.00869857432597201,0.007843586251196983,0.007982986480779868,0.008373307123611945,0.007443972259726047,0.007360332121976317,0.008354720426334228,0.008094506664446176,0.007834292902558125,0.007787826159363831,0.009163241757914959,0.012099939927794399,0.010213390154106026
22049,0.0003810272941932184,0.0003438538996377825,0.00035314724827664143,0.00035314724827664143,0.0003810272941932184,0.00042749403738751333,0.0004739607805818083,0.0005576009183315391,0.0007434678911087189,0.0010222683502744885,0.001301068809440258,0.001338242203995694,0.0021188834896598485,0.0024999107838530672,0.003429245647738966,0.0045816208789574795,0.00530650207278848,0.005148515145927878,0.004906888081317545,0.0048790080354009675,0.004618794273512915,0.004776781200373518,0.004823247943567814,0.004888301384039826,0.004553740833040903,0.004451513998013454,0.004953354824511839,0.00503699496226157,0.004786074549012378,0.0056596493210651225,0.005780462853370289,0.0052414486323164675,0.005325088770066199,0.006886371341394509,0.00797369313214101,0.006263716982590956,0.008187440150834767,0.00888444129874919,0.010603710796938103,0.01100332478840904,0.01099403143977018,0.012564607359737348,0.0097208426762465,0.009181828455192678,0.00869857432597201,0.007843586251196983,0.007982986480779868,0.008373307123611945,0.007443972259726047,0.007360332121976317,0.008354720426334228,0.008094506664446176,0.007834292902558125,0.007787826159363831,0.009163241757914959,0.012099939927794399,0.010213390154106026
22051,0.0003810272941932184,0.0003438538996377825,0.00035314724827664143,0.00035314724827664143,0.0003810272941932184,0.00042749403738751333,0.0004739607805818083,0.0005576009183315391,0.0007434678911087189,0.0010222683502744885,0.001301068809440258,0.001338242203995694,0.0021188834896598485,0.0024999107838530672,0.003429245647738966,0.0045816208789574795,0.00530650207278848,0.005148515145927878,0.004906888081317545,0.0048790080354009675,0.004618794273512915,0.004776781200373518,0.004823247943567814,0.004888301384039826,0.004553740833040903,0.004451513998013454,0.004953354824511839,0.00503699496226157,0.004786074549012378,0.0056596493210651225,0.005780462853370289,0.0052414486323164675,0.005325088770066199,0.006886371341394509,0.00797369313214101,0.006263716982590956,0.008187440150834767,0.00888444129874919,0.010603710796938103,0.01100332478840904,0.01099403143977018,0.012564607359737348,0.0097208426762465,0.009181828455192678,0.00869857432597201,0.007843586251196983,0.007982986480779868,0.008373307123611945,0.007443972259726047,0.007360332121976317,0.008354720426334228,0.008094506664446176,0.007834292902558125,0.007787826159363831,0.009163241757914959,0.012099939927794399,0.010213390154106026
22053,0.0003810272941932184,0.0003438538996377825,0.00035314724827664143,0.00035314724827664143,0.0003810272941932184,0.00042749403738751333,0.0004739607805818083,0.0005576009183315391,0.0007434678911087189,0.0010222683502744885,0.001301068809440258,0.001338242203995694,0.0021188834896598485,0.0024999107838530672,0.003429245647738966,0.0045816208789574795,0.00530650207278848,0.005148515145927878,0.004906888081317545,0.0048790080354009675,0.004618794273512915,0.004776781200373518,0.004823247943567814,0.004888301384039826,0.004553740833040903,0.004451513998013454,0.004953354824511839,0.00503699496226157,0.004786074549012378,0.0056596493210651225,0.005780462853370289,0.0052414486323164675,0.005325088770066199,0.006886371341394509,0.00797369313214101,0.006263716982590956,0.008187440150834767,0.00888444129874919,0.010603710796938103,0.01100332478840904,0.01099403143977018,0.012564607359737348,0.0097208426762465,0.009181828455192678,0.00869857432597201,0.007843586251196983,0.007982986480779868,0.008373307123611945,0.007443972259726047,0.007360332121976317,0.008354720426334228,0.008094506664446176,0.007834292902558125,0.007787826159363831,0.009163241757914959,0.012099939927794399,0.010213390154106026
22055,0.0003810272941932184,0.0003438538996377825,0.00035314724827664143,0.00035314724827664143,0.0003810272941932184,0.00042749403738751333,0.0004739607805818083,0.0005576009183315391,0.0007434678911087189,0.0010222683502744885,0.001301068809440258,0.001338242203995694,0.0021188834896598485,0.0024999107838530672,0.003429245647738966,0.0045816208789574795,0.00530650207278848,0.005148515145927878,0.004906888081317545,0.0048790080354009675,0.004618794273512915,0.004776781200373518,0.004823247943567814,0.004888301384039826,0.004553740833040903,0.004451513998013454,0.004953354824511839,0.00503699496226157,0.004786074549012378,0.0056596493210651225,0.005780462853370289,0.0052414486323164675,0.005325088770066199,0.006886371341394509,0.00797369313214101,0.006263716982590956,0.008187440150834767,0.00888444129874919,0.010603710796938103,0.01100332478840904,0.01099403143977018,0.012564607359737348,0.0097208426762465,0.009181828455192678,0.00869857432597201,0.007843586251196983,0.007982986480779868,0.008373307123611945,0.007443972259726047,0.007360332121976317,0.008354720426334228,0.008094506664446176,0.007834292902558125,0.007787826159363831,0.009163241757914959,0.012099939927794399,0.010213390154106026
22057,0.0003810272941932184,0.0003438538996377825,0.00035314724827664143,0.00035314724827664143,0.0003810272941932184,0.00042749403738751333,0.0004739607805818083,0.0005576009183315391,0.0007434678911087189,0.0010222683502744885,0.001301068809440258,0.001338242203995694,0.0021188834896598485,0.0024999107838530672,0.003429245647738966,0.0045816208789574795,0.00530650207278848,0.005148515145927878,0.004906888081317545,0.0048790080354009675,0.004618794273512915,0.004776781200373518,0.004823247943567814,0.004888301384039826,0.004553740833040903,0.004451513998013454,0.004953354824511839,0.00503699496226157,0.004786074549012378,0.0056596493210651225,0.005780462853370289,0.0052414486323164675,0.005325088770066199,0.006886371341394509,0.00797369313214101,0.006263716982590956,0.008187440150834767,0.00888444129874919,0.010603710796938103,0.01100332478840904,0.01099403143977018,0.012564607359737348,0.0097208426762465,0.009181828455192678,0.00869857432597201,0.007843586251196983,0.007982986480779868,0.008373307123611945,0.007443972259726047,0.007360332121976317,0.008354720426334228,0.008094506664446176,0.007834292902558125,0.007787826159363831,0.009163241757914959,0.012099939927794399,0.010213390154106026
22059,0.0003810272941932184,0.0003438538996377825,0.00035314724827664143,0.00035314724827664143,0.0003810272941932184,0.00042749403738751333,0.0004739607805818083,0.0005576009183315391,0.0007434678911087189,0.0010222683502744885,0.001301068809440258,0.001338242203995694,0.0021188834896598485,0.0024999107838530672,0.003429245647738966,0.0045816208789574795,0.00530650207278848,0.005148515145927878,0.004906888081317545,0.0048790080354009675,0.004618794273512915,0.004776781200373518,0.004823247943567814,0.004888301384039826,0.004553740833040903,0.004451513998013454,0.004953354824511839,0.00503699496226157,0.004786074549012378,0.0056596493210651225,0.005780462853370289,0.0052414486323164675,0.005325088770066199,0.006886371341394509,0.00797369313214101,0.006263716982590956,0.008187440150834767,0.00888444129874919,0.010603710796938103,0.01100332478840904,0.01099403143977018,0.012564607359737348,0.0097208426762465,0.009181828455192678,0.00869857432597201,0.007843586251196983,0.007982986480779868,0.008373307123611945,0.007443972259726047,0.007360332121976317,0.008354720426334228,0.008094506664446176,0.007834292902558125,0.007787826159363831,0.009163241757914959,0.012099939927794399,0.010213390154106026
22061,0.0003810272941932184,0.0003438538996377825,0.00035314724827664143,0.00035314724827664143,0.0003810272941932184,0.00042749403738751333,0.0004739607805818083,0.0005576009183315391,0.0007434678911087189,0.0010222683502744885,0.001301068809440258,0.001338242203995694,0.0021188834896598485,0.0024999107838530672,0.003429245647738966,0.0045816208789574795,0.00530650207278848,0.005148515145927878,0.004906888081317545,0.0048790080354009675,0.004618794273512915,0.004776781200373518,0.004823247943567814,0.004888301384039826,0.004553740833040903,0.004451513998013454,0.004953354824511839,0.00503699496226157,0.004786074549012378,0.0056596493210651225,0.005780462853370289,0.0052414486323164675,0.005325088770066199,0.006886371341394509,0.00797369313214101,0.006263716982590956,0.008187440150834767,0.00888444129874919,0.010603710796938103,0.01100332478840904,0.01099403143977018,0.012564607359737348,0.0097208426762465,0.009181828455192678,0.00869857432597201,0.007843586251196983,0.007982986480779868,0.008373307123611945,0.007443972259726047,0.007360332121976317,0.008354720426334228,0.008094506664446176,0.007834292902558125,0.007787826159363831,0.009163241757914959,0.012099939927794399,0.010213390154106026
22063,0.0003810272941932184,0.0003438538996377825,0.00035314724827664143,0.00035314724827664143,0.0003810272941932184,0.00042749403738751333,0.0004739607805818083,0.0005576009183315391,0.0007434678911087189,0.0010222683502744885,0.001301068809440258,0.001338242203995694,0.0021188834896598485,0.0024999107838530672,0.003429245647738966,0.0045816208789574795,0.00530650207278848,0.005148515145927878,0.004906888081317545,0.0048790080354009675,0.004618794273512915,0.004776781200373518,0.004823247943567814,0.004888301384039826,0.004553740833040903,0.004451513998013454,0.004953354824511839,0.00503699496226157,0.004786074549012378,0.0056596493210651225,0.005780462853370289,0.0052414486323164675,0.005325088770066199,0.006886371341394509,0.00797369313214101,0.006263716982590956,0.008187440150834767,0.00888444129874919,0.010603710796938103,0.01100332478840904,0.01099403143977018,0.012564607359737348,0.0097208426762465,0.009181828455192678,0.00869857432597201,0.007843586251196983,0.007982986480779868,0.008373307123611945,0.007443972259726047,0.007360332121976317,0.008354720426334228,0.008094506664446176,0.007834292902558125,0.007787826159363831,0.009163241757914959,0.012099939927794399,0.010213390154106026
22065,0.0003810272941932184,0.0003438538996377825,0.00035314724827664143,0.00035314724827664143,0.0003810272941932184,0.00042749403738751333,0.0004739607805818083,0.0005576009183315391,0.0007434678911087189,0.0010222683502744885,0.001301068809440258,0.001338242203995694,0.0021188834896598485,0.0024999107838530672,0.003429245647738966,0.0045816208789574795,0.00530650207278848,0.005148515145927878,0.004906888081317545,0.0048790080354009675,0.004618794273512915,0.004776781200373518,0.004823247943567814,0.004888301384039826,0.004553740833040903,0.004451513998013454,0.004953354824511839,0.00503699496226157,0.004786074549012378,0.0056596493210651225,0.005780462853370289,0.0052414486323164675,0.005325088770066199,0.006886371341394509,0.00797369313214101,0.006263716982590956,0.008187440150834767,0.00888444129874919,0.010603710796938103,0.01100332478840904,0.01099403143977018,0.012564607359737348,0.0097208426762465,0.009181828455192678,0.00869857432597201,0.007843586251196983,0.007982986480779868,0.008373307123611945,0.007443972259726047,0.007360332121976317,0.008354720426334228,0.008094506664446176,0.007834292902558125,0.007787826159363831,0.009163241757914959,0.012099939927794399,0.010213390154106026
22067,0.0003810272941932184,0.0003438538996377825,0.00035314724827664143,0.00035314724827664143,0.0003810272941932184,0.00042749403738751333,0.0004739607805818083,0.0005576009183315391,0.0007434678911087189,0.0010222683502744885,0.001301068809440258,0.001338242203995694,0.0021188834896598485,0.0024999107838530672,0.003429245647738966,0.0045816208789574795,0.00530650207278848,0.005148515145927878,0.004906888081317545,0.0048790080354009675,0.004618794273512915,0.004776781200373518,0.004823247943567814,0.004888301384039826,0.004553740833040903,0.004451513998013454,0.004953354824511839,0.00503699496226157,0.004786074549012378,0.0056596493210651225,0.005780462853370289,0.0052414486323164675,0.005325088770066199,0.006886371341394509,0.00797369313214101,0.006263716982590956,0.008187440150834767,0.00888444129874919,0.010603710796938103,0.01100332478840904,0.01099403143977018,0.012564607359737348,0.0097208426762465,0.009181828455192678,0.00869857432597201,0.007843586251196983,0.007982986480779868,0.008373307123611945,0.007443972259726047,0.007360332121976317,0.008354720426334228,0.008094506664446176,0.007834292902558125,0.007787826159363831,0.009163241757914959,0.012099939927794399,0.010213390154106026
22069,0.0003810272941932184,0.0003438538996377825,0.00035314724827664143,0.00035314724827664143,0.0003810272941932184,0.00042749403738751333,0.0004739607805818083,0.0005576009183315391,0.0007434678911087189,0.0010222683502744885,0.001301068809440258,0.001338242203995694,0.0021188834896598485,0.0024999107838530672,0.003429245647738966,0.0045816208789574795,0.00530650207278848,0.005148515145927878,0.004906888081317545,0.0048790080354009675,0.004618794273512915,0.004776781200373518,0.004823247943567814,0.004888301384039826,0.004553740833040903,0.004451513998013454,0.004953354824511839,0.00503699496226157,0.004786074549012378,0.0056596493210651225,0.005780462853370289,0.0052414486323164675,0.005325088770066199,0.006886371341394509,0.00797369313214101,0.006263716982590956,0.008187440150834767,0.00888444129874919,0.010603710796938103,0.01100332478840904,0.01099403143977018,0.012564607359737348,0.0097208426762465,0.009181828455192678,0.00869857432597201,0.007843586251196983,0.007982986480779868,0.008373307123611945,0.007443972259726047,0.007360332121976317,0.008354720426334228,0.008094506664446176,0.007834292902558125,0.007787826159363831,0.009163241757914959,0.012099939927794399,0.010213390154106026
22071,0.0003810272941932184,0.0003438538996377825,0.00035314724827664143,0.00035314724827664143,0.0003810272941932184,0.00042749403738751333,0.0004739607805818083,0.0005576009183315391,0.0007434678911087189,0.0010222683502744885,0.001301068809440258,0.001338242203995694,0.0021188834896598485,0.0024999107838530672,0.003429245647738966,0.0045816208789574795,0.00530650207278848,0.005148515145927878,0.004906888081317545,0.0048790080354009675,0.004618794273512915,0.004776781200373518,0.004823247943567814,0.004888301384039826,0.004553740833040903,0.004451513998013454,0.004953354824511839,0.00503699496226157,0.004786074549012378,0.0056596493210651225,0.005780462853370289,0.0052414486323164675,0.005325088770066199,0.006886371341394509,0.00797369313214101,0.006263716982590956,0.008187440150834767,0.00888444129874919,0.010603710796938103,0.01100332478840904,0.01099403143977018,0.012564607359737348,0.0097208426762465,0.009181828455192678,0.00869857432597201,0.007843586251196983,0.007982986480779868,0.008373307123611945,0.007443972259726047,0.007360332121976317,0.008354720426334228,0.008094506664446176,0.007834292902558125,0.007787826159363831,0.009163241757914959,0.012099939927794399,0.010213390154106026
22073,0.0003810272941932184,0.0003438538996377825,0.00035314724827664143,0.00035314724827664143,0.0003810272941932184,0.00042749403738751333,0.0004739607805818083,0.0005576009183315391,0.0007434678911087189,0.0010222683502744885,0.001301068809440258,0.001338242203995694,0.0021188834896598485,0.0024999107838530672,0.003429245647738966,0.0045816208789574795,0.00530650207278848,0.005148515145927878,0.004906888081317545,0.0048790080354009675,0.004618794273512915,0.004776781200373518,0.004823247943567814,0.004888301384039826,0.004553740833040903,0.004451513998013454,0.004953354824511839,0.00503699496226157,0.004786074549012378,0.0056596493210651225,0.005780462853370289,0.0052414486323164675,0.005325088770066199,0.006886371341394509,0.00797369313214101,0.006263716982590956,0.008187440150834767,0.00888444129874919,0.010603710796938103,0.01100332478840904,0.01099403143977018,0.012564607359737348,0.0097208426762465,0.009181828455192678,0.00869857432597201,0.007843586251196983,0.007982986480779868,0.008373307123611945,0.007443972259726047,0.007360332121976317,0.008354720426334228,0.008094506664446176,0.007834292902558125,0.007787826159363831,0.009163241757914959,0.012099939927794399,0.010213390154106026
22075,0.0003810272941932184,0.0003438538996377825,0.00035314724827664143,0.00035314724827664143,0.0003810272941932184,0.00042749403738751333,0.0004739607805818083,0.0005576009183315391,0.0007434678911087189,0.0010222683502744885,0.001301068809440258,0.001338242203995694,0.0021188834896598485,0.0024999107838530672,0.003429245647738966,0.0045816208789574795,0.00530650207278848,0.005148515145927878,0.004906888081317545,0.0048790080354009675,0.004618794273512915,0.004776781200373518,0.004823247943567814,0.004888301384039826,0.004553740833040903,0.004451513998013454,0.004953354824511839,0.00503699496226157,0.004786074549012378,0.0056596493210651225,0.005780462853370289,0.0052414486323164675,0.005325088770066199,0.006886371341394509,0.00797369313214101,0.006263716982590956,0.008187440150834767,0.00888444129874919,0.010603710796938103,0.01100332478840904,0.01099403143977018,0.012564607359737348,0.0097208426762465,0.009181828455192678,0.00869857432597201,0.007843586251196983,0.007982986480779868,0.008373307123611945,0.007443972259726047,0.007360332121976317,0.008354720426334228,0.008094506664446176,0.007834292902558125,0.007787826159363831,0.009163241757914959,0.012099939927794399,0.010213390154106026
22077,0.0003810272941932184,0.0003438538996377825,0.00035314724827664143,0.00035314724827664143,0.0003810272941932184,0.00042749403738751333,0.0004739607805818083,0.0005576009183315391,0.0007434678911087189,0.0010222683502744885,0.001301068809440258,0.001338242203995694,0.0021188834896598485,0.0024999107838530672,0.003429245647738966,0.0045816208789574795,0.00530650207278848,0.005148515145927878,0.004906888081317545,0.0048790080354009675,0.004618794273512915,0.004776781200373518,0.004823247943567814,0.004888301384039826,0.004553740833040903,0.004451513998013454,0.004953354824511839,0.00503699496226157,0.004786074549012378,0.0056596493210651225,0.005780462853370289,0.0052414486323164675,0.005325088770066199,0.006886371341394509,0.00797369313214101,0.006263716982590956,0.008187440150834767,0.00888444129874919,0.010603710796938103,0.01100332478840904,0.01099403143977018,0.012564607359737348,0.0097208426762465,0.009181828455192678,0.00869857432597201,0.007843586251196983,0.007982986480779868,0.008373307123611945,0.007443972259726047,0.007360332121976317,0.008354720426334228,0.008094506664446176,0.007834292902558125,0.007787826159363831,0.009163241757914959,0.012099939927794399,0.010213390154106026
22079,0.0003810272941932184,0.0003438538996377825,0.00035314724827664143,0.00035314724827664143,0.0003810272941932184,0.00042749403738751333,0.0004739607805818083,0.0005576009183315391,0.0007434678911087189,0.0010222683502744885,0.001301068809440258,0.001338242203995694,0.0021188834896598485,0.0024999107838530672,0.003429245647738966,0.0045816208789574795,0.00530650207278848,0.005148515145927878,0.004906888081317545,0.0048790080354009675,0.004618794273512915,0.004776781200373518,0.004823247943567814,0.004888301384039826,0.004553740833040903,0.004451513998013454,0.004953354824511839,0.00503699496226157,0.004786074549012378,0.0056596493210651225,0.005780462853370289,0.0052414486323164675,0.005325088770066199,0.006886371341394509,0.00797369313214101,0.006263716982590956,0.008187440150834767,0.00888444129874919,0.010603710796938103,0.01100332478840904,0.01099403143977018,0.012564607359737348,0.0097208426762465,0.009181828455192678,0.00869857432597201,0.007843586251196983,0.007982986480779868,0.008373307123611945,0.007443972259726047,0.007360332121976317,0.008354720426334228,0.008094506664446176,0.007834292902558125,0.007787826159363831,0.009163241757914959,0.012099939927794399,0.010213390154106026
22081,0.0003810272941932184,0.0003438538996377825,0.00035314724827664143,0.00035314724827664143,0.0003810272941932184,0.00042749403738751333,0.0004739607805818083,0.0005576009183315391,0.0007434678911087189,0.0010222683502744885,0.001301068809440258,0.001338242203995694,0.0021188834896598485,0.0024999107838530672,0.003429245647738966,0.0045816208789574795,0.00530650207278848,0.005148515145927878,0.004906888081317545,0.0048790080354009675,0.004618794273512915,0.004776781200373518,0.004823247943567814,0.004888301384039826,0.004553740833040903,0.004451513998013454,0.004953354824511839,0.00503699496226157,0.004786074549012378,0.0056596493210651225,0.005780462853370289,0.0052414486323164675,0.005325088770066199,0.006886371341394509,0.00797369313214101,0.006263716982590956,0.008187440150834767,0.00888444129874919,0.010603710796938103,0.01100332478840904,0.01099403143977018,0.012564607359737348,0.0097208426762465,0.009181828455192678,0.00869857432597201,0.007843586251196983,0.007982986480779868,0.008373307123611945,0.007443972259726047,0.007360332121976317,0.008354720426334228,0.008094506664446176,0.007834292902558125,0.007787826159363831,0.009163241757914959,0.012099939927794399,0.010213390154106026
22083,0.0003810272941932184,0.0003438538996377825,0.00035314724827664143,0.00035314724827664143,0.0003810272941932184,0.00042749403738751333,0.0004739607805818083,0.0005576009183315391,0.0007434678911087189,0.0010222683502744885,0.001301068809440258,0.001338242203995694,0.0021188834896598485,0.0024999107838530672,0.003429245647738966,0.0045816208789574795,0.00530650207278848,0.005148515145927878,0.004906888081317545,0.0048790080354009675,0.004618794273512915,0.004776781200373518,0.004823247943567814,0.004888301384039826,0.004553740833040903,0.004451513998013454,0.004953354824511839,0.00503699496226157,0.004786074549012378,0.0056596493210651225,0.005780462853370289,0.0052414486323164675,0.005325088770066199,0.006886371341394509,0.00797369313214101,0.006263716982590956,0.008187440150834767,0.00888444129874919,0.010603710796938103,0.01100332478840904,0.01099403143977018,0.012564607359737348,0.0097208426762465,0.009181828455192678,0.00869857432597201,0.007843586251196983,0.007982986480779868,0.008373307123611945,0.007443972259726047,0.007360332121976317,0.008354720426334228,0.008094506664446176,0.007834292902558125,0.007787826159363831,0.009163241757914959,0.012099939927794399,0.010213390154106026
22085,0.0003810272941932184,0.0003438538996377825,0.00035314724827664143,0.00035314724827664143,0.0003810272941932184,0.00042749403738751333,0.0004739607805818083,0.0005576009183315391,0.0007434678911087189,0.0010222683502744885,0.001301068809440258,0.001338242203995694,0.0021188834896598485,0.0024999107838530672,0.003429245647738966,0.0045816208789574795,0.00530650207278848,0.005148515145927878,0.004906888081317545,0.0048790080354009675,0.004618794273512915,0.004776781200373518,0.004823247943567814,0.004888301384039826,0.004553740833040903,0.004451513998013454,0.004953354824511839,0.00503699496226157,0.004786074549012378,0.0056596493210651225,0.005780462853370289,0.0052414486323164675,0.005325088770066199,0.006886371341394509,0.00797369313214101,0.006263716982590956,0.008187440150834767,0.00888444129874919,0.010603710796938103,0.01100332478840904,0.01099403143977018,0.012564607359737348,0.0097208426762465,0.009181828455192678,0.00869857432597201,0.007843586251196983,0.007982986480779868,0.008373307123611945,0.007443972259726047,0.007360332121976317,0.008354720426334228,0.008094506664446176,0.007834292902558125,0.007787826159363831,0.009163241757914959,0.012099939927794399,0.010213390154106026
22087,0.0003810272941932184,0.0003438538996377825,0.00035314724827664143,0.00035314724827664143,0.0003810272941932184,0.00042749403738751333,0.0004739607805818083,0.0005576009183315391,0.0007434678911087189,0.0010222683502744885,0.001301068809440258,0.001338242203995694,0.0021188834896598485,0.0024999107838530672,0.003429245647738966,0.0045816208789574795,0.00530650207278848,0.005148515145927878,0.004906888081317545,0.0048790080354009675,0.004618794273512915,0.004776781200373518,0.004823247943567814,0.004888301384039826,0.004553740833040903,0.004451513998013454,0.004953354824511839,0.00503699496226157,0.004786074549012378,0.0056596493210651225,0.005780462853370289,0.0052414486323164675,0.005325088770066199,0.006886371341394509,0.00797369313214101,0.006263716982590956,0.008187440150834767,0.00888444129874919,0.010603710796938103,0.01100332478840904,0.01099403143977018,0.012564607359737348,0.0097208426762465,0.009181828455192678,0.00869857432597201,0.007843586251196983,0.007982986480779868,0.008373307123611945,0.007443972259726047,0.007360332121976317,0.008354720426334228,0.008094506664446176,0.007834292902558125,0.007787826159363831,0.009163241757914959,0.012099939927794399,0.010213390154106026
22089,0.0003810272941932184,0.0003438538996377825,0.00035314724827664143,0.00035314724827664143,0.0003810272941932184,0.00042749403738751333,0.0004739607805818083,0.0005576009183315391,0.0007434678911087189,0.0010222683502744885,0.001301068809440258,0.001338242203995694,0.0021188834896598485,0.0024999107838530672,0.003429245647738966,0.0045816208789574795,0.00530650207278848,0.005148515145927878,0.004906888081317545,0.0048790080354009675,0.004618794273512915,0.004776781200373518,0.004823247943567814,0.004888301384039826,0.004553740833040903,0.004451513998013454,0.004953354824511839,0.00503699496226157,0.004786074549012378,0.0056596493210651225,0.005780462853370289,0.0052414486323164675,0.005325088770066199,0.006886371341394509,0.00797369313214101,0.006263716982590956,0.008187440150834767,0.00888444129874919,0.010603710796938103,0.01100332478840904,0.01099403143977018,0.012564607359737348,0.0097208426762465,0.009181828455192678,0.00869857432597201,0.007843586251196983,0.007982986480779868,0.008373307123611945,0.007443972259726047,0.007360332121976317,0.008354720426334228,0.008094506664446176,0.007834292902558125,0.007787826159363831,0.009163241757914959,0.012099939927794399,0.010213390154106026
22091,0.0003810272941932184,0.0003438538996377825,0.00035314724827664143,0.00035314724827664143,0.0003810272941932184,0.00042749403738751333,0.0004739607805818083,0.0005576009183315391,0.0007434678911087189,0.0010222683502744885,0.001301068809440258,0.001338242203995694,0.0021188834896598485,0.0024999107838530672,0.003429245647738966,0.0045816208789574795,0.00530650207278848,0.005148515145927878,0.004906888081317545,0.0048790080354009675,0.004618794273512915,0.004776781200373518,0.004823247943567814,0.004888301384039826,0.004553740833040903,0.004451513998013454,0.004953354824511839,0.00503699496226157,0.004786074549012378,0.0056596493210651225,0.005780462853370289,0.0052414486323164675,0.005325088770066199,0.006886371341394509,0.00797369313214101,0.006263716982590956,0.008187440150834767,0.00888444129874919,0.010603710796938103,0.01100332478840904,0.01099403143977018,0.012564607359737348,0.0097208426762465,0.009181828455192678,0.00869857432597201,0.007843586251196983,0.007982986480779868,0.008373307123611945,0.007443972259726047,0.007360332121976317,0.008354720426334228,0.008094506664446176,0.007834292902558125,0.007787826159363831,0.009163241757914959,0.012099939927794399,0.010213390154106026
22093,0.0003810272941932184,0.0003438538996377825,0.00035314724827664143,0.00035314724827664143,0.0003810272941932184,0.00042749403738751333,0.0004739607805818083,0.0005576009183315391,0.0007434678911087189,0.0010222683502744885,0.001301068809440258,0.001338242203995694,0.0021188834896598485,0.0024999107838530672,0.003429245647738966,0.0045816208789574795,0.00530650207278848,0.005148515145927878,0.004906888081317545,0.0048790080354009675,0.004618794273512915,0.004776781200373518,0.004823247943567814,0.004888301384039826,0.004553740833040903,0.004451513998013454,0.004953354824511839,0.00503699496226157,0.004786074549012378,0.0056596493210651225,0.005780462853370289,0.0052414486323164675,0.005325088770066199,0.006886371341394509,0.00797369313214101,0.006263716982590956,0.008187440150834767,0.00888444129874919,0.010603710796938103,0.01100332478840904,0.01099403143977018,0.012564607359737348,0.0097208426762465,0.009181828455192678,0.00869857432597201,0.007843586251196983,0.007982986480779868,0.008373307123611945,0.007443972259726047,0.007360332121976317,0.008354720426334228,0.008094506664446176,0.007834292902558125,0.007787826159363831,0.009163241757914959,0.012099939927794399,0.010213390154106026
22095,0.0003810272941932184,0.0003438538996377825,0.00035314724827664143,0.00035314724827664143,0.0003810272941932184,0.00042749403738751333,0.0004739607805818083,0.0005576009183315391,0.0007434678911087189,0.0010222683502744885,0.001301068809440258,0.001338242203995694,0.0021188834896598485,0.0024999107838530672,0.003429245647738966,0.0045816208789574795,0.00530650207278848,0.005148515145927878,0.004906888081317545,0.0048790080354009675,0.004618794273512915,0.004776781200373518,0.004823247943567814,0.004888301384039826,0.004553740833040903,0.004451513998013454,0.004953354824511839,0.00503699496226157,0.004786074549012378,0.0056596493210651225,0.005780462853370289,0.0052414486323164675,0.005325088770066199,0.006886371341394509,0.00797369313214101,0.006263716982590956,0.008187440150834767,0.00888444129874919,0.010603710796938103,0.01100332478840904,0.01099403143977018,0.012564607359737348,0.0097208426762465,0.009181828455192678,0.00869857432597201,0.007843586251196983,0.007982986480779868,0.008373307123611945,0.007443972259726047,0.007360332121976317,0.008354720426334228,0.008094506664446176,0.007834292902558125,0.007787826159363831,0.009163241757914959,0.012099939927794399,0.010213390154106026
22097,0.0003810272941932184,0.0003438538996377825,0.00035314724827664143,0.00035314724827664143,0.0003810272941932184,0.00042749403738751333,0.0004739607805818083,0.0005576009183315391,0.0007434678911087189,0.0010222683502744885,0.001301068809440258,0.001338242203995694,0.0021188834896598485,0.0024999107838530672,0.003429245647738966,0.0045816208789574795,0.00530650207278848,0.005148515145927878,0.004906888081317545,0.0048790080354009675,0.004618794273512915,0.004776781200373518,0.004823247943567814,0.004888301384039826,0.004553740833040903,0.004451513998013454,0.004953354824511839,0.00503699496226157,0.004786074549012378,0.0056596493210651225,0.005780462853370289,0.0052414486323164675,0.005325088770066199,0.006886371341394509,0.00797369313214101,0.006263716982590956,0.008187440150834767,0.00888444129874919,0.010603710796938103,0.01100332478840904,0.01099403143977018,0.012564607359737348,0.0097208426762465,0.009181828455192678,0.00869857432597201,0.007843586251196983,0.007982986480779868,0.008373307123611945,0.007443972259726047,0.007360332121976317,0.008354720426334228,0.008094506664446176,0.007834292902558125,0.007787826159363831,0.009163241757914959,0.012099939927794399,0.010213390154106026
22099,0.0003810272941932184,0.0003438538996377825,0.00035314724827664143,0.00035314724827664143,0.0003810272941932184,0.00042749403738751333,0.0004739607805818083,0.0005576009183315391,0.0007434678911087189,0.0010222683502744885,0.001301068809440258,0.001338242203995694,0.0021188834896598485,0.0024999107838530672,0.003429245647738966,0.0045816208789574795,0.00530650207278848,0.005148515145927878,0.004906888081317545,0.0048790080354009675,0.004618794273512915,0.004776781200373518,0.004823247943567814,0.004888301384039826,0.004553740833040903,0.004451513998013454,0.004953354824511839,0.00503699496226157,0.004786074549012378,0.0056596493210651225,0.005780462853370289,0.0052414486323164675,0.005325088770066199,0.006886371341394509,0.00797369313214101,0.006263716982590956,0.008187440150834767,0.00888444129874919,0.010603710796938103,0.01100332478840904,0.01099403143977018,0.012564607359737348,0.0097208426762465,0.009181828455192678,0.00869857432597201,0.007843586251196983,0.007982986480779868,0.008373307123611945,0.007443972259726047,0.007360332121976317,0.008354720426334228,0.008094506664446176,0.007834292902558125,0.007787826159363831,0.009163241757914959,0.012099939927794399,0.010213390154106026
22101,0.0003810272941932184,0.0003438538996377825,0.00035314724827664143,0.00035314724827664143,0.0003810272941932184,0.00042749403738751333,0.0004739607805818083,0.0005576009183315391,0.0007434678911087189,0.0010222683502744885,0.001301068809440258,0.001338242203995694,0.0021188834896598485,0.0024999107838530672,0.003429245647738966,0.0045816208789574795,0.00530650207278848,0.005148515145927878,0.004906888081317545,0.0048790080354009675,0.004618794273512915,0.004776781200373518,0.004823247943567814,0.004888301384039826,0.004553740833040903,0.004451513998013454,0.004953354824511839,0.00503699496226157,0.004786074549012378,0.0056596493210651225,0.005780462853370289,0.0052414486323164675,0.005325088770066199,0.006886371341394509,0.00797369313214101,0.006263716982590956,0.008187440150834767,0.00888444129874919,0.010603710796938103,0.01100332478840904,0.01099403143977018,0.012564607359737348,0.0097208426762465,0.009181828455192678,0.00869857432597201,0.007843586251196983,0.007982986480779868,0.008373307123611945,0.007443972259726047,0.007360332121976317,0.008354720426334228,0.008094506664446176,0.007834292902558125,0.007787826159363831,0.009163241757914959,0.012099939927794399,0.010213390154106026
22103,0.0003810272941932184,0.0003438538996377825,0.00035314724827664143,0.00035314724827664143,0.0003810272941932184,0.00042749403738751333,0.0004739607805818083,0.0005576009183315391,0.0007434678911087189,0.0010222683502744885,0.001301068809440258,0.001338242203995694,0.0021188834896598485,0.0024999107838530672,0.003429245647738966,0.0045816208789574795,0.00530650207278848,0.005148515145927878,0.004906888081317545,0.0048790080354009675,0.004618794273512915,0.004776781200373518,0.004823247943567814,0.004888301384039826,0.004553740833040903,0.004451513998013454,0.004953354824511839,0.00503699496226157,0.004786074549012378,0.0056596493210651225,0.005780462853370289,0.0052414486323164675,0.005325088770066199,0.006886371341394509,0.00797369313214101,0.006263716982590956,0.008187440150834767,0.00888444129874919,0.010603710796938103,0.01100332478840904,0.01099403143977018,0.012564607359737348,0.0097208426762465,0.009181828455192678,0.00869857432597201,0.007843586251196983,0.007982986480779868,0.008373307123611945,0.007443972259726047,0.007360332121976317,0.008354720426334228,0.008094506664446176,0.007834292902558125,0.007787826159363831,0.009163241757914959,0.012099939927794399,0.010213390154106026
22105,0.0003810272941932184,0.0003438538996377825,0.00035314724827664143,0.00035314724827664143,0.0003810272941932184,0.00042749403738751333,0.0004739607805818083,0.0005576009183315391,0.0007434678911087189,0.0010222683502744885,0.001301068809440258,0.001338242203995694,0.0021188834896598485,0.0024999107838530672,0.003429245647738966,0.0045816208789574795,0.00530650207278848,0.005148515145927878,0.004906888081317545,0.0048790080354009675,0.004618794273512915,0.004776781200373518,0.004823247943567814,0.004888301384039826,0.004553740833040903,0.004451513998013454,0.004953354824511839,0.00503699496226157,0.004786074549012378,0.0056596493210651225,0.005780462853370289,0.0052414486323164675,0.005325088770066199,0.006886371341394509,0.00797369313214101,0.006263716982590956,0.008187440150834767,0.00888444129874919,0.010603710796938103,0.01100332478840904,0.01099403143977018,0.012564607359737348,0.0097208426762465,0.009181828455192678,0.00869857432597201,0.007843586251196983,0.007982986480779868,0.008373307123611945,0.007443972259726047,0.007360332121976317,0.008354720426334228,0.008094506664446176,0.007834292902558125,0.007787826159363831,0.009163241757914959,0.012099939927794399,0.010213390154106026
22107,0.0003810272941932184,0.0003438538996377825,0.00035314724827664143,0.00035314724827664143,0.0003810272941932184,0.00042749403738751333,0.0004739607805818083,0.0005576009183315391,0.0007434678911087189,0.0010222683502744885,0.001301068809440258,0.001338242203995694,0.0021188834896598485,0.0024999107838530672,0.003429245647738966,0.0045816208789574795,0.00530650207278848,0.005148515145927878,0.004906888081317545,0.0048790080354009675,0.004618794273512915,0.004776781200373518,0.004823247943567814,0.004888301384039826,0.004553740833040903,0.004451513998013454,0.004953354824511839,0.00503699496226157,0.004786074549012378,0.0056596493210651225,0.005780462853370289,0.0052414486323164675,0.005325088770066199,0.006886371341394509,0.00797369313214101,0.006263716982590956,0.008187440150834767,0.00888444129874919,0.010603710796938103,0.01100332478840904,0.01099403143977018,0.012564607359737348,0.0097208426762465,0.009181828455192678,0.00869857432597201,0.007843586251196983,0.007982986480779868,0.008373307123611945,0.007443972259726047,0.007360332121976317,0.008354720426334228,0.008094506664446176,0.007834292902558125,0.007787826159363831,0.009163241757914959,0.012099939927794399,0.010213390154106026
22109,0.0003810272941932184,0.0003438538996377825,0.00035314724827664143,0.00035314724827664143,0.0003810272941932184,0.00042749403738751333,0.0004739607805818083,0.0005576009183315391,0.0007434678911087189,0.0010222683502744885,0.001301068809440258,0.001338242203995694,0.0021188834896598485,0.0024999107838530672,0.003429245647738966,0.0045816208789574795,0.00530650207278848,0.005148515145927878,0.004906888081317545,0.0048790080354009675,0.004618794273512915,0.004776781200373518,0.004823247943567814,0.004888301384039826,0.004553740833040903,0.004451513998013454,0.004953354824511839,0.00503699496226157,0.004786074549012378,0.0056596493210651225,0.005780462853370289,0.0052414486323164675,0.005325088770066199,0.006886371341394509,0.00797369313214101,0.006263716982590956,0.008187440150834767,0.00888444129874919,0.010603710796938103,0.01100332478840904,0.01099403143977018,0.012564607359737348,0.0097208426762465,0.009181828455192678,0.00869857432597201,0.007843586251196983,0.007982986480779868,0.008373307123611945,0.007443972259726047,0.007360332121976317,0.008354720426334228,0.008094506664446176,0.007834292902558125,0.007787826159363831,0.009163241757914959,0.012099939927794399,0.010213390154106026
22111,0.0003810272941932184,0.0003438538996377825,0.00035314724827664143,0.00035314724827664143,0.0003810272941932184,0.00042749403738751333,0.0004739607805818083,0.0005576009183315391,0.0007434678911087189,0.0010222683502744885,0.001301068809440258,0.001338242203995694,0.0021188834896598485,0.0024999107838530672,0.003429245647738966,0.0045816208789574795,0.00530650207278848,0.005148515145927878,0.004906888081317545,0.0048790080354009675,0.004618794273512915,0.004776781200373518,0.004823247943567814,0.004888301384039826,0.004553740833040903,0.004451513998013454,0.004953354824511839,0.00503699496226157,0.004786074549012378,0.0056596493210651225,0.005780462853370289,0.0052414486323164675,0.005325088770066199,0.006886371341394509,0.00797369313214101,0.006263716982590956,0.008187440150834767,0.00888444129874919,0.010603710796938103,0.01100332478840904,0.01099403143977018,0.012564607359737348,0.0097208426762465,0.009181828455192678,0.00869857432597201,0.007843586251196983,0.007982986480779868,0.008373307123611945,0.007443972259726047,0.007360332121976317,0.008354720426334228,0.008094506664446176,0.007834292902558125,0.007787826159363831,0.009163241757914959,0.012099939927794399,0.010213390154106026
22113,0.0003810272941932184,0.0003438538996377825,0.00035314724827664143,0.00035314724827664143,0.0003810272941932184,0.00042749403738751333,0.0004739607805818083,0.0005576009183315391,0.0007434678911087189,0.0010222683502744885,0.001301068809440258,0.001338242203995694,0.0021188834896598485,0.0024999107838530672,0.003429245647738966,0.0045816208789574795,0.00530650207278848,0.005148515145927878,0.004906888081317545,0.0048790080354009675,0.004618794273512915,0.004776781200373518,0.004823247943567814,0.004888301384039826,0.004553740833040903,0.004451513998013454,0.004953354824511839,0.00503699496226157,0.004786074549012378,0.0056596493210651225,0.005780462853370289,0.0052414486323164675,0.005325088770066199,0.006886371341394509,0.00797369313214101,0.006263716982590956,0.008187440150834767,0.00888444129874919,0.010603710796938103,0.01100332478840904,0.01099403143977018,0.012564607359737348,0.0097208426762465,0.009181828455192678,0.00869857432597201,0.007843586251196983,0.007982986480779868,0.008373307123611945,0.007443972259726047,0.007360332121976317,0.008354720426334228,0.008094506664446176,0.007834292902558125,0.007787826159363831,0.009163241757914959,0.012099939927794399,0.010213390154106026
22115,0.0003810272941932184,0.0003438538996377825,0.00035314724827664143,0.00035314724827664143,0.0003810272941932184,0.00042749403738751333,0.0004739607805818083,0.0005576009183315391,0.0007434678911087189,0.0010222683502744885,0.001301068809440258,0.001338242203995694,0.0021188834896598485,0.0024999107838530672,0.003429245647738966,0.0045816208789574795,0.00530650207278848,0.005148515145927878,0.004906888081317545,0.0048790080354009675,0.004618794273512915,0.004776781200373518,0.004823247943567814,0.004888301384039826,0.004553740833040903,0.004451513998013454,0.004953354824511839,0.00503699496226157,0.004786074549012378,0.0056596493210651225,0.005780462853370289,0.0052414486323164675,0.005325088770066199,0.006886371341394509,0.00797369313214101,0.006263716982590956,0.008187440150834767,0.00888444129874919,0.010603710796938103,0.01100332478840904,0.01099403143977018,0.012564607359737348,0.0097208426762465,0.009181828455192678,0.00869857432597201,0.007843586251196983,0.007982986480779868,0.008373307123611945,0.007443972259726047,0.007360332121976317,0.008354720426334228,0.008094506664446176,0.007834292902558125,0.007787826159363831,0.009163241757914959,0.012099939927794399,0.010213390154106026
22117,0.0003810272941932184,0.0003438538996377825,0.00035314724827664143,0.00035314724827664143,0.0003810272941932184,0.00042749403738751333,0.0004739607805818083,0.0005576009183315391,0.0007434678911087189,0.0010222683502744885,0.001301068809440258,0.001338242203995694,0.0021188834896598485,0.0024999107838530672,0.003429245647738966,0.0045816208789574795,0.00530650207278848,0.005148515145927878,0.004906888081317545,0.0048790080354009675,0.004618794273512915,0.004776781200373518,0.004823247943567814,0.004888301384039826,0.004553740833040903,0.004451513998013454,0.004953354824511839,0.00503699496226157,0.004786074549012378,0.0056596493210651225,0.005780462853370289,0.0052414486323164675,0.005325088770066199,0.006886371341394509,0.00797369313214101,0.006263716982590956,0.008187440150834767,0.00888444129874919,0.010603710796938103,0.01100332478840904,0.01099403143977018,0.012564607359737348,0.0097208426762465,0.009181828455192678,0.00869857432597201,0.007843586251196983,0.007982986480779868,0.008373307123611945,0.007443972259726047,0.007360332121976317,0.008354720426334228,0.008094506664446176,0.007834292902558125,0.007787826159363831,0.009163241757914959,0.012099939927794399,0.010213390154106026
22119,0.0003810272941932184,0.0003438538996377825,0.00035314724827664143,0.00035314724827664143,0.0003810272941932184,0.00042749403738751333,0.0004739607805818083,0.0005576009183315391,0.0007434678911087189,0.0010222683502744885,0.001301068809440258,0.001338242203995694,0.0021188834896598485,0.0024999107838530672,0.003429245647738966,0.0045816208789574795,0.00530650207278848,0.005148515145927878,0.004906888081317545,0.0048790080354009675,0.004618794273512915,0.004776781200373518,0.004823247943567814,0.004888301384039826,0.004553740833040903,0.004451513998013454,0.004953354824511839,0.00503699496226157,0.004786074549012378,0.0056596493210651225,0.005780462853370289,0.0052414486323164675,0.005325088770066199,0.006886371341394509,0.00797369313214101,0.006263716982590956,0.008187440150834767,0.00888444129874919,0.010603710796938103,0.01100332478840904,0.01099403143977018,0.012564607359737348,0.0097208426762465,0.009181828455192678,0.00869857432597201,0.007843586251196983,0.007982986480779868,0.008373307123611945,0.007443972259726047,0.007360332121976317,0.008354720426334228,0.008094506664446176,0.007834292902558125,0.007787826159363831,0.009163241757914959,0.012099939927794399,0.010213390154106026
22121,0.0003810272941932184,0.0003438538996377825,0.00035314724827664143,0.00035314724827664143,0.0003810272941932184,0.00042749403738751333,0.0004739607805818083,0.0005576009183315391,0.0007434678911087189,0.0010222683502744885,0.001301068809440258,0.001338242203995694,0.0021188834896598485,0.0024999107838530672,0.003429245647738966,0.0045816208789574795,0.00530650207278848,0.005148515145927878,0.004906888081317545,0.0048790080354009675,0.004618794273512915,0.004776781200373518,0.004823247943567814,0.004888301384039826,0.004553740833040903,0.004451513998013454,0.004953354824511839,0.00503699496226157,0.004786074549012378,0.0056596493210651225,0.005780462853370289,0.0052414486323164675,0.005325088770066199,0.006886371341394509,0.00797369313214101,0.006263716982590956,0.008187440150834767,0.00888444129874919,0.010603710796938103,0.01100332478840904,0.01099403143977018,0.012564607359737348,0.0097208426762465,0.009181828455192678,0.00869857432597201,0.007843586251196983,0.007982986480779868,0.008373307123611945,0.007443972259726047,0.007360332121976317,0.008354720426334228,0.008094506664446176,0.007834292902558125,0.007787826159363831,0.009163241757914959,0.012099939927794399,0.010213390154106026
22123,0.0003810272941932184,0.0003438538996377825,0.00035314724827664143,0.00035314724827664143,0.0003810272941932184,0.00042749403738751333,0.0004739607805818083,0.0005576009183315391,0.0007434678911087189,0.0010222683502744885,0.001301068809440258,0.001338242203995694,0.0021188834896598485,0.0024999107838530672,0.003429245647738966,0.0045816208789574795,0.00530650207278848,0.005148515145927878,0.004906888081317545,0.0048790080354009675,0.004618794273512915,0.004776781200373518,0.004823247943567814,0.004888301384039826,0.004553740833040903,0.004451513998013454,0.004953354824511839,0.00503699496226157,0.004786074549012378,0.0056596493210651225,0.005780462853370289,0.0052414486323164675,0.005325088770066199,0.006886371341394509,0.00797369313214101,0.006263716982590956,0.008187440150834767,0.00888444129874919,0.010603710796938103,0.01100332478840904,0.01099403143977018,0.012564607359737348,0.0097208426762465,0.009181828455192678,0.00869857432597201,0.007843586251196983,0.007982986480779868,0.008373307123611945,0.007443972259726047,0.007360332121976317,0.008354720426334228,0.008094506664446176,0.007834292902558125,0.007787826159363831,0.009163241757914959,0.012099939927794399,0.010213390154106026
22125,0.0003810272941932184,0.0003438538996377825,0.00035314724827664143,0.00035314724827664143,0.0003810272941932184,0.00042749403738751333,0.0004739607805818083,0.0005576009183315391,0.0007434678911087189,0.0010222683502744885,0.001301068809440258,0.001338242203995694,0.0021188834896598485,0.0024999107838530672,0.003429245647738966,0.0045816208789574795,0.00530650207278848,0.005148515145927878,0.004906888081317545,0.0048790080354009675,0.004618794273512915,0.004776781200373518,0.004823247943567814,0.004888301384039826,0.004553740833040903,0.004451513998013454,0.004953354824511839,0.00503699496226157,0.004786074549012378,0.0056596493210651225,0.005780462853370289,0.0052414486323164675,0.005325088770066199,0.006886371341394509,0.00797369313214101,0.006263716982590956,0.008187440150834767,0.00888444129874919,0.010603710796938103,0.01100332478840904,0.01099403143977018,0.012564607359737348,0.0097208426762465,0.009181828455192678,0.00869857432597201,0.007843586251196983,0.007982986480779868,0.008373307123611945,0.007443972259726047,0.007360332121976317,0.008354720426334228,0.008094506664446176,0.007834292902558125,0.007787826159363831,0.009163241757914959,0.012099939927794399,0.010213390154106026
22127,0.0003810272941932184,0.0003438538996377825,0.00035314724827664143,0.00035314724827664143,0.0003810272941932184,0.00042749403738751333,0.0004739607805818083,0.0005576009183315391,0.0007434678911087189,0.0010222683502744885,0.001301068809440258,0.001338242203995694,0.0021188834896598485,0.0024999107838530672,0.003429245647738966,0.0045816208789574795,0.00530650207278848,0.005148515145927878,0.004906888081317545,0.0048790080354009675,0.004618794273512915,0.004776781200373518,0.004823247943567814,0.004888301384039826,0.004553740833040903,0.004451513998013454,0.004953354824511839,0.00503699496226157,0.004786074549012378,0.0056596493210651225,0.005780462853370289,0.0052414486323164675,0.005325088770066199,0.006886371341394509,0.00797369313214101,0.006263716982590956,0.008187440150834767,0.00888444129874919,0.010603710796938103,0.01100332478840904,0.01099403143977018,0.012564607359737348,0.0097208426762465,0.009181828455192678,0.00869857432597201,0.007843586251196983,0.007982986480779868,0.008373307123611945,0.007443972259726047,0.007360332121976317,0.008354720426334228,0.008094506664446176,0.007834292902558125,0.007787826159363831,0.009163241757914959,0.012099939927794399,0.010213390154106026
23001,0.0012638954148848221,0.0013568289012734118,0.001301068809440258,0.001338242203995694,0.0013940022958288478,0.0015148158281340146,0.0015798692686060274,0.001747149544105489,0.001970189911438105,0.002462737389297631,0.0030017516103514525,0.0030389250049068883,0.003354898858628094,0.004758194503095801,0.005696822715620558,0.0068027312036447775,0.008271080288584497,0.008001573178057586,0.0074346789110871885,0.0069514247818665215,0.006486757349923572,0.005808342899286866,0.005854809642481161,0.006245130285313238,0.005594595880593109,0.005752582807453712,0.006282303679868674,0.006477464001284712,0.0060499699638971996,0.006588984184951021,0.007155878451921419,0.006719091065895047,0.006180076844841226,0.005631769275148545,0.010008936484051127,0.008875147950110332,0.010585124099660385,0.011430818825796553,0.013363835342679223,0.014553383968453171,0.013772742682789017,0.014748544289869209,0.012954928002569425,0.010882511256103873,0.010863924558826154,0.011356472036685682,0.011886192909100642,0.014060836490593646,0.013159381672624324,0.009878829603107103,0.010529364007827231,0.01209064657915554,0.01172820598224004,0.010557244053743807,0.011867606211822925,0.01539907869458934,
23003,0.0012638954148848221,0.0013568289012734118,0.001301068809440258,0.001338242203995694,0.0013940022958288478,0.0015148158281340146,0.0015798692686060274,0.001747149544105489,0.001970189911438105,0.002462737389297631,0.0030017516103514525,0.0030389250049068883,0.003354898858628094,0.004758194503095801,0.005696822715620558,0.0068027312036447775,0.008271080288584497,0.008001573178057586,0.0074346789110871885,0.0069514247818665215,0.006486757349923572,0.005808342899286866,0.005854809642481161,0.006245130285313238,0.005594595880593109,0.005752582807453712,0.006282303679868674,0.006477464001284712,0.0060499699638971996,0.006588984184951021,0.007155878451921419,0.006719091065895047,0.006180076844841226,0.005631769275148545,0.010008936484051127,0.008875147950110332,0.010585124099660385,0.011430818825796553,0.013363835342679223,0.014553383968453171,0.013772742682789017,0.014748544289869209,0.012954928002569425,0.010882511256103873,0.010863924558826154,0.011356472036685682,0.011886192909100642,0.014060836490593646,0.013159381672624324,0.009878829603107103,0.010529364007827231,0.01209064657915554,0.01172820598224004,0.010557244053743807,0.011867606211822925,0.01539907869458934,
23005,0.0012638954148848221,0.0013568289012734118,0.001301068809440258,0.001338242203995694,0.0013940022958288478,0.0015148158281340146,0.0015798692686060274,0.001747149544105489,0.001970189911438105,0.002462737389297631,0.0030017516103514525,0.0030389250049068883,0.003354898858628094,0.004758194503095801,0.005696822715620558,0.0068027312036447775,0.008271080288584497,0.008001573178057586,0.0074346789110871885,0.0069514247818665215,0.006486757349923572,0.005808342899286866,0.005854809642481161,0.006245130285313238,0.005594595880593109,0.005752582807453712,0.006282303679868674,0.006477464001284712,0.0060499699638971996,0.006588984184951021,0.007155878451921419,0.006719091065895047,0.006180076844841226,0.005631769275148545,0.010008936484051127,0.008875147950110332,0.010585124099660385,0.011430818825796553,0.013363835342679223,0.014553383968453171,0.013772742682789017,0.014748544289869209,0.012954928002569425,0.010882511256103873,0.010863924558826154,0.011356472036685682,0.011886192909100642,0.014060836490593646,0.013159381672624324,0.009878829603107103,0.010529364007827231,0.01209064657915554,0.01172820598224004,0.010557244053743807,0.011867606211822925,0.01539907869458934,
23007,0.0012638954148848221,0.0013568289012734118,0.001301068809440258,0.001338242203995694,0.0013940022958288478,0.0015148158281340146,0.0015798692686060274,0.001747149544105489,0.001970189911438105,0.002462737389297631,0.0030017516103514525,0.0030389250049068883,0.003354898858628094,0.004758194503095801,0.005696822715620558,0.0068027312036447775,0.008271080288584497,0.008001573178057586,0.0074346789110871885,0.0069514247818665215,0.006486757349923572,0.005808342899286866,0.005854809642481161,0.006245130285313238,0.005594595880593109,0.005752582807453712,0.006282303679868674,0.006477464001284712,0.0060499699638971996,0.006588984184951021,0.007155878451921419,0.006719091065895047,0.006180076844841226,0.005631769275148545,0.010008936484051127,0.008875147950110332,0.010585124099660385,0.011430818825796553,0.013363835342679223,0.014553383968453171,0.013772742682789017,0.014748544289869209,0.012954928002569425,0.010882511256103873,0.010863924558826154,0.011356472036685682,0.011886192909100642,0.014060836490593646,0.013159381672624324,0.009878829603107103,0.010529364007827231,0.01209064657915554,0.01172820598224004,0.010557244053743807,0.011867606211822925,0.01539907869458934,
23009,0.0012638954148848221,0.0013568289012734118,0.001301068809440258,0.001338242203995694,0.0013940022958288478,0.0015148158281340146,0.0015798692686060274,0.001747149544105489,0.001970189911438105,0.002462737389297631,0.0030017516103514525,0.0030389250049068883,0.003354898858628094,0.004758194503095801,0.005696822715620558,0.0068027312036447775,0.008271080288584497,0.008001573178057586,0.0074346789110871885,0.0069514247818665215,0.006486757349923572,0.005808342899286866,0.005854809642481161,0.006245130285313238,0.005594595880593109,0.005752582807453712,0.006282303679868674,0.006477464001284712,0.0060499699638971996,0.006588984184951021,0.007155878451921419,0.006719091065895047,0.006180076844841226,0.005631769275148545,0.010008936484051127,0.008875147950110332,0.010585124099660385,0.011430818825796553,0.013363835342679223,0.014553383968453171,0.013772742682789017,0.014748544289869209,0.012954928002569425,0.010882511256103873,0.010863924558826154,0.011356472036685682,0.011886192909100642,0.014060836490593646,0.013159381672624324,0.009878829603107103,0.010529364007827231,0.01209064657915554,0.01172820598224004,0.010557244053743807,0.011867606211822925,0.01539907869458934,
23011,0.0012638954148848221,0.0013568289012734118,0.001301068809440258,0.001338242203995694,0.0013940022958288478,0.0015148158281340146,0.0015798692686060274,0.001747149544105489,0.001970189911438105,0.002462737389297631,0.0030017516103514525,0.0030389250049068883,0.003354898858628094,0.004758194503095801,0.005696822715620558,0.0068027312036447775,0.008271080288584497,0.008001573178057586,0.0074346789110871885,0.0069514247818665215,0.006486757349923572,0.005808342899286866,0.005854809642481161,0.006245130285313238,0.005594595880593109,0.005752582807453712,0.006282303679868674,0.006477464001284712,0.0060499699638971996,0.006588984184951021,0.007155878451921419,0.006719091065895047,0.006180076844841226,0.005631769275148545,0.010008936484051127,0.008875147950110332,0.010585124099660385,0.011430818825796553,0.013363835342679223,0.014553383968453171,0.013772742682789017,0.014748544289869209,0.012954928002569425,0.010882511256103873,0.010863924558826154,0.011356472036685682,0.011886192909100642,0.014060836490593646,0.013159381672624324,0.009878829603107103,0.010529364007827231,0.01209064657915554,0.01172820598224004,0.010557244053743807,0.011867606211822925,0.01539907869458934,
23013,0.0012638954148848221,0.0013568289012734118,0.001301068809440258,0.001338242203995694,0.0013940022958288478,0.0015148158281340146,0.0015798692686060274,0.001747149544105489,0.001970189911438105,0.002462737389297631,0.0030017516103514525,0.0030389250049068883,0.003354898858628094,0.004758194503095801,0.005696822715620558,0.0068027312036447775,0.008271080288584497,0.008001573178057586,0.0074346789110871885,0.0069514247818665215,0.006486757349923572,0.005808342899286866,0.005854809642481161,0.006245130285313238,0.005594595880593109,0.005752582807453712,0.006282303679868674,0.006477464001284712,0.0060499699638971996,0.006588984184951021,0.007155878451921419,0.006719091065895047,0.006180076844841226,0.005631769275148545,0.010008936484051127,0.008875147950110332,0.010585124099660385,0.011430818825796553,0.013363835342679223,0.014553383968453171,0.013772742682789017,0.014748544289869209,0.012954928002569425,0.010882511256103873,0.010863924558826154,0.011356472036685682,0.011886192909100642,0.014060836490593646,0.013159381672624324,0.009878829603107103,0.010529364007827231,0.01209064657915554,0.01172820598224004,0.010557244053743807,0.011867606211822925,0.01539907869458934,
23015,0.0012638954148848221,0.0013568289012734118,0.001301068809440258,0.001338242203995694,0.0013940022958288478,0.0015148158281340146,0.0015798692686060274,0.001747149544105489,0.001970189911438105,0.002462737389297631,0.0030017516103514525,0.0030389250049068883,0.003354898858628094,0.004758194503095801,0.005696822715620558,0.0068027312036447775,0.008271080288584497,0.008001573178057586,0.0074346789110871885,0.0069514247818665215,0.006486757349923572,0.005808342899286866,0.005854809642481161,0.006245130285313238,0.005594595880593109,0.005752582807453712,0.006282303679868674,0.006477464001284712,0.0060499699638971996,0.006588984184951021,0.007155878451921419,0.006719091065895047,0.006180076844841226,0.005631769275148545,0.010008936484051127,0.008875147950110332,0.010585124099660385,0.011430818825796553,0.013363835342679223,0.014553383968453171,0.013772742682789017,0.014748544289869209,0.012954928002569425,0.010882511256103873,0.010863924558826154,0.011356472036685682,0.011886192909100642,0.014060836490593646,0.013159381672624324,0.009878829603107103,0.010529364007827231,0.01209064657915554,0.01172820598224004,0.010557244053743807,0.011867606211822925,0.01539907869458934,
23017,0.0012638954148848221,0.0013568289012734118,0.001301068809440258,0.001338242203995694,0.0013940022958288478,0.0015148158281340146,0.0015798692686060274,0.001747149544105489,0.001970189911438105,0.002462737389297631,0.0030017516103514525,0.0030389250049068883,0.003354898858628094,0.004758194503095801,0.005696822715620558,0.0068027312036447775,0.008271080288584497,0.008001573178057586,0.0074346789110871885,0.0069514247818665215,0.006486757349923572,0.005808342899286866,0.005854809642481161,0.006245130285313238,0.005594595880593109,0.005752582807453712,0.006282303679868674,0.006477464001284712,0.0060499699638971996,0.006588984184951021,0.007155878451921419,0.006719091065895047,0.006180076844841226,0.005631769275148545,0.010008936484051127,0.008875147950110332,0.010585124099660385,0.011430818825796553,0.013363835342679223,0.014553383968453171,0.013772742682789017,0.014748544289869209,0.012954928002569425,0.010882511256103873,0.010863924558826154,0.011356472036685682,0.011886192909100642,0.014060836490593646,0.013159381672624324,0.009878829603107103,0.010529364007827231,0.01209064657915554,0.01172820598224004,0.010557244053743807,0.011867606211822925,0.01539907869458934,
23019,0.0012638954148848221,0.0013568289012734118,0.001301068809440258,0.001338242203995694,0.0013940022958288478,0.0015148158281340146,0.0015798692686060274,0.001747149544105489,0.001970189911438105,0.002462737389297631,0.0030017516103514525,0.0030389250049068883,0.003354898858628094,0.004758194503095801,0.005696822715620558,0.0068027312036447775,0.008271080288584497,0.008001573178057586,0.0074346789110871885,0.0069514247818665215,0.006486757349923572,0.005808342899286866,0.005854809642481161,0.006245130285313238,0.005594595880593109,0.005752582807453712,0.006282303679868674,0.006477464001284712,0.0060499699638971996,0.006588984184951021,0.007155878451921419,0.006719091065895047,0.006180076844841226,0.005631769275148545,0.010008936484051127,0.008875147950110332,0.010585124099660385,0.011430818825796553,0.013363835342679223,0.014553383968453171,0.013772742682789017,0.014748544289869209,0.012954928002569425,0.010882511256103873,0.010863924558826154,0.011356472036685682,0.011886192909100642,0.014060836490593646,0.013159381672624324,0.009878829603107103,0.010529364007827231,0.01209064657915554,0.01172820598224004,0.010557244053743807,0.011867606211822925,0.01539907869458934,
23021,0.0012638954148848221,0.0013568289012734118,0.001301068809440258,0.001338242203995694,0.0013940022958288478,0.0015148158281340146,0.0015798692686060274,0.001747149544105489,0.001970189911438105,0.002462737389297631,0.0030017516103514525,0.0030389250049068883,0.003354898858628094,0.004758194503095801,0.005696822715620558,0.0068027312036447775,0.008271080288584497,0.008001573178057586,0.0074346789110871885,0.0069514247818665215,0.006486757349923572,0.005808342899286866,0.005854809642481161,0.006245130285313238,0.005594595880593109,0.005752582807453712,0.006282303679868674,0.006477464001284712,0.0060499699638971996,0.006588984184951021,0.007155878451921419,0.006719091065895047,0.006180076844841226,0.005631769275148545,0.010008936484051127,0.008875147950110332,0.010585124099660385,0.011430818825796553,0.013363835342679223,0.014553383968453171,0.013772742682789017,0.014748544289869209,0.012954928002569425,0.010882511256103873,0.010863924558826154,0.011356472036685682,0.011886192909100642,0.014060836490593646,0.013159381672624324,0.009878829603107103,0.010529364007827231,0.01209064657915554,0.01172820598224004,0.010557244053743807,0.011867606211822925,0.01539907869458934,
23023,0.0012638954148848221,0.0013568289012734118,0.001301068809440258,0.001338242203995694,0.0013940022958288478,0.0015148158281340146,0.0015798692686060274,0.001747149544105489,0.001970189911438105,0.002462737389297631,0.0030017516103514525,0.0030389250049068883,0.003354898858628094,0.004758194503095801,0.005696822715620558,0.0068027312036447775,0.008271080288584497,0.008001573178057586,0.0074346789110871885,0.0069514247818665215,0.006486757349923572,0.005808342899286866,0.005854809642481161,0.006245130285313238,0.005594595880593109,0.005752582807453712,0.006282303679868674,0.006477464001284712,0.0060499699638971996,0.006588984184951021,0.007155878451921419,0.006719091065895047,0.006180076844841226,0.005631769275148545,0.010008936484051127,0.008875147950110332,0.010585124099660385,0.011430818825796553,0.013363835342679223,0.014553383968453171,0.013772742682789017,0.014748544289869209,0.012954928002569425,0.010882511256103873,0.010863924558826154,0.011356472036685682,0.011886192909100642,0.014060836490593646,0.013159381672624324,0.009878829603107103,0.010529364007827231,0.01209064657915554,0.01172820598224004,0.010557244053743807,0.011867606211822925,0.01539907869458934,
23025,0.0012638954148848221,0.0013568289012734118,0.001301068809440258,0.001338242203995694,0.0013940022958288478,0.0015148158281340146,0.0015798692686060274,0.001747149544105489,0.001970189911438105,0.002462737389297631,0.0030017516103514525,0.0030389250049068883,0.003354898858628094,0.004758194503095801,0.005696822715620558,0.0068027312036447775,0.008271080288584497,0.008001573178057586,0.0074346789110871885,0.0069514247818665215,0.006486757349923572,0.005808342899286866,0.005854809642481161,0.006245130285313238,0.005594595880593109,0.005752582807453712,0.006282303679868674,0.006477464001284712,0.0060499699638971996,0.006588984184951021,0.007155878451921419,0.006719091065895047,0.006180076844841226,0.005631769275148545,0.010008936484051127,0.008875147950110332,0.010585124099660385,0.011430818825796553,0.013363835342679223,0.014553383968453171,0.013772742682789017,0.014748544289869209,0.012954928002569425,0.010882511256103873,0.010863924558826154,0.011356472036685682,0.011886192909100642,0.014060836490593646,0.013159381672624324,0.009878829603107103,0.010529364007827231,0.01209064657915554,0.01172820598224004,0.010557244053743807,0.011867606211822925,0.01539907869458934,
23027,0.0012638954148848221,0.0013568289012734118,0.001301068809440258,0.001338242203995694,0.0013940022958288478,0.0015148158281340146,0.0015798692686060274,0.001747149544105489,0.001970189911438105,0.002462737389297631,0.0030017516103514525,0.0030389250049068883,0.003354898858628094,0.004758194503095801,0.005696822715620558,0.0068027312036447775,0.008271080288584497,0.008001573178057586,0.0074346789110871885,0.0069514247818665215,0.006486757349923572,0.005808342899286866,0.005854809642481161,0.006245130285313238,0.005594595880593109,0.005752582807453712,0.006282303679868674,0.006477464001284712,0.0060499699638971996,0.006588984184951021,0.007155878451921419,0.006719091065895047,0.006180076844841226,0.005631769275148545,0.010008936484051127,0.008875147950110332,0.010585124099660385,0.011430818825796553,0.013363835342679223,0.014553383968453171,0.013772742682789017,0.014748544289869209,0.012954928002569425,0.010882511256103873,0.010863924558826154,0.011356472036685682,0.011886192909100642,0.014060836490593646,0.013159381672624324,0.009878829603107103,0.010529364007827231,0.01209064657915554,0.01172820598224004,0.010557244053743807,0.011867606211822925,0.01539907869458934,
23029,0.0012638954148848221,0.0013568289012734118,0.001301068809440258,0.001338242203995694,0.0013940022958288478,0.0015148158281340146,0.0015798692686060274,0.001747149544105489,0.001970189911438105,0.002462737389297631,0.0030017516103514525,0.0030389250049068883,0.003354898858628094,0.004758194503095801,0.005696822715620558,0.0068027312036447775,0.008271080288584497,0.008001573178057586,0.0074346789110871885,0.0069514247818665215,0.006486757349923572,0.005808342899286866,0.005854809642481161,0.006245130285313238,0.005594595880593109,0.005752582807453712,0.006282303679868674,0.006477464001284712,0.0060499699638971996,0.006588984184951021,0.007155878451921419,0.006719091065895047,0.006180076844841226,0.005631769275148545,0.010008936484051127,0.008875147950110332,0.010585124099660385,0.011430818825796553,0.013363835342679223,0.014553383968453171,0.013772742682789017,0.014748544289869209,0.012954928002569425,0.010882511256103873,0.010863924558826154,0.011356472036685682,0.011886192909100642,0.014060836490593646,0.013159381672624324,0.009878829603107103,0.010529364007827231,0.01209064657915554,0.01172820598224004,0.010557244053743807,0.011867606211822925,0.01539907869458934,
23031,0.0012638954148848221,0.0013568289012734118,0.001301068809440258,0.001338242203995694,0.0013940022958288478,0.0015148158281340146,0.0015798692686060274,0.001747149544105489,0.001970189911438105,0.002462737389297631,0.0030017516103514525,0.0030389250049068883,0.003354898858628094,0.004758194503095801,0.005696822715620558,0.0068027312036447775,0.008271080288584497,0.008001573178057586,0.0074346789110871885,0.0069514247818665215,0.006486757349923572,0.005808342899286866,0.005854809642481161,0.006245130285313238,0.005594595880593109,0.005752582807453712,0.006282303679868674,0.006477464001284712,0.0060499699638971996,0.006588984184951021,0.007155878451921419,0.006719091065895047,0.006180076844841226,0.005631769275148545,0.010008936484051127,0.008875147950110332,0.010585124099660385,0.011430818825796553,0.013363835342679223,0.014553383968453171,0.013772742682789017,0.014748544289869209,0.012954928002569425,0.010882511256103873,0.010863924558826154,0.011356472036685682,0.011886192909100642,0.014060836490593646,0.013159381672624324,0.009878829603107103,0.010529364007827231,0.01209064657915554,0.01172820598224004,0.010557244053743807,0.011867606211822925,0.01539907869458934,
24001,0.0010780284421076424,0.0010501483961910653,0.0010315616989133474,0.0010315616989133474,0.0010687350934687832,0.0011337885339407962,0.0011709619284962323,0.0013289488553568348,0.0018493763791329382,0.002007363305993541,0.0025277908297696443,0.00275083119710226,0.0029459915185182984,0.0036801660609881584,0.004163420190208826,0.005157808494566737,0.006235836936674379,0.006189370193480085,0.005929156431592033,0.005334382118705058,0.004739607805818082,0.0047303144571792235,0.005046288310900429,0.0049719415217895566,0.004683847713984929,0.004869714686762109,0.005315795421427339,0.005074168356817006,0.0047024344112626465,0.005650355972426263,0.006059263312536058,0.0061707834962023665,0.006449583955368136,0.00750902570019806,0.00943274886844187,0.0064124105608127,0.007546199094753496,0.008670694280055433,0.011124138320714206,0.012341566992404733,0.011430818825796553,0.012192873414182988,0.010101869970439716,0.009172535106553819,0.009562855749385896,0.009293348638858986,0.00934910873069214,0.009776602768079653,0.009107481666081807,0.008308253683139933,0.009544269052108178,0.00889373464738805,0.009423455519803012,0.009869536254468242,0.011124138320714206,0.013122208278068887,0.013038568140319156
24003,0.0010780284421076424,0.0010501483961910653,0.0010315616989133474,0.0010315616989133474,0.0010687350934687832,0.0011337885339407962,0.0011709619284962323,0.0013289488553568348,0.0018493763791329382,0.002007363305993541,0.0025277908297696443,0.00275083119710226,0.0029459915185182984,0.0036801660609881584,0.004163420190208826,0.005157808494566737,0.006235836936674379,0.006189370193480085,0.005929156431592033,0.005334382118705058,0.004739607805818082,0.0047303144571792235,0.005046288310900429,0.0049719415217895566,0.004683847713984929,0.004869714686762109,0.005315795421427339,0.005074168356817006,0.0047024344112626465,0.005650355972426263,0.006059263312536058,0.0061707834962023665,0.006449583955368136,0.00750902570019806,0.00943274886844187,0.0064124105608127,0.007546199094753496,0.008670694280055433,0.011124138320714206,0.012341566992404733,0.011430818825796553,0.012192873414182988,0.010101869970439716,0.009172535106553819,0.009562855749385896,0.009293348638858986,0.00934910873069214,0.009776602768079653,0.009107481666081807,0.008308253683139933,0.009544269052108178,0.00889373464738805,0.009423455519803012,0.009869536254468242,0.011124138320714206,0.013122208278068887,0.013038568140319156
24005,0.0010780284421076424,0.0010501483961910653,0.0010315616989133474,0.0010315616989133474,0.0010687350934687832,0.0011337885339407962,0.0011709619284962323,0.0013289488553568348,0.0018493763791329382,0.002007363305993541,0.0025277908297696443,0.00275083119710226,0.0029459915185182984,0.0036801660609881584,0.004163420190208826,0.005157808494566737,0.006235836936674379,0.006189370193480085,0.005929156431592033,0.005334382118705058,0.004739607805818082,0.0047303144571792235,0.005046288310900429,0.0049719415217895566,0.004683847713984929,0.004869714686762109,0.005315795421427339,0.005074168356817006,0.0047024344112626465,0.005650355972426263,0.006059263312536058,0.0061707834962023665,0.006449583955368136,0.00750902570019806,0.00943274886844187,0.0064124105608127,0.007546199094753496,0.008670694280055433,0.011124138320714206,0.012341566992404733,0.011430818825796553,0.012192873414182988,0.010101869970439716,0.009172535106553819,0.009562855749385896,0.009293348638858986,0.00934910873069214,0.009776602768079653,0.009107481666081807,0.008308253683139933,0.009544269052108178,0.00889373464738805,0.009423455519803012,0.009869536254468242,0.011124138320714206,0.013122208278068887,0.013038568140319156
24009,0.0010780284421076424,0.0010501483961910653,0.0010315616989133474,0.0010315616989133474,0.0010687350934687832,0.0011337885339407962,0.0011709619284962323,0.0013289488553568348,0.0018493763791329382,0.002007363305993541,0.0025277908297696443,0.00275083119710226,0.0029459915185182984,0.0036801660609881584,0.004163420190208826,0.005157808494566737,0.006235836936674379,0.006189370193480085,0.005929156431592033,0.005334382118705058,0.004739607805818082,0.0047303144571792235,0.005046288310900429,0.0049719415217895566,0.004683847713984929,0.004869714686762109,0.005315795421427339,0.005074168356817006,0.0047024344112626465,0.005650355972426263,0.006059263312536058,0.0061707834962023665,0.006449583955368136,0.00750902570019806,0.00943274886844187,0.0064124105608127,0.007546199094753496,0.008670694280055433,0.011124138320714206,0.012341566992404733,0.011430818825796553,0.012192873414182988,0.010101869970439716,0.009172535106553819,0.009562855749385896,0.009293348638858986,0.00934910873069214,0.009776602768079653,0.009107481666081807,0.008308253683139933,0.009544269052108178,0.00889373464738805,0.009423455519803012,0.009869536254468242,0.011124138320714206,0.013122208278068887,0.013038568140319156
24011,0.0010780284421076424,0.0010501483961910653,0.0010315616989133474,0.0010315616989133474,0.0010687350934687832,0.0011337885339407962,0.0011709619284962323,0.0013289488553568348,0.0018493763791329382,0.002007363305993541,0.0025277908297696443,0.00275083119710226,0.0029459915185182984,0.0036801660609881584,0.004163420190208826,0.005157808494566737,0.006235836936674379,0.006189370193480085,0.005929156431592033,0.005334382118705058,0.004739607805818082,0.0047303144571792235,0.005046288310900429,0.0049719415217895566,0.004683847713984929,0.004869714686762109,0.005315795421427339,0.005074168356817006,0.0047024344112626465,0.005650355972426263,0.006059263312536058,0.0061707834962023665,0.006449583955368136,0.00750902570019806,0.00943274886844187,0.0064124105608127,0.007546199094753496,0.008670694280055433,0.011124138320714206,0.012341566992404733,0.011430818825796553,0.012192873414182988,0.010101869970439716,0.009172535106553819,0.009562855749385896,0.009293348638858986,0.00934910873069214,0.009776602768079653,0.009107481666081807,0.008308253683139933,0.009544269052108178,0.00889373464738805,0.009423455519803012,0.009869536254468242,0.011124138320714206,0.013122208278068887,0.013038568140319156
24013,0.0010780284421076424,0.0010501483961910653,0.0010315616989133474,0.0010315616989133474,0.0010687350934687832,0.0011337885339407962,0.0011709619284962323,0.0013289488553568348,0.0018493763791329382,0.002007363305993541,0.0025277908297696443,0.00275083119710226,0.0029459915185182984,0.0036801660609881584,0.004163420190208826,0.005157808494566737,0.006235836936674379,0.006189370193480085,0.005929156431592033,0.005334382118705058,0.004739607805818082,0.0047303144571792235,0.005046288310900429,0.0049719415217895566,0.004683847713984929,0.004869714686762109,0.005315795421427339,0.005074168356817006,0.0047024344112626465,0.005650355972426263,0.006059263312536058,0.0061707834962023665,0.006449583955368136,0.00750902570019806,0.00943274886844187,0.0064124105608127,0.007546199094753496,0.008670694280055433,0.011124138320714206,0.012341566992404733,0.011430818825796553,0.012192873414182988,0.010101869970439716,0.009172535106553819,0.009562855749385896,0.009293348638858986,0.00934910873069214,0.009776602768079653,0.009107481666081807,0.008308253683139933,0.009544269052108178,0.00889373464738805,0.009423455519803012,0.009869536254468242,0.011124138320714206,0.013122208278068887,0.013038568140319156
24015,0.0010780284421076424,0.0010501483961910653,0.0010315616989133474,0.0010315616989133474,0.0010687350934687832,0.0011337885339407962,0.0011709619284962323,0.0013289488553568348,0.0018493763791329382,0.002007363305993541,0.0025277908297696443,0.00275083119710226,0.0029459915185182984,0.0036801660609881584,0.004163420190208826,0.005157808494566737,0.006235836936674379,0.006189370193480085,0.005929156431592033,0.005334382118705058,0.004739607805818082,0.0047303144571792235,0.005046288310900429,0.0049719415217895566,0.004683847713984929,0.004869714686762109,0.005315795421427339,0.005074168356817006,0.0047024344112626465,0.005650355972426263,0.006059263312536058,0.0061707834962023665,0.006449583955368136,0.00750902570019806,0.00943274886844187,0.0064124105608127,0.007546199094753496,0.008670694280055433,0.011124138320714206,0.012341566992404733,0.011430818825796553,0.012192873414182988,0.010101869970439716,0.009172535106553819,0.009562855749385896,0.009293348638858986,0.00934910873069214,0.009776602768079653,0.009107481666081807,0.008308253683139933,0.009544269052108178,0.00889373464738805,0.009423455519803012,0.009869536254468242,0.011124138320714206,0.013122208278068887,0.013038568140319156
24017,0.0010780284421076424,0.0010501483961910653,0.0010315616989133474,0.0010315616989133474,0.0010687350934687832,0.0011337885339407962,0.0011709619284962323,0.0013289488553568348,0.0018493763791329382,0.002007363305993541,0.0025277908297696443,0.00275083119710226,0.0029459915185182984,0.0036801660609881584,0.004163420190208826,0.005157808494566737,0.006235836936674379,0.006189370193480085,0.005929156431592033,0.005334382118705058,0.004739607805818082,0.0047303144571792235,0.005046288310900429,0.0049719415217895566,0.004683847713984929,0.004869714686762109,0.005315795421427339,0.005074168356817006,0.0047024344112626465,0.005650355972426263,0.006059263312536058,0.0061707834962023665,0.006449583955368136,0.00750902570019806,0.00943274886844187,0.0064124105608127,0.007546199094753496,0.008670694280055433,0.011124138320714206,0.012341566992404733,0.011430818825796553,0.012192873414182988,0.010101869970439716,0.009172535106553819,0.009562855749385896,0.009293348638858986,0.00934910873069214,0.009776602768079653,0.009107481666081807,0.008308253683139933,0.009544269052108178,0.00889373464738805,0.009423455519803012,0.009869536254468242,0.011124138320714206,0.013122208278068887,0.013038568140319156
24019,0.0010780284421076424,0.0010501483961910653,0.0010315616989133474,0.0010315616989133474,0.0010687350934687832,0.0011337885339407962,0.0011709619284962323,0.0013289488553568348,0.0018493763791329382,0.002007363305993541,0.0025277908297696443,0.00275083119710226,0.0029459915185182984,0.0036801660609881584,0.004163420190208826,0.005157808494566737,0.006235836936674379,0.006189370193480085,0.005929156431592033,0.005334382118705058,0.004739607805818082,0.0047303144571792235,0.005046288310900429,0.0049719415217895566,0.004683847713984929,0.004869714686762109,0.005315795421427339,0.005074168356817006,0.0047024344112626465,0.005650355972426263,0.006059263312536058,0.0061707834962023665,0.006449583955368136,0.00750902570019806,0.00943274886844187,0.0064124105608127,0.007546199094753496,0.008670694280055433,0.011124138320714206,0.012341566992404733,0.011430818825796553,0.012192873414182988,0.010101869970439716,0.009172535106553819,0.009562855749385896,0.009293348638858986,0.00934910873069214,0.009776602768079653,0.009107481666081807,0.008308253683139933,0.009544269052108178,0.00889373464738805,0.009423455519803012,0.009869536254468242,0.011124138320714206,0.013122208278068887,0.013038568140319156
24021,0.0010780284421076424,0.0010501483961910653,0.0010315616989133474,0.0010315616989133474,0.0010687350934687832,0.0011337885339407962,0.0011709619284962323,0.0013289488553568348,0.0018493763791329382,0.002007363305993541,0.0025277908297696443,0.00275083119710226,0.0029459915185182984,0.0036801660609881584,0.004163420190208826,0.005157808494566737,0.006235836936674379,0.006189370193480085,0.005929156431592033,0.005334382118705058,0.004739607805818082,0.0047303144571792235,0.005046288310900429,0.0049719415217895566,0.004683847713984929,0.004869714686762109,0.005315795421427339,0.005074168356817006,0.0047024344112626465,0.005650355972426263,0.006059263312536058,0.0061707834962023665,0.006449583955368136,0.00750902570019806,0.00943274886844187,0.0064124105608127,0.007546199094753496,0.008670694280055433,0.011124138320714206,0.012341566992404733,0.011430818825796553,0.012192873414182988,0.010101869970439716,0.009172535106553819,0.009562855749385896,0.009293348638858986,0.00934910873069214,0.009776602768079653,0.009107481666081807,0.008308253683139933,0.009544269052108178,0.00889373464738805,0.009423455519803012,0.009869536254468242,0.011124138320714206,0.013122208278068887,0.013038568140319156
24023,0.0010780284421076424,0.0010501483961910653,0.0010315616989133474,0.0010315616989133474,0.0010687350934687832,0.0011337885339407962,0.0011709619284962323,0.0013289488553568348,0.0018493763791329382,0.002007363305993541,0.0025277908297696443,0.00275083119710226,0.0029459915185182984,0.0036801660609881584,0.004163420190208826,0.005157808494566737,0.006235836936674379,0.006189370193480085,0.005929156431592033,0.005334382118705058,0.004739607805818082,0.0047303144571792235,0.005046288310900429,0.0049719415217895566,0.004683847713984929,0.004869714686762109,0.005315795421427339,0.005074168356817006,0.0047024344112626465,0.005650355972426263,0.006059263312536058,0.0061707834962023665,0.006449583955368136,0.00750902570019806,0.00943274886844187,0.0064124105608127,0.007546199094753496,0.008670694280055433,0.011124138320714206,0.012341566992404733,0.011430818825796553,0.012192873414182988,0.010101869970439716,0.009172535106553819,0.009562855749385896,0.009293348638858986,0.00934910873069214,0.009776602768079653,0.009107481666081807,0.008308253683139933,0.009544269052108178,0.00889373464738805,0.009423455519803012,0.009869536254468242,0.011124138320714206,0.013122208278068887,0.013038568140319156
24025,0.0010780284421076424,0.0010501483961910653,0.0010315616989133474,0.0010315616989133474,0.0010687350934687832,0.0011337885339407962,0.0011709619284962323,0.0013289488553568348,0.0018493763791329382,0.002007363305993541,0.0025277908297696443,0.00275083119710226,0.0029459915185182984,0.0036801660609881584,0.004163420190208826,0.005157808494566737,0.006235836936674379,0.006189370193480085,0.005929156431592033,0.005334382118705058,0.004739607805818082,0.0047303144571792235,0.005046288310900429,0.0049719415217895566,0.004683847713984929,0.004869714686762109,0.005315795421427339,0.005074168356817006,0.0047024344112626465,0.005650355972426263,0.006059263312536058,0.0061707834962023665,0.006449583955368136,0.00750902570019806,0.00943274886844187,0.0064124105608127,0.007546199094753496,0.008670694280055433,0.011124138320714206,0.012341566992404733,0.011430818825796553,0.012192873414182988,0.010101869970439716,0.009172535106553819,0.009562855749385896,0.009293348638858986,0.00934910873069214,0.009776602768079653,0.009107481666081807,0.008308253683139933,0.009544269052108178,0.00889373464738805,0.009423455519803012,0.009869536254468242,0.011124138320714206,0.013122208278068887,0.013038568140319156
24027,0.0010780284421076424,0.0010501483961910653,0.0010315616989133474,0.0010315616989133474,0.0010687350934687832,0.0011337885339407962,0.0011709619284962323,0.0013289488553568348,0.0018493763791329382,0.002007363305993541,0.0025277908297696443,0.00275083119710226,0.0029459915185182984,0.0036801660609881584,0.004163420190208826,0.005157808494566737,0.006235836936674379,0.006189370193480085,0.005929156431592033,0.005334382118705058,0.004739607805818082,0.0047303144571792235,0.005046288310900429,0.0049719415217895566,0.004683847713984929,0.004869714686762109,0.005315795421427339,0.005074168356817006,0.0047024344112626465,0.005650355972426263,0.006059263312536058,0.0061707834962023665,0.006449583955368136,0.00750902570019806,0.00943274886844187,0.0064124105608127,0.007546199094753496,0.008670694280055433,0.011124138320714206,0.012341566992404733,0.011430818825796553,0.012192873414182988,0.010101869970439716,0.009172535106553819,0.009562855749385896,0.009293348638858986,0.00934910873069214,0.009776602768079653,0.009107481666081807,0.008308253683139933,0.009544269052108178,0.00889373464738805,0.009423455519803012,0.009869536254468242,0.011124138320714206,0.013122208278068887,0.013038568140319156
24029,0.0010780284421076424,0.0010501483961910653,0.0010315616989133474,0.0010315616989133474,0.0010687350934687832,0.0011337885339407962,0.0011709619284962323,0.0013289488553568348,0.0018493763791329382,0.002007363305993541,0.0025277908297696443,0.00275083119710226,0.0029459915185182984,0.0036801660609881584,0.004163420190208826,0.005157808494566737,0.006235836936674379,0.006189370193480085,0.005929156431592033,0.005334382118705058,0.004739607805818082,0.0047303144571792235,0.005046288310900429,0.0049719415217895566,0.004683847713984929,0.004869714686762109,0.005315795421427339,0.005074168356817006,0.0047024344112626465,0.005650355972426263,0.006059263312536058,0.0061707834962023665,0.006449583955368136,0.00750902570019806,0.00943274886844187,0.0064124105608127,0.007546199094753496,0.008670694280055433,0.011124138320714206,0.012341566992404733,0.011430818825796553,0.012192873414182988,0.010101869970439716,0.009172535106553819,0.009562855749385896,0.009293348638858986,0.00934910873069214,0.009776602768079653,0.009107481666081807,0.008308253683139933,0.009544269052108178,0.00889373464738805,0.009423455519803012,0.009869536254468242,0.011124138320714206,0.013122208278068887,0.013038568140319156
24031,0.0010780284421076424,0.0010501483961910653,0.0010315616989133474,0.0010315616989133474,0.0010687350934687832,0.0011337885339407962,0.0011709619284962323,0.0013289488553568348,0.0018493763791329382,0.002007363305993541,0.0025277908297696443,0.00275083119710226,0.0029459915185182984,0.0036801660609881584,0.004163420190208826,0.005157808494566737,0.006235836936674379,0.006189370193480085,0.005929156431592033,0.005334382118705058,0.004739607805818082,0.0047303144571792235,0.005046288310900429,0.0049719415217895566,0.004683847713984929,0.004869714686762109,0.005315795421427339,0.005074168356817006,0.0047024344112626465,0.005650355972426263,0.006059263312536058,0.0061707834962023665,0.006449583955368136,0.00750902570019806,0.00943274886844187,0.0064124105608127,0.007546199094753496,0.008670694280055433,0.011124138320714206,0.012341566992404733,0.011430818825796553,0.012192873414182988,0.010101869970439716,0.009172535106553819,0.009562855749385896,0.009293348638858986,0.00934910873069214,0.009776602768079653,0.009107481666081807,0.008308253683139933,0.009544269052108178,0.00889373464738805,0.009423455519803012,0.009869536254468242,0.011124138320714206,0.013122208278068887,0.013038568140319156
24033,0.0010780284421076424,0.0010501483961910653,0.0010315616989133474,0.0010315616989133474,0.0010687350934687832,0.0011337885339407962,0.0011709619284962323,0.0013289488553568348,0.0018493763791329382,0.002007363305993541,0.0025277908297696443,0.00275083119710226,0.0029459915185182984,0.0036801660609881584,0.004163420190208826,0.005157808494566737,0.006235836936674379,0.006189370193480085,0.005929156431592033,0.005334382118705058,0.004739607805818082,0.0047303144571792235,0.005046288310900429,0.0049719415217895566,0.004683847713984929,0.004869714686762109,0.005315795421427339,0.005074168356817006,0.0047024344112626465,0.005650355972426263,0.006059263312536058,0.0061707834962023665,0.006449583955368136,0.00750902570019806,0.00943274886844187,0.0064124105608127,0.007546199094753496,0.008670694280055433,0.011124138320714206,0.012341566992404733,0.011430818825796553,0.012192873414182988,0.010101869970439716,0.009172535106553819,0.009562855749385896,0.009293348638858986,0.00934910873069214,0.009776602768079653,0.009107481666081807,0.008308253683139933,0.009544269052108178,0.00889373464738805,0.009423455519803012,0.009869536254468242,0.011124138320714206,0.013122208278068887,0.013038568140319156
24035,0.0010780284421076424,0.0010501483961910653,0.0010315616989133474,0.0010315616989133474,0.0010687350934687832,0.0011337885339407962,0.0011709619284962323,0.0013289488553568348,0.0018493763791329382,0.002007363305993541,0.0025277908297696443,0.00275083119710226,0.0029459915185182984,0.0036801660609881584,0.004163420190208826,0.005157808494566737,0.006235836936674379,0.006189370193480085,0.005929156431592033,0.005334382118705058,0.004739607805818082,0.0047303144571792235,0.005046288310900429,0.0049719415217895566,0.004683847713984929,0.004869714686762109,0.005315795421427339,0.005074168356817006,0.0047024344112626465,0.005650355972426263,0.006059263312536058,0.0061707834962023665,0.006449583955368136,0.00750902570019806,0.00943274886844187,0.0064124105608127,0.007546199094753496,0.008670694280055433,0.011124138320714206,0.012341566992404733,0.011430818825796553,0.012192873414182988,0.010101869970439716,0.009172535106553819,0.009562855749385896,0.009293348638858986,0.00934910873069214,0.009776602768079653,0.009107481666081807,0.008308253683139933,0.009544269052108178,0.00889373464738805,0.009423455519803012,0.009869536254468242,0.011124138320714206,0.013122208278068887,0.013038568140319156
24037,0.0010780284421076424,0.0010501483961910653,0.0010315616989133474,0.0010315616989133474,0.0010687350934687832,0.0011337885339407962,0.0011709619284962323,0.0013289488553568348,0.0018493763791329382,0.002007363305993541,0.0025277908297696443,0.00275083119710226,0.0029459915185182984,0.0036801660609881584,0.004163420190208826,0.005157808494566737,0.006235836936674379,0.006189370193480085,0.005929156431592033,0.005334382118705058,0.004739607805818082,0.0047303144571792235,0.005046288310900429,0.0049719415217895566,0.004683847713984929,0.004869714686762109,0.005315795421427339,0.005074168356817006,0.0047024344112626465,0.005650355972426263,0.006059263312536058,0.0061707834962023665,0.006449583955368136,0.00750902570019806,0.00943274886844187,0.0064124105608127,0.007546199094753496,0.008670694280055433,0.011124138320714206,0.012341566992404733,0.011430818825796553,0.012192873414182988,0.010101869970439716,0.009172535106553819,0.009562855749385896,0.009293348638858986,0.00934910873069214,0.009776602768079653,0.009107481666081807,0.008308253683139933,0.009544269052108178,0.00889373464738805,0.009423455519803012,0.009869536254468242,0.011124138320714206,0.013122208278068887,0.013038568140319156
24039,0.0010780284421076424,0.0010501483961910653,0.0010315616989133474,0.0010315616989133474,0.0010687350934687832,0.0011337885339407962,0.0011709619284962323,0.0013289488553568348,0.0018493763791329382,0.002007363305993541,0.0025277908297696443,0.00275083119710226,0.0029459915185182984,0.0036801660609881584,0.004163420190208826,0.005157808494566737,0.006235836936674379,0.006189370193480085,0.005929156431592033,0.005334382118705058,0.004739607805818082,0.0047303144571792235,0.005046288310900429,0.0049719415217895566,0.004683847713984929,0.004869714686762109,0.005315795421427339,0.005074168356817006,0.0047024344112626465,0.005650355972426263,0.006059263312536058,0.0061707834962023665,0.006449583955368136,0.00750902570019806,0.00943274886844187,0.0064124105608127,0.007546199094753496,0.008670694280055433,0.011124138320714206,0.012341566992404733,0.011430818825796553,0.012192873414182988,0.010101869970439716,0.009172535106553819,0.009562855749385896,0.009293348638858986,0.00934910873069214,0.009776602768079653,0.009107481666081807,0.008308253683139933,0.009544269052108178,0.00889373464738805,0.009423455519803012,0.009869536254468242,0.011124138320714206,0.013122208278068887,0.013038568140319156
24041,0.0010780284421076424,0.0010501483961910653,0.0010315616989133474,0.0010315616989133474,0.0010687350934687832,0.0011337885339407962,0.0011709619284962323,0.0013289488553568348,0.0018493763791329382,0.002007363305993541,0.0025277908297696443,0.00275083119710226,0.0029459915185182984,0.0036801660609881584,0.004163420190208826,0.005157808494566737,0.006235836936674379,0.006189370193480085,0.005929156431592033,0.005334382118705058,0.004739607805818082,0.0047303144571792235,0.005046288310900429,0.0049719415217895566,0.004683847713984929,0.004869714686762109,0.005315795421427339,0.005074168356817006,0.0047024344112626465,0.005650355972426263,0.006059263312536058,0.0061707834962023665,0.006449583955368136,0.00750902570019806,0.00943274886844187,0.0064124105608127,0.007546199094753496,0.008670694280055433,0.011124138320714206,0.012341566992404733,0.011430818825796553,0.012192873414182988,0.010101869970439716,0.009172535106553819,0.009562855749385896,0.009293348638858986,0.00934910873069214,0.009776602768079653,0.009107481666081807,0.008308253683139933,0.009544269052108178,0.00889373464738805,0.009423455519803012,0.009869536254468242,0.011124138320714206,0.013122208278068887,0.013038568140319156
24043,0.0010780284421076424,0.0010501483961910653,0.0010315616989133474,0.0010315616989133474,0.0010687350934687832,0.0011337885339407962,0.0011709619284962323,0.0013289488553568348,0.0018493763791329382,0.002007363305993541,0.0025277908297696443,0.00275083119710226,0.0029459915185182984,0.0036801660609881584,0.004163420190208826,0.005157808494566737,0.006235836936674379,0.006189370193480085,0.005929156431592033,0.005334382118705058,0.004739607805818082,0.0047303144571792235,0.005046288310900429,0.0049719415217895566,0.004683847713984929,0.004869714686762109,0.005315795421427339,0.005074168356817006,0.0047024344112626465,0.005650355972426263,0.006059263312536058,0.0061707834962023665,0.006449583955368136,0.00750902570019806,0.00943274886844187,0.0064124105608127,0.007546199094753496,0.008670694280055433,0.011124138320714206,0.012341566992404733,0.011430818825796553,0.012192873414182988,0.010101869970439716,0.009172535106553819,0.009562855749385896,0.009293348638858986,0.00934910873069214,0.009776602768079653,0.009107481666081807,0.008308253683139933,0.009544269052108178,0.00889373464738805,0.009423455519803012,0.009869536254468242,0.011124138320714206,0.013122208278068887,0.013038568140319156
24045,0.0010780284421076424,0.0010501483961910653,0.0010315616989133474,0.0010315616989133474,0.0010687350934687832,0.0011337885339407962,0.0011709619284962323,0.0013289488553568348,0.0018493763791329382,0.002007363305993541,0.0025277908297696443,0.00275083119710226,0.0029459915185182984,0.0036801660609881584,0.004163420190208826,0.005157808494566737,0.006235836936674379,0.006189370193480085,0.005929156431592033,0.005334382118705058,0.004739607805818082,0.0047303144571792235,0.005046288310900429,0.0049719415217895566,0.004683847713984929,0.004869714686762109,0.005315795421427339,0.005074168356817006,0.0047024344112626465,0.005650355972426263,0.006059263312536058,0.0061707834962023665,0.006449583955368136,0.00750902570019806,0.00943274886844187,0.0064124105608127,0.007546199094753496,0.008670694280055433,0.011124138320714206,0.012341566992404733,0.011430818825796553,0.012192873414182988,0.010101869970439716,0.009172535106553819,0.009562855749385896,0.009293348638858986,0.00934910873069214,0.009776602768079653,0.009107481666081807,0.008308253683139933,0.009544269052108178,0.00889373464738805,0.009423455519803012,0.009869536254468242,0.011124138320714206,0.013122208278068887,0.013038568140319156
24047,0.0010780284421076424,0.0010501483961910653,0.0010315616989133474,0.0010315616989133474,0.0010687350934687832,0.0011337885339407962,0.0011709619284962323,0.0013289488553568348,0.0018493763791329382,0.002007363305993541,0.0025277908297696443,0.00275083119710226,0.0029459915185182984,0.0036801660609881584,0.004163420190208826,0.005157808494566737,0.006235836936674379,0.006189370193480085,0.005929156431592033,0.005334382118705058,0.004739607805818082,0.0047303144571792235,0.005046288310900429,0.0049719415217895566,0.004683847713984929,0.004869714686762109,0.005315795421427339,0.005074168356817006,0.0047024344112626465,0.005650355972426263,0.006059263312536058,0.0061707834962023665,0.006449583955368136,0.00750902570019806,0.00943274886844187,0.0064124105608127,0.007546199094753496,0.008670694280055433,0.011124138320714206,0.012341566992404733,0.011430818825796553,0.012192873414182988,0.010101869970439716,0.009172535106553819,0.009562855749385896,0.009293348638858986,0.00934910873069214,0.009776602768079653,0.009107481666081807,0.008308253683139933,0.009544269052108178,0.00889373464738805,0.009423455519803012,0.009869536254468242,0.011124138320714206,0.013122208278068887,0.013038568140319156
24510,0.0010780284421076424,0.0010501483961910653,0.0010315616989133474,0.0010315616989133474,0.0010687350934687832,0.0011337885339407962,0.0011709619284962323,0.0013289488553568348,0.0018493763791329382,0.002007363305993541,0.0025277908297696443,0.00275083119710226,0.0029459915185182984,0.0036801660609881584,0.004163420190208826,0.005157808494566737,0.006235836936674379,0.006189370193480085,0.005929156431592033,0.005334382118705058,0.004739607805818082,0.0047303144571792235,0.005046288310900429,0.0049719415217895566,0.004683847713984929,0.004869714686762109,0.005315795421427339,0.005074168356817006,0.0047024344112626465,0.005650355972426263,0.006059263312536058,0.0061707834962023665,0.006449583955368136,0.00750902570019806,0.00943274886844187,0.0064124105608127,0.007546199094753496,0.008670694280055433,0.011124138320714206,0.012341566992404733,0.011430818825796553,0.012192873414182988,0.010101869970439716,0.009172535106553819,0.009562855749385896,0.009293348638858986,0.00934910873069214,0.009776602768079653,0.009107481666081807,0.008308253683139933,0.009544269052108178,0.00889373464738805,0.009423455519803012,0.009869536254468242,0.011124138320714206,0.013122208278068887,0.013038568140319156
25001,0.0012824821121625398,0.0013103621580791169,0.0013103621580791169,0.0013196555067179758,0.0014869357822174377,0.0015891626172448866,0.0016820961036334765,0.001998069957354682,0.002462737389297631,0.0028623513807685677,0.0031876185831286323,0.003289845418156081,0.00356864587732185,0.004386460557541441,0.005325088770066199,0.005966329826147468,0.006895664690033367,0.006672624322700752,0.006542517441756726,0.006180076844841226,0.00550166239420452,0.005678236018342841,0.005455195651010224,0.0059012763856754556,0.005733996110175994,0.005445902302371366,0.005613182577870827,0.006338063771701828,0.006124316753008071,0.006263716982590956,0.006821317900922495,0.0068027312036447775,0.007090825011449406,0.008001573178057586,0.010603710796938103,0.008187440150834767,0.010185510108189449,0.011598099101296014,0.01328019520492949,0.014627730757564043,0.01401436974739935,0.014172356674259952,0.011941953000933796,0.011152018366630783,0.010854631210187295,0.009925296346301396,0.010455017218716358,0.011598099101296014,0.010046109878606563,0.008810094509638319,0.00944204221708073,0.011932659652294937,0.010520070659188372,0.010408550475522063,0.011198485109825079,0.014460450482064582,0.014423277087509146
25003,0.0012824821121625398,0.0013103621580791169,0.0013103621580791169,0.0013196555067179758,0.0014869357822174377,0.0015891626172448866,0.0016820961036334765,0.001998069957354682,0.002462737389297631,0.0028623513807685677,0.0031876185831286323,0.003289845418156081,0.00356864587732185,0.004386460557541441,0.005325088770066199,0.005966329826147468,0.006895664690033367,0.006672624322700752,0.006542517441756726,0.006180076844841226,0.00550166239420452,0.005678236018342841,0.005455195651010224,0.0059012763856754556,0.005733996110175994,0.005445902302371366,0.005613182577870827,0.006338063771701828,0.006124316753008071,0.006263716982590956,0.006821317900922495,0.0068027312036447775,0.007090825011449406,0.008001573178057586,0.010603710796938103,0.008187440150834767,0.010185510108189449,0.011598099101296014,0.01328019520492949,0.014627730757564043,0.01401436974739935,0.014172356674259952,0.011941953000933796,0.011152018366630783,0.010854631210187295,0.009925296346301396,0.010455017218716358,0.011598099101296014,0.010046109878606563,0.008810094509638319,0.00944204221708073,0.011932659652294937,0.010520070659188372,0.010408550475522063,0.011198485109825079,0.014460450482064582,0.014423277087509146
25005,0.0012824821121625398,0.0013103621580791169,0.0013103621580791169,0.0013196555067179758,0.0014869357822174377,0.0015891626172448866,0.0016820961036334765,0.001998069957354682,0.002462737389297631,0.0028623513807685677,0.0031876185831286323,0.003289845418156081,0.00356864587732185,0.004386460557541441,0.005325088770066199,0.005966329826147468,0.006895664690033367,0.006672624322700752,0.006542517441756726,0.006180076844841226,0.00550166239420452,0.005678236018342841,0.005455195651010224,0.0059012763856754556,0.005733996110175994,0.005445902302371366,0.005613182577870827,0.006338063771701828,0.006124316753008071,0.006263716982590956,0.006821317900922495,0.0068027312036447775,0.007090825011449406,0.008001573178057586,0.010603710796938103,0.008187440150834767,0.010185510108189449,0.011598099101296014,0.01328019520492949,0.014627730757564043,0.01401436974739935,0.014172356674259952,0.011941953000933796,0.011152018366630783,0.010854631210187295,0.009925296346301396,0.010455017218716358,0.011598099101296014,0.010046109878606563,0.008810094509638319,0.00944204221708073,0.011932659652294937,0.010520070659188372,0.010408550475522063,0.011198485109825079,0.014460450482064582,0.014423277087509146
25007,0.0012824821121625398,0.0013103621580791169,0.0013103621580791169,0.0013196555067179758,0.0014869357822174377,0.0015891626172448866,0.0016820961036334765,0.001998069957354682,0.002462737389297631,0.0028623513807685677,0.0031876185831286323,0.003289845418156081,0.00356864587732185,0.004386460557541441,0.005325088770066199,0.005966329826147468,0.006895664690033367,0.006672624322700752,0.006542517441756726,0.006180076844841226,0.00550166239420452,0.005678236018342841,0.005455195651010224,0.0059012763856754556,0.005733996110175994,0.005445902302371366,0.005613182577870827,0.006338063771701828,0.006124316753008071,0.006263716982590956,0.006821317900922495,0.0068027312036447775,0.007090825011449406,0.008001573178057586,0.010603710796938103,0.008187440150834767,0.010185510108189449,0.011598099101296014,0.01328019520492949,0.014627730757564043,0.01401436974739935,0.014172356674259952,0.011941953000933796,0.011152018366630783,0.010854631210187295,0.009925296346301396,0.010455017218716358,0.011598099101296014,0.010046109878606563,0.008810094509638319,0.00944204221708073,0.011932659652294937,0.010520070659188372,0.010408550475522063,0.011198485109825079,0.014460450482064582,0.014423277087509146
25009,0.0012824821121625398,0.0013103621580791169,0.0013103621580791169,0.0013196555067179758,0.0014869357822174377,0.0015891626172448866,0.0016820961036334765,0.001998069957354682,0.002462737389297631,0.0028623513807685677,0.0031876185831286323,0.003289845418156081,0.00356864587732185,0.004386460557541441,0.005325088770066199,0.005966329826147468,0.006895664690033367,0.006672624322700752,0.006542517441756726,0.006180076844841226,0.00550166239420452,0.005678236018342841,0.005455195651010224,0.0059012763856754556,0.005733996110175994,0.005445902302371366,0.005613182577870827,0.006338063771701828,0.006124316753008071,0.006263716982590956,0.006821317900922495,0.0068027312036447775,0.007090825011449406,0.008001573178057586,0.010603710796938103,0.008187440150834767,0.010185510108189449,0.011598099101296014,0.01328019520492949,0.014627730757564043,0.01401436974739935,0.014172356674259952,0.011941953000933796,0.011152018366630783,0.010854631210187295,0.009925296346301396,0.010455017218716358,0.011598099101296014,0.010046109878606563,0.008810094509638319,0.00944204221708073,0.011932659652294937,0.010520070659188372,0.010408550475522063,0.011198485109825079,0.014460450482064582,0.014423277087509146
25011,0.0012824821121625398,0.0013103621580791169,0.0013103621580791169,0.0013196555067179758,0.0014869357822174377,0.0015891626172448866,0.0016820961036334765,0.001998069957354682,0.002462737389297631,0.0028623513807685677,0.0031876185831286323,0.003289845418156081,0.00356864587732185,0.004386460557541441,0.005325088770066199,0.005966329826147468,0.006895664690033367,0.006672624322700752,0.006542517441756726,0.006180076844841226,0.00550166239420452,0.005678236018342841,0.005455195651010224,0.0059012763856754556,0.005733996110175994,0.005445902302371366,0.005613182577870827,0.006338063771701828,0.006124316753008071,0.006263716982590956,0.006821317900922495,0.0068027312036447775,0.007090825011449406,0.008001573178057586,0.010603710796938103,0.008187440150834767,0.010185510108189449,0.011598099101296014,0.01328019520492949,0.014627730757564043,0.01401436974739935,0.014172356674259952,0.011941953000933796,0.011152018366630783,0.010854631210187295,0.009925296346301396,0.010455017218716358,0.011598099101296014,0.010046109878606563,0.008810094509638319,0.00944204221708073,0.011932659652294937,0.010520070659188372,0.010408550475522063,0.011198485109825079,0.014460450482064582,0.014423277087509146
25013,0.0012824821121625398,0.0013103621580791169,0.0013103621580791169,0.0013196555067179758,0.0014869357822174377,0.0015891626172448866,0.0016820961036334765,0.001998069957354682,0.002462737389297631,0.0028623513807685677,0.0031876185831286323,0.003289845418156081,0.00356864587732185,0.004386460557541441,0.005325088770066199,0.005966329826147468,0.006895664690033367,0.006672624322700752,0.006542517441756726,0.006180076844841226,0.00550166239420452,0.005678236018342841,0.005455195651010224,0.0059012763856754556,0.005733996110175994,0.005445902302371366,0.005613182577870827,0.006338063771701828,0.006124316753008071,0.006263716982590956,0.006821317900922495,0.0068027312036447775,0.007090825011449406,0.008001573178057586,0.010603710796938103,0.008187440150834767,0.010185510108189449,0.011598099101296014,0.01328019520492949,0.014627730757564043,0.01401436974739935,0.014172356674259952,0.011941953000933796,0.011152018366630783,0.010854631210187295,0.009925296346301396,0.010455017218716358,0.011598099101296014,0.010046109878606563,0.008810094509638319,0.00944204221708073,0.011932659652294937,0.010520070659188372,0.010408550475522063,0.011198485109825079,0.014460450482064582,0.014423277087509146
25015,0.0012824821121625398,0.0013103621580791169,0.0013103621580791169,0.0013196555067179758,0.0014869357822174377,0.0015891626172448866,0.0016820961036334765,0.001998069957354682,0.002462737389297631,0.0028623513807685677,0.0031876185831286323,0.003289845418156081,0.00356864587732185,0.004386460557541441,0.005325088770066199,0.005966329826147468,0.006895664690033367,0.006672624322700752,0.006542517441756726,0.006180076844841226,0.00550166239420452,0.005678236018342841,0.005455195651010224,0.0059012763856754556,0.005733996110175994,0.005445902302371366,0.005613182577870827,0.006338063771701828,0.006124316753008071,0.006263716982590956,0.006821317900922495,0.0068027312036447775,0.007090825011449406,0.008001573178057586,0.010603710796938103,0.008187440150834767,0.010185510108189449,0.011598099101296014,0.01328019520492949,0.014627730757564043,0.01401436974739935,0.014172356674259952,0.011941953000933796,0.011152018366630783,0.010854631210187295,0.009925296346301396,0.010455017218716358,0.011598099101296014,0.010046109878606563,0.008810094509638319,0.00944204221708073,0.011932659652294937,0.010520070659188372,0.010408550475522063,0.011198485109825079,0.014460450482064582,0.014423277087509146
25017,0.0012824821121625398,0.0013103621580791169,0.0013103621580791169,0.0013196555067179758,0.0014869357822174377,0.0015891626172448866,0.0016820961036334765,0.001998069957354682,0.002462737389297631,0.0028623513807685677,0.0031876185831286323,0.003289845418156081,0.00356864587732185,0.004386460557541441,0.005325088770066199,0.005966329826147468,0.006895664690033367,0.006672624322700752,0.006542517441756726,0.006180076844841226,0.00550166239420452,0.005678236018342841,0.005455195651010224,0.0059012763856754556,0.005733996110175994,0.005445902302371366,0.005613182577870827,0.006338063771701828,0.006124316753008071,0.006263716982590956,0.006821317900922495,0.0068027312036447775,0.007090825011449406,0.008001573178057586,0.010603710796938103,0.008187440150834767,0.010185510108189449,0.011598099101296014,0.01328019520492949,0.014627730757564043,0.01401436974739935,0.014172356674259952,0.011941953000933796,0.011152018366630783,0.010854631210187295,0.009925296346301396,0.010455017218716358,0.011598099101296014,0.010046109878606563,0.008810094509638319,0.00944204221708073,0.011932659652294937,0.010520070659188372,0.010408550475522063,0.011198485109825079,0.014460450482064582,0.014423277087509146
25019,0.0012824821121625398,0.0013103621580791169,0.0013103621580791169,0.0013196555067179758,0.0014869357822174377,0.0015891626172448866,0.0016820961036334765,0.001998069957354682,0.002462737389297631,0.0028623513807685677,0.0031876185831286323,0.003289845418156081,0.00356864587732185,0.004386460557541441,0.005325088770066199,0.005966329826147468,0.006895664690033367,0.006672624322700752,0.006542517441756726,0.006180076844841226,0.00550166239420452,0.005678236018342841,0.005455195651010224,0.0059012763856754556,0.005733996110175994,0.005445902302371366,0.005613182577870827,0.006338063771701828,0.006124316753008071,0.006263716982590956,0.006821317900922495,0.0068027312036447775,0.007090825011449406,0.008001573178057586,0.010603710796938103,0.008187440150834767,0.010185510108189449,0.011598099101296014,0.01328019520492949,0.014627730757564043,0.01401436974739935,0.014172356674259952,0.011941953000933796,0.011152018366630783,0.010854631210187295,0.009925296346301396,0.010455017218716358,0.011598099101296014,0.010046109878606563,0.008810094509638319,0.00944204221708073,0.011932659652294937,0.010520070659188372,0.010408550475522063,0.011198485109825079,0.014460450482064582,0.014423277087509146
25021,0.0012824821121625398,0.0013103621580791169,0.0013103621580791169,0.0013196555067179758,0.0014869357822174377,0.0015891626172448866,0.0016820961036334765,0.001998069957354682,0.002462737389297631,0.0028623513807685677,0.0031876185831286323,0.003289845418156081,0.00356864587732185,0.004386460557541441,0.005325088770066199,0.005966329826147468,0.006895664690033367,0.006672624322700752,0.006542517441756726,0.006180076844841226,0.00550166239420452,0.005678236018342841,0.005455195651010224,0.0059012763856754556,0.005733996110175994,0.005445902302371366,0.005613182577870827,0.006338063771701828,0.006124316753008071,0.006263716982590956,0.006821317900922495,0.0068027312036447775,0.007090825011449406,0.008001573178057586,0.010603710796938103,0.008187440150834767,0.010185510108189449,0.011598099101296014,0.01328019520492949,0.014627730757564043,0.01401436974739935,0.014172356674259952,0.011941953000933796,0.011152018366630783,0.010854631210187295,0.009925296346301396,0.010455017218716358,0.011598099101296014,0.010046109878606563,0.008810094509638319,0.00944204221708073,0.011932659652294937,0.010520070659188372,0.010408550475522063,0.011198485109825079,0.014460450482064582,0.014423277087509146
25023,0.0012824821121625398,0.0013103621580791169,0.0013103621580791169,0.0013196555067179758,0.0014869357822174377,0.0015891626172448866,0.0016820961036334765,0.001998069957354682,0.002462737389297631,0.0028623513807685677,0.0031876185831286323,0.003289845418156081,0.00356864587732185,0.004386460557541441,0.005325088770066199,0.005966329826147468,0.006895664690033367,0.006672624322700752,0.006542517441756726,0.006180076844841226,0.00550166239420452,0.005678236018342841,0.005455195651010224,0.0059012763856754556,0.005733996110175994,0.005445902302371366,0.005613182577870827,0.006338063771701828,0.006124316753008071,0.006263716982590956,0.006821317900922495,0.0068027312036447775,0.007090825011449406,0.008001573178057586,0.010603710796938103,0.008187440150834767,0.010185510108189449,0.011598099101296014,0.01328019520492949,0.014627730757564043,0.01401436974739935,0.014172356674259952,0.011941953000933796,0.011152018366630783,0.010854631210187295,0.009925296346301396,0.010455017218716358,0.011598099101296014,0.010046109878606563,0.008810094509638319,0.00944204221708073,0.011932659652294937,0.010520070659188372,0.010408550475522063,0.011198485109825079,0.014460450482064582,0.014423277087509146
25025,0.0012824821121625398,0.0013103621580791169,0.0013103621580791169,0.0013196555067179758,0.0014869357822174377,0.0015891626172448866,0.0016820961036334765,0.001998069957354682,0.002462737389297631,0.0028623513807685677,0.0031876185831286323,0.003289845418156081,0.00356864587732185,0.004386460557541441,0.005325088770066199,0.005966329826147468,0.006895664690033367,0.006672624322700752,0.006542517441756726,0.006180076844841226,0.00550166239420452,0.005678236018342841,0.005455195651010224,0.0059012763856754556,0.005733996110175994,0.005445902302371366,0.005613182577870827,0.006338063771701828,0.006124316753008071,0.006263716982590956,0.006821317900922495,0.0068027312036447775,0.007090825011449406,0.008001573178057586,0.010603710796938103,0.008187440150834767,0.010185510108189449,0.011598099101296014,0.01328019520492949,0.014627730757564043,0.01401436974739935,0.014172356674259952,0.011941953000933796,0.011152018366630783,0.010854631210187295,0.009925296346301396,0.010455017218716358,0.011598099101296014,0.010046109878606563,0.008810094509638319,0.00944204221708073,0.011932659652294937,0.010520070659188372,0.010408550475522063,0.011198485109825079,0.014460450482064582,0.014423277087509146
25027,0.0012824821121625398,0.0013103621580791169,0.0013103621580791169,0.0013196555067179758,0.0014869357822174377,0.0015891626172448866,0.0016820961036334765,0.001998069957354682,0.002462737389297631,0.0028623513807685677,0.0031876185831286323,0.003289845418156081,0.00356864587732185,0.004386460557541441,0.005325088770066199,0.005966329826147468,0.006895664690033367,0.006672624322700752,0.006542517441756726,0.006180076844841226,0.00550166239420452,0.005678236018342841,0.005455195651010224,0.0059012763856754556,0.005733996110175994,0.005445902302371366,0.005613182577870827,0.006338063771701828,0.006124316753008071,0.006263716982590956,0.006821317900922495,0.0068027312036447775,0.007090825011449406,0.008001573178057586,0.010603710796938103,0.008187440150834767,0.010185510108189449,0.011598099101296014,0.01328019520492949,0.014627730757564043,0.01401436974739935,0.014172356674259952,0.011941953000933796,0.011152018366630783,0.010854631210187295,0.009925296346301396,0.010455017218716358,0.011598099101296014,0.010046109878606563,0.008810094509638319,0.00944204221708073,0.011932659652294937,0.010520070659188372,0.010408550475522063,0.011198485109825079,0.014460450482064582,0.014423277087509146
26001,0.0007620545883864368,0.0007527612397475779,0.0007527612397475779,0.0007806412856641548,0.0008085213315807317,0.0008364013774973088,0.0008921614693304626,0.0010501483961910653,0.00137541559855113,0.0016913894522723354,0.001970189911438105,0.002072416746465554,0.002397683948825618,0.0029645782157960163,0.0035593525286829915,0.004330700465708288,0.005232155283677609,0.0051763951918444556,0.005334382118705058,0.00486042133812325,0.00467455436534607,0.004646674319429493,0.004507274089846608,0.00430282041979171,0.0043678738602637235,0.004321407117069429,0.004330700465708288,0.004349287162986005,0.004144833492931108,0.004414340603458018,0.004646674319429493,0.004553740833040903,0.004525860787124326,0.0044608073466523126,0.005055581659539289,0.005548129137398814,0.006440290606729277,0.007416092213809471,0.00871716102324973,0.00999034978677341,0.009311935336136704,0.009906709649023678,0.00871716102324973,0.008317547031778791,0.008494120655917113,0.007759946113447253,0.007267398635587727,0.00769489267297524,0.006979304827783098,0.0064124105608127,0.006523930744479008,0.006421703909451559,0.006328770423062968,0.006375237166257265,0.0073138653787820215,0.009293348638858986,0.009339815382053281
26003,0.0007620545883864368,0.0007527612397475779,0.0007527612397475779,0.0007806412856641548,0.0008085213315807317,0.0008364013774973088,0.0008921614693304626,0.0010501483961910653,0.00137541559855113,0.0016913894522723354,0.001970189911438105,0.002072416746465554,0.002397683948825618,0.0029645782157960163,0.0035593525286829915,0.004330700465708288,0.005232155283677609,0.0051763951918444556,0.005334382118705058,0.00486042133812325,0.00467455436534607,0.004646674319429493,0.004507274089846608,0.00430282041979171,0.0043678738602637235,0.004321407117069429,0.004330700465708288,0.004349287162986005,0.004144833492931108,0.004414340603458018,0.004646674319429493,0.004553740833040903,0.004525860787124326,0.0044608073466523126,0.005055581659539289,0.005548129137398814,0.006440290606729277,0.007416092213809471,0.00871716102324973,0.00999034978677341,0.009311935336136704,0.009906709649023678,0.00871716102324973,0.008317547031778791,0.008494120655917113,0.007759946113447253,0.007267398635587727,0.00769489267297524,0.006979304827783098,0.0064124105608127,0.006523930744479008,0.006421703909451559,0.006328770423062968,0.006375237166257265,0.0073138653787820215,0.009293348638858986,0.009339815382053281
26005,0.0007620545883864368,0.0007527612397475779,0.0007527612397475779,0.0007806412856641548,0.0008085213315807317,0.0008364013774973088,0.0008921614693304626,0.0010501483961910653,0.00137541559855113,0.0016913894522723354,0.001970189911438105,0.002072416746465554,0.002397683948825618,0.0029645782157960163,0.0035593525286829915,0.004330700465708288,0.005232155283677609,0.0051763951918444556,0.005334382118705058,0.00486042133812325,0.00467455436534607,0.004646674319429493,0.004507274089846608,0.00430282041979171,0.0043678738602637235,0.004321407117069429,0.004330700465708288,0.004349287162986005,0.004144833492931108,0.004414340603458018,0.004646674319429493,0.004553740833040903,0.004525860787124326,0.0044608073466523126,0.005055581659539289,0.005548129137398814,0.006440290606729277,0.007416092213809471,0.00871716102324973,0.00999034978677341,0.009311935336136704,0.009906709649023678,0.00871716102324973,0.008317547031778791,0.008494120655917113,0.007759946113447253,0.007267398635587727,0.00769489267297524,0.006979304827783098,0.0064124105608127,0.006523930744479008,0.006421703909451559,0.006328770423062968,0.006375237166257265,0.0073138653787820215,0.009293348638858986,0.009339815382053281
26007,0.0007620545883864368,0.0007527612397475779,0.0007527612397475779,0.0007806412856641548,0.0008085213315807317,0.0008364013774973088,0.0008921614693304626,0.0010501483961910653,0.00137541559855113,0.0016913894522723354,0.001970189911438105,0.002072416746465554,0.002397683948825618,0.0029645782157960163,0.0035593525286829915,0.004330700465708288,0.005232155283677609,0.0051763951918444556,0.005334382118705058,0.00486042133812325,0.00467455436534607,0.004646674319429493,0.004507274089846608,0.00430282041979171,0.0043678738602637235,0.004321407117069429,0.004330700465708288,0.004349287162986005,0.004144833492931108,0.004414340603458018,0.004646674319429493,0.004553740833040903,0.004525860787124326,0.0044608073466523126,0.005055581659539289,0.005548129137398814,0.006440290606729277,0.007416092213809471,0.00871716102324973,0.00999034978677341,0.009311935336136704,0.009906709649023678,0.00871716102324973,0.008317547031778791,0.008494120655917113,0.007759946113447253,0.007267398635587727,0.00769489267297524,0.006979304827783098,0.0064124105608127,0.006523930744479008,0.006421703909451559,0.006328770423062968,0.006375237166257265,0.0073138653787820215,0.009293348638858986,0.009339815382053281
26009,0.0007620545883864368,0.0007527612397475779,0.0007527612397475779,0.0007806412856641548,0.0008085213315807317,0.0008364013774973088,0.0008921614693304626,0.0010501483961910653,0.00137541559855113,0.0016913894522723354,0.001970189911438105,0.002072416746465554,0.002397683948825618,0.0029645782157960163,0.0035593525286829915,0.004330700465708288,0.005232155283677609,0.0051763951918444556,0.005334382118705058,0.00486042133812325,0.00467455436534607,0.004646674319429493,0.004507274089846608,0.00430282041979171,0.0043678738602637235,0.004321407117069429,0.004330700465708288,0.004349287162986005,0.004144833492931108,0.004414340603458018,0.004646674319429493,0.004553740833040903,0.004525860787124326,0.0044608073466523126,0.005055581659539289,0.005548129137398814,0.006440290606729277,0.007416092213809471,0.00871716102324973,0.00999034978677341,0.009311935336136704,0.009906709649023678,0.00871716102324973,0.008317547031778791,0.008494120655917113,0.007759946113447253,0.007267398635587727,0.00769489267297524,0.006979304827783098,0.0064124105608127,0.006523930744479008,0.006421703909451559,0.006328770423062968,0.006375237166257265,0.0073138653787820215,0.009293348638858986,0.009339815382053281
26011,0.0007620545883864368,0.0007527612397475779,0.0007527612397475779,0.0007806412856641548,0.0008085213315807317,0.0008364013774973088,0.0008921614693304626,0.0010501483961910653,0.00137541559855113,0.0016913894522723354,0.001970189911438105,0.002072416746465554,0.002397683948825618,0.0029645782157960163,0.0035593525286829915,0.004330700465708288,0.005232155283677609,0.0051763951918444556,0.005334382118705058,0.00486042133812325,0.00467455436534607,0.004646674319429493,0.004507274089846608,0.00430282041979171,0.0043678738602637235,0.004321407117069429,0.004330700465708288,0.004349287162986005,0.004144833492931108,0.004414340603458018,0.004646674319429493,0.004553740833040903,0.004525860787124326,0.0044608073466523126,0.005055581659539289,0.005548129137398814,0.006440290606729277,0.007416092213809471,0.00871716102324973,0.00999034978677341,0.009311935336136704,0.009906709649023678,0.00871716102324973,0.008317547031778791,0.008494120655917113,0.007759946113447253,0.007267398635587727,0.00769489267297524,0.006979304827783098,0.0064124105608127,0.006523930744479008,0.006421703909451559,0.006328770423062968,0.006375237166257265,0.0073138653787820215,0.009293348638858986,0.009339815382053281
26013,0.0007620545883864368,0.0007527612397475779,0.0007527612397475779,0.0007806412856641548,0.0008085213315807317,0.0008364013774973088,0.0008921614693304626,0.0010501483961910653,0.00137541559855113,0.0016913894522723354,0.001970189911438105,0.002072416746465554,0.002397683948825618,0.0029645782157960163,0.0035593525286829915,0.004330700465708288,0.005232155283677609,0.0051763951918444556,0.005334382118705058,0.00486042133812325,0.00467455436534607,0.004646674319429493,0.004507274089846608,0.00430282041979171,0.0043678738602637235,0.004321407117069429,0.004330700465708288,0.004349287162986005,0.004144833492931108,0.004414340603458018,0.004646674319429493,0.004553740833040903,0.004525860787124326,0.0044608073466523126,0.005055581659539289,0.005548129137398814,0.006440290606729277,0.007416092213809471,0.00871716102324973,0.00999034978677341,0.009311935336136704,0.009906709649023678,0.00871716102324973,0.008317547031778791,0.008494120655917113,0.007759946113447253,0.007267398635587727,0.00769489267297524,0.006979304827783098,0.0064124105608127,0.006523930744479008,0.006421703909451559,0.006328770423062968,0.006375237166257265,0.0073138653787820215,0.009293348638858986,0.009339815382053281
26015,0.0007620545883864368,0.0007527612397475779,0.0007527612397475779,0.0007806412856641548,0.0008085213315807317,0.0008364013774973088,0.0008921614693304626,0.0010501483961910653,0.00137541559855113,0.0016913894522723354,0.001970189911438105,0.002072416746465554,0.002397683948825618,0.0029645782157960163,0.0035593525286829915,0.004330700465708288,0.005232155283677609,0.0051763951918444556,0.005334382118705058,0.00486042133812325,0.00467455436534607,0.004646674319429493,0.004507274089846608,0.00430282041979171,0.0043678738602637235,0.004321407117069429,0.004330700465708288,0.004349287162986005,0.004144833492931108,0.004414340603458018,0.004646674319429493,0.004553740833040903,0.004525860787124326,0.0044608073466523126,0.005055581659539289,0.005548129137398814,0.006440290606729277,0.007416092213809471,0.00871716102324973,0.00999034978677341,0.009311935336136704,0.009906709649023678,0.00871716102324973,0.008317547031778791,0.008494120655917113,0.007759946113447253,0.007267398635587727,0.00769489267297524,0.006979304827783098,0.0064124105608127,0.006523930744479008,0.006421703909451559,0.006328770423062968,0.006375237166257265,0.0073138653787820215,0.009293348638858986,0.009339815382053281
26017,0.0007620545883864368,0.0007527612397475779,0.0007527612397475779,0.0007806412856641548,0.0008085213315807317,0.0008364013774973088,0.0008921614693304626,0.0010501483961910653,0.00137541559855113,0.0016913894522723354,0.001970189911438105,0.002072416746465554,0.002397683948825618,0.0029645782157960163,0.0035593525286829915,0.004330700465708288,0.005232155283677609,0.0051763951918444556,0.005334382118705058,0.00486042133812325,0.00467455436534607,0.004646674319429493,0.004507274089846608,0.00430282041979171,0.0043678738602637235,0.004321407117069429,0.004330700465708288,0.004349287162986005,0.004144833492931108,0.004414340603458018,0.004646674319429493,0.004553740833040903,0.004525860787124326,0.0044608073466523126,0.005055581659539289,0.005548129137398814,0.006440290606729277,0.007416092213809471,0.00871716102324973,0.00999034978677341,0.009311935336136704,0.009906709649023678,0.00871716102324973,0.008317547031778791,0.008494120655917113,0.007759946113447253,0.007267398635587727,0.00769489267297524,0.006979304827783098,0.0064124105608127,0.006523930744479008,0.006421703909451559,0.006328770423062968,0.006375237166257265,0.0073138653787820215,0.009293348638858986,0.009339815382053281
26019,0.0007620545883864368,0.0007527612397475779,0.0007527612397475779,0.0007806412856641548,0.0008085213315807317,0.0008364013774973088,0.0008921614693304626,0.0010501483961910653,0.00137541559855113,0.0016913894522723354,0.001970189911438105,0.002072416746465554,0.002397683948825618,0.0029645782157960163,0.0035593525286829915,0.004330700465708288,0.005232155283677609,0.0051763951918444556,0.005334382118705058,0.00486042133812325,0.00467455436534607,0.004646674319429493,0.004507274089846608,0.00430282041979171,0.0043678738602637235,0.004321407117069429,0.004330700465708288,0.004349287162986005,0.004144833492931108,0.004414340603458018,0.004646674319429493,0.004553740833040903,0.004525860787124326,0.0044608073466523126,0.005055581659539289,0.005548129137398814,0.006440290606729277,0.007416092213809471,0.00871716102324973,0.00999034978677341,0.009311935336136704,0.009906709649023678,0.00871716102324973,0.008317547031778791,0.008494120655917113,0.007759946113447253,0.007267398635587727,0.00769489267297524,0.006979304827783098,0.0064124105608127,0.006523930744479008,0.006421703909451559,0.006328770423062968,0.006375237166257265,0.0073138653787820215,0.009293348638858986,0.009339815382053281
26021,0.0007620545883864368,0.0007527612397475779,0.0007527612397475779,0.0007806412856641548,0.0008085213315807317,0.0008364013774973088,0.0008921614693304626,0.0010501483961910653,0.00137541559855113,0.0016913894522723354,0.001970189911438105,0.002072416746465554,0.002397683948825618,0.0029645782157960163,0.0035593525286829915,0.004330700465708288,0.005232155283677609,0.0051763951918444556,0.005334382118705058,0.00486042133812325,0.00467455436534607,0.004646674319429493,0.004507274089846608,0.00430282041979171,0.0043678738602637235,0.004321407117069429,0.004330700465708288,0.004349287162986005,0.004144833492931108,0.004414340603458018,0.004646674319429493,0.004553740833040903,0.004525860787124326,0.0044608073466523126,0.005055581659539289,0.005548129137398814,0.006440290606729277,0.007416092213809471,0.00871716102324973,0.00999034978677341,0.009311935336136704,0.009906709649023678,0.00871716102324973,0.008317547031778791,0.008494120655917113,0.007759946113447253,0.007267398635587727,0.00769489267297524,0.006979304827783098,0.0064124105608127,0.006523930744479008,0.006421703909451559,0.006328770423062968,0.006375237166257265,0.0073138653787820215,0.009293348638858986,0.009339815382053281
26023,0.0007620545883864368,0.0007527612397475779,0.0007527612397475779,0.0007806412856641548,0.0008085213315807317,0.0008364013774973088,0.0008921614693304626,0.0010501483961910653,0.00137541559855113,0.0016913894522723354,0.001970189911438105,0.002072416746465554,0.002397683948825618,0.0029645782157960163,0.0035593525286829915,0.004330700465708288,0.005232155283677609,0.0051763951918444556,0.005334382118705058,0.00486042133812325,0.00467455436534607,0.004646674319429493,0.004507274089846608,0.00430282041979171,0.0043678738602637235,0.004321407117069429,0.004330700465708288,0.004349287162986005,0.004144833492931108,0.004414340603458018,0.004646674319429493,0.004553740833040903,0.004525860787124326,0.0044608073466523126,0.005055581659539289,0.005548129137398814,0.006440290606729277,0.007416092213809471,0.00871716102324973,0.00999034978677341,0.009311935336136704,0.009906709649023678,0.00871716102324973,0.008317547031778791,0.008494120655917113,0.007759946113447253,0.007267398635587727,0.00769489267297524,0.006979304827783098,0.0064124105608127,0.006523930744479008,0.006421703909451559,0.006328770423062968,0.006375237166257265,0.0073138653787820215,0.009293348638858986,0.009339815382053281
26025,0.0007620545883864368,0.0007527612397475779,0.0007527612397475779,0.0007806412856641548,0.0008085213315807317,0.0008364013774973088,0.0008921614693304626,0.0010501483961910653,0.00137541559855113,0.0016913894522723354,0.001970189911438105,0.002072416746465554,0.002397683948825618,0.0029645782157960163,0.0035593525286829915,0.004330700465708288,0.005232155283677609,0.0051763951918444556,0.005334382118705058,0.00486042133812325,0.00467455436534607,0.004646674319429493,0.004507274089846608,0.00430282041979171,0.0043678738602637235,0.004321407117069429,0.004330700465708288,0.004349287162986005,0.004144833492931108,0.004414340603458018,0.004646674319429493,0.004553740833040903,0.004525860787124326,0.0044608073466523126,0.005055581659539289,0.005548129137398814,0.006440290606729277,0.007416092213809471,0.00871716102324973,0.00999034978677341,0.009311935336136704,0.009906709649023678,0.00871716102324973,0.008317547031778791,0.008494120655917113,0.007759946113447253,0.007267398635587727,0.00769489267297524,0.006979304827783098,0.0064124105608127,0.006523930744479008,0.006421703909451559,0.006328770423062968,0.006375237166257265,0.0073138653787820215,0.009293348638858986,0.009339815382053281
26027,0.0007620545883864368,0.0007527612397475779,0.0007527612397475779,0.0007806412856641548,0.0008085213315807317,0.0008364013774973088,0.0008921614693304626,0.0010501483961910653,0.00137541559855113,0.0016913894522723354,0.001970189911438105,0.002072416746465554,0.002397683948825618,0.0029645782157960163,0.0035593525286829915,0.004330700465708288,0.005232155283677609,0.0051763951918444556,0.005334382118705058,0.00486042133812325,0.00467455436534607,0.004646674319429493,0.004507274089846608,0.00430282041979171,0.0043678738602637235,0.004321407117069429,0.004330700465708288,0.004349287162986005,0.004144833492931108,0.004414340603458018,0.004646674319429493,0.004553740833040903,0.004525860787124326,0.0044608073466523126,0.005055581659539289,0.005548129137398814,0.006440290606729277,0.007416092213809471,0.00871716102324973,0.00999034978677341,0.009311935336136704,0.009906709649023678,0.00871716102324973,0.008317547031778791,0.008494120655917113,0.007759946113447253,0.007267398635587727,0.00769489267297524,0.006979304827783098,0.0064124105608127,0.006523930744479008,0.006421703909451559,0.006328770423062968,0.006375237166257265,0.0073138653787820215,0.009293348638858986,0.009339815382053281
26029,0.0007620545883864368,0.0007527612397475779,0.0007527612397475779,0.0007806412856641548,0.0008085213315807317,0.0008364013774973088,0.0008921614693304626,0.0010501483961910653,0.00137541559855113,0.0016913894522723354,0.001970189911438105,0.002072416746465554,0.002397683948825618,0.0029645782157960163,0.0035593525286829915,0.004330700465708288,0.005232155283677609,0.0051763951918444556,0.005334382118705058,0.00486042133812325,0.00467455436534607,0.004646674319429493,0.004507274089846608,0.00430282041979171,0.0043678738602637235,0.004321407117069429,0.004330700465708288,0.004349287162986005,0.004144833492931108,0.004414340603458018,0.004646674319429493,0.004553740833040903,0.004525860787124326,0.0044608073466523126,0.005055581659539289,0.005548129137398814,0.006440290606729277,0.007416092213809471,0.00871716102324973,0.00999034978677341,0.009311935336136704,0.009906709649023678,0.00871716102324973,0.008317547031778791,0.008494120655917113,0.007759946113447253,0.007267398635587727,0.00769489267297524,0.006979304827783098,0.0064124105608127,0.006523930744479008,0.006421703909451559,0.006328770423062968,0.006375237166257265,0.0073138653787820215,0.009293348638858986,0.009339815382053281
26031,0.0007620545883864368,0.0007527612397475779,0.0007527612397475779,0.0007806412856641548,0.0008085213315807317,0.0008364013774973088,0.0008921614693304626,0.0010501483961910653,0.00137541559855113,0.0016913894522723354,0.001970189911438105,0.002072416746465554,0.002397683948825618,0.0029645782157960163,0.0035593525286829915,0.004330700465708288,0.005232155283677609,0.0051763951918444556,0.005334382118705058,0.00486042133812325,0.00467455436534607,0.004646674319429493,0.004507274089846608,0.00430282041979171,0.0043678738602637235,0.004321407117069429,0.004330700465708288,0.004349287162986005,0.004144833492931108,0.004414340603458018,0.004646674319429493,0.004553740833040903,0.004525860787124326,0.0044608073466523126,0.005055581659539289,0.005548129137398814,0.006440290606729277,0.007416092213809471,0.00871716102324973,0.00999034978677341,0.009311935336136704,0.009906709649023678,0.00871716102324973,0.008317547031778791,0.008494120655917113,0.007759946113447253,0.007267398635587727,0.00769489267297524,0.006979304827783098,0.0064124105608127,0.006523930744479008,0.006421703909451559,0.006328770423062968,0.006375237166257265,0.0073138653787820215,0.009293348638858986,0.009339815382053281
26033,0.0007620545883864368,0.0007527612397475779,0.0007527612397475779,0.0007806412856641548,0.0008085213315807317,0.0008364013774973088,0.0008921614693304626,0.0010501483961910653,0.00137541559855113,0.0016913894522723354,0.001970189911438105,0.002072416746465554,0.002397683948825618,0.0029645782157960163,0.0035593525286829915,0.004330700465708288,0.005232155283677609,0.0051763951918444556,0.005334382118705058,0.00486042133812325,0.00467455436534607,0.004646674319429493,0.004507274089846608,0.00430282041979171,0.0043678738602637235,0.004321407117069429,0.004330700465708288,0.004349287162986005,0.004144833492931108,0.004414340603458018,0.004646674319429493,0.004553740833040903,0.004525860787124326,0.0044608073466523126,0.005055581659539289,0.005548129137398814,0.006440290606729277,0.007416092213809471,0.00871716102324973,0.00999034978677341,0.009311935336136704,0.009906709649023678,0.00871716102324973,0.008317547031778791,0.008494120655917113,0.007759946113447253,0.007267398635587727,0.00769489267297524,0.006979304827783098,0.0064124105608127,0.006523930744479008,0.006421703909451559,0.006328770423062968,0.006375237166257265,0.0073138653787820215,0.009293348638858986,0.009339815382053281
26035,0.0007620545883864368,0.0007527612397475779,0.0007527612397475779,0.0007806412856641548,0.0008085213315807317,0.0008364013774973088,0.0008921614693304626,0.0010501483961910653,0.00137541559855113,0.0016913894522723354,0.001970189911438105,0.002072416746465554,0.002397683948825618,0.0029645782157960163,0.0035593525286829915,0.004330700465708288,0.005232155283677609,0.0051763951918444556,0.005334382118705058,0.00486042133812325,0.00467455436534607,0.004646674319429493,0.004507274089846608,0.00430282041979171,0.0043678738602637235,0.004321407117069429,0.004330700465708288,0.004349287162986005,0.004144833492931108,0.004414340603458018,0.004646674319429493,0.004553740833040903,0.004525860787124326,0.0044608073466523126,0.005055581659539289,0.005548129137398814,0.006440290606729277,0.007416092213809471,0.00871716102324973,0.00999034978677341,0.009311935336136704,0.009906709649023678,0.00871716102324973,0.008317547031778791,0.008494120655917113,0.007759946113447253,0.007267398635587727,0.00769489267297524,0.006979304827783098,0.0064124105608127,0.006523930744479008,0.006421703909451559,0.006328770423062968,0.006375237166257265,0.0073138653787820215,0.009293348638858986,0.009339815382053281
26037,0.0007620545883864368,0.0007527612397475779,0.0007527612397475779,0.0007806412856641548,0.0008085213315807317,0.0008364013774973088,0.0008921614693304626,0.0010501483961910653,0.00137541559855113,0.0016913894522723354,0.001970189911438105,0.002072416746465554,0.002397683948825618,0.0029645782157960163,0.0035593525286829915,0.004330700465708288,0.005232155283677609,0.0051763951918444556,0.005334382118705058,0.00486042133812325,0.00467455436534607,0.004646674319429493,0.004507274089846608,0.00430282041979171,0.0043678738602637235,0.004321407117069429,0.004330700465708288,0.004349287162986005,0.004144833492931108,0.004414340603458018,0.004646674319429493,0.004553740833040903,0.004525860787124326,0.0044608073466523126,0.005055581659539289,0.005548129137398814,0.006440290606729277,0.007416092213809471,0.00871716102324973,0.00999034978677341,0.009311935336136704,0.009906709649023678,0.00871716102324973,0.008317547031778791,0.008494120655917113,0.007759946113447253,0.007267398635587727,0.00769489267297524,0.006979304827783098,0.0064124105608127,0.006523930744479008,0.006421703909451559,0.006328770423062968,0.006375237166257265,0.0073138653787820215,0.009293348638858986,0.009339815382053281
26039,0.0007620545883864368,0.0007527612397475779,0.0007527612397475779,0.0007806412856641548,0.0008085213315807317,0.0008364013774973088,0.0008921614693304626,0.0010501483961910653,0.00137541559855113,0.0016913894522723354,0.001970189911438105,0.002072416746465554,0.002397683948825618,0.0029645782157960163,0.0035593525286829915,0.004330700465708288,0.005232155283677609,0.0051763951918444556,0.005334382118705058,0.00486042133812325,0.00467455436534607,0.004646674319429493,0.004507274089846608,0.00430282041979171,0.0043678738602637235,0.004321407117069429,0.004330700465708288,0.004349287162986005,0.004144833492931108,0.004414340603458018,0.004646674319429493,0.004553740833040903,0.004525860787124326,0.0044608073466523126,0.005055581659539289,0.005548129137398814,0.006440290606729277,0.007416092213809471,0.00871716102324973,0.00999034978677341,0.009311935336136704,0.009906709649023678,0.00871716102324973,0.008317547031778791,0.008494120655917113,0.007759946113447253,0.007267398635587727,0.00769489267297524,0.006979304827783098,0.0064124105608127,0.006523930744479008,0.006421703909451559,0.006328770423062968,0.006375237166257265,0.0073138653787820215,0.009293348638858986,0.009339815382053281
26041,0.0007620545883864368,0.0007527612397475779,0.0007527612397475779,0.0007806412856641548,0.0008085213315807317,0.0008364013774973088,0.0008921614693304626,0.0010501483961910653,0.00137541559855113,0.0016913894522723354,0.001970189911438105,0.002072416746465554,0.002397683948825618,0.0029645782157960163,0.0035593525286829915,0.004330700465708288,0.005232155283677609,0.0051763951918444556,0.005334382118705058,0.00486042133812325,0.00467455436534607,0.004646674319429493,0.004507274089846608,0.00430282041979171,0.0043678738602637235,0.004321407117069429,0.004330700465708288,0.004349287162986005,0.004144833492931108,0.004414340603458018,0.004646674319429493,0.004553740833040903,0.004525860787124326,0.0044608073466523126,0.005055581659539289,0.005548129137398814,0.006440290606729277,0.007416092213809471,0.00871716102324973,0.00999034978677341,0.009311935336136704,0.009906709649023678,0.00871716102324973,0.008317547031778791,0.008494120655917113,0.007759946113447253,0.007267398635587727,0.00769489267297524,0.006979304827783098,0.0064124105608127,0.006523930744479008,0.006421703909451559,0.006328770423062968,0.006375237166257265,0.0073138653787820215,0.009293348638858986,0.009339815382053281
26043,0.0007620545883864368,0.0007527612397475779,0.0007527612397475779,0.0007806412856641548,0.0008085213315807317,0.0008364013774973088,0.0008921614693304626,0.0010501483961910653,0.00137541559855113,0.0016913894522723354,0.001970189911438105,0.002072416746465554,0.002397683948825618,0.0029645782157960163,0.0035593525286829915,0.004330700465708288,0.005232155283677609,0.0051763951918444556,0.005334382118705058,0.00486042133812325,0.00467455436534607,0.004646674319429493,0.004507274089846608,0.00430282041979171,0.0043678738602637235,0.004321407117069429,0.004330700465708288,0.004349287162986005,0.004144833492931108,0.004414340603458018,0.004646674319429493,0.004553740833040903,0.004525860787124326,0.0044608073466523126,0.005055581659539289,0.005548129137398814,0.006440290606729277,0.007416092213809471,0.00871716102324973,0.00999034978677341,0.009311935336136704,0.009906709649023678,0.00871716102324973,0.008317547031778791,0.008494120655917113,0.007759946113447253,0.007267398635587727,0.00769489267297524,0.006979304827783098,0.0064124105608127,0.006523930744479008,0.006421703909451559,0.006328770423062968,0.006375237166257265,0.0073138653787820215,0.009293348638858986,0.009339815382053281
26045,0.0007620545883864368,0.0007527612397475779,0.0007527612397475779,0.0007806412856641548,0.0008085213315807317,0.0008364013774973088,0.0008921614693304626,0.0010501483961910653,0.00137541559855113,0.0016913894522723354,0.001970189911438105,0.002072416746465554,0.002397683948825618,0.0029645782157960163,0.0035593525286829915,0.004330700465708288,0.005232155283677609,0.0051763951918444556,0.005334382118705058,0.00486042133812325,0.00467455436534607,0.004646674319429493,0.004507274089846608,0.00430282041979171,0.0043678738602637235,0.004321407117069429,0.004330700465708288,0.004349287162986005,0.004144833492931108,0.004414340603458018,0.004646674319429493,0.004553740833040903,0.004525860787124326,0.0044608073466523126,0.005055581659539289,0.005548129137398814,0.006440290606729277,0.007416092213809471,0.00871716102324973,0.00999034978677341,0.009311935336136704,0.009906709649023678,0.00871716102324973,0.008317547031778791,0.008494120655917113,0.007759946113447253,0.007267398635587727,0.00769489267297524,0.006979304827783098,0.0064124105608127,0.006523930744479008,0.006421703909451559,0.006328770423062968,0.006375237166257265,0.0073138653787820215,0.009293348638858986,0.009339815382053281
26047,0.0007620545883864368,0.0007527612397475779,0.0007527612397475779,0.0007806412856641548,0.0008085213315807317,0.0008364013774973088,0.0008921614693304626,0.0010501483961910653,0.00137541559855113,0.0016913894522723354,0.001970189911438105,0.002072416746465554,0.002397683948825618,0.0029645782157960163,0.0035593525286829915,0.004330700465708288,0.005232155283677609,0.0051763951918444556,0.005334382118705058,0.00486042133812325,0.00467455436534607,0.004646674319429493,0.004507274089846608,0.00430282041979171,0.0043678738602637235,0.004321407117069429,0.004330700465708288,0.004349287162986005,0.004144833492931108,0.004414340603458018,0.004646674319429493,0.004553740833040903,0.004525860787124326,0.0044608073466523126,0.005055581659539289,0.005548129137398814,0.006440290606729277,0.007416092213809471,0.00871716102324973,0.00999034978677341,0.009311935336136704,0.009906709649023678,0.00871716102324973,0.008317547031778791,0.008494120655917113,0.007759946113447253,0.007267398635587727,0.00769489267297524,0.006979304827783098,0.0064124105608127,0.006523930744479008,0.006421703909451559,0.006328770423062968,0.006375237166257265,0.0073138653787820215,0.009293348638858986,0.009339815382053281
26049,0.0007620545883864368,0.0007527612397475779,0.0007527612397475779,0.0007806412856641548,0.0008085213315807317,0.0008364013774973088,0.0008921614693304626,0.0010501483961910653,0.00137541559855113,0.0016913894522723354,0.001970189911438105,0.002072416746465554,0.002397683948825618,0.0029645782157960163,0.0035593525286829915,0.004330700465708288,0.005232155283677609,0.0051763951918444556,0.005334382118705058,0.00486042133812325,0.00467455436534607,0.004646674319429493,0.004507274089846608,0.00430282041979171,0.0043678738602637235,0.004321407117069429,0.004330700465708288,0.004349287162986005,0.004144833492931108,0.004414340603458018,0.004646674319429493,0.004553740833040903,0.004525860787124326,0.0044608073466523126,0.005055581659539289,0.005548129137398814,0.006440290606729277,0.007416092213809471,0.00871716102324973,0.00999034978677341,0.009311935336136704,0.009906709649023678,0.00871716102324973,0.008317547031778791,0.008494120655917113,0.007759946113447253,0.007267398635587727,0.00769489267297524,0.006979304827783098,0.0064124105608127,0.006523930744479008,0.006421703909451559,0.006328770423062968,0.006375237166257265,0.0073138653787820215,0.009293348638858986,0.009339815382053281
26051,0.0007620545883864368,0.0007527612397475779,0.0007527612397475779,0.0007806412856641548,0.0008085213315807317,0.0008364013774973088,0.0008921614693304626,0.0010501483961910653,0.00137541559855113,0.0016913894522723354,0.001970189911438105,0.002072416746465554,0.002397683948825618,0.0029645782157960163,0.0035593525286829915,0.004330700465708288,0.005232155283677609,0.0051763951918444556,0.005334382118705058,0.00486042133812325,0.00467455436534607,0.004646674319429493,0.004507274089846608,0.00430282041979171,0.0043678738602637235,0.004321407117069429,0.004330700465708288,0.004349287162986005,0.004144833492931108,0.004414340603458018,0.004646674319429493,0.004553740833040903,0.004525860787124326,0.0044608073466523126,0.005055581659539289,0.005548129137398814,0.006440290606729277,0.007416092213809471,0.00871716102324973,0.00999034978677341,0.009311935336136704,0.009906709649023678,0.00871716102324973,0.008317547031778791,0.008494120655917113,0.007759946113447253,0.007267398635587727,0.00769489267297524,0.006979304827783098,0.0064124105608127,0.006523930744479008,0.006421703909451559,0.006328770423062968,0.006375237166257265,0.0073138653787820215,0.009293348638858986,0.009339815382053281
26053,0.0007620545883864368,0.0007527612397475779,0.0007527612397475779,0.0007806412856641548,0.0008085213315807317,0.0008364013774973088,0.0008921614693304626,0.0010501483961910653,0.00137541559855113,0.0016913894522723354,0.001970189911438105,0.002072416746465554,0.002397683948825618,0.0029645782157960163,0.0035593525286829915,0.004330700465708288,0.005232155283677609,0.0051763951918444556,0.005334382118705058,0.00486042133812325,0.00467455436534607,0.004646674319429493,0.004507274089846608,0.00430282041979171,0.0043678738602637235,0.004321407117069429,0.004330700465708288,0.004349287162986005,0.004144833492931108,0.004414340603458018,0.004646674319429493,0.004553740833040903,0.004525860787124326,0.0044608073466523126,0.005055581659539289,0.005548129137398814,0.006440290606729277,0.007416092213809471,0.00871716102324973,0.00999034978677341,0.009311935336136704,0.009906709649023678,0.00871716102324973,0.008317547031778791,0.008494120655917113,0.007759946113447253,0.007267398635587727,0.00769489267297524,0.006979304827783098,0.0064124105608127,0.006523930744479008,0.006421703909451559,0.006328770423062968,0.006375237166257265,0.0073138653787820215,0.009293348638858986,0.009339815382053281
26055,0.0007620545883864368,0.0007527612397475779,0.0007527612397475779,0.0007806412856641548,0.0008085213315807317,0.0008364013774973088,0.0008921614693304626,0.0010501483961910653,0.00137541559855113,0.0016913894522723354,0.001970189911438105,0.002072416746465554,0.002397683948825618,0.0029645782157960163,0.0035593525286829915,0.004330700465708288,0.005232155283677609,0.0051763951918444556,0.005334382118705058,0.00486042133812325,0.00467455436534607,0.004646674319429493,0.004507274089846608,0.00430282041979171,0.0043678738602637235,0.004321407117069429,0.004330700465708288,0.004349287162986005,0.004144833492931108,0.004414340603458018,0.004646674319429493,0.004553740833040903,0.004525860787124326,0.0044608073466523126,0.005055581659539289,0.005548129137398814,0.006440290606729277,0.007416092213809471,0.00871716102324973,0.00999034978677341,0.009311935336136704,0.009906709649023678,0.00871716102324973,0.008317547031778791,0.008494120655917113,0.007759946113447253,0.007267398635587727,0.00769489267297524,0.006979304827783098,0.0064124105608127,0.006523930744479008,0.006421703909451559,0.006328770423062968,0.006375237166257265,0.0073138653787820215,0.009293348638858986,0.009339815382053281
26057,0.0007620545883864368,0.0007527612397475779,0.0007527612397475779,0.0007806412856641548,0.0008085213315807317,0.0008364013774973088,0.0008921614693304626,0.0010501483961910653,0.00137541559855113,0.0016913894522723354,0.001970189911438105,0.002072416746465554,0.002397683948825618,0.0029645782157960163,0.0035593525286829915,0.004330700465708288,0.005232155283677609,0.0051763951918444556,0.005334382118705058,0.00486042133812325,0.00467455436534607,0.004646674319429493,0.004507274089846608,0.00430282041979171,0.0043678738602637235,0.004321407117069429,0.004330700465708288,0.004349287162986005,0.004144833492931108,0.004414340603458018,0.004646674319429493,0.004553740833040903,0.004525860787124326,0.0044608073466523126,0.005055581659539289,0.005548129137398814,0.006440290606729277,0.007416092213809471,0.00871716102324973,0.00999034978677341,0.009311935336136704,0.009906709649023678,0.00871716102324973,0.008317547031778791,0.008494120655917113,0.007759946113447253,0.007267398635587727,0.00769489267297524,0.006979304827783098,0.0064124105608127,0.006523930744479008,0.006421703909451559,0.006328770423062968,0.006375237166257265,0.0073138653787820215,0.009293348638858986,0.009339815382053281
26059,0.0007620545883864368,0.0007527612397475779,0.0007527612397475779,0.0007806412856641548,0.0008085213315807317,0.0008364013774973088,0.0008921614693304626,0.0010501483961910653,0.00137541559855113,0.0016913894522723354,0.001970189911438105,0.002072416746465554,0.002397683948825618,0.0029645782157960163,0.0035593525286829915,0.004330700465708288,0.005232155283677609,0.0051763951918444556,0.005334382118705058,0.00486042133812325,0.00467455436534607,0.004646674319429493,0.004507274089846608,0.00430282041979171,0.0043678738602637235,0.004321407117069429,0.004330700465708288,0.004349287162986005,0.004144833492931108,0.004414340603458018,0.004646674319429493,0.004553740833040903,0.004525860787124326,0.0044608073466523126,0.005055581659539289,0.005548129137398814,0.006440290606729277,0.007416092213809471,0.00871716102324973,0.00999034978677341,0.009311935336136704,0.009906709649023678,0.00871716102324973,0.008317547031778791,0.008494120655917113,0.007759946113447253,0.007267398635587727,0.00769489267297524,0.006979304827783098,0.0064124105608127,0.006523930744479008,0.006421703909451559,0.006328770423062968,0.006375237166257265,0.0073138653787820215,0.009293348638858986,0.009339815382053281
26061,0.0007620545883864368,0.0007527612397475779,0.0007527612397475779,0.0007806412856641548,0.0008085213315807317,0.0008364013774973088,0.0008921614693304626,0.0010501483961910653,0.00137541559855113,0.0016913894522723354,0.001970189911438105,0.002072416746465554,0.002397683948825618,0.0029645782157960163,0.0035593525286829915,0.004330700465708288,0.005232155283677609,0.0051763951918444556,0.005334382118705058,0.00486042133812325,0.00467455436534607,0.004646674319429493,0.004507274089846608,0.00430282041979171,0.0043678738602637235,0.004321407117069429,0.004330700465708288,0.004349287162986005,0.004144833492931108,0.004414340603458018,0.004646674319429493,0.004553740833040903,0.004525860787124326,0.0044608073466523126,0.005055581659539289,0.005548129137398814,0.006440290606729277,0.007416092213809471,0.00871716102324973,0.00999034978677341,0.009311935336136704,0.009906709649023678,0.00871716102324973,0.008317547031778791,0.008494120655917113,0.007759946113447253,0.007267398635587727,0.00769489267297524,0.006979304827783098,0.0064124105608127,0.006523930744479008,0.006421703909451559,0.006328770423062968,0.006375237166257265,0.0073138653787820215,0.009293348638858986,0.009339815382053281
26063,0.0007620545883864368,0.0007527612397475779,0.0007527612397475779,0.0007806412856641548,0.0008085213315807317,0.0008364013774973088,0.0008921614693304626,0.0010501483961910653,0.00137541559855113,0.0016913894522723354,0.001970189911438105,0.002072416746465554,0.002397683948825618,0.0029645782157960163,0.0035593525286829915,0.004330700465708288,0.005232155283677609,0.0051763951918444556,0.005334382118705058,0.00486042133812325,0.00467455436534607,0.004646674319429493,0.004507274089846608,0.00430282041979171,0.0043678738602637235,0.004321407117069429,0.004330700465708288,0.004349287162986005,0.004144833492931108,0.004414340603458018,0.004646674319429493,0.004553740833040903,0.004525860787124326,0.0044608073466523126,0.005055581659539289,0.005548129137398814,0.006440290606729277,0.007416092213809471,0.00871716102324973,0.00999034978677341,0.009311935336136704,0.009906709649023678,0.00871716102324973,0.008317547031778791,0.008494120655917113,0.007759946113447253,0.007267398635587727,0.00769489267297524,0.006979304827783098,0.0064124105608127,0.006523930744479008,0.006421703909451559,0.006328770423062968,0.006375237166257265,0.0073138653787820215,0.009293348638858986,0.009339815382053281
26065,0.0007620545883864368,0.0007527612397475779,0.0007527612397475779,0.0007806412856641548,0.0008085213315807317,0.0008364013774973088,0.0008921614693304626,0.0010501483961910653,0.00137541559855113,0.0016913894522723354,0.001970189911438105,0.002072416746465554,0.002397683948825618,0.0029645782157960163,0.0035593525286829915,0.004330700465708288,0.005232155283677609,0.0051763951918444556,0.005334382118705058,0.00486042133812325,0.00467455436534607,0.004646674319429493,0.004507274089846608,0.00430282041979171,0.0043678738602637235,0.004321407117069429,0.004330700465708288,0.004349287162986005,0.004144833492931108,0.004414340603458018,0.004646674319429493,0.004553740833040903,0.004525860787124326,0.0044608073466523126,0.005055581659539289,0.005548129137398814,0.006440290606729277,0.007416092213809471,0.00871716102324973,0.00999034978677341,0.009311935336136704,0.009906709649023678,0.00871716102324973,0.008317547031778791,0.008494120655917113,0.007759946113447253,0.007267398635587727,0.00769489267297524,0.006979304827783098,0.0064124105608127,0.006523930744479008,0.006421703909451559,0.006328770423062968,0.006375237166257265,0.0073138653787820215,0.009293348638858986,0.009339815382053281
26067,0.0007620545883864368,0.0007527612397475779,0.0007527612397475779,0.0007806412856641548,0.0008085213315807317,0.0008364013774973088,0.0008921614693304626,0.0010501483961910653,0.00137541559855113,0.0016913894522723354,0.001970189911438105,0.002072416746465554,0.002397683948825618,0.0029645782157960163,0.0035593525286829915,0.004330700465708288,0.005232155283677609,0.0051763951918444556,0.005334382118705058,0.00486042133812325,0.00467455436534607,0.004646674319429493,0.004507274089846608,0.00430282041979171,0.0043678738602637235,0.004321407117069429,0.004330700465708288,0.004349287162986005,0.004144833492931108,0.004414340603458018,0.004646674319429493,0.004553740833040903,0.004525860787124326,0.0044608073466523126,0.005055581659539289,0.005548129137398814,0.006440290606729277,0.007416092213809471,0.00871716102324973,0.00999034978677341,0.009311935336136704,0.009906709649023678,0.00871716102324973,0.008317547031778791,0.008494120655917113,0.007759946113447253,0.007267398635587727,0.00769489267297524,0.006979304827783098,0.0064124105608127,0.006523930744479008,0.006421703909451559,0.006328770423062968,0.006375237166257265,0.0073138653787820215,0.009293348638858986,0.009339815382053281
26069,0.0007620545883864368,0.0007527612397475779,0.0007527612397475779,0.0007806412856641548,0.0008085213315807317,0.0008364013774973088,0.0008921614693304626,0.0010501483961910653,0.00137541559855113,0.0016913894522723354,0.001970189911438105,0.002072416746465554,0.002397683948825618,0.0029645782157960163,0.0035593525286829915,0.004330700465708288,0.005232155283677609,0.0051763951918444556,0.005334382118705058,0.00486042133812325,0.00467455436534607,0.004646674319429493,0.004507274089846608,0.00430282041979171,0.0043678738602637235,0.004321407117069429,0.004330700465708288,0.004349287162986005,0.004144833492931108,0.004414340603458018,0.004646674319429493,0.004553740833040903,0.004525860787124326,0.0044608073466523126,0.005055581659539289,0.005548129137398814,0.006440290606729277,0.007416092213809471,0.00871716102324973,0.00999034978677341,0.009311935336136704,0.009906709649023678,0.00871716102324973,0.008317547031778791,0.008494120655917113,0.007759946113447253,0.007267398635587727,0.00769489267297524,0.006979304827783098,0.0064124105608127,0.006523930744479008,0.006421703909451559,0.006328770423062968,0.006375237166257265,0.0073138653787820215,0.009293348638858986,0.009339815382053281
26071,0.0007620545883864368,0.0007527612397475779,0.0007527612397475779,0.0007806412856641548,0.0008085213315807317,0.0008364013774973088,0.0008921614693304626,0.0010501483961910653,0.00137541559855113,0.0016913894522723354,0.001970189911438105,0.002072416746465554,0.002397683948825618,0.0029645782157960163,0.0035593525286829915,0.004330700465708288,0.005232155283677609,0.0051763951918444556,0.005334382118705058,0.00486042133812325,0.00467455436534607,0.004646674319429493,0.004507274089846608,0.00430282041979171,0.0043678738602637235,0.004321407117069429,0.004330700465708288,0.004349287162986005,0.004144833492931108,0.004414340603458018,0.004646674319429493,0.004553740833040903,0.004525860787124326,0.0044608073466523126,0.005055581659539289,0.005548129137398814,0.006440290606729277,0.007416092213809471,0.00871716102324973,0.00999034978677341,0.009311935336136704,0.009906709649023678,0.00871716102324973,0.008317547031778791,0.008494120655917113,0.007759946113447253,0.007267398635587727,0.00769489267297524,0.006979304827783098,0.0064124105608127,0.006523930744479008,0.006421703909451559,0.006328770423062968,0.006375237166257265,0.0073138653787820215,0.009293348638858986,0.009339815382053281
26073,0.0007620545883864368,0.0007527612397475779,0.0007527612397475779,0.0007806412856641548,0.0008085213315807317,0.0008364013774973088,0.0008921614693304626,0.0010501483961910653,0.00137541559855113,0.0016913894522723354,0.001970189911438105,0.002072416746465554,0.002397683948825618,0.0029645782157960163,0.0035593525286829915,0.004330700465708288,0.005232155283677609,0.0051763951918444556,0.005334382118705058,0.00486042133812325,0.00467455436534607,0.004646674319429493,0.004507274089846608,0.00430282041979171,0.0043678738602637235,0.004321407117069429,0.004330700465708288,0.004349287162986005,0.004144833492931108,0.004414340603458018,0.004646674319429493,0.004553740833040903,0.004525860787124326,0.0044608073466523126,0.005055581659539289,0.005548129137398814,0.006440290606729277,0.007416092213809471,0.00871716102324973,0.00999034978677341,0.009311935336136704,0.009906709649023678,0.00871716102324973,0.008317547031778791,0.008494120655917113,0.007759946113447253,0.007267398635587727,0.00769489267297524,0.006979304827783098,0.0064124105608127,0.006523930744479008,0.006421703909451559,0.006328770423062968,0.006375237166257265,0.0073138653787820215,0.009293348638858986,0.009339815382053281
26075,0.0007620545883864368,0.0007527612397475779,0.0007527612397475779,0.0007806412856641548,0.0008085213315807317,0.0008364013774973088,0.0008921614693304626,0.0010501483961910653,0.00137541559855113,0.0016913894522723354,0.001970189911438105,0.002072416746465554,0.002397683948825618,0.0029645782157960163,0.0035593525286829915,0.004330700465708288,0.005232155283677609,0.0051763951918444556,0.005334382118705058,0.00486042133812325,0.00467455436534607,0.004646674319429493,0.004507274089846608,0.00430282041979171,0.0043678738602637235,0.004321407117069429,0.004330700465708288,0.004349287162986005,0.004144833492931108,0.004414340603458018,0.004646674319429493,0.004553740833040903,0.004525860787124326,0.0044608073466523126,0.005055581659539289,0.005548129137398814,0.006440290606729277,0.007416092213809471,0.00871716102324973,0.00999034978677341,0.009311935336136704,0.009906709649023678,0.00871716102324973,0.008317547031778791,0.008494120655917113,0.007759946113447253,0.007267398635587727,0.00769489267297524,0.006979304827783098,0.0064124105608127,0.006523930744479008,0.006421703909451559,0.006328770423062968,0.006375237166257265,0.0073138653787820215,0.009293348638858986,0.009339815382053281
26077,0.0007620545883864368,0.0007527612397475779,0.0007527612397475779,0.0007806412856641548,0.0008085213315807317,0.0008364013774973088,0.0008921614693304626,0.0010501483961910653,0.00137541559855113,0.0016913894522723354,0.001970189911438105,0.002072416746465554,0.002397683948825618,0.0029645782157960163,0.0035593525286829915,0.004330700465708288,0.005232155283677609,0.0051763951918444556,0.005334382118705058,0.00486042133812325,0.00467455436534607,0.004646674319429493,0.004507274089846608,0.00430282041979171,0.0043678738602637235,0.004321407117069429,0.004330700465708288,0.004349287162986005,0.004144833492931108,0.004414340603458018,0.004646674319429493,0.004553740833040903,0.004525860787124326,0.0044608073466523126,0.005055581659539289,0.005548129137398814,0.006440290606729277,0.007416092213809471,0.00871716102324973,0.00999034978677341,0.009311935336136704,0.009906709649023678,0.00871716102324973,0.008317547031778791,0.008494120655917113,0.007759946113447253,0.007267398635587727,0.00769489267297524,0.006979304827783098,0.0064124105608127,0.006523930744479008,0.006421703909451559,0.006328770423062968,0.006375237166257265,0.0073138653787820215,0.009293348638858986,0.009339815382053281
26079,0.0007620545883864368,0.0007527612397475779,0.0007527612397475779,0.0007806412856641548,0.0008085213315807317,0.0008364013774973088,0.0008921614693304626,0.0010501483961910653,0.00137541559855113,0.0016913894522723354,0.001970189911438105,0.002072416746465554,0.002397683948825618,0.0029645782157960163,0.0035593525286829915,0.004330700465708288,0.005232155283677609,0.0051763951918444556,0.005334382118705058,0.00486042133812325,0.00467455436534607,0.004646674319429493,0.004507274089846608,0.00430282041979171,0.0043678738602637235,0.004321407117069429,0.004330700465708288,0.004349287162986005,0.004144833492931108,0.004414340603458018,0.004646674319429493,0.004553740833040903,0.004525860787124326,0.0044608073466523126,0.005055581659539289,0.005548129137398814,0.006440290606729277,0.007416092213809471,0.00871716102324973,0.00999034978677341,0.009311935336136704,0.009906709649023678,0.00871716102324973,0.008317547031778791,0.008494120655917113,0.007759946113447253,0.007267398635587727,0.00769489267297524,0.006979304827783098,0.0064124105608127,0.006523930744479008,0.006421703909451559,0.006328770423062968,0.006375237166257265,0.0073138653787820215,0.009293348638858986,0.009339815382053281
26081,0.0007620545883864368,0.0007527612397475779,0.0007527612397475779,0.0007806412856641548,0.0008085213315807317,0.0008364013774973088,0.0008921614693304626,0.0010501483961910653,0.00137541559855113,0.0016913894522723354,0.001970189911438105,0.002072416746465554,0.002397683948825618,0.0029645782157960163,0.0035593525286829915,0.004330700465708288,0.005232155283677609,0.0051763951918444556,0.005334382118705058,0.00486042133812325,0.00467455436534607,0.004646674319429493,0.004507274089846608,0.00430282041979171,0.0043678738602637235,0.004321407117069429,0.004330700465708288,0.004349287162986005,0.004144833492931108,0.004414340603458018,0.004646674319429493,0.004553740833040903,0.004525860787124326,0.0044608073466523126,0.005055581659539289,0.005548129137398814,0.006440290606729277,0.007416092213809471,0.00871716102324973,0.00999034978677341,0.009311935336136704,0.009906709649023678,0.00871716102324973,0.008317547031778791,0.008494120655917113,0.007759946113447253,0.007267398635587727,0.00769489267297524,0.006979304827783098,0.0064124105608127,0.006523930744479008,0.006421703909451559,0.006328770423062968,0.006375237166257265,0.0073138653787820215,0.009293348638858986,0.009339815382053281
26083,0.0007620545883864368,0.0007527612397475779,0.0007527612397475779,0.0007806412856641548,0.0008085213315807317,0.0008364013774973088,0.0008921614693304626,0.0010501483961910653,0.00137541559855113,0.0016913894522723354,0.001970189911438105,0.002072416746465554,0.002397683948825618,0.0029645782157960163,0.0035593525286829915,0.004330700465708288,0.005232155283677609,0.0051763951918444556,0.005334382118705058,0.00486042133812325,0.00467455436534607,0.004646674319429493,0.004507274089846608,0.00430282041979171,0.0043678738602637235,0.004321407117069429,0.004330700465708288,0.004349287162986005,0.004144833492931108,0.004414340603458018,0.004646674319429493,0.004553740833040903,0.004525860787124326,0.0044608073466523126,0.005055581659539289,0.005548129137398814,0.006440290606729277,0.007416092213809471,0.00871716102324973,0.00999034978677341,0.009311935336136704,0.009906709649023678,0.00871716102324973,0.008317547031778791,0.008494120655917113,0.007759946113447253,0.007267398635587727,0.00769489267297524,0.006979304827783098,0.0064124105608127,0.006523930744479008,0.006421703909451559,0.006328770423062968,0.006375237166257265,0.0073138653787820215,0.009293348638858986,0.009339815382053281
26085,0.0007620545883864368,0.0007527612397475779,0.0007527612397475779,0.0007806412856641548,0.0008085213315807317,0.0008364013774973088,0.0008921614693304626,0.0010501483961910653,0.00137541559855113,0.0016913894522723354,0.001970189911438105,0.002072416746465554,0.002397683948825618,0.0029645782157960163,0.0035593525286829915,0.004330700465708288,0.005232155283677609,0.0051763951918444556,0.005334382118705058,0.00486042133812325,0.00467455436534607,0.004646674319429493,0.004507274089846608,0.00430282041979171,0.0043678738602637235,0.004321407117069429,0.004330700465708288,0.004349287162986005,0.004144833492931108,0.004414340603458018,0.004646674319429493,0.004553740833040903,0.004525860787124326,0.0044608073466523126,0.005055581659539289,0.005548129137398814,0.006440290606729277,0.007416092213809471,0.00871716102324973,0.00999034978677341,0.009311935336136704,0.009906709649023678,0.00871716102324973,0.008317547031778791,0.008494120655917113,0.007759946113447253,0.007267398635587727,0.00769489267297524,0.006979304827783098,0.0064124105608127,0.006523930744479008,0.006421703909451559,0.006328770423062968,0.006375237166257265,0.0073138653787820215,0.009293348638858986,0.009339815382053281
26087,0.0007620545883864368,0.0007527612397475779,0.0007527612397475779,0.0007806412856641548,0.0008085213315807317,0.0008364013774973088,0.0008921614693304626,0.0010501483961910653,0.00137541559855113,0.0016913894522723354,0.001970189911438105,0.002072416746465554,0.002397683948825618,0.0029645782157960163,0.0035593525286829915,0.004330700465708288,0.005232155283677609,0.0051763951918444556,0.005334382118705058,0.00486042133812325,0.00467455436534607,0.004646674319429493,0.004507274089846608,0.00430282041979171,0.0043678738602637235,0.004321407117069429,0.004330700465708288,0.004349287162986005,0.004144833492931108,0.004414340603458018,0.004646674319429493,0.004553740833040903,0.004525860787124326,0.0044608073466523126,0.005055581659539289,0.005548129137398814,0.006440290606729277,0.007416092213809471,0.00871716102324973,0.00999034978677341,0.009311935336136704,0.009906709649023678,0.00871716102324973,0.008317547031778791,0.008494120655917113,0.007759946113447253,0.007267398635587727,0.00769489267297524,0.006979304827783098,0.0064124105608127,0.006523930744479008,0.006421703909451559,0.006328770423062968,0.006375237166257265,0.0073138653787820215,0.009293348638858986,0.009339815382053281
26089,0.0007620545883864368,0.0007527612397475779,0.0007527612397475779,0.0007806412856641548,0.0008085213315807317,0.0008364013774973088,0.0008921614693304626,0.0010501483961910653,0.00137541559855113,0.0016913894522723354,0.001970189911438105,0.002072416746465554,0.002397683948825618,0.0029645782157960163,0.0035593525286829915,0.004330700465708288,0.005232155283677609,0.0051763951918444556,0.005334382118705058,0.00486042133812325,0.00467455436534607,0.004646674319429493,0.004507274089846608,0.00430282041979171,0.0043678738602637235,0.004321407117069429,0.004330700465708288,0.004349287162986005,0.004144833492931108,0.004414340603458018,0.004646674319429493,0.004553740833040903,0.004525860787124326,0.0044608073466523126,0.005055581659539289,0.005548129137398814,0.006440290606729277,0.007416092213809471,0.00871716102324973,0.00999034978677341,0.009311935336136704,0.009906709649023678,0.00871716102324973,0.008317547031778791,0.008494120655917113,0.007759946113447253,0.007267398635587727,0.00769489267297524,0.006979304827783098,0.0064124105608127,0.006523930744479008,0.006421703909451559,0.006328770423062968,0.006375237166257265,0.0073138653787820215,0.009293348638858986,0.009339815382053281
26091,0.0007620545883864368,0.0007527612397475779,0.0007527612397475779,0.0007806412856641548,0.0008085213315807317,0.0008364013774973088,0.0008921614693304626,0.0010501483961910653,0.00137541559855113,0.0016913894522723354,0.001970189911438105,0.002072416746465554,0.002397683948825618,0.0029645782157960163,0.0035593525286829915,0.004330700465708288,0.005232155283677609,0.0051763951918444556,0.005334382118705058,0.00486042133812325,0.00467455436534607,0.004646674319429493,0.004507274089846608,0.00430282041979171,0.0043678738602637235,0.004321407117069429,0.004330700465708288,0.004349287162986005,0.004144833492931108,0.004414340603458018,0.004646674319429493,0.004553740833040903,0.004525860787124326,0.0044608073466523126,0.005055581659539289,0.005548129137398814,0.006440290606729277,0.007416092213809471,0.00871716102324973,0.00999034978677341,0.009311935336136704,0.009906709649023678,0.00871716102324973,0.008317547031778791,0.008494120655917113,0.007759946113447253,0.007267398635587727,0.00769489267297524,0.006979304827783098,0.0064124105608127,0.006523930744479008,0.006421703909451559,0.006328770423062968,0.006375237166257265,0.0073138653787820215,0.009293348638858986,0.009339815382053281
26093,0.0007620545883864368,0.0007527612397475779,0.0007527612397475779,0.0007806412856641548,0.0008085213315807317,0.0008364013774973088,0.0008921614693304626,0.0010501483961910653,0.00137541559855113,0.0016913894522723354,0.001970189911438105,0.002072416746465554,0.002397683948825618,0.0029645782157960163,0.0035593525286829915,0.004330700465708288,0.005232155283677609,0.0051763951918444556,0.005334382118705058,0.00486042133812325,0.00467455436534607,0.004646674319429493,0.004507274089846608,0.00430282041979171,0.0043678738602637235,0.004321407117069429,0.004330700465708288,0.004349287162986005,0.004144833492931108,0.004414340603458018,0.004646674319429493,0.004553740833040903,0.004525860787124326,0.0044608073466523126,0.005055581659539289,0.005548129137398814,0.006440290606729277,0.007416092213809471,0.00871716102324973,0.00999034978677341,0.009311935336136704,0.009906709649023678,0.00871716102324973,0.008317547031778791,0.008494120655917113,0.007759946113447253,0.007267398635587727,0.00769489267297524,0.006979304827783098,0.0064124105608127,0.006523930744479008,0.006421703909451559,0.006328770423062968,0.006375237166257265,0.0073138653787820215,0.009293348638858986,0.009339815382053281
26095,0.0007620545883864368,0.0007527612397475779,0.0007527612397475779,0.0007806412856641548,0.0008085213315807317,0.0008364013774973088,0.0008921614693304626,0.0010501483961910653,0.00137541559855113,0.0016913894522723354,0.001970189911438105,0.002072416746465554,0.002397683948825618,0.0029645782157960163,0.0035593525286829915,0.004330700465708288,0.005232155283677609,0.0051763951918444556,0.005334382118705058,0.00486042133812325,0.00467455436534607,0.004646674319429493,0.004507274089846608,0.00430282041979171,0.0043678738602637235,0.004321407117069429,0.004330700465708288,0.004349287162986005,0.004144833492931108,0.004414340603458018,0.004646674319429493,0.004553740833040903,0.004525860787124326,0.0044608073466523126,0.005055581659539289,0.005548129137398814,0.006440290606729277,0.007416092213809471,0.00871716102324973,0.00999034978677341,0.009311935336136704,0.009906709649023678,0.00871716102324973,0.008317547031778791,0.008494120655917113,0.007759946113447253,0.007267398635587727,0.00769489267297524,0.006979304827783098,0.0064124105608127,0.006523930744479008,0.006421703909451559,0.006328770423062968,0.006375237166257265,0.0073138653787820215,0.009293348638858986,0.009339815382053281
26097,0.0007620545883864368,0.0007527612397475779,0.0007527612397475779,0.0007806412856641548,0.0008085213315807317,0.0008364013774973088,0.0008921614693304626,0.0010501483961910653,0.00137541559855113,0.0016913894522723354,0.001970189911438105,0.002072416746465554,0.002397683948825618,0.0029645782157960163,0.0035593525286829915,0.004330700465708288,0.005232155283677609,0.0051763951918444556,0.005334382118705058,0.00486042133812325,0.00467455436534607,0.004646674319429493,0.004507274089846608,0.00430282041979171,0.0043678738602637235,0.004321407117069429,0.004330700465708288,0.004349287162986005,0.004144833492931108,0.004414340603458018,0.004646674319429493,0.004553740833040903,0.004525860787124326,0.0044608073466523126,0.005055581659539289,0.005548129137398814,0.006440290606729277,0.007416092213809471,0.00871716102324973,0.00999034978677341,0.009311935336136704,0.009906709649023678,0.00871716102324973,0.008317547031778791,0.008494120655917113,0.007759946113447253,0.007267398635587727,0.00769489267297524,0.006979304827783098,0.0064124105608127,0.006523930744479008,0.006421703909451559,0.006328770423062968,0.006375237166257265,0.0073138653787820215,0.009293348638858986,0.009339815382053281
26099,0.0007620545883864368,0.0007527612397475779,0.0007527612397475779,0.0007806412856641548,0.0008085213315807317,0.0008364013774973088,0.0008921614693304626,0.0010501483961910653,0.00137541559855113,0.0016913894522723354,0.001970189911438105,0.002072416746465554,0.002397683948825618,0.0029645782157960163,0.0035593525286829915,0.004330700465708288,0.005232155283677609,0.0051763951918444556,0.005334382118705058,0.00486042133812325,0.00467455436534607,0.004646674319429493,0.004507274089846608,0.00430282041979171,0.0043678738602637235,0.004321407117069429,0.004330700465708288,0.004349287162986005,0.004144833492931108,0.004414340603458018,0.004646674319429493,0.004553740833040903,0.004525860787124326,0.0044608073466523126,0.005055581659539289,0.005548129137398814,0.006440290606729277,0.007416092213809471,0.00871716102324973,0.00999034978677341,0.009311935336136704,0.009906709649023678,0.00871716102324973,0.008317547031778791,0.008494120655917113,0.007759946113447253,0.007267398635587727,0.00769489267297524,0.006979304827783098,0.0064124105608127,0.006523930744479008,0.006421703909451559,0.006328770423062968,0.006375237166257265,0.0073138653787820215,0.009293348638858986,0.009339815382053281
26101,0.0007620545883864368,0.0007527612397475779,0.0007527612397475779,0.0007806412856641548,0.0008085213315807317,0.0008364013774973088,0.0008921614693304626,0.0010501483961910653,0.00137541559855113,0.0016913894522723354,0.001970189911438105,0.002072416746465554,0.002397683948825618,0.0029645782157960163,0.0035593525286829915,0.004330700465708288,0.005232155283677609,0.0051763951918444556,0.005334382118705058,0.00486042133812325,0.00467455436534607,0.004646674319429493,0.004507274089846608,0.00430282041979171,0.0043678738602637235,0.004321407117069429,0.004330700465708288,0.004349287162986005,0.004144833492931108,0.004414340603458018,0.004646674319429493,0.004553740833040903,0.004525860787124326,0.0044608073466523126,0.005055581659539289,0.005548129137398814,0.006440290606729277,0.007416092213809471,0.00871716102324973,0.00999034978677341,0.009311935336136704,0.009906709649023678,0.00871716102324973,0.008317547031778791,0.008494120655917113,0.007759946113447253,0.007267398635587727,0.00769489267297524,0.006979304827783098,0.0064124105608127,0.006523930744479008,0.006421703909451559,0.006328770423062968,0.006375237166257265,0.0073138653787820215,0.009293348638858986,0.009339815382053281
26103,0.0007620545883864368,0.0007527612397475779,0.0007527612397475779,0.0007806412856641548,0.0008085213315807317,0.0008364013774973088,0.0008921614693304626,0.0010501483961910653,0.00137541559855113,0.0016913894522723354,0.001970189911438105,0.002072416746465554,0.002397683948825618,0.0029645782157960163,0.0035593525286829915,0.004330700465708288,0.005232155283677609,0.0051763951918444556,0.005334382118705058,0.00486042133812325,0.00467455436534607,0.004646674319429493,0.004507274089846608,0.00430282041979171,0.0043678738602637235,0.004321407117069429,0.004330700465708288,0.004349287162986005,0.004144833492931108,0.004414340603458018,0.004646674319429493,0.004553740833040903,0.004525860787124326,0.0044608073466523126,0.005055581659539289,0.005548129137398814,0.006440290606729277,0.007416092213809471,0.00871716102324973,0.00999034978677341,0.009311935336136704,0.009906709649023678,0.00871716102324973,0.008317547031778791,0.008494120655917113,0.007759946113447253,0.007267398635587727,0.00769489267297524,0.006979304827783098,0.0064124105608127,0.006523930744479008,0.006421703909451559,0.006328770423062968,0.006375237166257265,0.0073138653787820215,0.009293348638858986,0.009339815382053281
26105,0.0007620545883864368,0.0007527612397475779,0.0007527612397475779,0.0007806412856641548,0.0008085213315807317,0.0008364013774973088,0.0008921614693304626,0.0010501483961910653,0.00137541559855113,0.0016913894522723354,0.001970189911438105,0.002072416746465554,0.002397683948825618,0.0029645782157960163,0.0035593525286829915,0.004330700465708288,0.005232155283677609,0.0051763951918444556,0.005334382118705058,0.00486042133812325,0.00467455436534607,0.004646674319429493,0.004507274089846608,0.00430282041979171,0.0043678738602637235,0.004321407117069429,0.004330700465708288,0.004349287162986005,0.004144833492931108,0.004414340603458018,0.004646674319429493,0.004553740833040903,0.004525860787124326,0.0044608073466523126,0.005055581659539289,0.005548129137398814,0.006440290606729277,0.007416092213809471,0.00871716102324973,0.00999034978677341,0.009311935336136704,0.009906709649023678,0.00871716102324973,0.008317547031778791,0.008494120655917113,0.007759946113447253,0.007267398635587727,0.00769489267297524,0.006979304827783098,0.0064124105608127,0.006523930744479008,0.006421703909451559,0.006328770423062968,0.006375237166257265,0.0073138653787820215,0.009293348638858986,0.009339815382053281
26107,0.0007620545883864368,0.0007527612397475779,0.0007527612397475779,0.0007806412856641548,0.0008085213315807317,0.0008364013774973088,0.0008921614693304626,0.0010501483961910653,0.00137541559855113,0.0016913894522723354,0.001970189911438105,0.002072416746465554,0.002397683948825618,0.0029645782157960163,0.0035593525286829915,0.004330700465708288,0.005232155283677609,0.0051763951918444556,0.005334382118705058,0.00486042133812325,0.00467455436534607,0.004646674319429493,0.004507274089846608,0.00430282041979171,0.0043678738602637235,0.004321407117069429,0.004330700465708288,0.004349287162986005,0.004144833492931108,0.004414340603458018,0.004646674319429493,0.004553740833040903,0.004525860787124326,0.0044608073466523126,0.005055581659539289,0.005548129137398814,0.006440290606729277,0.007416092213809471,0.00871716102324973,0.00999034978677341,0.009311935336136704,0.009906709649023678,0.00871716102324973,0.008317547031778791,0.008494120655917113,0.007759946113447253,0.007267398635587727,0.00769489267297524,0.006979304827783098,0.0064124105608127,0.006523930744479008,0.006421703909451559,0.006328770423062968,0.006375237166257265,0.0073138653787820215,0.009293348638858986,0.009339815382053281
26109,0.0007620545883864368,0.0007527612397475779,0.0007527612397475779,0.0007806412856641548,0.0008085213315807317,0.0008364013774973088,0.0008921614693304626,0.0010501483961910653,0.00137541559855113,0.0016913894522723354,0.001970189911438105,0.002072416746465554,0.002397683948825618,0.0029645782157960163,0.0035593525286829915,0.004330700465708288,0.005232155283677609,0.0051763951918444556,0.005334382118705058,0.00486042133812325,0.00467455436534607,0.004646674319429493,0.004507274089846608,0.00430282041979171,0.0043678738602637235,0.004321407117069429,0.004330700465708288,0.004349287162986005,0.004144833492931108,0.004414340603458018,0.004646674319429493,0.004553740833040903,0.004525860787124326,0.0044608073466523126,0.005055581659539289,0.005548129137398814,0.006440290606729277,0.007416092213809471,0.00871716102324973,0.00999034978677341,0.009311935336136704,0.009906709649023678,0.00871716102324973,0.008317547031778791,0.008494120655917113,0.007759946113447253,0.007267398635587727,0.00769489267297524,0.006979304827783098,0.0064124105608127,0.006523930744479008,0.006421703909451559,0.006328770423062968,0.006375237166257265,0.0073138653787820215,0.009293348638858986,0.009339815382053281
26111,0.0007620545883864368,0.0007527612397475779,0.0007527612397475779,0.0007806412856641548,0.0008085213315807317,0.0008364013774973088,0.0008921614693304626,0.0010501483961910653,0.00137541559855113,0.0016913894522723354,0.001970189911438105,0.002072416746465554,0.002397683948825618,0.0029645782157960163,0.0035593525286829915,0.004330700465708288,0.005232155283677609,0.0051763951918444556,0.005334382118705058,0.00486042133812325,0.00467455436534607,0.004646674319429493,0.004507274089846608,0.00430282041979171,0.0043678738602637235,0.004321407117069429,0.004330700465708288,0.004349287162986005,0.004144833492931108,0.004414340603458018,0.004646674319429493,0.004553740833040903,0.004525860787124326,0.0044608073466523126,0.005055581659539289,0.005548129137398814,0.006440290606729277,0.007416092213809471,0.00871716102324973,0.00999034978677341,0.009311935336136704,0.009906709649023678,0.00871716102324973,0.008317547031778791,0.008494120655917113,0.007759946113447253,0.007267398635587727,0.00769489267297524,0.006979304827783098,0.0064124105608127,0.006523930744479008,0.006421703909451559,0.006328770423062968,0.006375237166257265,0.0073138653787820215,0.009293348638858986,0.009339815382053281
26113,0.0007620545883864368,0.0007527612397475779,0.0007527612397475779,0.0007806412856641548,0.0008085213315807317,0.0008364013774973088,0.0008921614693304626,0.0010501483961910653,0.00137541559855113,0.0016913894522723354,0.001970189911438105,0.002072416746465554,0.002397683948825618,0.0029645782157960163,0.0035593525286829915,0.004330700465708288,0.005232155283677609,0.0051763951918444556,0.005334382118705058,0.00486042133812325,0.00467455436534607,0.004646674319429493,0.004507274089846608,0.00430282041979171,0.0043678738602637235,0.004321407117069429,0.004330700465708288,0.004349287162986005,0.004144833492931108,0.004414340603458018,0.004646674319429493,0.004553740833040903,0.004525860787124326,0.0044608073466523126,0.005055581659539289,0.005548129137398814,0.006440290606729277,0.007416092213809471,0.00871716102324973,0.00999034978677341,0.009311935336136704,0.009906709649023678,0.00871716102324973,0.008317547031778791,0.008494120655917113,0.007759946113447253,0.007267398635587727,0.00769489267297524,0.006979304827783098,0.0064124105608127,0.006523930744479008,0.006421703909451559,0.006328770423062968,0.006375237166257265,0.0073138653787820215,0.009293348638858986,0.009339815382053281
26115,0.0007620545883864368,0.0007527612397475779,0.0007527612397475779,0.0007806412856641548,0.0008085213315807317,0.0008364013774973088,0.0008921614693304626,0.0010501483961910653,0.00137541559855113,0.0016913894522723354,0.001970189911438105,0.002072416746465554,0.002397683948825618,0.0029645782157960163,0.0035593525286829915,0.004330700465708288,0.005232155283677609,0.0051763951918444556,0.005334382118705058,0.00486042133812325,0.00467455436534607,0.004646674319429493,0.004507274089846608,0.00430282041979171,0.0043678738602637235,0.004321407117069429,0.004330700465708288,0.004349287162986005,0.004144833492931108,0.004414340603458018,0.004646674319429493,0.004553740833040903,0.004525860787124326,0.0044608073466523126,0.005055581659539289,0.005548129137398814,0.006440290606729277,0.007416092213809471,0.00871716102324973,0.00999034978677341,0.009311935336136704,0.009906709649023678,0.00871716102324973,0.008317547031778791,0.008494120655917113,0.007759946113447253,0.007267398635587727,0.00769489267297524,0.006979304827783098,0.0064124105608127,0.006523930744479008,0.006421703909451559,0.006328770423062968,0.006375237166257265,0.0073138653787820215,0.009293348638858986,0.009339815382053281
26117,0.0007620545883864368,0.0007527612397475779,0.0007527612397475779,0.0007806412856641548,0.0008085213315807317,0.0008364013774973088,0.0008921614693304626,0.0010501483961910653,0.00137541559855113,0.0016913894522723354,0.001970189911438105,0.002072416746465554,0.002397683948825618,0.0029645782157960163,0.0035593525286829915,0.004330700465708288,0.005232155283677609,0.0051763951918444556,0.005334382118705058,0.00486042133812325,0.00467455436534607,0.004646674319429493,0.004507274089846608,0.00430282041979171,0.0043678738602637235,0.004321407117069429,0.004330700465708288,0.004349287162986005,0.004144833492931108,0.004414340603458018,0.004646674319429493,0.004553740833040903,0.004525860787124326,0.0044608073466523126,0.005055581659539289,0.005548129137398814,0.006440290606729277,0.007416092213809471,0.00871716102324973,0.00999034978677341,0.009311935336136704,0.009906709649023678,0.00871716102324973,0.008317547031778791,0.008494120655917113,0.007759946113447253,0.007267398635587727,0.00769489267297524,0.006979304827783098,0.0064124105608127,0.006523930744479008,0.006421703909451559,0.006328770423062968,0.006375237166257265,0.0073138653787820215,0.009293348638858986,0.009339815382053281
26119,0.0007620545883864368,0.0007527612397475779,0.0007527612397475779,0.0007806412856641548,0.0008085213315807317,0.0008364013774973088,0.0008921614693304626,0.0010501483961910653,0.00137541559855113,0.0016913894522723354,0.001970189911438105,0.002072416746465554,0.002397683948825618,0.0029645782157960163,0.0035593525286829915,0.004330700465708288,0.005232155283677609,0.0051763951918444556,0.005334382118705058,0.00486042133812325,0.00467455436534607,0.004646674319429493,0.004507274089846608,0.00430282041979171,0.0043678738602637235,0.004321407117069429,0.004330700465708288,0.004349287162986005,0.004144833492931108,0.004414340603458018,0.004646674319429493,0.004553740833040903,0.004525860787124326,0.0044608073466523126,0.005055581659539289,0.005548129137398814,0.006440290606729277,0.007416092213809471,0.00871716102324973,0.00999034978677341,0.009311935336136704,0.009906709649023678,0.00871716102324973,0.008317547031778791,0.008494120655917113,0.007759946113447253,0.007267398635587727,0.00769489267297524,0.006979304827783098,0.0064124105608127,0.006523930744479008,0.006421703909451559,0.006328770423062968,0.006375237166257265,0.0073138653787820215,0.009293348638858986,0.009339815382053281
26121,0.0007620545883864368,0.0007527612397475779,0.0007527612397475779,0.0007806412856641548,0.0008085213315807317,0.0008364013774973088,0.0008921614693304626,0.0010501483961910653,0.00137541559855113,0.0016913894522723354,0.001970189911438105,0.002072416746465554,0.002397683948825618,0.0029645782157960163,0.0035593525286829915,0.004330700465708288,0.005232155283677609,0.0051763951918444556,0.005334382118705058,0.00486042133812325,0.00467455436534607,0.004646674319429493,0.004507274089846608,0.00430282041979171,0.0043678738602637235,0.004321407117069429,0.004330700465708288,0.004349287162986005,0.004144833492931108,0.004414340603458018,0.004646674319429493,0.004553740833040903,0.004525860787124326,0.0044608073466523126,0.005055581659539289,0.005548129137398814,0.006440290606729277,0.007416092213809471,0.00871716102324973,0.00999034978677341,0.009311935336136704,0.009906709649023678,0.00871716102324973,0.008317547031778791,0.008494120655917113,0.007759946113447253,0.007267398635587727,0.00769489267297524,0.006979304827783098,0.0064124105608127,0.006523930744479008,0.006421703909451559,0.006328770423062968,0.006375237166257265,0.0073138653787820215,0.009293348638858986,0.009339815382053281
26123,0.0007620545883864368,0.0007527612397475779,0.0007527612397475779,0.0007806412856641548,0.0008085213315807317,0.0008364013774973088,0.0008921614693304626,0.0010501483961910653,0.00137541559855113,0.0016913894522723354,0.001970189911438105,0.002072416746465554,0.002397683948825618,0.0029645782157960163,0.0035593525286829915,0.004330700465708288,0.005232155283677609,0.0051763951918444556,0.005334382118705058,0.00486042133812325,0.00467455436534607,0.004646674319429493,0.004507274089846608,0.00430282041979171,0.0043678738602637235,0.004321407117069429,0.004330700465708288,0.004349287162986005,0.004144833492931108,0.004414340603458018,0.004646674319429493,0.004553740833040903,0.004525860787124326,0.0044608073466523126,0.005055581659539289,0.005548129137398814,0.006440290606729277,0.007416092213809471,0.00871716102324973,0.00999034978677341,0.009311935336136704,0.009906709649023678,0.00871716102324973,0.008317547031778791,0.008494120655917113,0.007759946113447253,0.007267398635587727,0.00769489267297524,0.006979304827783098,0.0064124105608127,0.006523930744479008,0.006421703909451559,0.006328770423062968,0.006375237166257265,0.0073138653787820215,0.009293348638858986,0.009339815382053281
26125,0.0007620545883864368,0.0007527612397475779,0.0007527612397475779,0.0007806412856641548,0.0008085213315807317,0.0008364013774973088,0.0008921614693304626,0.0010501483961910653,0.00137541559855113,0.0016913894522723354,0.001970189911438105,0.002072416746465554,0.002397683948825618,0.0029645782157960163,0.0035593525286829915,0.004330700465708288,0.005232155283677609,0.0051763951918444556,0.005334382118705058,0.00486042133812325,0.00467455436534607,0.004646674319429493,0.004507274089846608,0.00430282041979171,0.0043678738602637235,0.004321407117069429,0.004330700465708288,0.004349287162986005,0.004144833492931108,0.004414340603458018,0.004646674319429493,0.004553740833040903,0.004525860787124326,0.0044608073466523126,0.005055581659539289,0.005548129137398814,0.006440290606729277,0.007416092213809471,0.00871716102324973,0.00999034978677341,0.009311935336136704,0.009906709649023678,0.00871716102324973,0.008317547031778791,0.008494120655917113,0.007759946113447253,0.007267398635587727,0.00769489267297524,0.006979304827783098,0.0064124105608127,0.006523930744479008,0.006421703909451559,0.006328770423062968,0.006375237166257265,0.0073138653787820215,0.009293348638858986,0.009339815382053281
26127,0.0007620545883864368,0.0007527612397475779,0.0007527612397475779,0.0007806412856641548,0.0008085213315807317,0.0008364013774973088,0.0008921614693304626,0.0010501483961910653,0.00137541559855113,0.0016913894522723354,0.001970189911438105,0.002072416746465554,0.002397683948825618,0.0029645782157960163,0.0035593525286829915,0.004330700465708288,0.005232155283677609,0.0051763951918444556,0.005334382118705058,0.00486042133812325,0.00467455436534607,0.004646674319429493,0.004507274089846608,0.00430282041979171,0.0043678738602637235,0.004321407117069429,0.004330700465708288,0.004349287162986005,0.004144833492931108,0.004414340603458018,0.004646674319429493,0.004553740833040903,0.004525860787124326,0.0044608073466523126,0.005055581659539289,0.005548129137398814,0.006440290606729277,0.007416092213809471,0.00871716102324973,0.00999034978677341,0.009311935336136704,0.009906709649023678,0.00871716102324973,0.008317547031778791,0.008494120655917113,0.007759946113447253,0.007267398635587727,0.00769489267297524,0.006979304827783098,0.0064124105608127,0.006523930744479008,0.006421703909451559,0.006328770423062968,0.006375237166257265,0.0073138653787820215,0.009293348638858986,0.009339815382053281
26129,0.0007620545883864368,0.0007527612397475779,0.0007527612397475779,0.0007806412856641548,0.0008085213315807317,0.0008364013774973088,0.0008921614693304626,0.0010501483961910653,0.00137541559855113,0.0016913894522723354,0.001970189911438105,0.002072416746465554,0.002397683948825618,0.0029645782157960163,0.0035593525286829915,0.004330700465708288,0.005232155283677609,0.0051763951918444556,0.005334382118705058,0.00486042133812325,0.00467455436534607,0.004646674319429493,0.004507274089846608,0.00430282041979171,0.0043678738602637235,0.004321407117069429,0.004330700465708288,0.004349287162986005,0.004144833492931108,0.004414340603458018,0.004646674319429493,0.004553740833040903,0.004525860787124326,0.0044608073466523126,0.005055581659539289,0.005548129137398814,0.006440290606729277,0.007416092213809471,0.00871716102324973,0.00999034978677341,0.009311935336136704,0.009906709649023678,0.00871716102324973,0.008317547031778791,0.008494120655917113,0.007759946113447253,0.007267398635587727,0.00769489267297524,0.006979304827783098,0.0064124105608127,0.006523930744479008,0.006421703909451559,0.006328770423062968,0.006375237166257265,0.0073138653787820215,0.009293348638858986,0.009339815382053281
26131,0.0007620545883864368,0.0007527612397475779,0.0007527612397475779,0.0007806412856641548,0.0008085213315807317,0.0008364013774973088,0.0008921614693304626,0.0010501483961910653,0.00137541559855113,0.0016913894522723354,0.001970189911438105,0.002072416746465554,0.002397683948825618,0.0029645782157960163,0.0035593525286829915,0.004330700465708288,0.005232155283677609,0.0051763951918444556,0.005334382118705058,0.00486042133812325,0.00467455436534607,0.004646674319429493,0.004507274089846608,0.00430282041979171,0.0043678738602637235,0.004321407117069429,0.004330700465708288,0.004349287162986005,0.004144833492931108,0.004414340603458018,0.004646674319429493,0.004553740833040903,0.004525860787124326,0.0044608073466523126,0.005055581659539289,0.005548129137398814,0.006440290606729277,0.007416092213809471,0.00871716102324973,0.00999034978677341,0.009311935336136704,0.009906709649023678,0.00871716102324973,0.008317547031778791,0.008494120655917113,0.007759946113447253,0.007267398635587727,0.00769489267297524,0.006979304827783098,0.0064124105608127,0.006523930744479008,0.006421703909451559,0.006328770423062968,0.006375237166257265,0.0073138653787820215,0.009293348638858986,0.009339815382053281
26133,0.0007620545883864368,0.0007527612397475779,0.0007527612397475779,0.0007806412856641548,0.0008085213315807317,0.0008364013774973088,0.0008921614693304626,0.0010501483961910653,0.00137541559855113,0.0016913894522723354,0.001970189911438105,0.002072416746465554,0.002397683948825618,0.0029645782157960163,0.0035593525286829915,0.004330700465708288,0.005232155283677609,0.0051763951918444556,0.005334382118705058,0.00486042133812325,0.00467455436534607,0.004646674319429493,0.004507274089846608,0.00430282041979171,0.0043678738602637235,0.004321407117069429,0.004330700465708288,0.004349287162986005,0.004144833492931108,0.004414340603458018,0.004646674319429493,0.004553740833040903,0.004525860787124326,0.0044608073466523126,0.005055581659539289,0.005548129137398814,0.006440290606729277,0.007416092213809471,0.00871716102324973,0.00999034978677341,0.009311935336136704,0.009906709649023678,0.00871716102324973,0.008317547031778791,0.008494120655917113,0.007759946113447253,0.007267398635587727,0.00769489267297524,0.006979304827783098,0.0064124105608127,0.006523930744479008,0.006421703909451559,0.006328770423062968,0.006375237166257265,0.0073138653787820215,0.009293348638858986,0.009339815382053281
26135,0.0007620545883864368,0.0007527612397475779,0.0007527612397475779,0.0007806412856641548,0.0008085213315807317,0.0008364013774973088,0.0008921614693304626,0.0010501483961910653,0.00137541559855113,0.0016913894522723354,0.001970189911438105,0.002072416746465554,0.002397683948825618,0.0029645782157960163,0.0035593525286829915,0.004330700465708288,0.005232155283677609,0.0051763951918444556,0.005334382118705058,0.00486042133812325,0.00467455436534607,0.004646674319429493,0.004507274089846608,0.00430282041979171,0.0043678738602637235,0.004321407117069429,0.004330700465708288,0.004349287162986005,0.004144833492931108,0.004414340603458018,0.004646674319429493,0.004553740833040903,0.004525860787124326,0.0044608073466523126,0.005055581659539289,0.005548129137398814,0.006440290606729277,0.007416092213809471,0.00871716102324973,0.00999034978677341,0.009311935336136704,0.009906709649023678,0.00871716102324973,0.008317547031778791,0.008494120655917113,0.007759946113447253,0.007267398635587727,0.00769489267297524,0.006979304827783098,0.0064124105608127,0.006523930744479008,0.006421703909451559,0.006328770423062968,0.006375237166257265,0.0073138653787820215,0.009293348638858986,0.009339815382053281
26137,0.0007620545883864368,0.0007527612397475779,0.0007527612397475779,0.0007806412856641548,0.0008085213315807317,0.0008364013774973088,0.0008921614693304626,0.0010501483961910653,0.00137541559855113,0.0016913894522723354,0.001970189911438105,0.002072416746465554,0.002397683948825618,0.0029645782157960163,0.0035593525286829915,0.004330700465708288,0.005232155283677609,0.0051763951918444556,0.005334382118705058,0.00486042133812325,0.00467455436534607,0.004646674319429493,0.004507274089846608,0.00430282041979171,0.0043678738602637235,0.004321407117069429,0.004330700465708288,0.004349287162986005,0.004144833492931108,0.004414340603458018,0.004646674319429493,0.004553740833040903,0.004525860787124326,0.0044608073466523126,0.005055581659539289,0.005548129137398814,0.006440290606729277,0.007416092213809471,0.00871716102324973,0.00999034978677341,0.009311935336136704,0.009906709649023678,0.00871716102324973,0.008317547031778791,0.008494120655917113,0.007759946113447253,0.007267398635587727,0.00769489267297524,0.006979304827783098,0.0064124105608127,0.006523930744479008,0.006421703909451559,0.006328770423062968,0.006375237166257265,0.0073138653787820215,0.009293348638858986,0.009339815382053281
26139,0.0007620545883864368,0.0007527612397475779,0.0007527612397475779,0.0007806412856641548,0.0008085213315807317,0.0008364013774973088,0.0008921614693304626,0.0010501483961910653,0.00137541559855113,0.0016913894522723354,0.001970189911438105,0.002072416746465554,0.002397683948825618,0.0029645782157960163,0.0035593525286829915,0.004330700465708288,0.005232155283677609,0.0051763951918444556,0.005334382118705058,0.00486042133812325,0.00467455436534607,0.004646674319429493,0.004507274089846608,0.00430282041979171,0.0043678738602637235,0.004321407117069429,0.004330700465708288,0.004349287162986005,0.004144833492931108,0.004414340603458018,0.004646674319429493,0.004553740833040903,0.004525860787124326,0.0044608073466523126,0.005055581659539289,0.005548129137398814,0.006440290606729277,0.007416092213809471,0.00871716102324973,0.00999034978677341,0.009311935336136704,0.009906709649023678,0.00871716102324973,0.008317547031778791,0.008494120655917113,0.007759946113447253,0.007267398635587727,0.00769489267297524,0.006979304827783098,0.0064124105608127,0.006523930744479008,0.006421703909451559,0.006328770423062968,0.006375237166257265,0.0073138653787820215,0.009293348638858986,0.009339815382053281
26141,0.0007620545883864368,0.0007527612397475779,0.0007527612397475779,0.0007806412856641548,0.0008085213315807317,0.0008364013774973088,0.0008921614693304626,0.0010501483961910653,0.00137541559855113,0.0016913894522723354,0.001970189911438105,0.002072416746465554,0.002397683948825618,0.0029645782157960163,0.0035593525286829915,0.004330700465708288,0.005232155283677609,0.0051763951918444556,0.005334382118705058,0.00486042133812325,0.00467455436534607,0.004646674319429493,0.004507274089846608,0.00430282041979171,0.0043678738602637235,0.004321407117069429,0.004330700465708288,0.004349287162986005,0.004144833492931108,0.004414340603458018,0.004646674319429493,0.004553740833040903,0.004525860787124326,0.0044608073466523126,0.005055581659539289,0.005548129137398814,0.006440290606729277,0.007416092213809471,0.00871716102324973,0.00999034978677341,0.009311935336136704,0.009906709649023678,0.00871716102324973,0.008317547031778791,0.008494120655917113,0.007759946113447253,0.007267398635587727,0.00769489267297524,0.006979304827783098,0.0064124105608127,0.006523930744479008,0.006421703909451559,0.006328770423062968,0.006375237166257265,0.0073138653787820215,0.009293348638858986,0.009339815382053281
26143,0.0007620545883864368,0.0007527612397475779,0.0007527612397475779,0.0007806412856641548,0.0008085213315807317,0.0008364013774973088,0.0008921614693304626,0.0010501483961910653,0.00137541559855113,0.0016913894522723354,0.001970189911438105,0.002072416746465554,0.002397683948825618,0.0029645782157960163,0.0035593525286829915,0.004330700465708288,0.005232155283677609,0.0051763951918444556,0.005334382118705058,0.00486042133812325,0.00467455436534607,0.004646674319429493,0.004507274089846608,0.00430282041979171,0.0043678738602637235,0.004321407117069429,0.004330700465708288,0.004349287162986005,0.004144833492931108,0.004414340603458018,0.004646674319429493,0.004553740833040903,0.004525860787124326,0.0044608073466523126,0.005055581659539289,0.005548129137398814,0.006440290606729277,0.007416092213809471,0.00871716102324973,0.00999034978677341,0.009311935336136704,0.009906709649023678,0.00871716102324973,0.008317547031778791,0.008494120655917113,0.007759946113447253,0.007267398635587727,0.00769489267297524,0.006979304827783098,0.0064124105608127,0.006523930744479008,0.006421703909451559,0.006328770423062968,0.006375237166257265,0.0073138653787820215,0.009293348638858986,0.009339815382053281
26145,0.0007620545883864368,0.0007527612397475779,0.0007527612397475779,0.0007806412856641548,0.0008085213315807317,0.0008364013774973088,0.0008921614693304626,0.0010501483961910653,0.00137541559855113,0.0016913894522723354,0.001970189911438105,0.002072416746465554,0.002397683948825618,0.0029645782157960163,0.0035593525286829915,0.004330700465708288,0.005232155283677609,0.0051763951918444556,0.005334382118705058,0.00486042133812325,0.00467455436534607,0.004646674319429493,0.004507274089846608,0.00430282041979171,0.0043678738602637235,0.004321407117069429,0.004330700465708288,0.004349287162986005,0.004144833492931108,0.004414340603458018,0.004646674319429493,0.004553740833040903,0.004525860787124326,0.0044608073466523126,0.005055581659539289,0.005548129137398814,0.006440290606729277,0.007416092213809471,0.00871716102324973,0.00999034978677341,0.009311935336136704,0.009906709649023678,0.00871716102324973,0.008317547031778791,0.008494120655917113,0.007759946113447253,0.007267398635587727,0.00769489267297524,0.006979304827783098,0.0064124105608127,0.006523930744479008,0.006421703909451559,0.006328770423062968,0.006375237166257265,0.0073138653787820215,0.009293348638858986,0.009339815382053281
26147,0.0007620545883864368,0.0007527612397475779,0.0007527612397475779,0.0007806412856641548,0.0008085213315807317,0.0008364013774973088,0.0008921614693304626,0.0010501483961910653,0.00137541559855113,0.0016913894522723354,0.001970189911438105,0.002072416746465554,0.002397683948825618,0.0029645782157960163,0.0035593525286829915,0.004330700465708288,0.005232155283677609,0.0051763951918444556,0.005334382118705058,0.00486042133812325,0.00467455436534607,0.004646674319429493,0.004507274089846608,0.00430282041979171,0.0043678738602637235,0.004321407117069429,0.004330700465708288,0.004349287162986005,0.004144833492931108,0.004414340603458018,0.004646674319429493,0.004553740833040903,0.004525860787124326,0.0044608073466523126,0.005055581659539289,0.005548129137398814,0.006440290606729277,0.007416092213809471,0.00871716102324973,0.00999034978677341,0.009311935336136704,0.009906709649023678,0.00871716102324973,0.008317547031778791,0.008494120655917113,0.007759946113447253,0.007267398635587727,0.00769489267297524,0.006979304827783098,0.0064124105608127,0.006523930744479008,0.006421703909451559,0.006328770423062968,0.006375237166257265,0.0073138653787820215,0.009293348638858986,0.009339815382053281
26149,0.0007620545883864368,0.0007527612397475779,0.0007527612397475779,0.0007806412856641548,0.0008085213315807317,0.0008364013774973088,0.0008921614693304626,0.0010501483961910653,0.00137541559855113,0.0016913894522723354,0.001970189911438105,0.002072416746465554,0.002397683948825618,0.0029645782157960163,0.0035593525286829915,0.004330700465708288,0.005232155283677609,0.0051763951918444556,0.005334382118705058,0.00486042133812325,0.00467455436534607,0.004646674319429493,0.004507274089846608,0.00430282041979171,0.0043678738602637235,0.004321407117069429,0.004330700465708288,0.004349287162986005,0.004144833492931108,0.004414340603458018,0.004646674319429493,0.004553740833040903,0.004525860787124326,0.0044608073466523126,0.005055581659539289,0.005548129137398814,0.006440290606729277,0.007416092213809471,0.00871716102324973,0.00999034978677341,0.009311935336136704,0.009906709649023678,0.00871716102324973,0.008317547031778791,0.008494120655917113,0.007759946113447253,0.007267398635587727,0.00769489267297524,0.006979304827783098,0.0064124105608127,0.006523930744479008,0.006421703909451559,0.006328770423062968,0.006375237166257265,0.0073138653787820215,0.009293348638858986,0.009339815382053281
26151,0.0007620545883864368,0.0007527612397475779,0.0007527612397475779,0.0007806412856641548,0.0008085213315807317,0.0008364013774973088,0.0008921614693304626,0.0010501483961910653,0.00137541559855113,0.0016913894522723354,0.001970189911438105,0.002072416746465554,0.002397683948825618,0.0029645782157960163,0.0035593525286829915,0.004330700465708288,0.005232155283677609,0.0051763951918444556,0.005334382118705058,0.00486042133812325,0.00467455436534607,0.004646674319429493,0.004507274089846608,0.00430282041979171,0.0043678738602637235,0.004321407117069429,0.004330700465708288,0.004349287162986005,0.004144833492931108,0.004414340603458018,0.004646674319429493,0.004553740833040903,0.004525860787124326,0.0044608073466523126,0.005055581659539289,0.005548129137398814,0.006440290606729277,0.007416092213809471,0.00871716102324973,0.00999034978677341,0.009311935336136704,0.009906709649023678,0.00871716102324973,0.008317547031778791,0.008494120655917113,0.007759946113447253,0.007267398635587727,0.00769489267297524,0.006979304827783098,0.0064124105608127,0.006523930744479008,0.006421703909451559,0.006328770423062968,0.006375237166257265,0.0073138653787820215,0.009293348638858986,0.009339815382053281
26153,0.0007620545883864368,0.0007527612397475779,0.0007527612397475779,0.0007806412856641548,0.0008085213315807317,0.0008364013774973088,0.0008921614693304626,0.0010501483961910653,0.00137541559855113,0.0016913894522723354,0.001970189911438105,0.002072416746465554,0.002397683948825618,0.0029645782157960163,0.0035593525286829915,0.004330700465708288,0.005232155283677609,0.0051763951918444556,0.005334382118705058,0.00486042133812325,0.00467455436534607,0.004646674319429493,0.004507274089846608,0.00430282041979171,0.0043678738602637235,0.004321407117069429,0.004330700465708288,0.004349287162986005,0.004144833492931108,0.004414340603458018,0.004646674319429493,0.004553740833040903,0.004525860787124326,0.0044608073466523126,0.005055581659539289,0.005548129137398814,0.006440290606729277,0.007416092213809471,0.00871716102324973,0.00999034978677341,0.009311935336136704,0.009906709649023678,0.00871716102324973,0.008317547031778791,0.008494120655917113,0.007759946113447253,0.007267398635587727,0.00769489267297524,0.006979304827783098,0.0064124105608127,0.006523930744479008,0.006421703909451559,0.006328770423062968,0.006375237166257265,0.0073138653787820215,0.009293348638858986,0.009339815382053281
26155,0.0007620545883864368,0.0007527612397475779,0.0007527612397475779,0.0007806412856641548,0.0008085213315807317,0.0008364013774973088,0.0008921614693304626,0.0010501483961910653,0.00137541559855113,0.0016913894522723354,0.001970189911438105,0.002072416746465554,0.002397683948825618,0.0029645782157960163,0.0035593525286829915,0.004330700465708288,0.005232155283677609,0.0051763951918444556,0.005334382118705058,0.00486042133812325,0.00467455436534607,0.004646674319429493,0.004507274089846608,0.00430282041979171,0.0043678738602637235,0.004321407117069429,0.004330700465708288,0.004349287162986005,0.004144833492931108,0.004414340603458018,0.004646674319429493,0.004553740833040903,0.004525860787124326,0.0044608073466523126,0.005055581659539289,0.005548129137398814,0.006440290606729277,0.007416092213809471,0.00871716102324973,0.00999034978677341,0.009311935336136704,0.009906709649023678,0.00871716102324973,0.008317547031778791,0.008494120655917113,0.007759946113447253,0.007267398635587727,0.00769489267297524,0.006979304827783098,0.0064124105608127,0.006523930744479008,0.006421703909451559,0.006328770423062968,0.006375237166257265,0.0073138653787820215,0.009293348638858986,0.009339815382053281
26157,0.0007620545883864368,0.0007527612397475779,0.0007527612397475779,0.0007806412856641548,0.0008085213315807317,0.0008364013774973088,0.0008921614693304626,0.0010501483961910653,0.00137541559855113,0.0016913894522723354,0.001970189911438105,0.002072416746465554,0.002397683948825618,0.0029645782157960163,0.0035593525286829915,0.004330700465708288,0.005232155283677609,0.0051763951918444556,0.005334382118705058,0.00486042133812325,0.00467455436534607,0.004646674319429493,0.004507274089846608,0.00430282041979171,0.0043678738602637235,0.004321407117069429,0.004330700465708288,0.004349287162986005,0.004144833492931108,0.004414340603458018,0.004646674319429493,0.004553740833040903,0.004525860787124326,0.0044608073466523126,0.005055581659539289,0.005548129137398814,0.006440290606729277,0.007416092213809471,0.00871716102324973,0.00999034978677341,0.009311935336136704,0.009906709649023678,0.00871716102324973,0.008317547031778791,0.008494120655917113,0.007759946113447253,0.007267398635587727,0.00769489267297524,0.006979304827783098,0.0064124105608127,0.006523930744479008,0.006421703909451559,0.006328770423062968,0.006375237166257265,0.0073138653787820215,0.009293348638858986,0.009339815382053281
26159,0.0007620545883864368,0.0007527612397475779,0.0007527612397475779,0.0007806412856641548,0.0008085213315807317,0.0008364013774973088,0.0008921614693304626,0.0010501483961910653,0.00137541559855113,0.0016913894522723354,0.001970189911438105,0.002072416746465554,0.002397683948825618,0.0029645782157960163,0.0035593525286829915,0.004330700465708288,0.005232155283677609,0.0051763951918444556,0.005334382118705058,0.00486042133812325,0.00467455436534607,0.004646674319429493,0.004507274089846608,0.00430282041979171,0.0043678738602637235,0.004321407117069429,0.004330700465708288,0.004349287162986005,0.004144833492931108,0.004414340603458018,0.004646674319429493,0.004553740833040903,0.004525860787124326,0.0044608073466523126,0.005055581659539289,0.005548129137398814,0.006440290606729277,0.007416092213809471,0.00871716102324973,0.00999034978677341,0.009311935336136704,0.009906709649023678,0.00871716102324973,0.008317547031778791,0.008494120655917113,0.007759946113447253,0.007267398635587727,0.00769489267297524,0.006979304827783098,0.0064124105608127,0.006523930744479008,0.006421703909451559,0.006328770423062968,0.006375237166257265,0.0073138653787820215,0.009293348638858986,0.009339815382053281
26161,0.0007620545883864368,0.0007527612397475779,0.0007527612397475779,0.0007806412856641548,0.0008085213315807317,0.0008364013774973088,0.0008921614693304626,0.0010501483961910653,0.00137541559855113,0.0016913894522723354,0.001970189911438105,0.002072416746465554,0.002397683948825618,0.0029645782157960163,0.0035593525286829915,0.004330700465708288,0.005232155283677609,0.0051763951918444556,0.005334382118705058,0.00486042133812325,0.00467455436534607,0.004646674319429493,0.004507274089846608,0.00430282041979171,0.0043678738602637235,0.004321407117069429,0.004330700465708288,0.004349287162986005,0.004144833492931108,0.004414340603458018,0.004646674319429493,0.004553740833040903,0.004525860787124326,0.0044608073466523126,0.005055581659539289,0.005548129137398814,0.006440290606729277,0.007416092213809471,0.00871716102324973,0.00999034978677341,0.009311935336136704,0.009906709649023678,0.00871716102324973,0.008317547031778791,0.008494120655917113,0.007759946113447253,0.007267398635587727,0.00769489267297524,0.006979304827783098,0.0064124105608127,0.006523930744479008,0.006421703909451559,0.006328770423062968,0.006375237166257265,0.0073138653787820215,0.009293348638858986,0.009339815382053281
26163,0.0007620545883864368,0.0007527612397475779,0.0007527612397475779,0.0007806412856641548,0.0008085213315807317,0.0008364013774973088,0.0008921614693304626,0.0010501483961910653,0.00137541559855113,0.0016913894522723354,0.001970189911438105,0.002072416746465554,0.002397683948825618,0.0029645782157960163,0.0035593525286829915,0.004330700465708288,0.005232155283677609,0.0051763951918444556,0.005334382118705058,0.00486042133812325,0.00467455436534607,0.004646674319429493,0.004507274089846608,0.00430282041979171,0.0043678738602637235,0.004321407117069429,0.004330700465708288,0.004349287162986005,0.004144833492931108,0.004414340603458018,0.004646674319429493,0.004553740833040903,0.004525860787124326,0.0044608073466523126,0.005055581659539289,0.005548129137398814,0.006440290606729277,0.007416092213809471,0.00871716102324973,0.00999034978677341,0.009311935336136704,0.009906709649023678,0.00871716102324973,0.008317547031778791,0.008494120655917113,0.007759946113447253,0.007267398635587727,0.00769489267297524,0.006979304827783098,0.0064124105608127,0.006523930744479008,0.006421703909451559,0.006328770423062968,0.006375237166257265,0.0073138653787820215,0.009293348638858986,0.009339815382053281
26165,0.0007620545883864368,0.0007527612397475779,0.0007527612397475779,0.0007806412856641548,0.0008085213315807317,0.0008364013774973088,0.0008921614693304626,0.0010501483961910653,0.00137541559855113,0.0016913894522723354,0.001970189911438105,0.002072416746465554,0.002397683948825618,0.0029645782157960163,0.0035593525286829915,0.004330700465708288,0.005232155283677609,0.0051763951918444556,0.005334382118705058,0.00486042133812325,0.00467455436534607,0.004646674319429493,0.004507274089846608,0.00430282041979171,0.0043678738602637235,0.004321407117069429,0.004330700465708288,0.004349287162986005,0.004144833492931108,0.004414340603458018,0.004646674319429493,0.004553740833040903,0.004525860787124326,0.0044608073466523126,0.005055581659539289,0.005548129137398814,0.006440290606729277,0.007416092213809471,0.00871716102324973,0.00999034978677341,0.009311935336136704,0.009906709649023678,0.00871716102324973,0.008317547031778791,0.008494120655917113,0.007759946113447253,0.007267398635587727,0.00769489267297524,0.006979304827783098,0.0064124105608127,0.006523930744479008,0.006421703909451559,0.006328770423062968,0.006375237166257265,0.0073138653787820215,0.009293348638858986,0.009339815382053281
27001,0.0005668942669703981,0.0005854809642481161,0.000622654358803552,0.000650534404720129,0.0007062944965532829,0.0007713479370252958,0.0007899346343030137,0.0009107481666081806,0.0010780284421076424,0.0013103621580791169,0.0015984559658837455,0.001877256425049515,0.0024069772974644773,0.002676484407991388,0.003382778904544671,0.004228473630680838,0.004897594732678685,0.0049998215677061345,0.004832541292206673,0.004293527071152851,0.0036151126205161456,0.0037452195014601713,0.0037173394555435942,0.0036987527582658763,0.0035407658314052736,0.0038102729419321837,0.004200593584764261,0.004051900006542518,0.0036987527582658763,0.00430282041979171,0.0044608073466523126,0.004079780052459094,0.00412624679565339,0.005668942669703981,0.006988598176421956,0.0051763951918444556,0.007062944965532829,0.007834292902558125,0.00944204221708073,0.009581442446663615,0.009423455519803012,0.009776602768079653,0.007397505516531753,0.007062944965532829,0.006932838084588803,0.005910569734314315,0.006375237166257265,0.008048039921251882,0.006793437855005918,0.005984916523425187,0.00631947707442411,0.006579690836312162,0.006161490147563507,0.005938449780230891,0.00723951858967115,0.009841656208551666,
27003,0.0005668942669703981,0.0005854809642481161,0.000622654358803552,0.000650534404720129,0.0007062944965532829,0.0007713479370252958,0.0007899346343030137,0.0009107481666081806,0.0010780284421076424,0.0013103621580791169,0.0015984559658837455,0.001877256425049515,0.0024069772974644773,0.002676484407991388,0.003382778904544671,0.004228473630680838,0.004897594732678685,0.0049998215677061345,0.004832541292206673,0.004293527071152851,0.0036151126205161456,0.0037452195014601713,0.0037173394555435942,0.0036987527582658763,0.0035407658314052736,0.0038102729419321837,0.004200593584764261,0.004051900006542518,0.0036987527582658763,0.00430282041979171,0.0044608073466523126,0.004079780052459094,0.00412624679565339,0.005668942669703981,0.006988598176421956,0.0051763951918444556,0.007062944965532829,0.007834292902558125,0.00944204221708073,0.009581442446663615,0.009423455519803012,0.009776602768079653,0.007397505516531753,0.007062944965532829,0.006932838084588803,0.005910569734314315,0.006375237166257265,0.008048039921251882,0.006793437855005918,0.005984916523425187,0.00631947707442411,0.006579690836312162,0.006161490147563507,0.005938449780230891,0.00723951858967115,0.009841656208551666,
27005,0.0005668942669703981,0.0005854809642481161,0.000622654358803552,0.000650534404720129,0.0007062944965532829,0.0007713479370252958,0.0007899346343030137,0.0009107481666081806,0.0010780284421076424,0.0013103621580791169,0.0015984559658837455,0.001877256425049515,0.0024069772974644773,0.002676484407991388,0.003382778904544671,0.004228473630680838,0.004897594732678685,0.0049998215677061345,0.004832541292206673,0.004293527071152851,0.0036151126205161456,0.0037452195014601713,0.0037173394555435942,0.0036987527582658763,0.0035407658314052736,0.0038102729419321837,0.004200593584764261,0.004051900006542518,0.0036987527582658763,0.00430282041979171,0.0044608073466523126,0.004079780052459094,0.00412624679565339,0.005668942669703981,0.006988598176421956,0.0051763951918444556,0.007062944965532829,0.007834292902558125,0.00944204221708073,0.009581442446663615,0.009423455519803012,0.009776602768079653,0.007397505516531753,0.007062944965532829,0.006932838084588803,0.005910569734314315,0.006375237166257265,0.008048039921251882,0.006793437855005918,0.005984916523425187,0.00631947707442411,0.006579690836312162,0.006161490147563507,0.005938449780230891,0.00723951858967115,0.009841656208551666,
27007,0.0005668942669703981,0.0005854809642481161,0.000622654358803552,0.000650534404720129,0.0007062944965532829,0.0007713479370252958,0.0007899346343030137,0.0009107481666081806,0.0010780284421076424,0.0013103621580791169,0.0015984559658837455,0.001877256425049515,0.0024069772974644773,0.002676484407991388,0.003382778904544671,0.004228473630680838,0.004897594732678685,0.0049998215677061345,0.004832541292206673,0.004293527071152851,0.0036151126205161456,0.0037452195014601713,0.0037173394555435942,0.0036987527582658763,0.0035407658314052736,0.0038102729419321837,0.004200593584764261,0.004051900006542518,0.0036987527582658763,0.00430282041979171,0.0044608073466523126,0.004079780052459094,0.00412624679565339,0.005668942669703981,0.006988598176421956,0.0051763951918444556,0.007062944965532829,0.007834292902558125,0.00944204221708073,0.009581442446663615,0.009423455519803012,0.009776602768079653,0.007397505516531753,0.007062944965532829,0.006932838084588803,0.005910569734314315,0.006375237166257265,0.008048039921251882,0.006793437855005918,0.005984916523425187,0.00631947707442411,0.006579690836312162,0.006161490147563507,0.005938449780230891,0.00723951858967115,0.009841656208551666,
27009,0.0005668942669703981,0.0005854809642481161,0.000622654358803552,0.000650534404720129,0.0007062944965532829,0.0007713479370252958,0.0007899346343030137,0.0009107481666081806,0.0010780284421076424,0.0013103621580791169,0.0015984559658837455,0.001877256425049515,0.0024069772974644773,0.002676484407991388,0.003382778904544671,0.004228473630680838,0.004897594732678685,0.0049998215677061345,0.004832541292206673,0.004293527071152851,0.0036151126205161456,0.0037452195014601713,0.0037173394555435942,0.0036987527582658763,0.0035407658314052736,0.0038102729419321837,0.004200593584764261,0.004051900006542518,0.0036987527582658763,0.00430282041979171,0.0044608073466523126,0.004079780052459094,0.00412624679565339,0.005668942669703981,0.006988598176421956,0.0051763951918444556,0.007062944965532829,0.007834292902558125,0.00944204221708073,0.009581442446663615,0.009423455519803012,0.009776602768079653,0.007397505516531753,0.007062944965532829,0.006932838084588803,0.005910569734314315,0.006375237166257265,0.008048039921251882,0.006793437855005918,0.005984916523425187,0.00631947707442411,0.006579690836312162,0.006161490147563507,0.005938449780230891,0.00723951858967115,0.009841656208551666,
27011,0.0005668942669703981,0.0005854809642481161,0.000622654358803552,0.000650534404720129,0.0007062944965532829,0.0007713479370252958,0.0007899346343030137,0.0009107481666081806,0.0010780284421076424,0.0013103621580791169,0.0015984559658837455,0.001877256425049515,0.0024069772974644773,0.002676484407991388,0.003382778904544671,0.004228473630680838,0.004897594732678685,0.0049998215677061345,0.004832541292206673,0.004293527071152851,0.0036151126205161456,0.0037452195014601713,0.0037173394555435942,0.0036987527582658763,0.0035407658314052736,0.0038102729419321837,0.004200593584764261,0.004051900006542518,0.0036987527582658763,0.00430282041979171,0.0044608073466523126,0.004079780052459094,0.00412624679565339,0.005668942669703981,0.006988598176421956,0.0051763951918444556,0.007062944965532829,0.007834292902558125,0.00944204221708073,0.009581442446663615,0.009423455519803012,0.009776602768079653,0.007397505516531753,0.007062944965532829,0.006932838084588803,0.005910569734314315,0.006375237166257265,0.008048039921251882,0.006793437855005918,0.005984916523425187,0.00631947707442411,0.006579690836312162,0.006161490147563507,0.005938449780230891,0.00723951858967115,0.009841656208551666,
27013,0.0005668942669703981,0.0005854809642481161,0.000622654358803552,0.000650534404720129,0.0007062944965532829,0.0007713479370252958,0.0007899346343030137,0.0009107481666081806,0.0010780284421076424,0.0013103621580791169,0.0015984559658837455,0.001877256425049515,0.0024069772974644773,0.002676484407991388,0.003382778904544671,0.004228473630680838,0.004897594732678685,0.0049998215677061345,0.004832541292206673,0.004293527071152851,0.0036151126205161456,0.0037452195014601713,0.0037173394555435942,0.0036987527582658763,0.0035407658314052736,0.0038102729419321837,0.004200593584764261,0.004051900006542518,0.0036987527582658763,0.00430282041979171,0.0044608073466523126,0.004079780052459094,0.00412624679565339,0.005668942669703981,0.006988598176421956,0.0051763951918444556,0.007062944965532829,0.007834292902558125,0.00944204221708073,0.009581442446663615,0.009423455519803012,0.009776602768079653,0.007397505516531753,0.007062944965532829,0.006932838084588803,0.005910569734314315,0.006375237166257265,0.008048039921251882,0.006793437855005918,0.005984916523425187,0.00631947707442411,0.006579690836312162,0.006161490147563507,0.005938449780230891,0.00723951858967115,0.009841656208551666,
27015,0.0005668942669703981,0.0005854809642481161,0.000622654358803552,0.000650534404720129,0.0007062944965532829,0.0007713479370252958,0.0007899346343030137,0.0009107481666081806,0.0010780284421076424,0.0013103621580791169,0.0015984559658837455,0.001877256425049515,0.0024069772974644773,0.002676484407991388,0.003382778904544671,0.004228473630680838,0.004897594732678685,0.0049998215677061345,0.004832541292206673,0.004293527071152851,0.0036151126205161456,0.0037452195014601713,0.0037173394555435942,0.0036987527582658763,0.0035407658314052736,0.0038102729419321837,0.004200593584764261,0.004051900006542518,0.0036987527582658763,0.00430282041979171,0.0044608073466523126,0.004079780052459094,0.00412624679565339,0.005668942669703981,0.006988598176421956,0.0051763951918444556,0.007062944965532829,0.007834292902558125,0.00944204221708073,0.009581442446663615,0.009423455519803012,0.009776602768079653,0.007397505516531753,0.007062944965532829,0.006932838084588803,0.005910569734314315,0.006375237166257265,0.008048039921251882,0.006793437855005918,0.005984916523425187,0.00631947707442411,0.006579690836312162,0.006161490147563507,0.005938449780230891,0.00723951858967115,0.009841656208551666,
27017,0.0005668942669703981,0.0005854809642481161,0.000622654358803552,0.000650534404720129,0.0007062944965532829,0.0007713479370252958,0.0007899346343030137,0.0009107481666081806,0.0010780284421076424,0.0013103621580791169,0.0015984559658837455,0.001877256425049515,0.0024069772974644773,0.002676484407991388,0.003382778904544671,0.004228473630680838,0.004897594732678685,0.0049998215677061345,0.004832541292206673,0.004293527071152851,0.0036151126205161456,0.0037452195014601713,0.0037173394555435942,0.0036987527582658763,0.0035407658314052736,0.0038102729419321837,0.004200593584764261,0.004051900006542518,0.0036987527582658763,0.00430282041979171,0.0044608073466523126,0.004079780052459094,0.00412624679565339,0.005668942669703981,0.006988598176421956,0.0051763951918444556,0.007062944965532829,0.007834292902558125,0.00944204221708073,0.009581442446663615,0.009423455519803012,0.009776602768079653,0.007397505516531753,0.007062944965532829,0.006932838084588803,0.005910569734314315,0.006375237166257265,0.008048039921251882,0.006793437855005918,0.005984916523425187,0.00631947707442411,0.006579690836312162,0.006161490147563507,0.005938449780230891,0.00723951858967115,0.009841656208551666,
27019,0.0005668942669703981,0.0005854809642481161,0.000622654358803552,0.000650534404720129,0.0007062944965532829,0.0007713479370252958,0.0007899346343030137,0.0009107481666081806,0.0010780284421076424,0.0013103621580791169,0.0015984559658837455,0.001877256425049515,0.0024069772974644773,0.002676484407991388,0.003382778904544671,0.004228473630680838,0.004897594732678685,0.0049998215677061345,0.004832541292206673,0.004293527071152851,0.0036151126205161456,0.0037452195014601713,0.0037173394555435942,0.0036987527582658763,0.0035407658314052736,0.0038102729419321837,0.004200593584764261,0.004051900006542518,0.0036987527582658763,0.00430282041979171,0.0044608073466523126,0.004079780052459094,0.00412624679565339,0.005668942669703981,0.006988598176421956,0.0051763951918444556,0.007062944965532829,0.007834292902558125,0.00944204221708073,0.009581442446663615,0.009423455519803012,0.009776602768079653,0.007397505516531753,0.007062944965532829,0.006932838084588803,0.005910569734314315,0.006375237166257265,0.008048039921251882,0.006793437855005918,0.005984916523425187,0.00631947707442411,0.006579690836312162,0.006161490147563507,0.005938449780230891,0.00723951858967115,0.009841656208551666,
27021,0.0005668942669703981,0.0005854809642481161,0.000622654358803552,0.000650534404720129,0.0007062944965532829,0.0007713479370252958,0.0007899346343030137,0.0009107481666081806,0.0010780284421076424,0.0013103621580791169,0.0015984559658837455,0.001877256425049515,0.0024069772974644773,0.002676484407991388,0.003382778904544671,0.004228473630680838,0.004897594732678685,0.0049998215677061345,0.004832541292206673,0.004293527071152851,0.0036151126205161456,0.0037452195014601713,0.0037173394555435942,0.0036987527582658763,0.0035407658314052736,0.0038102729419321837,0.004200593584764261,0.004051900006542518,0.0036987527582658763,0.00430282041979171,0.0044608073466523126,0.004079780052459094,0.00412624679565339,0.005668942669703981,0.006988598176421956,0.0051763951918444556,0.007062944965532829,0.007834292902558125,0.00944204221708073,0.009581442446663615,0.009423455519803012,0.009776602768079653,0.007397505516531753,0.007062944965532829,0.006932838084588803,0.005910569734314315,0.006375237166257265,0.008048039921251882,0.006793437855005918,0.005984916523425187,0.00631947707442411,0.006579690836312162,0.006161490147563507,0.005938449780230891,0.00723951858967115,0.009841656208551666,
27023,0.0005668942669703981,0.0005854809642481161,0.000622654358803552,0.000650534404720129,0.0007062944965532829,0.0007713479370252958,0.0007899346343030137,0.0009107481666081806,0.0010780284421076424,0.0013103621580791169,0.0015984559658837455,0.001877256425049515,0.0024069772974644773,0.002676484407991388,0.003382778904544671,0.004228473630680838,0.004897594732678685,0.0049998215677061345,0.004832541292206673,0.004293527071152851,0.0036151126205161456,0.0037452195014601713,0.0037173394555435942,0.0036987527582658763,0.0035407658314052736,0.0038102729419321837,0.004200593584764261,0.004051900006542518,0.0036987527582658763,0.00430282041979171,0.0044608073466523126,0.004079780052459094,0.00412624679565339,0.005668942669703981,0.006988598176421956,0.0051763951918444556,0.007062944965532829,0.007834292902558125,0.00944204221708073,0.009581442446663615,0.009423455519803012,0.009776602768079653,0.007397505516531753,0.007062944965532829,0.006932838084588803,0.005910569734314315,0.006375237166257265,0.008048039921251882,0.006793437855005918,0.005984916523425187,0.00631947707442411,0.006579690836312162,0.006161490147563507,0.005938449780230891,0.00723951858967115,0.009841656208551666,
27025,0.0005668942669703981,0.0005854809642481161,0.000622654358803552,0.000650534404720129,0.0007062944965532829,0.0007713479370252958,0.0007899346343030137,0.0009107481666081806,0.0010780284421076424,0.0013103621580791169,0.0015984559658837455,0.001877256425049515,0.0024069772974644773,0.002676484407991388,0.003382778904544671,0.004228473630680838,0.004897594732678685,0.0049998215677061345,0.004832541292206673,0.004293527071152851,0.0036151126205161456,0.0037452195014601713,0.0037173394555435942,0.0036987527582658763,0.0035407658314052736,0.0038102729419321837,0.004200593584764261,0.004051900006542518,0.0036987527582658763,0.00430282041979171,0.0044608073466523126,0.004079780052459094,0.00412624679565339,0.005668942669703981,0.006988598176421956,0.0051763951918444556,0.007062944965532829,0.007834292902558125,0.00944204221708073,0.009581442446663615,0.009423455519803012,0.009776602768079653,0.007397505516531753,0.007062944965532829,0.006932838084588803,0.005910569734314315,0.006375237166257265,0.008048039921251882,0.006793437855005918,0.005984916523425187,0.00631947707442411,0.006579690836312162,0.006161490147563507,0.005938449780230891,0.00723951858967115,0.009841656208551666,
27027,0.0005668942669703981,0.0005854809642481161,0.000622654358803552,0.000650534404720129,0.0007062944965532829,0.0007713479370252958,0.0007899346343030137,0.0009107481666081806,0.0010780284421076424,0.0013103621580791169,0.0015984559658837455,0.001877256425049515,0.0024069772974644773,0.002676484407991388,0.003382778904544671,0.004228473630680838,0.004897594732678685,0.0049998215677061345,0.004832541292206673,0.004293527071152851,0.0036151126205161456,0.0037452195014601713,0.0037173394555435942,0.0036987527582658763,0.0035407658314052736,0.0038102729419321837,0.004200593584764261,0.004051900006542518,0.0036987527582658763,0.00430282041979171,0.0044608073466523126,0.004079780052459094,0.00412624679565339,0.005668942669703981,0.006988598176421956,0.0051763951918444556,0.007062944965532829,0.007834292902558125,0.00944204221708073,0.009581442446663615,0.009423455519803012,0.009776602768079653,0.007397505516531753,0.007062944965532829,0.006932838084588803,0.005910569734314315,0.006375237166257265,0.008048039921251882,0.006793437855005918,0.005984916523425187,0.00631947707442411,0.006579690836312162,0.006161490147563507,0.005938449780230891,0.00723951858967115,0.009841656208551666,
27029,0.0005668942669703981,0.0005854809642481161,0.000622654358803552,0.000650534404720129,0.0007062944965532829,0.0007713479370252958,0.0007899346343030137,0.0009107481666081806,0.0010780284421076424,0.0013103621580791169,0.0015984559658837455,0.001877256425049515,0.0024069772974644773,0.002676484407991388,0.003382778904544671,0.004228473630680838,0.004897594732678685,0.0049998215677061345,0.004832541292206673,0.004293527071152851,0.0036151126205161456,0.0037452195014601713,0.0037173394555435942,0.0036987527582658763,0.0035407658314052736,0.0038102729419321837,0.004200593584764261,0.004051900006542518,0.0036987527582658763,0.00430282041979171,0.0044608073466523126,0.004079780052459094,0.00412624679565339,0.005668942669703981,0.006988598176421956,0.0051763951918444556,0.007062944965532829,0.007834292902558125,0.00944204221708073,0.009581442446663615,0.009423455519803012,0.009776602768079653,0.007397505516531753,0.007062944965532829,0.006932838084588803,0.005910569734314315,0.006375237166257265,0.008048039921251882,0.006793437855005918,0.005984916523425187,0.00631947707442411,0.006579690836312162,0.006161490147563507,0.005938449780230891,0.00723951858967115,0.009841656208551666,
27031,0.0005668942669703981,0.0005854809642481161,0.000622654358803552,0.000650534404720129,0.0007062944965532829,0.0007713479370252958,0.0007899346343030137,0.0009107481666081806,0.0010780284421076424,0.0013103621580791169,0.0015984559658837455,0.001877256425049515,0.0024069772974644773,0.002676484407991388,0.003382778904544671,0.004228473630680838,0.004897594732678685,0.0049998215677061345,0.004832541292206673,0.004293527071152851,0.0036151126205161456,0.0037452195014601713,0.0037173394555435942,0.0036987527582658763,0.0035407658314052736,0.0038102729419321837,0.004200593584764261,0.004051900006542518,0.0036987527582658763,0.00430282041979171,0.0044608073466523126,0.004079780052459094,0.00412624679565339,0.005668942669703981,0.006988598176421956,0.0051763951918444556,0.007062944965532829,0.007834292902558125,0.00944204221708073,0.009581442446663615,0.009423455519803012,0.009776602768079653,0.007397505516531753,0.007062944965532829,0.006932838084588803,0.005910569734314315,0.006375237166257265,0.008048039921251882,0.006793437855005918,0.005984916523425187,0.00631947707442411,0.006579690836312162,0.006161490147563507,0.005938449780230891,0.00723951858967115,0.009841656208551666,
27033,0.0005668942669703981,0.0005854809642481161,0.000622654358803552,0.000650534404720129,0.0007062944965532829,0.0007713479370252958,0.0007899346343030137,0.0009107481666081806,0.0010780284421076424,0.0013103621580791169,0.0015984559658837455,0.001877256425049515,0.0024069772974644773,0.002676484407991388,0.003382778904544671,0.004228473630680838,0.004897594732678685,0.0049998215677061345,0.004832541292206673,0.004293527071152851,0.0036151126205161456,0.0037452195014601713,0.0037173394555435942,0.0036987527582658763,0.0035407658314052736,0.0038102729419321837,0.004200593584764261,0.004051900006542518,0.0036987527582658763,0.00430282041979171,0.0044608073466523126,0.004079780052459094,0.00412624679565339,0.005668942669703981,0.006988598176421956,0.0051763951918444556,0.007062944965532829,0.007834292902558125,0.00944204221708073,0.009581442446663615,0.009423455519803012,0.009776602768079653,0.007397505516531753,0.007062944965532829,0.006932838084588803,0.005910569734314315,0.006375237166257265,0.008048039921251882,0.006793437855005918,0.005984916523425187,0.00631947707442411,0.006579690836312162,0.006161490147563507,0.005938449780230891,0.00723951858967115,0.009841656208551666,
27035,0.0005668942669703981,0.0005854809642481161,0.000622654358803552,0.000650534404720129,0.0007062944965532829,0.0007713479370252958,0.0007899346343030137,0.0009107481666081806,0.0010780284421076424,0.0013103621580791169,0.0015984559658837455,0.001877256425049515,0.0024069772974644773,0.002676484407991388,0.003382778904544671,0.004228473630680838,0.004897594732678685,0.0049998215677061345,0.004832541292206673,0.004293527071152851,0.0036151126205161456,0.0037452195014601713,0.0037173394555435942,0.0036987527582658763,0.0035407658314052736,0.0038102729419321837,0.004200593584764261,0.004051900006542518,0.0036987527582658763,0.00430282041979171,0.0044608073466523126,0.004079780052459094,0.00412624679565339,0.005668942669703981,0.006988598176421956,0.0051763951918444556,0.007062944965532829,0.007834292902558125,0.00944204221708073,0.009581442446663615,0.009423455519803012,0.009776602768079653,0.007397505516531753,0.007062944965532829,0.006932838084588803,0.005910569734314315,0.006375237166257265,0.008048039921251882,0.006793437855005918,0.005984916523425187,0.00631947707442411,0.006579690836312162,0.006161490147563507,0.005938449780230891,0.00723951858967115,0.009841656208551666,
27037,0.0005668942669703981,0.0005854809642481161,0.000622654358803552,0.000650534404720129,0.0007062944965532829,0.0007713479370252958,0.0007899346343030137,0.0009107481666081806,0.0010780284421076424,0.0013103621580791169,0.0015984559658837455,0.001877256425049515,0.0024069772974644773,0.002676484407991388,0.003382778904544671,0.004228473630680838,0.004897594732678685,0.0049998215677061345,0.004832541292206673,0.004293527071152851,0.0036151126205161456,0.0037452195014601713,0.0037173394555435942,0.0036987527582658763,0.0035407658314052736,0.0038102729419321837,0.004200593584764261,0.004051900006542518,0.0036987527582658763,0.00430282041979171,0.0044608073466523126,0.004079780052459094,0.00412624679565339,0.005668942669703981,0.006988598176421956,0.0051763951918444556,0.007062944965532829,0.007834292902558125,0.00944204221708073,0.009581442446663615,0.009423455519803012,0.009776602768079653,0.007397505516531753,0.007062944965532829,0.006932838084588803,0.005910569734314315,0.006375237166257265,0.008048039921251882,0.006793437855005918,0.005984916523425187,0.00631947707442411,0.006579690836312162,0.006161490147563507,0.005938449780230891,0.00723951858967115,0.009841656208551666,
27039,0.0005668942669703981,0.0005854809642481161,0.000622654358803552,0.000650534404720129,0.0007062944965532829,0.0007713479370252958,0.0007899346343030137,0.0009107481666081806,0.0010780284421076424,0.0013103621580791169,0.0015984559658837455,0.001877256425049515,0.0024069772974644773,0.002676484407991388,0.003382778904544671,0.004228473630680838,0.004897594732678685,0.0049998215677061345,0.004832541292206673,0.004293527071152851,0.0036151126205161456,0.0037452195014601713,0.0037173394555435942,0.0036987527582658763,0.0035407658314052736,0.0038102729419321837,0.004200593584764261,0.004051900006542518,0.0036987527582658763,0.00430282041979171,0.0044608073466523126,0.004079780052459094,0.00412624679565339,0.005668942669703981,0.006988598176421956,0.0051763951918444556,0.007062944965532829,0.007834292902558125,0.00944204221708073,0.009581442446663615,0.009423455519803012,0.009776602768079653,0.007397505516531753,0.007062944965532829,0.006932838084588803,0.005910569734314315,0.006375237166257265,0.008048039921251882,0.006793437855005918,0.005984916523425187,0.00631947707442411,0.006579690836312162,0.006161490147563507,0.005938449780230891,0.00723951858967115,0.009841656208551666,
27041,0.0005668942669703981,0.0005854809642481161,0.000622654358803552,0.000650534404720129,0.0007062944965532829,0.0007713479370252958,0.0007899346343030137,0.0009107481666081806,0.0010780284421076424,0.0013103621580791169,0.0015984559658837455,0.001877256425049515,0.0024069772974644773,0.002676484407991388,0.003382778904544671,0.004228473630680838,0.004897594732678685,0.0049998215677061345,0.004832541292206673,0.004293527071152851,0.0036151126205161456,0.0037452195014601713,0.0037173394555435942,0.0036987527582658763,0.0035407658314052736,0.0038102729419321837,0.004200593584764261,0.004051900006542518,0.0036987527582658763,0.00430282041979171,0.0044608073466523126,0.004079780052459094,0.00412624679565339,0.005668942669703981,0.006988598176421956,0.0051763951918444556,0.007062944965532829,0.007834292902558125,0.00944204221708073,0.009581442446663615,0.009423455519803012,0.009776602768079653,0.007397505516531753,0.007062944965532829,0.006932838084588803,0.005910569734314315,0.006375237166257265,0.008048039921251882,0.006793437855005918,0.005984916523425187,0.00631947707442411,0.006579690836312162,0.006161490147563507,0.005938449780230891,0.00723951858967115,0.009841656208551666,
27043,0.0005668942669703981,0.0005854809642481161,0.000622654358803552,0.000650534404720129,0.0007062944965532829,0.0007713479370252958,0.0007899346343030137,0.0009107481666081806,0.0010780284421076424,0.0013103621580791169,0.0015984559658837455,0.001877256425049515,0.0024069772974644773,0.002676484407991388,0.003382778904544671,0.004228473630680838,0.004897594732678685,0.0049998215677061345,0.004832541292206673,0.004293527071152851,0.0036151126205161456,0.0037452195014601713,0.0037173394555435942,0.0036987527582658763,0.0035407658314052736,0.0038102729419321837,0.004200593584764261,0.004051900006542518,0.0036987527582658763,0.00430282041979171,0.0044608073466523126,0.004079780052459094,0.00412624679565339,0.005668942669703981,0.006988598176421956,0.0051763951918444556,0.007062944965532829,0.007834292902558125,0.00944204221708073,0.009581442446663615,0.009423455519803012,0.009776602768079653,0.007397505516531753,0.007062944965532829,0.006932838084588803,0.005910569734314315,0.006375237166257265,0.008048039921251882,0.006793437855005918,0.005984916523425187,0.00631947707442411,0.006579690836312162,0.006161490147563507,0.005938449780230891,0.00723951858967115,0.009841656208551666,
27045,0.0005668942669703981,0.0005854809642481161,0.000622654358803552,0.000650534404720129,0.0007062944965532829,0.0007713479370252958,0.0007899346343030137,0.0009107481666081806,0.0010780284421076424,0.0013103621580791169,0.0015984559658837455,0.001877256425049515,0.0024069772974644773,0.002676484407991388,0.003382778904544671,0.004228473630680838,0.004897594732678685,0.0049998215677061345,0.004832541292206673,0.004293527071152851,0.0036151126205161456,0.0037452195014601713,0.0037173394555435942,0.0036987527582658763,0.0035407658314052736,0.0038102729419321837,0.004200593584764261,0.004051900006542518,0.0036987527582658763,0.00430282041979171,0.0044608073466523126,0.004079780052459094,0.00412624679565339,0.005668942669703981,0.006988598176421956,0.0051763951918444556,0.007062944965532829,0.007834292902558125,0.00944204221708073,0.009581442446663615,0.009423455519803012,0.009776602768079653,0.007397505516531753,0.007062944965532829,0.006932838084588803,0.005910569734314315,0.006375237166257265,0.008048039921251882,0.006793437855005918,0.005984916523425187,0.00631947707442411,0.006579690836312162,0.006161490147563507,0.005938449780230891,0.00723951858967115,0.009841656208551666,
27047,0.0005668942669703981,0.0005854809642481161,0.000622654358803552,0.000650534404720129,0.0007062944965532829,0.0007713479370252958,0.0007899346343030137,0.0009107481666081806,0.0010780284421076424,0.0013103621580791169,0.0015984559658837455,0.001877256425049515,0.0024069772974644773,0.002676484407991388,0.003382778904544671,0.004228473630680838,0.004897594732678685,0.0049998215677061345,0.004832541292206673,0.004293527071152851,0.0036151126205161456,0.0037452195014601713,0.0037173394555435942,0.0036987527582658763,0.0035407658314052736,0.0038102729419321837,0.004200593584764261,0.004051900006542518,0.0036987527582658763,0.00430282041979171,0.0044608073466523126,0.004079780052459094,0.00412624679565339,0.005668942669703981,0.006988598176421956,0.0051763951918444556,0.007062944965532829,0.007834292902558125,0.00944204221708073,0.009581442446663615,0.009423455519803012,0.009776602768079653,0.007397505516531753,0.007062944965532829,0.006932838084588803,0.005910569734314315,0.006375237166257265,0.008048039921251882,0.006793437855005918,0.005984916523425187,0.00631947707442411,0.006579690836312162,0.006161490147563507,0.005938449780230891,0.00723951858967115,0.009841656208551666,
27049,0.0005668942669703981,0.0005854809642481161,0.000622654358803552,0.000650534404720129,0.0007062944965532829,0.0007713479370252958,0.0007899346343030137,0.0009107481666081806,0.0010780284421076424,0.0013103621580791169,0.0015984559658837455,0.001877256425049515,0.0024069772974644773,0.002676484407991388,0.003382778904544671,0.004228473630680838,0.004897594732678685,0.0049998215677061345,0.004832541292206673,0.004293527071152851,0.0036151126205161456,0.0037452195014601713,0.0037173394555435942,0.0036987527582658763,0.0035407658314052736,0.0038102729419321837,0.004200593584764261,0.004051900006542518,0.0036987527582658763,0.00430282041979171,0.0044608073466523126,0.004079780052459094,0.00412624679565339,0.005668942669703981,0.006988598176421956,0.0051763951918444556,0.007062944965532829,0.007834292902558125,0.00944204221708073,0.009581442446663615,0.009423455519803012,0.009776602768079653,0.007397505516531753,0.007062944965532829,0.006932838084588803,0.005910569734314315,0.006375237166257265,0.008048039921251882,0.006793437855005918,0.005984916523425187,0.00631947707442411,0.006579690836312162,0.006161490147563507,0.005938449780230891,0.00723951858967115,0.009841656208551666,
27051,0.0005668942669703981,0.0005854809642481161,0.000622654358803552,0.000650534404720129,0.0007062944965532829,0.0007713479370252958,0.0007899346343030137,0.0009107481666081806,0.0010780284421076424,0.0013103621580791169,0.0015984559658837455,0.001877256425049515,0.0024069772974644773,0.002676484407991388,0.003382778904544671,0.004228473630680838,0.004897594732678685,0.0049998215677061345,0.004832541292206673,0.004293527071152851,0.0036151126205161456,0.0037452195014601713,0.0037173394555435942,0.0036987527582658763,0.0035407658314052736,0.0038102729419321837,0.004200593584764261,0.004051900006542518,0.0036987527582658763,0.00430282041979171,0.0044608073466523126,0.004079780052459094,0.00412624679565339,0.005668942669703981,0.006988598176421956,0.0051763951918444556,0.007062944965532829,0.007834292902558125,0.00944204221708073,0.009581442446663615,0.009423455519803012,0.009776602768079653,0.007397505516531753,0.007062944965532829,0.006932838084588803,0.005910569734314315,0.006375237166257265,0.008048039921251882,0.006793437855005918,0.005984916523425187,0.00631947707442411,0.006579690836312162,0.006161490147563507,0.005938449780230891,0.00723951858967115,0.009841656208551666,
27053,0.0005668942669703981,0.0005854809642481161,0.000622654358803552,0.000650534404720129,0.0007062944965532829,0.0007713479370252958,0.0007899346343030137,0.0009107481666081806,0.0010780284421076424,0.0013103621580791169,0.0015984559658837455,0.001877256425049515,0.0024069772974644773,0.002676484407991388,0.003382778904544671,0.004228473630680838,0.004897594732678685,0.0049998215677061345,0.004832541292206673,0.004293527071152851,0.0036151126205161456,0.0037452195014601713,0.0037173394555435942,0.0036987527582658763,0.0035407658314052736,0.0038102729419321837,0.004200593584764261,0.004051900006542518,0.0036987527582658763,0.00430282041979171,0.0044608073466523126,0.004079780052459094,0.00412624679565339,0.005668942669703981,0.006988598176421956,0.0051763951918444556,0.007062944965532829,0.007834292902558125,0.00944204221708073,0.009581442446663615,0.009423455519803012,0.009776602768079653,0.007397505516531753,0.007062944965532829,0.006932838084588803,0.005910569734314315,0.006375237166257265,0.008048039921251882,0.006793437855005918,0.005984916523425187,0.00631947707442411,0.006579690836312162,0.006161490147563507,0.005938449780230891,0.00723951858967115,0.009841656208551666,
27055,0.0005668942669703981,0.0005854809642481161,0.000622654358803552,0.000650534404720129,0.0007062944965532829,0.0007713479370252958,0.0007899346343030137,0.0009107481666081806,0.0010780284421076424,0.0013103621580791169,0.0015984559658837455,0.001877256425049515,0.0024069772974644773,0.002676484407991388,0.003382778904544671,0.004228473630680838,0.004897594732678685,0.0049998215677061345,0.004832541292206673,0.004293527071152851,0.0036151126205161456,0.0037452195014601713,0.0037173394555435942,0.0036987527582658763,0.0035407658314052736,0.0038102729419321837,0.004200593584764261,0.004051900006542518,0.0036987527582658763,0.00430282041979171,0.0044608073466523126,0.004079780052459094,0.00412624679565339,0.005668942669703981,0.006988598176421956,0.0051763951918444556,0.007062944965532829,0.007834292902558125,0.00944204221708073,0.009581442446663615,0.009423455519803012,0.009776602768079653,0.007397505516531753,0.007062944965532829,0.006932838084588803,0.005910569734314315,0.006375237166257265,0.008048039921251882,0.006793437855005918,0.005984916523425187,0.00631947707442411,0.006579690836312162,0.006161490147563507,0.005938449780230891,0.00723951858967115,0.009841656208551666,
27057,0.0005668942669703981,0.0005854809642481161,0.000622654358803552,0.000650534404720129,0.0007062944965532829,0.0007713479370252958,0.0007899346343030137,0.0009107481666081806,0.0010780284421076424,0.0013103621580791169,0.0015984559658837455,0.001877256425049515,0.0024069772974644773,0.002676484407991388,0.003382778904544671,0.004228473630680838,0.004897594732678685,0.0049998215677061345,0.004832541292206673,0.004293527071152851,0.0036151126205161456,0.0037452195014601713,0.0037173394555435942,0.0036987527582658763,0.0035407658314052736,0.0038102729419321837,0.004200593584764261,0.004051900006542518,0.0036987527582658763,0.00430282041979171,0.0044608073466523126,0.004079780052459094,0.00412624679565339,0.005668942669703981,0.006988598176421956,0.0051763951918444556,0.007062944965532829,0.007834292902558125,0.00944204221708073,0.009581442446663615,0.009423455519803012,0.009776602768079653,0.007397505516531753,0.007062944965532829,0.006932838084588803,0.005910569734314315,0.006375237166257265,0.008048039921251882,0.006793437855005918,0.005984916523425187,0.00631947707442411,0.006579690836312162,0.006161490147563507,0.005938449780230891,0.00723951858967115,0.009841656208551666,
27059,0.0005668942669703981,0.0005854809642481161,0.000622654358803552,0.000650534404720129,0.0007062944965532829,0.0007713479370252958,0.0007899346343030137,0.0009107481666081806,0.0010780284421076424,0.0013103621580791169,0.0015984559658837455,0.001877256425049515,0.0024069772974644773,0.002676484407991388,0.003382778904544671,0.004228473630680838,0.004897594732678685,0.0049998215677061345,0.004832541292206673,0.004293527071152851,0.0036151126205161456,0.0037452195014601713,0.0037173394555435942,0.0036987527582658763,0.0035407658314052736,0.0038102729419321837,0.004200593584764261,0.004051900006542518,0.0036987527582658763,0.00430282041979171,0.0044608073466523126,0.004079780052459094,0.00412624679565339,0.005668942669703981,0.006988598176421956,0.0051763951918444556,0.007062944965532829,0.007834292902558125,0.00944204221708073,0.009581442446663615,0.009423455519803012,0.009776602768079653,0.007397505516531753,0.007062944965532829,0.006932838084588803,0.005910569734314315,0.006375237166257265,0.008048039921251882,0.006793437855005918,0.005984916523425187,0.00631947707442411,0.006579690836312162,0.006161490147563507,0.005938449780230891,0.00723951858967115,0.009841656208551666,
27061,0.0005668942669703981,0.0005854809642481161,0.000622654358803552,0.000650534404720129,0.0007062944965532829,0.0007713479370252958,0.0007899346343030137,0.0009107481666081806,0.0010780284421076424,0.0013103621580791169,0.0015984559658837455,0.001877256425049515,0.0024069772974644773,0.002676484407991388,0.003382778904544671,0.004228473630680838,0.004897594732678685,0.0049998215677061345,0.004832541292206673,0.004293527071152851,0.0036151126205161456,0.0037452195014601713,0.0037173394555435942,0.0036987527582658763,0.0035407658314052736,0.0038102729419321837,0.004200593584764261,0.004051900006542518,0.0036987527582658763,0.00430282041979171,0.0044608073466523126,0.004079780052459094,0.00412624679565339,0.005668942669703981,0.006988598176421956,0.0051763951918444556,0.007062944965532829,0.007834292902558125,0.00944204221708073,0.009581442446663615,0.009423455519803012,0.009776602768079653,0.007397505516531753,0.007062944965532829,0.006932838084588803,0.005910569734314315,0.006375237166257265,0.008048039921251882,0.006793437855005918,0.005984916523425187,0.00631947707442411,0.006579690836312162,0.006161490147563507,0.005938449780230891,0.00723951858967115,0.009841656208551666,
27063,0.0005668942669703981,0.0005854809642481161,0.000622654358803552,0.000650534404720129,0.0007062944965532829,0.0007713479370252958,0.0007899346343030137,0.0009107481666081806,0.0010780284421076424,0.0013103621580791169,0.0015984559658837455,0.001877256425049515,0.0024069772974644773,0.002676484407991388,0.003382778904544671,0.004228473630680838,0.004897594732678685,0.0049998215677061345,0.004832541292206673,0.004293527071152851,0.0036151126205161456,0.0037452195014601713,0.0037173394555435942,0.0036987527582658763,0.0035407658314052736,0.0038102729419321837,0.004200593584764261,0.004051900006542518,0.0036987527582658763,0.00430282041979171,0.0044608073466523126,0.004079780052459094,0.00412624679565339,0.005668942669703981,0.006988598176421956,0.0051763951918444556,0.007062944965532829,0.007834292902558125,0.00944204221708073,0.009581442446663615,0.009423455519803012,0.009776602768079653,0.007397505516531753,0.007062944965532829,0.006932838084588803,0.005910569734314315,0.006375237166257265,0.008048039921251882,0.006793437855005918,0.005984916523425187,0.00631947707442411,0.006579690836312162,0.006161490147563507,0.005938449780230891,0.00723951858967115,0.009841656208551666,
27065,0.0005668942669703981,0.0005854809642481161,0.000622654358803552,0.000650534404720129,0.0007062944965532829,0.0007713479370252958,0.0007899346343030137,0.0009107481666081806,0.0010780284421076424,0.0013103621580791169,0.0015984559658837455,0.001877256425049515,0.0024069772974644773,0.002676484407991388,0.003382778904544671,0.004228473630680838,0.004897594732678685,0.0049998215677061345,0.004832541292206673,0.004293527071152851,0.0036151126205161456,0.0037452195014601713,0.0037173394555435942,0.0036987527582658763,0.0035407658314052736,0.0038102729419321837,0.004200593584764261,0.004051900006542518,0.0036987527582658763,0.00430282041979171,0.0044608073466523126,0.004079780052459094,0.00412624679565339,0.005668942669703981,0.006988598176421956,0.0051763951918444556,0.007062944965532829,0.007834292902558125,0.00944204221708073,0.009581442446663615,0.009423455519803012,0.009776602768079653,0.007397505516531753,0.007062944965532829,0.006932838084588803,0.005910569734314315,0.006375237166257265,0.008048039921251882,0.006793437855005918,0.005984916523425187,0.00631947707442411,0.006579690836312162,0.006161490147563507,0.005938449780230891,0.00723951858967115,0.009841656208551666,
27067,0.0005668942669703981,0.0005854809642481161,0.000622654358803552,0.000650534404720129,0.0007062944965532829,0.0007713479370252958,0.0007899346343030137,0.0009107481666081806,0.0010780284421076424,0.0013103621580791169,0.0015984559658837455,0.001877256425049515,0.0024069772974644773,0.002676484407991388,0.003382778904544671,0.004228473630680838,0.004897594732678685,0.0049998215677061345,0.004832541292206673,0.004293527071152851,0.0036151126205161456,0.0037452195014601713,0.0037173394555435942,0.0036987527582658763,0.0035407658314052736,0.0038102729419321837,0.004200593584764261,0.004051900006542518,0.0036987527582658763,0.00430282041979171,0.0044608073466523126,0.004079780052459094,0.00412624679565339,0.005668942669703981,0.006988598176421956,0.0051763951918444556,0.007062944965532829,0.007834292902558125,0.00944204221708073,0.009581442446663615,0.009423455519803012,0.009776602768079653,0.007397505516531753,0.007062944965532829,0.006932838084588803,0.005910569734314315,0.006375237166257265,0.008048039921251882,0.006793437855005918,0.005984916523425187,0.00631947707442411,0.006579690836312162,0.006161490147563507,0.005938449780230891,0.00723951858967115,0.009841656208551666,
27069,0.0005668942669703981,0.0005854809642481161,0.000622654358803552,0.000650534404720129,0.0007062944965532829,0.0007713479370252958,0.0007899346343030137,0.0009107481666081806,0.0010780284421076424,0.0013103621580791169,0.0015984559658837455,0.001877256425049515,0.0024069772974644773,0.002676484407991388,0.003382778904544671,0.004228473630680838,0.004897594732678685,0.0049998215677061345,0.004832541292206673,0.004293527071152851,0.0036151126205161456,0.0037452195014601713,0.0037173394555435942,0.0036987527582658763,0.0035407658314052736,0.0038102729419321837,0.004200593584764261,0.004051900006542518,0.0036987527582658763,0.00430282041979171,0.0044608073466523126,0.004079780052459094,0.00412624679565339,0.005668942669703981,0.006988598176421956,0.0051763951918444556,0.007062944965532829,0.007834292902558125,0.00944204221708073,0.009581442446663615,0.009423455519803012,0.009776602768079653,0.007397505516531753,0.007062944965532829,0.006932838084588803,0.005910569734314315,0.006375237166257265,0.008048039921251882,0.006793437855005918,0.005984916523425187,0.00631947707442411,0.006579690836312162,0.006161490147563507,0.005938449780230891,0.00723951858967115,0.009841656208551666,
27071,0.0005668942669703981,0.0005854809642481161,0.000622654358803552,0.000650534404720129,0.0007062944965532829,0.0007713479370252958,0.0007899346343030137,0.0009107481666081806,0.0010780284421076424,0.0013103621580791169,0.0015984559658837455,0.001877256425049515,0.0024069772974644773,0.002676484407991388,0.003382778904544671,0.004228473630680838,0.004897594732678685,0.0049998215677061345,0.004832541292206673,0.004293527071152851,0.0036151126205161456,0.0037452195014601713,0.0037173394555435942,0.0036987527582658763,0.0035407658314052736,0.0038102729419321837,0.004200593584764261,0.004051900006542518,0.0036987527582658763,0.00430282041979171,0.0044608073466523126,0.004079780052459094,0.00412624679565339,0.005668942669703981,0.006988598176421956,0.0051763951918444556,0.007062944965532829,0.007834292902558125,0.00944204221708073,0.009581442446663615,0.009423455519803012,0.009776602768079653,0.007397505516531753,0.007062944965532829,0.006932838084588803,0.005910569734314315,0.006375237166257265,0.008048039921251882,0.006793437855005918,0.005984916523425187,0.00631947707442411,0.006579690836312162,0.006161490147563507,0.005938449780230891,0.00723951858967115,0.009841656208551666,
27073,0.0005668942669703981,0.0005854809642481161,0.000622654358803552,0.000650534404720129,0.0007062944965532829,0.0007713479370252958,0.0007899346343030137,0.0009107481666081806,0.0010780284421076424,0.0013103621580791169,0.0015984559658837455,0.001877256425049515,0.0024069772974644773,0.002676484407991388,0.003382778904544671,0.004228473630680838,0.004897594732678685,0.0049998215677061345,0.004832541292206673,0.004293527071152851,0.0036151126205161456,0.0037452195014601713,0.0037173394555435942,0.0036987527582658763,0.0035407658314052736,0.0038102729419321837,0.004200593584764261,0.004051900006542518,0.0036987527582658763,0.00430282041979171,0.0044608073466523126,0.004079780052459094,0.00412624679565339,0.005668942669703981,0.006988598176421956,0.0051763951918444556,0.007062944965532829,0.007834292902558125,0.00944204221708073,0.009581442446663615,0.009423455519803012,0.009776602768079653,0.007397505516531753,0.007062944965532829,0.006932838084588803,0.005910569734314315,0.006375237166257265,0.008048039921251882,0.006793437855005918,0.005984916523425187,0.00631947707442411,0.006579690836312162,0.006161490147563507,0.005938449780230891,0.00723951858967115,0.009841656208551666,
27075,0.0005668942669703981,0.0005854809642481161,0.000622654358803552,0.000650534404720129,0.0007062944965532829,0.0007713479370252958,0.0007899346343030137,0.0009107481666081806,0.0010780284421076424,0.0013103621580791169,0.0015984559658837455,0.001877256425049515,0.0024069772974644773,0.002676484407991388,0.003382778904544671,0.004228473630680838,0.004897594732678685,0.0049998215677061345,0.004832541292206673,0.004293527071152851,0.0036151126205161456,0.0037452195014601713,0.0037173394555435942,0.0036987527582658763,0.0035407658314052736,0.0038102729419321837,0.004200593584764261,0.004051900006542518,0.0036987527582658763,0.00430282041979171,0.0044608073466523126,0.004079780052459094,0.00412624679565339,0.005668942669703981,0.006988598176421956,0.0051763951918444556,0.007062944965532829,0.007834292902558125,0.00944204221708073,0.009581442446663615,0.009423455519803012,0.009776602768079653,0.007397505516531753,0.007062944965532829,0.006932838084588803,0.005910569734314315,0.006375237166257265,0.008048039921251882,0.006793437855005918,0.005984916523425187,0.00631947707442411,0.006579690836312162,0.006161490147563507,0.005938449780230891,0.00723951858967115,0.009841656208551666,
27077,0.0005668942669703981,0.0005854809642481161,0.000622654358803552,0.000650534404720129,0.0007062944965532829,0.0007713479370252958,0.0007899346343030137,0.0009107481666081806,0.0010780284421076424,0.0013103621580791169,0.0015984559658837455,0.001877256425049515,0.0024069772974644773,0.002676484407991388,0.003382778904544671,0.004228473630680838,0.004897594732678685,0.0049998215677061345,0.004832541292206673,0.004293527071152851,0.0036151126205161456,0.0037452195014601713,0.0037173394555435942,0.0036987527582658763,0.0035407658314052736,0.0038102729419321837,0.004200593584764261,0.004051900006542518,0.0036987527582658763,0.00430282041979171,0.0044608073466523126,0.004079780052459094,0.00412624679565339,0.005668942669703981,0.006988598176421956,0.0051763951918444556,0.007062944965532829,0.007834292902558125,0.00944204221708073,0.009581442446663615,0.009423455519803012,0.009776602768079653,0.007397505516531753,0.007062944965532829,0.006932838084588803,0.005910569734314315,0.006375237166257265,0.008048039921251882,0.006793437855005918,0.005984916523425187,0.00631947707442411,0.006579690836312162,0.006161490147563507,0.005938449780230891,0.00723951858967115,0.009841656208551666,
27079,0.0005668942669703981,0.0005854809642481161,0.000622654358803552,0.000650534404720129,0.0007062944965532829,0.0007713479370252958,0.0007899346343030137,0.0009107481666081806,0.0010780284421076424,0.0013103621580791169,0.0015984559658837455,0.001877256425049515,0.0024069772974644773,0.002676484407991388,0.003382778904544671,0.004228473630680838,0.004897594732678685,0.0049998215677061345,0.004832541292206673,0.004293527071152851,0.0036151126205161456,0.0037452195014601713,0.0037173394555435942,0.0036987527582658763,0.0035407658314052736,0.0038102729419321837,0.004200593584764261,0.004051900006542518,0.0036987527582658763,0.00430282041979171,0.0044608073466523126,0.004079780052459094,0.00412624679565339,0.005668942669703981,0.006988598176421956,0.0051763951918444556,0.007062944965532829,0.007834292902558125,0.00944204221708073,0.009581442446663615,0.009423455519803012,0.009776602768079653,0.007397505516531753,0.007062944965532829,0.006932838084588803,0.005910569734314315,0.006375237166257265,0.008048039921251882,0.006793437855005918,0.005984916523425187,0.00631947707442411,0.006579690836312162,0.006161490147563507,0.005938449780230891,0.00723951858967115,0.009841656208551666,
27081,0.0005668942669703981,0.0005854809642481161,0.000622654358803552,0.000650534404720129,0.0007062944965532829,0.0007713479370252958,0.0007899346343030137,0.0009107481666081806,0.0010780284421076424,0.0013103621580791169,0.0015984559658837455,0.001877256425049515,0.0024069772974644773,0.002676484407991388,0.003382778904544671,0.004228473630680838,0.004897594732678685,0.0049998215677061345,0.004832541292206673,0.004293527071152851,0.0036151126205161456,0.0037452195014601713,0.0037173394555435942,0.0036987527582658763,0.0035407658314052736,0.0038102729419321837,0.004200593584764261,0.004051900006542518,0.0036987527582658763,0.00430282041979171,0.0044608073466523126,0.004079780052459094,0.00412624679565339,0.005668942669703981,0.006988598176421956,0.0051763951918444556,0.007062944965532829,0.007834292902558125,0.00944204221708073,0.009581442446663615,0.009423455519803012,0.009776602768079653,0.007397505516531753,0.007062944965532829,0.006932838084588803,0.005910569734314315,0.006375237166257265,0.008048039921251882,0.006793437855005918,0.005984916523425187,0.00631947707442411,0.006579690836312162,0.006161490147563507,0.005938449780230891,0.00723951858967115,0.009841656208551666,
27083,0.0005668942669703981,0.0005854809642481161,0.000622654358803552,0.000650534404720129,0.0007062944965532829,0.0007713479370252958,0.0007899346343030137,0.0009107481666081806,0.0010780284421076424,0.0013103621580791169,0.0015984559658837455,0.001877256425049515,0.0024069772974644773,0.002676484407991388,0.003382778904544671,0.004228473630680838,0.004897594732678685,0.0049998215677061345,0.004832541292206673,0.004293527071152851,0.0036151126205161456,0.0037452195014601713,0.0037173394555435942,0.0036987527582658763,0.0035407658314052736,0.0038102729419321837,0.004200593584764261,0.004051900006542518,0.0036987527582658763,0.00430282041979171,0.0044608073466523126,0.004079780052459094,0.00412624679565339,0.005668942669703981,0.006988598176421956,0.0051763951918444556,0.007062944965532829,0.007834292902558125,0.00944204221708073,0.009581442446663615,0.009423455519803012,0.009776602768079653,0.007397505516531753,0.007062944965532829,0.006932838084588803,0.005910569734314315,0.006375237166257265,0.008048039921251882,0.006793437855005918,0.005984916523425187,0.00631947707442411,0.006579690836312162,0.006161490147563507,0.005938449780230891,0.00723951858967115,0.009841656208551666,
27085,0.0005668942669703981,0.0005854809642481161,0.000622654358803552,0.000650534404720129,0.0007062944965532829,0.0007713479370252958,0.0007899346343030137,0.0009107481666081806,0.0010780284421076424,0.0013103621580791169,0.0015984559658837455,0.001877256425049515,0.0024069772974644773,0.002676484407991388,0.003382778904544671,0.004228473630680838,0.004897594732678685,0.0049998215677061345,0.004832541292206673,0.004293527071152851,0.0036151126205161456,0.0037452195014601713,0.0037173394555435942,0.0036987527582658763,0.0035407658314052736,0.0038102729419321837,0.004200593584764261,0.004051900006542518,0.0036987527582658763,0.00430282041979171,0.0044608073466523126,0.004079780052459094,0.00412624679565339,0.005668942669703981,0.006988598176421956,0.0051763951918444556,0.007062944965532829,0.007834292902558125,0.00944204221708073,0.009581442446663615,0.009423455519803012,0.009776602768079653,0.007397505516531753,0.007062944965532829,0.006932838084588803,0.005910569734314315,0.006375237166257265,0.008048039921251882,0.006793437855005918,0.005984916523425187,0.00631947707442411,0.006579690836312162,0.006161490147563507,0.005938449780230891,0.00723951858967115,0.009841656208551666,
27087,0.0005668942669703981,0.0005854809642481161,0.000622654358803552,0.000650534404720129,0.0007062944965532829,0.0007713479370252958,0.0007899346343030137,0.0009107481666081806,0.0010780284421076424,0.0013103621580791169,0.0015984559658837455,0.001877256425049515,0.0024069772974644773,0.002676484407991388,0.003382778904544671,0.004228473630680838,0.004897594732678685,0.0049998215677061345,0.004832541292206673,0.004293527071152851,0.0036151126205161456,0.0037452195014601713,0.0037173394555435942,0.0036987527582658763,0.0035407658314052736,0.0038102729419321837,0.004200593584764261,0.004051900006542518,0.0036987527582658763,0.00430282041979171,0.0044608073466523126,0.004079780052459094,0.00412624679565339,0.005668942669703981,0.006988598176421956,0.0051763951918444556,0.007062944965532829,0.007834292902558125,0.00944204221708073,0.009581442446663615,0.009423455519803012,0.009776602768079653,0.007397505516531753,0.007062944965532829,0.006932838084588803,0.005910569734314315,0.006375237166257265,0.008048039921251882,0.006793437855005918,0.005984916523425187,0.00631947707442411,0.006579690836312162,0.006161490147563507,0.005938449780230891,0.00723951858967115,0.009841656208551666,
27089,0.0005668942669703981,0.0005854809642481161,0.000622654358803552,0.000650534404720129,0.0007062944965532829,0.0007713479370252958,0.0007899346343030137,0.0009107481666081806,0.0010780284421076424,0.0013103621580791169,0.0015984559658837455,0.001877256425049515,0.0024069772974644773,0.002676484407991388,0.003382778904544671,0.004228473630680838,0.004897594732678685,0.0049998215677061345,0.004832541292206673,0.004293527071152851,0.0036151126205161456,0.0037452195014601713,0.0037173394555435942,0.0036987527582658763,0.0035407658314052736,0.0038102729419321837,0.004200593584764261,0.004051900006542518,0.0036987527582658763,0.00430282041979171,0.0044608073466523126,0.004079780052459094,0.00412624679565339,0.005668942669703981,0.006988598176421956,0.0051763951918444556,0.007062944965532829,0.007834292902558125,0.00944204221708073,0.009581442446663615,0.009423455519803012,0.009776602768079653,0.007397505516531753,0.007062944965532829,0.006932838084588803,0.005910569734314315,0.006375237166257265,0.008048039921251882,0.006793437855005918,0.005984916523425187,0.00631947707442411,0.006579690836312162,0.006161490147563507,0.005938449780230891,0.00723951858967115,0.009841656208551666,
27091,0.0005668942669703981,0.0005854809642481161,0.000622654358803552,0.000650534404720129,0.0007062944965532829,0.0007713479370252958,0.0007899346343030137,0.0009107481666081806,0.0010780284421076424,0.0013103621580791169,0.0015984559658837455,0.001877256425049515,0.0024069772974644773,0.002676484407991388,0.003382778904544671,0.004228473630680838,0.004897594732678685,0.0049998215677061345,0.004832541292206673,0.004293527071152851,0.0036151126205161456,0.0037452195014601713,0.0037173394555435942,0.0036987527582658763,0.0035407658314052736,0.0038102729419321837,0.004200593584764261,0.004051900006542518,0.0036987527582658763,0.00430282041979171,0.0044608073466523126,0.004079780052459094,0.00412624679565339,0.005668942669703981,0.006988598176421956,0.0051763951918444556,0.007062944965532829,0.007834292902558125,0.00944204221708073,0.009581442446663615,0.009423455519803012,0.009776602768079653,0.007397505516531753,0.007062944965532829,0.006932838084588803,0.005910569734314315,0.006375237166257265,0.008048039921251882,0.006793437855005918,0.005984916523425187,0.00631947707442411,0.006579690836312162,0.006161490147563507,0.005938449780230891,0.00723951858967115,0.009841656208551666,
27093,0.0005668942669703981,0.0005854809642481161,0.000622654358803552,0.000650534404720129,0.0007062944965532829,0.0007713479370252958,0.0007899346343030137,0.0009107481666081806,0.0010780284421076424,0.0013103621580791169,0.0015984559658837455,0.001877256425049515,0.0024069772974644773,0.002676484407991388,0.003382778904544671,0.004228473630680838,0.004897594732678685,0.0049998215677061345,0.004832541292206673,0.004293527071152851,0.0036151126205161456,0.0037452195014601713,0.0037173394555435942,0.0036987527582658763,0.0035407658314052736,0.0038102729419321837,0.004200593584764261,0.004051900006542518,0.0036987527582658763,0.00430282041979171,0.0044608073466523126,0.004079780052459094,0.00412624679565339,0.005668942669703981,0.006988598176421956,0.0051763951918444556,0.007062944965532829,0.007834292902558125,0.00944204221708073,0.009581442446663615,0.009423455519803012,0.009776602768079653,0.007397505516531753,0.007062944965532829,0.006932838084588803,0.005910569734314315,0.006375237166257265,0.008048039921251882,0.006793437855005918,0.005984916523425187,0.00631947707442411,0.006579690836312162,0.006161490147563507,0.005938449780230891,0.00723951858967115,0.009841656208551666,
27095,0.0005668942669703981,0.0005854809642481161,0.000622654358803552,0.000650534404720129,0.0007062944965532829,0.0007713479370252958,0.0007899346343030137,0.0009107481666081806,0.0010780284421076424,0.0013103621580791169,0.0015984559658837455,0.001877256425049515,0.0024069772974644773,0.002676484407991388,0.003382778904544671,0.004228473630680838,0.004897594732678685,0.0049998215677061345,0.004832541292206673,0.004293527071152851,0.0036151126205161456,0.0037452195014601713,0.0037173394555435942,0.0036987527582658763,0.0035407658314052736,0.0038102729419321837,0.004200593584764261,0.004051900006542518,0.0036987527582658763,0.00430282041979171,0.0044608073466523126,0.004079780052459094,0.00412624679565339,0.005668942669703981,0.006988598176421956,0.0051763951918444556,0.007062944965532829,0.007834292902558125,0.00944204221708073,0.009581442446663615,0.009423455519803012,0.009776602768079653,0.007397505516531753,0.007062944965532829,0.006932838084588803,0.005910569734314315,0.006375237166257265,0.008048039921251882,0.006793437855005918,0.005984916523425187,0.00631947707442411,0.006579690836312162,0.006161490147563507,0.005938449780230891,0.00723951858967115,0.009841656208551666,
27097,0.0005668942669703981,0.0005854809642481161,0.000622654358803552,0.000650534404720129,0.0007062944965532829,0.0007713479370252958,0.0007899346343030137,0.0009107481666081806,0.0010780284421076424,0.0013103621580791169,0.0015984559658837455,0.001877256425049515,0.0024069772974644773,0.002676484407991388,0.003382778904544671,0.004228473630680838,0.004897594732678685,0.0049998215677061345,0.004832541292206673,0.004293527071152851,0.0036151126205161456,0.0037452195014601713,0.0037173394555435942,0.0036987527582658763,0.0035407658314052736,0.0038102729419321837,0.004200593584764261,0.004051900006542518,0.0036987527582658763,0.00430282041979171,0.0044608073466523126,0.004079780052459094,0.00412624679565339,0.005668942669703981,0.006988598176421956,0.0051763951918444556,0.007062944965532829,0.007834292902558125,0.00944204221708073,0.009581442446663615,0.009423455519803012,0.009776602768079653,0.007397505516531753,0.007062944965532829,0.006932838084588803,0.005910569734314315,0.006375237166257265,0.008048039921251882,0.006793437855005918,0.005984916523425187,0.00631947707442411,0.006579690836312162,0.006161490147563507,0.005938449780230891,0.00723951858967115,0.009841656208551666,
27099,0.0005668942669703981,0.0005854809642481161,0.000622654358803552,0.000650534404720129,0.0007062944965532829,0.0007713479370252958,0.0007899346343030137,0.0009107481666081806,0.0010780284421076424,0.0013103621580791169,0.0015984559658837455,0.001877256425049515,0.0024069772974644773,0.002676484407991388,0.003382778904544671,0.004228473630680838,0.004897594732678685,0.0049998215677061345,0.004832541292206673,0.004293527071152851,0.0036151126205161456,0.0037452195014601713,0.0037173394555435942,0.0036987527582658763,0.0035407658314052736,0.0038102729419321837,0.004200593584764261,0.004051900006542518,0.0036987527582658763,0.00430282041979171,0.0044608073466523126,0.004079780052459094,0.00412624679565339,0.005668942669703981,0.006988598176421956,0.0051763951918444556,0.007062944965532829,0.007834292902558125,0.00944204221708073,0.009581442446663615,0.009423455519803012,0.009776602768079653,0.007397505516531753,0.007062944965532829,0.006932838084588803,0.005910569734314315,0.006375237166257265,0.008048039921251882,0.006793437855005918,0.005984916523425187,0.00631947707442411,0.006579690836312162,0.006161490147563507,0.005938449780230891,0.00723951858967115,0.009841656208551666,
27101,0.0005668942669703981,0.0005854809642481161,0.000622654358803552,0.000650534404720129,0.0007062944965532829,0.0007713479370252958,0.0007899346343030137,0.0009107481666081806,0.0010780284421076424,0.0013103621580791169,0.0015984559658837455,0.001877256425049515,0.0024069772974644773,0.002676484407991388,0.003382778904544671,0.004228473630680838,0.004897594732678685,0.0049998215677061345,0.004832541292206673,0.004293527071152851,0.0036151126205161456,0.0037452195014601713,0.0037173394555435942,0.0036987527582658763,0.0035407658314052736,0.0038102729419321837,0.004200593584764261,0.004051900006542518,0.0036987527582658763,0.00430282041979171,0.0044608073466523126,0.004079780052459094,0.00412624679565339,0.005668942669703981,0.006988598176421956,0.0051763951918444556,0.007062944965532829,0.007834292902558125,0.00944204221708073,0.009581442446663615,0.009423455519803012,0.009776602768079653,0.007397505516531753,0.007062944965532829,0.006932838084588803,0.005910569734314315,0.006375237166257265,0.008048039921251882,0.006793437855005918,0.005984916523425187,0.00631947707442411,0.006579690836312162,0.006161490147563507,0.005938449780230891,0.00723951858967115,0.009841656208551666,
27103,0.0005668942669703981,0.0005854809642481161,0.000622654358803552,0.000650534404720129,0.0007062944965532829,0.0007713479370252958,0.0007899346343030137,0.0009107481666081806,0.0010780284421076424,0.0013103621580791169,0.0015984559658837455,0.001877256425049515,0.0024069772974644773,0.002676484407991388,0.003382778904544671,0.004228473630680838,0.004897594732678685,0.0049998215677061345,0.004832541292206673,0.004293527071152851,0.0036151126205161456,0.0037452195014601713,0.0037173394555435942,0.0036987527582658763,0.0035407658314052736,0.0038102729419321837,0.004200593584764261,0.004051900006542518,0.0036987527582658763,0.00430282041979171,0.0044608073466523126,0.004079780052459094,0.00412624679565339,0.005668942669703981,0.006988598176421956,0.0051763951918444556,0.007062944965532829,0.007834292902558125,0.00944204221708073,0.009581442446663615,0.009423455519803012,0.009776602768079653,0.007397505516531753,0.007062944965532829,0.006932838084588803,0.005910569734314315,0.006375237166257265,0.008048039921251882,0.006793437855005918,0.005984916523425187,0.00631947707442411,0.006579690836312162,0.006161490147563507,0.005938449780230891,0.00723951858967115,0.009841656208551666,
27105,0.0005668942669703981,0.0005854809642481161,0.000622654358803552,0.000650534404720129,0.0007062944965532829,0.0007713479370252958,0.0007899346343030137,0.0009107481666081806,0.0010780284421076424,0.0013103621580791169,0.0015984559658837455,0.001877256425049515,0.0024069772974644773,0.002676484407991388,0.003382778904544671,0.004228473630680838,0.004897594732678685,0.0049998215677061345,0.004832541292206673,0.004293527071152851,0.0036151126205161456,0.0037452195014601713,0.0037173394555435942,0.0036987527582658763,0.0035407658314052736,0.0038102729419321837,0.004200593584764261,0.004051900006542518,0.0036987527582658763,0.00430282041979171,0.0044608073466523126,0.004079780052459094,0.00412624679565339,0.005668942669703981,0.006988598176421956,0.0051763951918444556,0.007062944965532829,0.007834292902558125,0.00944204221708073,0.009581442446663615,0.009423455519803012,0.009776602768079653,0.007397505516531753,0.007062944965532829,0.006932838084588803,0.005910569734314315,0.006375237166257265,0.008048039921251882,0.006793437855005918,0.005984916523425187,0.00631947707442411,0.006579690836312162,0.006161490147563507,0.005938449780230891,0.00723951858967115,0.009841656208551666,
27107,0.0005668942669703981,0.0005854809642481161,0.000622654358803552,0.000650534404720129,0.0007062944965532829,0.0007713479370252958,0.0007899346343030137,0.0009107481666081806,0.0010780284421076424,0.0013103621580791169,0.0015984559658837455,0.001877256425049515,0.0024069772974644773,0.002676484407991388,0.003382778904544671,0.004228473630680838,0.004897594732678685,0.0049998215677061345,0.004832541292206673,0.004293527071152851,0.0036151126205161456,0.0037452195014601713,0.0037173394555435942,0.0036987527582658763,0.0035407658314052736,0.0038102729419321837,0.004200593584764261,0.004051900006542518,0.0036987527582658763,0.00430282041979171,0.0044608073466523126,0.004079780052459094,0.00412624679565339,0.005668942669703981,0.006988598176421956,0.0051763951918444556,0.007062944965532829,0.007834292902558125,0.00944204221708073,0.009581442446663615,0.009423455519803012,0.009776602768079653,0.007397505516531753,0.007062944965532829,0.006932838084588803,0.005910569734314315,0.006375237166257265,0.008048039921251882,0.006793437855005918,0.005984916523425187,0.00631947707442411,0.006579690836312162,0.006161490147563507,0.005938449780230891,0.00723951858967115,0.009841656208551666,
27109,0.0005668942669703981,0.0005854809642481161,0.000622654358803552,0.000650534404720129,0.0007062944965532829,0.0007713479370252958,0.0007899346343030137,0.0009107481666081806,0.0010780284421076424,0.0013103621580791169,0.0015984559658837455,0.001877256425049515,0.0024069772974644773,0.002676484407991388,0.003382778904544671,0.004228473630680838,0.004897594732678685,0.0049998215677061345,0.004832541292206673,0.004293527071152851,0.0036151126205161456,0.0037452195014601713,0.0037173394555435942,0.0036987527582658763,0.0035407658314052736,0.0038102729419321837,0.004200593584764261,0.004051900006542518,0.0036987527582658763,0.00430282041979171,0.0044608073466523126,0.004079780052459094,0.00412624679565339,0.005668942669703981,0.006988598176421956,0.0051763951918444556,0.007062944965532829,0.007834292902558125,0.00944204221708073,0.009581442446663615,0.009423455519803012,0.009776602768079653,0.007397505516531753,0.007062944965532829,0.006932838084588803,0.005910569734314315,0.006375237166257265,0.008048039921251882,0.006793437855005918,0.005984916523425187,0.00631947707442411,0.006579690836312162,0.006161490147563507,0.005938449780230891,0.00723951858967115,0.009841656208551666,
27111,0.0005668942669703981,0.0005854809642481161,0.000622654358803552,0.000650534404720129,0.0007062944965532829,0.0007713479370252958,0.0007899346343030137,0.0009107481666081806,0.0010780284421076424,0.0013103621580791169,0.0015984559658837455,0.001877256425049515,0.0024069772974644773,0.002676484407991388,0.003382778904544671,0.004228473630680838,0.004897594732678685,0.0049998215677061345,0.004832541292206673,0.004293527071152851,0.0036151126205161456,0.0037452195014601713,0.0037173394555435942,0.0036987527582658763,0.0035407658314052736,0.0038102729419321837,0.004200593584764261,0.004051900006542518,0.0036987527582658763,0.00430282041979171,0.0044608073466523126,0.004079780052459094,0.00412624679565339,0.005668942669703981,0.006988598176421956,0.0051763951918444556,0.007062944965532829,0.007834292902558125,0.00944204221708073,0.009581442446663615,0.009423455519803012,0.009776602768079653,0.007397505516531753,0.007062944965532829,0.006932838084588803,0.005910569734314315,0.006375237166257265,0.008048039921251882,0.006793437855005918,0.005984916523425187,0.00631947707442411,0.006579690836312162,0.006161490147563507,0.005938449780230891,0.00723951858967115,0.009841656208551666,
27113,0.0005668942669703981,0.0005854809642481161,0.000622654358803552,0.000650534404720129,0.0007062944965532829,0.0007713479370252958,0.0007899346343030137,0.0009107481666081806,0.0010780284421076424,0.0013103621580791169,0.0015984559658837455,0.001877256425049515,0.0024069772974644773,0.002676484407991388,0.003382778904544671,0.004228473630680838,0.004897594732678685,0.0049998215677061345,0.004832541292206673,0.004293527071152851,0.0036151126205161456,0.0037452195014601713,0.0037173394555435942,0.0036987527582658763,0.0035407658314052736,0.0038102729419321837,0.004200593584764261,0.004051900006542518,0.0036987527582658763,0.00430282041979171,0.0044608073466523126,0.004079780052459094,0.00412624679565339,0.005668942669703981,0.006988598176421956,0.0051763951918444556,0.007062944965532829,0.007834292902558125,0.00944204221708073,0.009581442446663615,0.009423455519803012,0.009776602768079653,0.007397505516531753,0.007062944965532829,0.006932838084588803,0.005910569734314315,0.006375237166257265,0.008048039921251882,0.006793437855005918,0.005984916523425187,0.00631947707442411,0.006579690836312162,0.006161490147563507,0.005938449780230891,0.00723951858967115,0.009841656208551666,
27115,0.0005668942669703981,0.0005854809642481161,0.000622654358803552,0.000650534404720129,0.0007062944965532829,0.0007713479370252958,0.0007899346343030137,0.0009107481666081806,0.0010780284421076424,0.0013103621580791169,0.0015984559658837455,0.001877256425049515,0.0024069772974644773,0.002676484407991388,0.003382778904544671,0.004228473630680838,0.004897594732678685,0.0049998215677061345,0.004832541292206673,0.004293527071152851,0.0036151126205161456,0.0037452195014601713,0.0037173394555435942,0.0036987527582658763,0.0035407658314052736,0.0038102729419321837,0.004200593584764261,0.004051900006542518,0.0036987527582658763,0.00430282041979171,0.0044608073466523126,0.004079780052459094,0.00412624679565339,0.005668942669703981,0.006988598176421956,0.0051763951918444556,0.007062944965532829,0.007834292902558125,0.00944204221708073,0.009581442446663615,0.009423455519803012,0.009776602768079653,0.007397505516531753,0.007062944965532829,0.006932838084588803,0.005910569734314315,0.006375237166257265,0.008048039921251882,0.006793437855005918,0.005984916523425187,0.00631947707442411,0.006579690836312162,0.006161490147563507,0.005938449780230891,0.00723951858967115,0.009841656208551666,
27117,0.0005668942669703981,0.0005854809642481161,0.000622654358803552,0.000650534404720129,0.0007062944965532829,0.0007713479370252958,0.0007899346343030137,0.0009107481666081806,0.0010780284421076424,0.0013103621580791169,0.0015984559658837455,0.001877256425049515,0.0024069772974644773,0.002676484407991388,0.003382778904544671,0.004228473630680838,0.004897594732678685,0.0049998215677061345,0.004832541292206673,0.004293527071152851,0.0036151126205161456,0.0037452195014601713,0.0037173394555435942,0.0036987527582658763,0.0035407658314052736,0.0038102729419321837,0.004200593584764261,0.004051900006542518,0.0036987527582658763,0.00430282041979171,0.0044608073466523126,0.004079780052459094,0.00412624679565339,0.005668942669703981,0.006988598176421956,0.0051763951918444556,0.007062944965532829,0.007834292902558125,0.00944204221708073,0.009581442446663615,0.009423455519803012,0.009776602768079653,0.007397505516531753,0.007062944965532829,0.006932838084588803,0.005910569734314315,0.006375237166257265,0.008048039921251882,0.006793437855005918,0.005984916523425187,0.00631947707442411,0.006579690836312162,0.006161490147563507,0.005938449780230891,0.00723951858967115,0.009841656208551666,
27119,0.0005668942669703981,0.0005854809642481161,0.000622654358803552,0.000650534404720129,0.0007062944965532829,0.0007713479370252958,0.0007899346343030137,0.0009107481666081806,0.0010780284421076424,0.0013103621580791169,0.0015984559658837455,0.001877256425049515,0.0024069772974644773,0.002676484407991388,0.003382778904544671,0.004228473630680838,0.004897594732678685,0.0049998215677061345,0.004832541292206673,0.004293527071152851,0.0036151126205161456,0.0037452195014601713,0.0037173394555435942,0.0036987527582658763,0.0035407658314052736,0.0038102729419321837,0.004200593584764261,0.004051900006542518,0.0036987527582658763,0.00430282041979171,0.0044608073466523126,0.004079780052459094,0.00412624679565339,0.005668942669703981,0.006988598176421956,0.0051763951918444556,0.007062944965532829,0.007834292902558125,0.00944204221708073,0.009581442446663615,0.009423455519803012,0.009776602768079653,0.007397505516531753,0.007062944965532829,0.006932838084588803,0.005910569734314315,0.006375237166257265,0.008048039921251882,0.006793437855005918,0.005984916523425187,0.00631947707442411,0.006579690836312162,0.006161490147563507,0.005938449780230891,0.00723951858967115,0.009841656208551666,
27121,0.0005668942669703981,0.0005854809642481161,0.000622654358803552,0.000650534404720129,0.0007062944965532829,0.0007713479370252958,0.0007899346343030137,0.0009107481666081806,0.0010780284421076424,0.0013103621580791169,0.0015984559658837455,0.001877256425049515,0.0024069772974644773,0.002676484407991388,0.003382778904544671,0.004228473630680838,0.004897594732678685,0.0049998215677061345,0.004832541292206673,0.004293527071152851,0.0036151126205161456,0.0037452195014601713,0.0037173394555435942,0.0036987527582658763,0.0035407658314052736,0.0038102729419321837,0.004200593584764261,0.004051900006542518,0.0036987527582658763,0.00430282041979171,0.0044608073466523126,0.004079780052459094,0.00412624679565339,0.005668942669703981,0.006988598176421956,0.0051763951918444556,0.007062944965532829,0.007834292902558125,0.00944204221708073,0.009581442446663615,0.009423455519803012,0.009776602768079653,0.007397505516531753,0.007062944965532829,0.006932838084588803,0.005910569734314315,0.006375237166257265,0.008048039921251882,0.006793437855005918,0.005984916523425187,0.00631947707442411,0.006579690836312162,0.006161490147563507,0.005938449780230891,0.00723951858967115,0.009841656208551666,
27123,0.0005668942669703981,0.0005854809642481161,0.000622654358803552,0.000650534404720129,0.0007062944965532829,0.0007713479370252958,0.0007899346343030137,0.0009107481666081806,0.0010780284421076424,0.0013103621580791169,0.0015984559658837455,0.001877256425049515,0.0024069772974644773,0.002676484407991388,0.003382778904544671,0.004228473630680838,0.004897594732678685,0.0049998215677061345,0.004832541292206673,0.004293527071152851,0.0036151126205161456,0.0037452195014601713,0.0037173394555435942,0.0036987527582658763,0.0035407658314052736,0.0038102729419321837,0.004200593584764261,0.004051900006542518,0.0036987527582658763,0.00430282041979171,0.0044608073466523126,0.004079780052459094,0.00412624679565339,0.005668942669703981,0.006988598176421956,0.0051763951918444556,0.007062944965532829,0.007834292902558125,0.00944204221708073,0.009581442446663615,0.009423455519803012,0.009776602768079653,0.007397505516531753,0.007062944965532829,0.006932838084588803,0.005910569734314315,0.006375237166257265,0.008048039921251882,0.006793437855005918,0.005984916523425187,0.00631947707442411,0.006579690836312162,0.006161490147563507,0.005938449780230891,0.00723951858967115,0.009841656208551666,
27125,0.0005668942669703981,0.0005854809642481161,0.000622654358803552,0.000650534404720129,0.0007062944965532829,0.0007713479370252958,0.0007899346343030137,0.0009107481666081806,0.0010780284421076424,0.0013103621580791169,0.0015984559658837455,0.001877256425049515,0.0024069772974644773,0.002676484407991388,0.003382778904544671,0.004228473630680838,0.004897594732678685,0.0049998215677061345,0.004832541292206673,0.004293527071152851,0.0036151126205161456,0.0037452195014601713,0.0037173394555435942,0.0036987527582658763,0.0035407658314052736,0.0038102729419321837,0.004200593584764261,0.004051900006542518,0.0036987527582658763,0.00430282041979171,0.0044608073466523126,0.004079780052459094,0.00412624679565339,0.005668942669703981,0.006988598176421956,0.0051763951918444556,0.007062944965532829,0.007834292902558125,0.00944204221708073,0.009581442446663615,0.009423455519803012,0.009776602768079653,0.007397505516531753,0.007062944965532829,0.006932838084588803,0.005910569734314315,0.006375237166257265,0.008048039921251882,0.006793437855005918,0.005984916523425187,0.00631947707442411,0.006579690836312162,0.006161490147563507,0.005938449780230891,0.00723951858967115,0.009841656208551666,
27127,0.0005668942669703981,0.0005854809642481161,0.000622654358803552,0.000650534404720129,0.0007062944965532829,0.0007713479370252958,0.0007899346343030137,0.0009107481666081806,0.0010780284421076424,0.0013103621580791169,0.0015984559658837455,0.001877256425049515,0.0024069772974644773,0.002676484407991388,0.003382778904544671,0.004228473630680838,0.004897594732678685,0.0049998215677061345,0.004832541292206673,0.004293527071152851,0.0036151126205161456,0.0037452195014601713,0.0037173394555435942,0.0036987527582658763,0.0035407658314052736,0.0038102729419321837,0.004200593584764261,0.004051900006542518,0.0036987527582658763,0.00430282041979171,0.0044608073466523126,0.004079780052459094,0.00412624679565339,0.005668942669703981,0.006988598176421956,0.0051763951918444556,0.007062944965532829,0.007834292902558125,0.00944204221708073,0.009581442446663615,0.009423455519803012,0.009776602768079653,0.007397505516531753,0.007062944965532829,0.006932838084588803,0.005910569734314315,0.006375237166257265,0.008048039921251882,0.006793437855005918,0.005984916523425187,0.00631947707442411,0.006579690836312162,0.006161490147563507,0.005938449780230891,0.00723951858967115,0.009841656208551666,
27129,0.0005668942669703981,0.0005854809642481161,0.000622654358803552,0.000650534404720129,0.0007062944965532829,0.0007713479370252958,0.0007899346343030137,0.0009107481666081806,0.0010780284421076424,0.0013103621580791169,0.0015984559658837455,0.001877256425049515,0.0024069772974644773,0.002676484407991388,0.003382778904544671,0.004228473630680838,0.004897594732678685,0.0049998215677061345,0.004832541292206673,0.004293527071152851,0.0036151126205161456,0.0037452195014601713,0.0037173394555435942,0.0036987527582658763,0.0035407658314052736,0.0038102729419321837,0.004200593584764261,0.004051900006542518,0.0036987527582658763,0.00430282041979171,0.0044608073466523126,0.004079780052459094,0.00412624679565339,0.005668942669703981,0.006988598176421956,0.0051763951918444556,0.007062944965532829,0.007834292902558125,0.00944204221708073,0.009581442446663615,0.009423455519803012,0.009776602768079653,0.007397505516531753,0.007062944965532829,0.006932838084588803,0.005910569734314315,0.006375237166257265,0.008048039921251882,0.006793437855005918,0.005984916523425187,0.00631947707442411,0.006579690836312162,0.006161490147563507,0.005938449780230891,0.00723951858967115,0.009841656208551666,
27131,0.0005668942669703981,0.0005854809642481161,0.000622654358803552,0.000650534404720129,0.0007062944965532829,0.0007713479370252958,0.0007899346343030137,0.0009107481666081806,0.0010780284421076424,0.0013103621580791169,0.0015984559658837455,0.001877256425049515,0.0024069772974644773,0.002676484407991388,0.003382778904544671,0.004228473630680838,0.004897594732678685,0.0049998215677061345,0.004832541292206673,0.004293527071152851,0.0036151126205161456,0.0037452195014601713,0.0037173394555435942,0.0036987527582658763,0.0035407658314052736,0.0038102729419321837,0.004200593584764261,0.004051900006542518,0.0036987527582658763,0.00430282041979171,0.0044608073466523126,0.004079780052459094,0.00412624679565339,0.005668942669703981,0.006988598176421956,0.0051763951918444556,0.007062944965532829,0.007834292902558125,0.00944204221708073,0.009581442446663615,0.009423455519803012,0.009776602768079653,0.007397505516531753,0.007062944965532829,0.006932838084588803,0.005910569734314315,0.006375237166257265,0.008048039921251882,0.006793437855005918,0.005984916523425187,0.00631947707442411,0.006579690836312162,0.006161490147563507,0.005938449780230891,0.00723951858967115,0.009841656208551666,
27133,0.0005668942669703981,0.0005854809642481161,0.000622654358803552,0.000650534404720129,0.0007062944965532829,0.0007713479370252958,0.0007899346343030137,0.0009107481666081806,0.0010780284421076424,0.0013103621580791169,0.0015984559658837455,0.001877256425049515,0.0024069772974644773,0.002676484407991388,0.003382778904544671,0.004228473630680838,0.004897594732678685,0.0049998215677061345,0.004832541292206673,0.004293527071152851,0.0036151126205161456,0.0037452195014601713,0.0037173394555435942,0.0036987527582658763,0.0035407658314052736,0.0038102729419321837,0.004200593584764261,0.004051900006542518,0.0036987527582658763,0.00430282041979171,0.0044608073466523126,0.004079780052459094,0.00412624679565339,0.005668942669703981,0.006988598176421956,0.0051763951918444556,0.007062944965532829,0.007834292902558125,0.00944204221708073,0.009581442446663615,0.009423455519803012,0.009776602768079653,0.007397505516531753,0.007062944965532829,0.006932838084588803,0.005910569734314315,0.006375237166257265,0.008048039921251882,0.006793437855005918,0.005984916523425187,0.00631947707442411,0.006579690836312162,0.006161490147563507,0.005938449780230891,0.00723951858967115,0.009841656208551666,
27135,0.0005668942669703981,0.0005854809642481161,0.000622654358803552,0.000650534404720129,0.0007062944965532829,0.0007713479370252958,0.0007899346343030137,0.0009107481666081806,0.0010780284421076424,0.0013103621580791169,0.0015984559658837455,0.001877256425049515,0.0024069772974644773,0.002676484407991388,0.003382778904544671,0.004228473630680838,0.004897594732678685,0.0049998215677061345,0.004832541292206673,0.004293527071152851,0.0036151126205161456,0.0037452195014601713,0.0037173394555435942,0.0036987527582658763,0.0035407658314052736,0.0038102729419321837,0.004200593584764261,0.004051900006542518,0.0036987527582658763,0.00430282041979171,0.0044608073466523126,0.004079780052459094,0.00412624679565339,0.005668942669703981,0.006988598176421956,0.0051763951918444556,0.007062944965532829,0.007834292902558125,0.00944204221708073,0.009581442446663615,0.009423455519803012,0.009776602768079653,0.007397505516531753,0.007062944965532829,0.006932838084588803,0.005910569734314315,0.006375237166257265,0.008048039921251882,0.006793437855005918,0.005984916523425187,0.00631947707442411,0.006579690836312162,0.006161490147563507,0.005938449780230891,0.00723951858967115,0.009841656208551666,
27137,0.0005668942669703981,0.0005854809642481161,0.000622654358803552,0.000650534404720129,0.0007062944965532829,0.0007713479370252958,0.0007899346343030137,0.0009107481666081806,0.0010780284421076424,0.0013103621580791169,0.0015984559658837455,0.001877256425049515,0.0024069772974644773,0.002676484407991388,0.003382778904544671,0.004228473630680838,0.004897594732678685,0.0049998215677061345,0.004832541292206673,0.004293527071152851,0.0036151126205161456,0.0037452195014601713,0.0037173394555435942,0.0036987527582658763,0.0035407658314052736,0.0038102729419321837,0.004200593584764261,0.004051900006542518,0.0036987527582658763,0.00430282041979171,0.0044608073466523126,0.004079780052459094,0.00412624679565339,0.005668942669703981,0.006988598176421956,0.0051763951918444556,0.007062944965532829,0.007834292902558125,0.00944204221708073,0.009581442446663615,0.009423455519803012,0.009776602768079653,0.007397505516531753,0.007062944965532829,0.006932838084588803,0.005910569734314315,0.006375237166257265,0.008048039921251882,0.006793437855005918,0.005984916523425187,0.00631947707442411,0.006579690836312162,0.006161490147563507,0.005938449780230891,0.00723951858967115,0.009841656208551666,
27139,0.0005668942669703981,0.0005854809642481161,0.000622654358803552,0.000650534404720129,0.0007062944965532829,0.0007713479370252958,0.0007899346343030137,0.0009107481666081806,0.0010780284421076424,0.0013103621580791169,0.0015984559658837455,0.001877256425049515,0.0024069772974644773,0.002676484407991388,0.003382778904544671,0.004228473630680838,0.004897594732678685,0.0049998215677061345,0.004832541292206673,0.004293527071152851,0.0036151126205161456,0.0037452195014601713,0.0037173394555435942,0.0036987527582658763,0.0035407658314052736,0.0038102729419321837,0.004200593584764261,0.004051900006542518,0.0036987527582658763,0.00430282041979171,0.0044608073466523126,0.004079780052459094,0.00412624679565339,0.005668942669703981,0.006988598176421956,0.0051763951918444556,0.007062944965532829,0.007834292902558125,0.00944204221708073,0.009581442446663615,0.009423455519803012,0.009776602768079653,0.007397505516531753,0.007062944965532829,0.006932838084588803,0.005910569734314315,0.006375237166257265,0.008048039921251882,0.006793437855005918,0.005984916523425187,0.00631947707442411,0.006579690836312162,0.006161490147563507,0.005938449780230891,0.00723951858967115,0.009841656208551666,
27141,0.0005668942669703981,0.0005854809642481161,0.000622654358803552,0.000650534404720129,0.0007062944965532829,0.0007713479370252958,0.0007899346343030137,0.0009107481666081806,0.0010780284421076424,0.0013103621580791169,0.0015984559658837455,0.001877256425049515,0.0024069772974644773,0.002676484407991388,0.003382778904544671,0.004228473630680838,0.004897594732678685,0.0049998215677061345,0.004832541292206673,0.004293527071152851,0.0036151126205161456,0.0037452195014601713,0.0037173394555435942,0.0036987527582658763,0.0035407658314052736,0.0038102729419321837,0.004200593584764261,0.004051900006542518,0.0036987527582658763,0.00430282041979171,0.0044608073466523126,0.004079780052459094,0.00412624679565339,0.005668942669703981,0.006988598176421956,0.0051763951918444556,0.007062944965532829,0.007834292902558125,0.00944204221708073,0.009581442446663615,0.009423455519803012,0.009776602768079653,0.007397505516531753,0.007062944965532829,0.006932838084588803,0.005910569734314315,0.006375237166257265,0.008048039921251882,0.006793437855005918,0.005984916523425187,0.00631947707442411,0.006579690836312162,0.006161490147563507,0.005938449780230891,0.00723951858967115,0.009841656208551666,
27143,0.0005668942669703981,0.0005854809642481161,0.000622654358803552,0.000650534404720129,0.0007062944965532829,0.0007713479370252958,0.0007899346343030137,0.0009107481666081806,0.0010780284421076424,0.0013103621580791169,0.0015984559658837455,0.001877256425049515,0.0024069772974644773,0.002676484407991388,0.003382778904544671,0.004228473630680838,0.004897594732678685,0.0049998215677061345,0.004832541292206673,0.004293527071152851,0.0036151126205161456,0.0037452195014601713,0.0037173394555435942,0.0036987527582658763,0.0035407658314052736,0.0038102729419321837,0.004200593584764261,0.004051900006542518,0.0036987527582658763,0.00430282041979171,0.0044608073466523126,0.004079780052459094,0.00412624679565339,0.005668942669703981,0.006988598176421956,0.0051763951918444556,0.007062944965532829,0.007834292902558125,0.00944204221708073,0.009581442446663615,0.009423455519803012,0.009776602768079653,0.007397505516531753,0.007062944965532829,0.006932838084588803,0.005910569734314315,0.006375237166257265,0.008048039921251882,0.006793437855005918,0.005984916523425187,0.00631947707442411,0.006579690836312162,0.006161490147563507,0.005938449780230891,0.00723951858967115,0.009841656208551666,
27145,0.0005668942669703981,0.0005854809642481161,0.000622654358803552,0.000650534404720129,0.0007062944965532829,0.0007713479370252958,0.0007899346343030137,0.0009107481666081806,0.0010780284421076424,0.0013103621580791169,0.0015984559658837455,0.001877256425049515,0.0024069772974644773,0.002676484407991388,0.003382778904544671,0.004228473630680838,0.004897594732678685,0.0049998215677061345,0.004832541292206673,0.004293527071152851,0.0036151126205161456,0.0037452195014601713,0.0037173394555435942,0.0036987527582658763,0.0035407658314052736,0.0038102729419321837,0.004200593584764261,0.004051900006542518,0.0036987527582658763,0.00430282041979171,0.0044608073466523126,0.004079780052459094,0.00412624679565339,0.005668942669703981,0.006988598176421956,0.0051763951918444556,0.007062944965532829,0.007834292902558125,0.00944204221708073,0.009581442446663615,0.009423455519803012,0.009776602768079653,0.007397505516531753,0.007062944965532829,0.006932838084588803,0.005910569734314315,0.006375237166257265,0.008048039921251882,0.006793437855005918,0.005984916523425187,0.00631947707442411,0.006579690836312162,0.006161490147563507,0.005938449780230891,0.00723951858967115,0.009841656208551666,
27147,0.0005668942669703981,0.0005854809642481161,0.000622654358803552,0.000650534404720129,0.0007062944965532829,0.0007713479370252958,0.0007899346343030137,0.0009107481666081806,0.0010780284421076424,0.0013103621580791169,0.0015984559658837455,0.001877256425049515,0.0024069772974644773,0.002676484407991388,0.003382778904544671,0.004228473630680838,0.004897594732678685,0.0049998215677061345,0.004832541292206673,0.004293527071152851,0.0036151126205161456,0.0037452195014601713,0.0037173394555435942,0.0036987527582658763,0.0035407658314052736,0.0038102729419321837,0.004200593584764261,0.004051900006542518,0.0036987527582658763,0.00430282041979171,0.0044608073466523126,0.004079780052459094,0.00412624679565339,0.005668942669703981,0.006988598176421956,0.0051763951918444556,0.007062944965532829,0.007834292902558125,0.00944204221708073,0.009581442446663615,0.009423455519803012,0.009776602768079653,0.007397505516531753,0.007062944965532829,0.006932838084588803,0.005910569734314315,0.006375237166257265,0.008048039921251882,0.006793437855005918,0.005984916523425187,0.00631947707442411,0.006579690836312162,0.006161490147563507,0.005938449780230891,0.00723951858967115,0.009841656208551666,
27149,0.0005668942669703981,0.0005854809642481161,0.000622654358803552,0.000650534404720129,0.0007062944965532829,0.0007713479370252958,0.0007899346343030137,0.0009107481666081806,0.0010780284421076424,0.0013103621580791169,0.0015984559658837455,0.001877256425049515,0.0024069772974644773,0.002676484407991388,0.003382778904544671,0.004228473630680838,0.004897594732678685,0.0049998215677061345,0.004832541292206673,0.004293527071152851,0.0036151126205161456,0.0037452195014601713,0.0037173394555435942,0.0036987527582658763,0.0035407658314052736,0.0038102729419321837,0.004200593584764261,0.004051900006542518,0.0036987527582658763,0.00430282041979171,0.0044608073466523126,0.004079780052459094,0.00412624679565339,0.005668942669703981,0.006988598176421956,0.0051763951918444556,0.007062944965532829,0.007834292902558125,0.00944204221708073,0.009581442446663615,0.009423455519803012,0.009776602768079653,0.007397505516531753,0.007062944965532829,0.006932838084588803,0.005910569734314315,0.006375237166257265,0.008048039921251882,0.006793437855005918,0.005984916523425187,0.00631947707442411,0.006579690836312162,0.006161490147563507,0.005938449780230891,0.00723951858967115,0.009841656208551666,
27151,0.0005668942669703981,0.0005854809642481161,0.000622654358803552,0.000650534404720129,0.0007062944965532829,0.0007713479370252958,0.0007899346343030137,0.0009107481666081806,0.0010780284421076424,0.0013103621580791169,0.0015984559658837455,0.001877256425049515,0.0024069772974644773,0.002676484407991388,0.003382778904544671,0.004228473630680838,0.004897594732678685,0.0049998215677061345,0.004832541292206673,0.004293527071152851,0.0036151126205161456,0.0037452195014601713,0.0037173394555435942,0.0036987527582658763,0.0035407658314052736,0.0038102729419321837,0.004200593584764261,0.004051900006542518,0.0036987527582658763,0.00430282041979171,0.0044608073466523126,0.004079780052459094,0.00412624679565339,0.005668942669703981,0.006988598176421956,0.0051763951918444556,0.007062944965532829,0.007834292902558125,0.00944204221708073,0.009581442446663615,0.009423455519803012,0.009776602768079653,0.007397505516531753,0.007062944965532829,0.006932838084588803,0.005910569734314315,0.006375237166257265,0.008048039921251882,0.006793437855005918,0.005984916523425187,0.00631947707442411,0.006579690836312162,0.006161490147563507,0.005938449780230891,0.00723951858967115,0.009841656208551666,
27153,0.0005668942669703981,0.0005854809642481161,0.000622654358803552,0.000650534404720129,0.0007062944965532829,0.0007713479370252958,0.0007899346343030137,0.0009107481666081806,0.0010780284421076424,0.0013103621580791169,0.0015984559658837455,0.001877256425049515,0.0024069772974644773,0.002676484407991388,0.003382778904544671,0.004228473630680838,0.004897594732678685,0.0049998215677061345,0.004832541292206673,0.004293527071152851,0.0036151126205161456,0.0037452195014601713,0.0037173394555435942,0.0036987527582658763,0.0035407658314052736,0.0038102729419321837,0.004200593584764261,0.004051900006542518,0.0036987527582658763,0.00430282041979171,0.0044608073466523126,0.004079780052459094,0.00412624679565339,0.005668942669703981,0.006988598176421956,0.0051763951918444556,0.007062944965532829,0.007834292902558125,0.00944204221708073,0.009581442446663615,0.009423455519803012,0.009776602768079653,0.007397505516531753,0.007062944965532829,0.006932838084588803,0.005910569734314315,0.006375237166257265,0.008048039921251882,0.006793437855005918,0.005984916523425187,0.00631947707442411,0.006579690836312162,0.006161490147563507,0.005938449780230891,0.00723951858967115,0.009841656208551666,
27155,0.0005668942669703981,0.0005854809642481161,0.000622654358803552,0.000650534404720129,0.0007062944965532829,0.0007713479370252958,0.0007899346343030137,0.0009107481666081806,0.0010780284421076424,0.0013103621580791169,0.0015984559658837455,0.001877256425049515,0.0024069772974644773,0.002676484407991388,0.003382778904544671,0.004228473630680838,0.004897594732678685,0.0049998215677061345,0.004832541292206673,0.004293527071152851,0.0036151126205161456,0.0037452195014601713,0.0037173394555435942,0.0036987527582658763,0.0035407658314052736,0.0038102729419321837,0.004200593584764261,0.004051900006542518,0.0036987527582658763,0.00430282041979171,0.0044608073466523126,0.004079780052459094,0.00412624679565339,0.005668942669703981,0.006988598176421956,0.0051763951918444556,0.007062944965532829,0.007834292902558125,0.00944204221708073,0.009581442446663615,0.009423455519803012,0.009776602768079653,0.007397505516531753,0.007062944965532829,0.006932838084588803,0.005910569734314315,0.006375237166257265,0.008048039921251882,0.006793437855005918,0.005984916523425187,0.00631947707442411,0.006579690836312162,0.006161490147563507,0.005938449780230891,0.00723951858967115,0.009841656208551666,
27157,0.0005668942669703981,0.0005854809642481161,0.000622654358803552,0.000650534404720129,0.0007062944965532829,0.0007713479370252958,0.0007899346343030137,0.0009107481666081806,0.0010780284421076424,0.0013103621580791169,0.0015984559658837455,0.001877256425049515,0.0024069772974644773,0.002676484407991388,0.003382778904544671,0.004228473630680838,0.004897594732678685,0.0049998215677061345,0.004832541292206673,0.004293527071152851,0.0036151126205161456,0.0037452195014601713,0.0037173394555435942,0.0036987527582658763,0.0035407658314052736,0.0038102729419321837,0.004200593584764261,0.004051900006542518,0.0036987527582658763,0.00430282041979171,0.0044608073466523126,0.004079780052459094,0.00412624679565339,0.005668942669703981,0.006988598176421956,0.0051763951918444556,0.007062944965532829,0.007834292902558125,0.00944204221708073,0.009581442446663615,0.009423455519803012,0.009776602768079653,0.007397505516531753,0.007062944965532829,0.006932838084588803,0.005910569734314315,0.006375237166257265,0.008048039921251882,0.006793437855005918,0.005984916523425187,0.00631947707442411,0.006579690836312162,0.006161490147563507,0.005938449780230891,0.00723951858967115,0.009841656208551666,
27159,0.0005668942669703981,0.0005854809642481161,0.000622654358803552,0.000650534404720129,0.0007062944965532829,0.0007713479370252958,0.0007899346343030137,0.0009107481666081806,0.0010780284421076424,0.0013103621580791169,0.0015984559658837455,0.001877256425049515,0.0024069772974644773,0.002676484407991388,0.003382778904544671,0.004228473630680838,0.004897594732678685,0.0049998215677061345,0.004832541292206673,0.004293527071152851,0.0036151126205161456,0.0037452195014601713,0.0037173394555435942,0.0036987527582658763,0.0035407658314052736,0.0038102729419321837,0.004200593584764261,0.004051900006542518,0.0036987527582658763,0.00430282041979171,0.0044608073466523126,0.004079780052459094,0.00412624679565339,0.005668942669703981,0.006988598176421956,0.0051763951918444556,0.007062944965532829,0.007834292902558125,0.00944204221708073,0.009581442446663615,0.009423455519803012,0.009776602768079653,0.007397505516531753,0.007062944965532829,0.006932838084588803,0.005910569734314315,0.006375237166257265,0.008048039921251882,0.006793437855005918,0.005984916523425187,0.00631947707442411,0.006579690836312162,0.006161490147563507,0.005938449780230891,0.00723951858967115,0.009841656208551666,
27161,0.0005668942669703981,0.0005854809642481161,0.000622654358803552,0.000650534404720129,0.0007062944965532829,0.0007713479370252958,0.0007899346343030137,0.0009107481666081806,0.0010780284421076424,0.0013103621580791169,0.0015984559658837455,0.001877256425049515,0.0024069772974644773,0.002676484407991388,0.003382778904544671,0.004228473630680838,0.004897594732678685,0.0049998215677061345,0.004832541292206673,0.004293527071152851,0.0036151126205161456,0.0037452195014601713,0.0037173394555435942,0.0036987527582658763,0.0035407658314052736,0.0038102729419321837,0.004200593584764261,0.004051900006542518,0.0036987527582658763,0.00430282041979171,0.0044608073466523126,0.004079780052459094,0.00412624679565339,0.005668942669703981,0.006988598176421956,0.0051763951918444556,0.007062944965532829,0.007834292902558125,0.00944204221708073,0.009581442446663615,0.009423455519803012,0.009776602768079653,0.007397505516531753,0.007062944965532829,0.006932838084588803,0.005910569734314315,0.006375237166257265,0.008048039921251882,0.006793437855005918,0.005984916523425187,0.00631947707442411,0.006579690836312162,0.006161490147563507,0.005938449780230891,0.00723951858967115,0.009841656208551666,
27163,0.0005668942669703981,0.0005854809642481161,0.000622654358803552,0.000650534404720129,0.0007062944965532829,0.0007713479370252958,0.0007899346343030137,0.0009107481666081806,0.0010780284421076424,0.0013103621580791169,0.0015984559658837455,0.001877256425049515,0.0024069772974644773,0.002676484407991388,0.003382778904544671,0.004228473630680838,0.004897594732678685,0.0049998215677061345,0.004832541292206673,0.004293527071152851,0.0036151126205161456,0.0037452195014601713,0.0037173394555435942,0.0036987527582658763,0.0035407658314052736,0.0038102729419321837,0.004200593584764261,0.004051900006542518,0.0036987527582658763,0.00430282041979171,0.0044608073466523126,0.004079780052459094,0.00412624679565339,0.005668942669703981,0.006988598176421956,0.0051763951918444556,0.007062944965532829,0.007834292902558125,0.00944204221708073,0.009581442446663615,0.009423455519803012,0.009776602768079653,0.007397505516531753,0.007062944965532829,0.006932838084588803,0.005910569734314315,0.006375237166257265,0.008048039921251882,0.006793437855005918,0.005984916523425187,0.00631947707442411,0.006579690836312162,0.006161490147563507,0.005938449780230891,0.00723951858967115,0.009841656208551666,
27165,0.0005668942669703981,0.0005854809642481161,0.000622654358803552,0.000650534404720129,0.0007062944965532829,0.0007713479370252958,0.0007899346343030137,0.0009107481666081806,0.0010780284421076424,0.0013103621580791169,0.0015984559658837455,0.001877256425049515,0.0024069772974644773,0.002676484407991388,0.003382778904544671,0.004228473630680838,0.004897594732678685,0.0049998215677061345,0.004832541292206673,0.004293527071152851,0.0036151126205161456,0.0037452195014601713,0.0037173394555435942,0.0036987527582658763,0.0035407658314052736,0.0038102729419321837,0.004200593584764261,0.004051900006542518,0.0036987527582658763,0.00430282041979171,0.0044608073466523126,0.004079780052459094,0.00412624679565339,0.005668942669703981,0.006988598176421956,0.0051763951918444556,0.007062944965532829,0.007834292902558125,0.00944204221708073,0.009581442446663615,0.009423455519803012,0.009776602768079653,0.007397505516531753,0.007062944965532829,0.006932838084588803,0.005910569734314315,0.006375237166257265,0.008048039921251882,0.006793437855005918,0.005984916523425187,0.00631947707442411,0.006579690836312162,0.006161490147563507,0.005938449780230891,0.00723951858967115,0.009841656208551666,
27167,0.0005668942669703981,0.0005854809642481161,0.000622654358803552,0.000650534404720129,0.0007062944965532829,0.0007713479370252958,0.0007899346343030137,0.0009107481666081806,0.0010780284421076424,0.0013103621580791169,0.0015984559658837455,0.001877256425049515,0.0024069772974644773,0.002676484407991388,0.003382778904544671,0.004228473630680838,0.004897594732678685,0.0049998215677061345,0.004832541292206673,0.004293527071152851,0.0036151126205161456,0.0037452195014601713,0.0037173394555435942,0.0036987527582658763,0.0035407658314052736,0.0038102729419321837,0.004200593584764261,0.004051900006542518,0.0036987527582658763,0.00430282041979171,0.0044608073466523126,0.004079780052459094,0.00412624679565339,0.005668942669703981,0.006988598176421956,0.0051763951918444556,0.007062944965532829,0.007834292902558125,0.00944204221708073,0.009581442446663615,0.009423455519803012,0.009776602768079653,0.007397505516531753,0.007062944965532829,0.006932838084588803,0.005910569734314315,0.006375237166257265,0.008048039921251882,0.006793437855005918,0.005984916523425187,0.00631947707442411,0.006579690836312162,0.006161490147563507,0.005938449780230891,0.00723951858967115,0.009841656208551666,
27169,0.0005668942669703981,0.0005854809642481161,0.000622654358803552,0.000650534404720129,0.0007062944965532829,0.0007713479370252958,0.0007899346343030137,0.0009107481666081806,0.0010780284421076424,0.0013103621580791169,0.0015984559658837455,0.001877256425049515,0.0024069772974644773,0.002676484407991388,0.003382778904544671,0.004228473630680838,0.004897594732678685,0.0049998215677061345,0.004832541292206673,0.004293527071152851,0.0036151126205161456,0.0037452195014601713,0.0037173394555435942,0.0036987527582658763,0.0035407658314052736,0.0038102729419321837,0.004200593584764261,0.004051900006542518,0.0036987527582658763,0.00430282041979171,0.0044608073466523126,0.004079780052459094,0.00412624679565339,0.005668942669703981,0.006988598176421956,0.0051763951918444556,0.007062944965532829,0.007834292902558125,0.00944204221708073,0.009581442446663615,0.009423455519803012,0.009776602768079653,0.007397505516531753,0.007062944965532829,0.006932838084588803,0.005910569734314315,0.006375237166257265,0.008048039921251882,0.006793437855005918,0.005984916523425187,0.00631947707442411,0.006579690836312162,0.006161490147563507,0.005938449780230891,0.00723951858967115,0.009841656208551666,
27171,0.0005668942669703981,0.0005854809642481161,0.000622654358803552,0.000650534404720129,0.0007062944965532829,0.0007713479370252958,0.0007899346343030137,0.0009107481666081806,0.0010780284421076424,0.0013103621580791169,0.0015984559658837455,0.001877256425049515,0.0024069772974644773,0.002676484407991388,0.003382778904544671,0.004228473630680838,0.004897594732678685,0.0049998215677061345,0.004832541292206673,0.004293527071152851,0.0036151126205161456,0.0037452195014601713,0.0037173394555435942,0.0036987527582658763,0.0035407658314052736,0.0038102729419321837,0.004200593584764261,0.004051900006542518,0.0036987527582658763,0.00430282041979171,0.0044608073466523126,0.004079780052459094,0.00412624679565339,0.005668942669703981,0.006988598176421956,0.0051763951918444556,0.007062944965532829,0.007834292902558125,0.00944204221708073,0.009581442446663615,0.009423455519803012,0.009776602768079653,0.007397505516531753,0.007062944965532829,0.006932838084588803,0.005910569734314315,0.006375237166257265,0.008048039921251882,0.006793437855005918,0.005984916523425187,0.00631947707442411,0.006579690836312162,0.006161490147563507,0.005938449780230891,0.00723951858967115,0.009841656208551666,
27173,0.0005668942669703981,0.0005854809642481161,0.000622654358803552,0.000650534404720129,0.0007062944965532829,0.0007713479370252958,0.0007899346343030137,0.0009107481666081806,0.0010780284421076424,0.0013103621580791169,0.0015984559658837455,0.001877256425049515,0.0024069772974644773,0.002676484407991388,0.003382778904544671,0.004228473630680838,0.004897594732678685,0.0049998215677061345,0.004832541292206673,0.004293527071152851,0.0036151126205161456,0.0037452195014601713,0.0037173394555435942,0.0036987527582658763,0.0035407658314052736,0.0038102729419321837,0.004200593584764261,0.004051900006542518,0.0036987527582658763,0.00430282041979171,0.0044608073466523126,0.004079780052459094,0.00412624679565339,0.005668942669703981,0.006988598176421956,0.0051763951918444556,0.007062944965532829,0.007834292902558125,0.00944204221708073,0.009581442446663615,0.009423455519803012,0.009776602768079653,0.007397505516531753,0.007062944965532829,0.006932838084588803,0.005910569734314315,0.006375237166257265,0.008048039921251882,0.006793437855005918,0.005984916523425187,0.00631947707442411,0.006579690836312162,0.006161490147563507,0.005938449780230891,0.00723951858967115,0.009841656208551666,
28001,0.0004739607805818083,0.0004739607805818083,0.0005111341751372442,0.0005390142210538212,0.0005854809642481161,0.0006319477074424111,0.0018493763791329382,0.0006970011479144239,0.0008735747720527446,0.001198841974412809,0.0016449227090780405,0.001886549773688374,0.0022861637651593104,0.0028530580321297085,0.0033177254640726576,0.004209886933403121,0.005083461705455865,0.004776781200373518,0.004711727759901506,0.004628087622151775,0.004916181429956403,0.004665261016707211,0.004395753906180301,0.004163420190208826,0.0039775532174316465,0.0038381529878487607,0.0040704867038202355,0.004237766979319697,0.0039775532174316465,0.0048511279894843905,0.004888301384039826,0.004405047254819159,0.004535154135763185,0.0060499699638971996,0.0075833724893089325,0.0059942098720640455,0.007193051846476855,0.008215320196751343,0.01117989841254736,0.011384352082602257,0.010334203686411192,0.011598099101296014,0.008810094509638319,0.008131680059001613,0.00742538556244833,0.006849197946839073,0.0070722383141716885,0.007769239462086111,0.0073138653787820215,0.007248811938310009,0.008196733499473625,0.007899346343030137,0.007899346343030137,0.00805733326989074,0.00924688189566469,0.011337885339407962,0.01117989841254736
28003,0.0004739607805818083,0.0004739607805818083,0.0005111341751372442,0.0005390142210538212,0.0005854809642481161,0.0006319477074424111,0.0018493763791329382,0.0006970011479144239,0.0008735747720527446,0.001198841974412809,0.0016449227090780405,0.001886549773688374,0.0022861637651593104,0.0028530580321297085,0.0033177254640726576,0.004209886933403121,0.005083461705455865,0.004776781200373518,0.004711727759901506,0.004628087622151775,0.004916181429956403,0.004665261016707211,0.004395753906180301,0.004163420190208826,0.0039775532174316465,0.0038381529878487607,0.0040704867038202355,0.004237766979319697,0.0039775532174316465,0.0048511279894843905,0.004888301384039826,0.004405047254819159,0.004535154135763185,0.0060499699638971996,0.0075833724893089325,0.0059942098720640455,0.007193051846476855,0.008215320196751343,0.01117989841254736,0.011384352082602257,0.010334203686411192,0.011598099101296014,0.008810094509638319,0.008131680059001613,0.00742538556244833,0.006849197946839073,0.0070722383141716885,0.007769239462086111,0.0073138653787820215,0.007248811938310009,0.008196733499473625,0.007899346343030137,0.007899346343030137,0.00805733326989074,0.00924688189566469,0.011337885339407962,0.01117989841254736
28005,0.0004739607805818083,0.0004739607805818083,0.0005111341751372442,0.0005390142210538212,0.0005854809642481161,0.0006319477074424111,0.0018493763791329382,0.0006970011479144239,0.0008735747720527446,0.001198841974412809,0.0016449227090780405,0.001886549773688374,0.0022861637651593104,0.0028530580321297085,0.0033177254640726576,0.004209886933403121,0.005083461705455865,0.004776781200373518,0.004711727759901506,0.004628087622151775,0.004916181429956403,0.004665261016707211,0.004395753906180301,0.004163420190208826,0.0039775532174316465,0.0038381529878487607,0.0040704867038202355,0.004237766979319697,0.0039775532174316465,0.0048511279894843905,0.004888301384039826,0.004405047254819159,0.004535154135763185,0.0060499699638971996,0.0075833724893089325,0.0059942098720640455,0.007193051846476855,0.008215320196751343,0.01117989841254736,0.011384352082602257,0.010334203686411192,0.011598099101296014,0.008810094509638319,0.008131680059001613,0.00742538556244833,0.006849197946839073,0.0070722383141716885,0.007769239462086111,0.0073138653787820215,0.007248811938310009,0.008196733499473625,0.007899346343030137,0.007899346343030137,0.00805733326989074,0.00924688189566469,0.011337885339407962,0.01117989841254736
28007,0.0004739607805818083,0.0004739607805818083,0.0005111341751372442,0.0005390142210538212,0.0005854809642481161,0.0006319477074424111,0.0018493763791329382,0.0006970011479144239,0.0008735747720527446,0.001198841974412809,0.0016449227090780405,0.001886549773688374,0.0022861637651593104,0.0028530580321297085,0.0033177254640726576,0.004209886933403121,0.005083461705455865,0.004776781200373518,0.004711727759901506,0.004628087622151775,0.004916181429956403,0.004665261016707211,0.004395753906180301,0.004163420190208826,0.0039775532174316465,0.0038381529878487607,0.0040704867038202355,0.004237766979319697,0.0039775532174316465,0.0048511279894843905,0.004888301384039826,0.004405047254819159,0.004535154135763185,0.0060499699638971996,0.0075833724893089325,0.0059942098720640455,0.007193051846476855,0.008215320196751343,0.01117989841254736,0.011384352082602257,0.010334203686411192,0.011598099101296014,0.008810094509638319,0.008131680059001613,0.00742538556244833,0.006849197946839073,0.0070722383141716885,0.007769239462086111,0.0073138653787820215,0.007248811938310009,0.008196733499473625,0.007899346343030137,0.007899346343030137,0.00805733326989074,0.00924688189566469,0.011337885339407962,0.01117989841254736
28009,0.0004739607805818083,0.0004739607805818083,0.0005111341751372442,0.0005390142210538212,0.0005854809642481161,0.0006319477074424111,0.0018493763791329382,0.0006970011479144239,0.0008735747720527446,0.001198841974412809,0.0016449227090780405,0.001886549773688374,0.0022861637651593104,0.0028530580321297085,0.0033177254640726576,0.004209886933403121,0.005083461705455865,0.004776781200373518,0.004711727759901506,0.004628087622151775,0.004916181429956403,0.004665261016707211,0.004395753906180301,0.004163420190208826,0.0039775532174316465,0.0038381529878487607,0.0040704867038202355,0.004237766979319697,0.0039775532174316465,0.0048511279894843905,0.004888301384039826,0.004405047254819159,0.004535154135763185,0.0060499699638971996,0.0075833724893089325,0.0059942098720640455,0.007193051846476855,0.008215320196751343,0.01117989841254736,0.011384352082602257,0.010334203686411192,0.011598099101296014,0.008810094509638319,0.008131680059001613,0.00742538556244833,0.006849197946839073,0.0070722383141716885,0.007769239462086111,0.0073138653787820215,0.007248811938310009,0.008196733499473625,0.007899346343030137,0.007899346343030137,0.00805733326989074,0.00924688189566469,0.011337885339407962,0.01117989841254736
28011,0.0004739607805818083,0.0004739607805818083,0.0005111341751372442,0.0005390142210538212,0.0005854809642481161,0.0006319477074424111,0.0018493763791329382,0.0006970011479144239,0.0008735747720527446,0.001198841974412809,0.0016449227090780405,0.001886549773688374,0.0022861637651593104,0.0028530580321297085,0.0033177254640726576,0.004209886933403121,0.005083461705455865,0.004776781200373518,0.004711727759901506,0.004628087622151775,0.004916181429956403,0.004665261016707211,0.004395753906180301,0.004163420190208826,0.0039775532174316465,0.0038381529878487607,0.0040704867038202355,0.004237766979319697,0.0039775532174316465,0.0048511279894843905,0.004888301384039826,0.004405047254819159,0.004535154135763185,0.0060499699638971996,0.0075833724893089325,0.0059942098720640455,0.007193051846476855,0.008215320196751343,0.01117989841254736,0.011384352082602257,0.010334203686411192,0.011598099101296014,0.008810094509638319,0.008131680059001613,0.00742538556244833,0.006849197946839073,0.0070722383141716885,0.007769239462086111,0.0073138653787820215,0.007248811938310009,0.008196733499473625,0.007899346343030137,0.007899346343030137,0.00805733326989074,0.00924688189566469,0.011337885339407962,0.01117989841254736
28013,0.0004739607805818083,0.0004739607805818083,0.0005111341751372442,0.0005390142210538212,0.0005854809642481161,0.0006319477074424111,0.0018493763791329382,0.0006970011479144239,0.0008735747720527446,0.001198841974412809,0.0016449227090780405,0.001886549773688374,0.0022861637651593104,0.0028530580321297085,0.0033177254640726576,0.004209886933403121,0.005083461705455865,0.004776781200373518,0.004711727759901506,0.004628087622151775,0.004916181429956403,0.004665261016707211,0.004395753906180301,0.004163420190208826,0.0039775532174316465,0.0038381529878487607,0.0040704867038202355,0.004237766979319697,0.0039775532174316465,0.0048511279894843905,0.004888301384039826,0.004405047254819159,0.004535154135763185,0.0060499699638971996,0.0075833724893089325,0.0059942098720640455,0.007193051846476855,0.008215320196751343,0.01117989841254736,0.011384352082602257,0.010334203686411192,0.011598099101296014,0.008810094509638319,0.008131680059001613,0.00742538556244833,0.006849197946839073,0.0070722383141716885,0.007769239462086111,0.0073138653787820215,0.007248811938310009,0.008196733499473625,0.007899346343030137,0.007899346343030137,0.00805733326989074,0.00924688189566469,0.011337885339407962,0.01117989841254736
28015,0.0004739607805818083,0.0004739607805818083,0.0005111341751372442,0.0005390142210538212,0.0005854809642481161,0.0006319477074424111,0.0018493763791329382,0.0006970011479144239,0.0008735747720527446,0.001198841974412809,0.0016449227090780405,0.001886549773688374,0.0022861637651593104,0.0028530580321297085,0.0033177254640726576,0.004209886933403121,0.005083461705455865,0.004776781200373518,0.004711727759901506,0.004628087622151775,0.004916181429956403,0.004665261016707211,0.004395753906180301,0.004163420190208826,0.0039775532174316465,0.0038381529878487607,0.0040704867038202355,0.004237766979319697,0.0039775532174316465,0.0048511279894843905,0.004888301384039826,0.004405047254819159,0.004535154135763185,0.0060499699638971996,0.0075833724893089325,0.0059942098720640455,0.007193051846476855,0.008215320196751343,0.01117989841254736,0.011384352082602257,0.010334203686411192,0.011598099101296014,0.008810094509638319,0.008131680059001613,0.00742538556244833,0.006849197946839073,0.0070722383141716885,0.007769239462086111,0.0073138653787820215,0.007248811938310009,0.008196733499473625,0.007899346343030137,0.007899346343030137,0.00805733326989074,0.00924688189566469,0.011337885339407962,0.01117989841254736
28017,0.0004739607805818083,0.0004739607805818083,0.0005111341751372442,0.0005390142210538212,0.0005854809642481161,0.0006319477074424111,0.0018493763791329382,0.0006970011479144239,0.0008735747720527446,0.001198841974412809,0.0016449227090780405,0.001886549773688374,0.0022861637651593104,0.0028530580321297085,0.0033177254640726576,0.004209886933403121,0.005083461705455865,0.004776781200373518,0.004711727759901506,0.004628087622151775,0.004916181429956403,0.004665261016707211,0.004395753906180301,0.004163420190208826,0.0039775532174316465,0.0038381529878487607,0.0040704867038202355,0.004237766979319697,0.0039775532174316465,0.0048511279894843905,0.004888301384039826,0.004405047254819159,0.004535154135763185,0.0060499699638971996,0.0075833724893089325,0.0059942098720640455,0.007193051846476855,0.008215320196751343,0.01117989841254736,0.011384352082602257,0.010334203686411192,0.011598099101296014,0.008810094509638319,0.008131680059001613,0.00742538556244833,0.006849197946839073,0.0070722383141716885,0.007769239462086111,0.0073138653787820215,0.007248811938310009,0.008196733499473625,0.007899346343030137,0.007899346343030137,0.00805733326989074,0.00924688189566469,0.011337885339407962,0.01117989841254736
28019,0.0004739607805818083,0.0004739607805818083,0.0005111341751372442,0.0005390142210538212,0.0005854809642481161,0.0006319477074424111,0.0018493763791329382,0.0006970011479144239,0.0008735747720527446,0.001198841974412809,0.0016449227090780405,0.001886549773688374,0.0022861637651593104,0.0028530580321297085,0.0033177254640726576,0.004209886933403121,0.005083461705455865,0.004776781200373518,0.004711727759901506,0.004628087622151775,0.004916181429956403,0.004665261016707211,0.004395753906180301,0.004163420190208826,0.0039775532174316465,0.0038381529878487607,0.0040704867038202355,0.004237766979319697,0.0039775532174316465,0.0048511279894843905,0.004888301384039826,0.004405047254819159,0.004535154135763185,0.0060499699638971996,0.0075833724893089325,0.0059942098720640455,0.007193051846476855,0.008215320196751343,0.01117989841254736,0.011384352082602257,0.010334203686411192,0.011598099101296014,0.008810094509638319,0.008131680059001613,0.00742538556244833,0.006849197946839073,0.0070722383141716885,0.007769239462086111,0.0073138653787820215,0.007248811938310009,0.008196733499473625,0.007899346343030137,0.007899346343030137,0.00805733326989074,0.00924688189566469,0.011337885339407962,0.01117989841254736
28021,0.0004739607805818083,0.0004739607805818083,0.0005111341751372442,0.0005390142210538212,0.0005854809642481161,0.0006319477074424111,0.0018493763791329382,0.0006970011479144239,0.0008735747720527446,0.001198841974412809,0.0016449227090780405,0.001886549773688374,0.0022861637651593104,0.0028530580321297085,0.0033177254640726576,0.004209886933403121,0.005083461705455865,0.004776781200373518,0.004711727759901506,0.004628087622151775,0.004916181429956403,0.004665261016707211,0.004395753906180301,0.004163420190208826,0.0039775532174316465,0.0038381529878487607,0.0040704867038202355,0.004237766979319697,0.0039775532174316465,0.0048511279894843905,0.004888301384039826,0.004405047254819159,0.004535154135763185,0.0060499699638971996,0.0075833724893089325,0.0059942098720640455,0.007193051846476855,0.008215320196751343,0.01117989841254736,0.011384352082602257,0.010334203686411192,0.011598099101296014,0.008810094509638319,0.008131680059001613,0.00742538556244833,0.006849197946839073,0.0070722383141716885,0.007769239462086111,0.0073138653787820215,0.007248811938310009,0.008196733499473625,0.007899346343030137,0.007899346343030137,0.00805733326989074,0.00924688189566469,0.011337885339407962,0.01117989841254736
28023,0.0004739607805818083,0.0004739607805818083,0.0005111341751372442,0.0005390142210538212,0.0005854809642481161,0.0006319477074424111,0.0018493763791329382,0.0006970011479144239,0.0008735747720527446,0.001198841974412809,0.0016449227090780405,0.001886549773688374,0.0022861637651593104,0.0028530580321297085,0.0033177254640726576,0.004209886933403121,0.005083461705455865,0.004776781200373518,0.004711727759901506,0.004628087622151775,0.004916181429956403,0.004665261016707211,0.004395753906180301,0.004163420190208826,0.0039775532174316465,0.0038381529878487607,0.0040704867038202355,0.004237766979319697,0.0039775532174316465,0.0048511279894843905,0.004888301384039826,0.004405047254819159,0.004535154135763185,0.0060499699638971996,0.0075833724893089325,0.0059942098720640455,0.007193051846476855,0.008215320196751343,0.01117989841254736,0.011384352082602257,0.010334203686411192,0.011598099101296014,0.008810094509638319,0.008131680059001613,0.00742538556244833,0.006849197946839073,0.0070722383141716885,0.007769239462086111,0.0073138653787820215,0.007248811938310009,0.008196733499473625,0.007899346343030137,0.007899346343030137,0.00805733326989074,0.00924688189566469,0.011337885339407962,0.01117989841254736
28025,0.0004739607805818083,0.0004739607805818083,0.0005111341751372442,0.0005390142210538212,0.0005854809642481161,0.0006319477074424111,0.0018493763791329382,0.0006970011479144239,0.0008735747720527446,0.001198841974412809,0.0016449227090780405,0.001886549773688374,0.0022861637651593104,0.0028530580321297085,0.0033177254640726576,0.004209886933403121,0.005083461705455865,0.004776781200373518,0.004711727759901506,0.004628087622151775,0.004916181429956403,0.004665261016707211,0.004395753906180301,0.004163420190208826,0.0039775532174316465,0.0038381529878487607,0.0040704867038202355,0.004237766979319697,0.0039775532174316465,0.0048511279894843905,0.004888301384039826,0.004405047254819159,0.004535154135763185,0.0060499699638971996,0.0075833724893089325,0.0059942098720640455,0.007193051846476855,0.008215320196751343,0.01117989841254736,0.011384352082602257,0.010334203686411192,0.011598099101296014,0.008810094509638319,0.008131680059001613,0.00742538556244833,0.006849197946839073,0.0070722383141716885,0.007769239462086111,0.0073138653787820215,0.007248811938310009,0.008196733499473625,0.007899346343030137,0.007899346343030137,0.00805733326989074,0.00924688189566469,0.011337885339407962,0.01117989841254736
28027,0.0004739607805818083,0.0004739607805818083,0.0005111341751372442,0.0005390142210538212,0.0005854809642481161,0.0006319477074424111,0.0018493763791329382,0.0006970011479144239,0.0008735747720527446,0.001198841974412809,0.0016449227090780405,0.001886549773688374,0.0022861637651593104,0.0028530580321297085,0.0033177254640726576,0.004209886933403121,0.005083461705455865,0.004776781200373518,0.004711727759901506,0.004628087622151775,0.004916181429956403,0.004665261016707211,0.004395753906180301,0.004163420190208826,0.0039775532174316465,0.0038381529878487607,0.0040704867038202355,0.004237766979319697,0.0039775532174316465,0.0048511279894843905,0.004888301384039826,0.004405047254819159,0.004535154135763185,0.0060499699638971996,0.0075833724893089325,0.0059942098720640455,0.007193051846476855,0.008215320196751343,0.01117989841254736,0.011384352082602257,0.010334203686411192,0.011598099101296014,0.008810094509638319,0.008131680059001613,0.00742538556244833,0.006849197946839073,0.0070722383141716885,0.007769239462086111,0.0073138653787820215,0.007248811938310009,0.008196733499473625,0.007899346343030137,0.007899346343030137,0.00805733326989074,0.00924688189566469,0.011337885339407962,0.01117989841254736
28029,0.0004739607805818083,0.0004739607805818083,0.0005111341751372442,0.0005390142210538212,0.0005854809642481161,0.0006319477074424111,0.0018493763791329382,0.0006970011479144239,0.0008735747720527446,0.001198841974412809,0.0016449227090780405,0.001886549773688374,0.0022861637651593104,0.0028530580321297085,0.0033177254640726576,0.004209886933403121,0.005083461705455865,0.004776781200373518,0.004711727759901506,0.004628087622151775,0.004916181429956403,0.004665261016707211,0.004395753906180301,0.004163420190208826,0.0039775532174316465,0.0038381529878487607,0.0040704867038202355,0.004237766979319697,0.0039775532174316465,0.0048511279894843905,0.004888301384039826,0.004405047254819159,0.004535154135763185,0.0060499699638971996,0.0075833724893089325,0.0059942098720640455,0.007193051846476855,0.008215320196751343,0.01117989841254736,0.011384352082602257,0.010334203686411192,0.011598099101296014,0.008810094509638319,0.008131680059001613,0.00742538556244833,0.006849197946839073,0.0070722383141716885,0.007769239462086111,0.0073138653787820215,0.007248811938310009,0.008196733499473625,0.007899346343030137,0.007899346343030137,0.00805733326989074,0.00924688189566469,0.011337885339407962,0.01117989841254736
28031,0.0004739607805818083,0.0004739607805818083,0.0005111341751372442,0.0005390142210538212,0.0005854809642481161,0.0006319477074424111,0.0018493763791329382,0.0006970011479144239,0.0008735747720527446,0.001198841974412809,0.0016449227090780405,0.001886549773688374,0.0022861637651593104,0.0028530580321297085,0.0033177254640726576,0.004209886933403121,0.005083461705455865,0.004776781200373518,0.004711727759901506,0.004628087622151775,0.004916181429956403,0.004665261016707211,0.004395753906180301,0.004163420190208826,0.0039775532174316465,0.0038381529878487607,0.0040704867038202355,0.004237766979319697,0.0039775532174316465,0.0048511279894843905,0.004888301384039826,0.004405047254819159,0.004535154135763185,0.0060499699638971996,0.0075833724893089325,0.0059942098720640455,0.007193051846476855,0.008215320196751343,0.01117989841254736,0.011384352082602257,0.010334203686411192,0.011598099101296014,0.008810094509638319,0.008131680059001613,0.00742538556244833,0.006849197946839073,0.0070722383141716885,0.007769239462086111,0.0073138653787820215,0.007248811938310009,0.008196733499473625,0.007899346343030137,0.007899346343030137,0.00805733326989074,0.00924688189566469,0.011337885339407962,0.01117989841254736
28033,0.0004739607805818083,0.0004739607805818083,0.0005111341751372442,0.0005390142210538212,0.0005854809642481161,0.0006319477074424111,0.0018493763791329382,0.0006970011479144239,0.0008735747720527446,0.001198841974412809,0.0016449227090780405,0.001886549773688374,0.0022861637651593104,0.0028530580321297085,0.0033177254640726576,0.004209886933403121,0.005083461705455865,0.004776781200373518,0.004711727759901506,0.004628087622151775,0.004916181429956403,0.004665261016707211,0.004395753906180301,0.004163420190208826,0.0039775532174316465,0.0038381529878487607,0.0040704867038202355,0.004237766979319697,0.0039775532174316465,0.0048511279894843905,0.004888301384039826,0.004405047254819159,0.004535154135763185,0.0060499699638971996,0.0075833724893089325,0.0059942098720640455,0.007193051846476855,0.008215320196751343,0.01117989841254736,0.011384352082602257,0.010334203686411192,0.011598099101296014,0.008810094509638319,0.008131680059001613,0.00742538556244833,0.006849197946839073,0.0070722383141716885,0.007769239462086111,0.0073138653787820215,0.007248811938310009,0.008196733499473625,0.007899346343030137,0.007899346343030137,0.00805733326989074,0.00924688189566469,0.011337885339407962,0.01117989841254736
28035,0.0004739607805818083,0.0004739607805818083,0.0005111341751372442,0.0005390142210538212,0.0005854809642481161,0.0006319477074424111,0.0018493763791329382,0.0006970011479144239,0.0008735747720527446,0.001198841974412809,0.0016449227090780405,0.001886549773688374,0.0022861637651593104,0.0028530580321297085,0.0033177254640726576,0.004209886933403121,0.005083461705455865,0.004776781200373518,0.004711727759901506,0.004628087622151775,0.004916181429956403,0.004665261016707211,0.004395753906180301,0.004163420190208826,0.0039775532174316465,0.0038381529878487607,0.0040704867038202355,0.004237766979319697,0.0039775532174316465,0.0048511279894843905,0.004888301384039826,0.004405047254819159,0.004535154135763185,0.0060499699638971996,0.0075833724893089325,0.0059942098720640455,0.007193051846476855,0.008215320196751343,0.01117989841254736,0.011384352082602257,0.010334203686411192,0.011598099101296014,0.008810094509638319,0.008131680059001613,0.00742538556244833,0.006849197946839073,0.0070722383141716885,0.007769239462086111,0.0073138653787820215,0.007248811938310009,0.008196733499473625,0.007899346343030137,0.007899346343030137,0.00805733326989074,0.00924688189566469,0.011337885339407962,0.01117989841254736
28037,0.0004739607805818083,0.0004739607805818083,0.0005111341751372442,0.0005390142210538212,0.0005854809642481161,0.0006319477074424111,0.0018493763791329382,0.0006970011479144239,0.0008735747720527446,0.001198841974412809,0.0016449227090780405,0.001886549773688374,0.0022861637651593104,0.0028530580321297085,0.0033177254640726576,0.004209886933403121,0.005083461705455865,0.004776781200373518,0.004711727759901506,0.004628087622151775,0.004916181429956403,0.004665261016707211,0.004395753906180301,0.004163420190208826,0.0039775532174316465,0.0038381529878487607,0.0040704867038202355,0.004237766979319697,0.0039775532174316465,0.0048511279894843905,0.004888301384039826,0.004405047254819159,0.004535154135763185,0.0060499699638971996,0.0075833724893089325,0.0059942098720640455,0.007193051846476855,0.008215320196751343,0.01117989841254736,0.011384352082602257,0.010334203686411192,0.011598099101296014,0.008810094509638319,0.008131680059001613,0.00742538556244833,0.006849197946839073,0.0070722383141716885,0.007769239462086111,0.0073138653787820215,0.007248811938310009,0.008196733499473625,0.007899346343030137,0.007899346343030137,0.00805733326989074,0.00924688189566469,0.011337885339407962,0.01117989841254736
28039,0.0004739607805818083,0.0004739607805818083,0.0005111341751372442,0.0005390142210538212,0.0005854809642481161,0.0006319477074424111,0.0018493763791329382,0.0006970011479144239,0.0008735747720527446,0.001198841974412809,0.0016449227090780405,0.001886549773688374,0.0022861637651593104,0.0028530580321297085,0.0033177254640726576,0.004209886933403121,0.005083461705455865,0.004776781200373518,0.004711727759901506,0.004628087622151775,0.004916181429956403,0.004665261016707211,0.004395753906180301,0.004163420190208826,0.0039775532174316465,0.0038381529878487607,0.0040704867038202355,0.004237766979319697,0.0039775532174316465,0.0048511279894843905,0.004888301384039826,0.004405047254819159,0.004535154135763185,0.0060499699638971996,0.0075833724893089325,0.0059942098720640455,0.007193051846476855,0.008215320196751343,0.01117989841254736,0.011384352082602257,0.010334203686411192,0.011598099101296014,0.008810094509638319,0.008131680059001613,0.00742538556244833,0.006849197946839073,0.0070722383141716885,0.007769239462086111,0.0073138653787820215,0.007248811938310009,0.008196733499473625,0.007899346343030137,0.007899346343030137,0.00805733326989074,0.00924688189566469,0.011337885339407962,0.01117989841254736
28041,0.0004739607805818083,0.0004739607805818083,0.0005111341751372442,0.0005390142210538212,0.0005854809642481161,0.0006319477074424111,0.0018493763791329382,0.0006970011479144239,0.0008735747720527446,0.001198841974412809,0.0016449227090780405,0.001886549773688374,0.0022861637651593104,0.0028530580321297085,0.0033177254640726576,0.004209886933403121,0.005083461705455865,0.004776781200373518,0.004711727759901506,0.004628087622151775,0.004916181429956403,0.004665261016707211,0.004395753906180301,0.004163420190208826,0.0039775532174316465,0.0038381529878487607,0.0040704867038202355,0.004237766979319697,0.0039775532174316465,0.0048511279894843905,0.004888301384039826,0.004405047254819159,0.004535154135763185,0.0060499699638971996,0.0075833724893089325,0.0059942098720640455,0.007193051846476855,0.008215320196751343,0.01117989841254736,0.011384352082602257,0.010334203686411192,0.011598099101296014,0.008810094509638319,0.008131680059001613,0.00742538556244833,0.006849197946839073,0.0070722383141716885,0.007769239462086111,0.0073138653787820215,0.007248811938310009,0.008196733499473625,0.007899346343030137,0.007899346343030137,0.00805733326989074,0.00924688189566469,0.011337885339407962,0.01117989841254736
28043,0.0004739607805818083,0.0004739607805818083,0.0005111341751372442,0.0005390142210538212,0.0005854809642481161,0.0006319477074424111,0.0018493763791329382,0.0006970011479144239,0.0008735747720527446,0.001198841974412809,0.0016449227090780405,0.001886549773688374,0.0022861637651593104,0.0028530580321297085,0.0033177254640726576,0.004209886933403121,0.005083461705455865,0.004776781200373518,0.004711727759901506,0.004628087622151775,0.004916181429956403,0.004665261016707211,0.004395753906180301,0.004163420190208826,0.0039775532174316465,0.0038381529878487607,0.0040704867038202355,0.004237766979319697,0.0039775532174316465,0.0048511279894843905,0.004888301384039826,0.004405047254819159,0.004535154135763185,0.0060499699638971996,0.0075833724893089325,0.0059942098720640455,0.007193051846476855,0.008215320196751343,0.01117989841254736,0.011384352082602257,0.010334203686411192,0.011598099101296014,0.008810094509638319,0.008131680059001613,0.00742538556244833,0.006849197946839073,0.0070722383141716885,0.007769239462086111,0.0073138653787820215,0.007248811938310009,0.008196733499473625,0.007899346343030137,0.007899346343030137,0.00805733326989074,0.00924688189566469,0.011337885339407962,0.01117989841254736
28045,0.0004739607805818083,0.0004739607805818083,0.0005111341751372442,0.0005390142210538212,0.0005854809642481161,0.0006319477074424111,0.0018493763791329382,0.0006970011479144239,0.0008735747720527446,0.001198841974412809,0.0016449227090780405,0.001886549773688374,0.0022861637651593104,0.0028530580321297085,0.0033177254640726576,0.004209886933403121,0.005083461705455865,0.004776781200373518,0.004711727759901506,0.004628087622151775,0.004916181429956403,0.004665261016707211,0.004395753906180301,0.004163420190208826,0.0039775532174316465,0.0038381529878487607,0.0040704867038202355,0.004237766979319697,0.0039775532174316465,0.0048511279894843905,0.004888301384039826,0.004405047254819159,0.004535154135763185,0.0060499699638971996,0.0075833724893089325,0.0059942098720640455,0.007193051846476855,0.008215320196751343,0.01117989841254736,0.011384352082602257,0.010334203686411192,0.011598099101296014,0.008810094509638319,0.008131680059001613,0.00742538556244833,0.006849197946839073,0.0070722383141716885,0.007769239462086111,0.0073138653787820215,0.007248811938310009,0.008196733499473625,0.007899346343030137,0.007899346343030137,0.00805733326989074,0.00924688189566469,0.011337885339407962,0.01117989841254736
28047,0.0004739607805818083,0.0004739607805818083,0.0005111341751372442,0.0005390142210538212,0.0005854809642481161,0.0006319477074424111,0.0018493763791329382,0.0006970011479144239,0.0008735747720527446,0.001198841974412809,0.0016449227090780405,0.001886549773688374,0.0022861637651593104,0.0028530580321297085,0.0033177254640726576,0.004209886933403121,0.005083461705455865,0.004776781200373518,0.004711727759901506,0.004628087622151775,0.004916181429956403,0.004665261016707211,0.004395753906180301,0.004163420190208826,0.0039775532174316465,0.0038381529878487607,0.0040704867038202355,0.004237766979319697,0.0039775532174316465,0.0048511279894843905,0.004888301384039826,0.004405047254819159,0.004535154135763185,0.0060499699638971996,0.0075833724893089325,0.0059942098720640455,0.007193051846476855,0.008215320196751343,0.01117989841254736,0.011384352082602257,0.010334203686411192,0.011598099101296014,0.008810094509638319,0.008131680059001613,0.00742538556244833,0.006849197946839073,0.0070722383141716885,0.007769239462086111,0.0073138653787820215,0.007248811938310009,0.008196733499473625,0.007899346343030137,0.007899346343030137,0.00805733326989074,0.00924688189566469,0.011337885339407962,0.01117989841254736
28049,0.0004739607805818083,0.0004739607805818083,0.0005111341751372442,0.0005390142210538212,0.0005854809642481161,0.0006319477074424111,0.0018493763791329382,0.0006970011479144239,0.0008735747720527446,0.001198841974412809,0.0016449227090780405,0.001886549773688374,0.0022861637651593104,0.0028530580321297085,0.0033177254640726576,0.004209886933403121,0.005083461705455865,0.004776781200373518,0.004711727759901506,0.004628087622151775,0.004916181429956403,0.004665261016707211,0.004395753906180301,0.004163420190208826,0.0039775532174316465,0.0038381529878487607,0.0040704867038202355,0.004237766979319697,0.0039775532174316465,0.0048511279894843905,0.004888301384039826,0.004405047254819159,0.004535154135763185,0.0060499699638971996,0.0075833724893089325,0.0059942098720640455,0.007193051846476855,0.008215320196751343,0.01117989841254736,0.011384352082602257,0.010334203686411192,0.011598099101296014,0.008810094509638319,0.008131680059001613,0.00742538556244833,0.006849197946839073,0.0070722383141716885,0.007769239462086111,0.0073138653787820215,0.007248811938310009,0.008196733499473625,0.007899346343030137,0.007899346343030137,0.00805733326989074,0.00924688189566469,0.011337885339407962,0.01117989841254736
28051,0.0004739607805818083,0.0004739607805818083,0.0005111341751372442,0.0005390142210538212,0.0005854809642481161,0.0006319477074424111,0.0018493763791329382,0.0006970011479144239,0.0008735747720527446,0.001198841974412809,0.0016449227090780405,0.001886549773688374,0.0022861637651593104,0.0028530580321297085,0.0033177254640726576,0.004209886933403121,0.005083461705455865,0.004776781200373518,0.004711727759901506,0.004628087622151775,0.004916181429956403,0.004665261016707211,0.004395753906180301,0.004163420190208826,0.0039775532174316465,0.0038381529878487607,0.0040704867038202355,0.004237766979319697,0.0039775532174316465,0.0048511279894843905,0.004888301384039826,0.004405047254819159,0.004535154135763185,0.0060499699638971996,0.0075833724893089325,0.0059942098720640455,0.007193051846476855,0.008215320196751343,0.01117989841254736,0.011384352082602257,0.010334203686411192,0.011598099101296014,0.008810094509638319,0.008131680059001613,0.00742538556244833,0.006849197946839073,0.0070722383141716885,0.007769239462086111,0.0073138653787820215,0.007248811938310009,0.008196733499473625,0.007899346343030137,0.007899346343030137,0.00805733326989074,0.00924688189566469,0.011337885339407962,0.01117989841254736
28053,0.0004739607805818083,0.0004739607805818083,0.0005111341751372442,0.0005390142210538212,0.0005854809642481161,0.0006319477074424111,0.0018493763791329382,0.0006970011479144239,0.0008735747720527446,0.001198841974412809,0.0016449227090780405,0.001886549773688374,0.0022861637651593104,0.0028530580321297085,0.0033177254640726576,0.004209886933403121,0.005083461705455865,0.004776781200373518,0.004711727759901506,0.004628087622151775,0.004916181429956403,0.004665261016707211,0.004395753906180301,0.004163420190208826,0.0039775532174316465,0.0038381529878487607,0.0040704867038202355,0.004237766979319697,0.0039775532174316465,0.0048511279894843905,0.004888301384039826,0.004405047254819159,0.004535154135763185,0.0060499699638971996,0.0075833724893089325,0.0059942098720640455,0.007193051846476855,0.008215320196751343,0.01117989841254736,0.011384352082602257,0.010334203686411192,0.011598099101296014,0.008810094509638319,0.008131680059001613,0.00742538556244833,0.006849197946839073,0.0070722383141716885,0.007769239462086111,0.0073138653787820215,0.007248811938310009,0.008196733499473625,0.007899346343030137,0.007899346343030137,0.00805733326989074,0.00924688189566469,0.011337885339407962,0.01117989841254736
28055,0.0004739607805818083,0.0004739607805818083,0.0005111341751372442,0.0005390142210538212,0.0005854809642481161,0.0006319477074424111,0.0018493763791329382,0.0006970011479144239,0.0008735747720527446,0.001198841974412809,0.0016449227090780405,0.001886549773688374,0.0022861637651593104,0.0028530580321297085,0.0033177254640726576,0.004209886933403121,0.005083461705455865,0.004776781200373518,0.004711727759901506,0.004628087622151775,0.004916181429956403,0.004665261016707211,0.004395753906180301,0.004163420190208826,0.0039775532174316465,0.0038381529878487607,0.0040704867038202355,0.004237766979319697,0.0039775532174316465,0.0048511279894843905,0.004888301384039826,0.004405047254819159,0.004535154135763185,0.0060499699638971996,0.0075833724893089325,0.0059942098720640455,0.007193051846476855,0.008215320196751343,0.01117989841254736,0.011384352082602257,0.010334203686411192,0.011598099101296014,0.008810094509638319,0.008131680059001613,0.00742538556244833,0.006849197946839073,0.0070722383141716885,0.007769239462086111,0.0073138653787820215,0.007248811938310009,0.008196733499473625,0.007899346343030137,0.007899346343030137,0.00805733326989074,0.00924688189566469,0.011337885339407962,0.01117989841254736
28057,0.0004739607805818083,0.0004739607805818083,0.0005111341751372442,0.0005390142210538212,0.0005854809642481161,0.0006319477074424111,0.0018493763791329382,0.0006970011479144239,0.0008735747720527446,0.001198841974412809,0.0016449227090780405,0.001886549773688374,0.0022861637651593104,0.0028530580321297085,0.0033177254640726576,0.004209886933403121,0.005083461705455865,0.004776781200373518,0.004711727759901506,0.004628087622151775,0.004916181429956403,0.004665261016707211,0.004395753906180301,0.004163420190208826,0.0039775532174316465,0.0038381529878487607,0.0040704867038202355,0.004237766979319697,0.0039775532174316465,0.0048511279894843905,0.004888301384039826,0.004405047254819159,0.004535154135763185,0.0060499699638971996,0.0075833724893089325,0.0059942098720640455,0.007193051846476855,0.008215320196751343,0.01117989841254736,0.011384352082602257,0.010334203686411192,0.011598099101296014,0.008810094509638319,0.008131680059001613,0.00742538556244833,0.006849197946839073,0.0070722383141716885,0.007769239462086111,0.0073138653787820215,0.007248811938310009,0.008196733499473625,0.007899346343030137,0.007899346343030137,0.00805733326989074,0.00924688189566469,0.011337885339407962,0.01117989841254736
28059,0.0004739607805818083,0.0004739607805818083,0.0005111341751372442,0.0005390142210538212,0.0005854809642481161,0.0006319477074424111,0.0018493763791329382,0.0006970011479144239,0.0008735747720527446,0.001198841974412809,0.0016449227090780405,0.001886549773688374,0.0022861637651593104,0.0028530580321297085,0.0033177254640726576,0.004209886933403121,0.005083461705455865,0.004776781200373518,0.004711727759901506,0.004628087622151775,0.004916181429956403,0.004665261016707211,0.004395753906180301,0.004163420190208826,0.0039775532174316465,0.0038381529878487607,0.0040704867038202355,0.004237766979319697,0.0039775532174316465,0.0048511279894843905,0.004888301384039826,0.004405047254819159,0.004535154135763185,0.0060499699638971996,0.0075833724893089325,0.0059942098720640455,0.007193051846476855,0.008215320196751343,0.01117989841254736,0.011384352082602257,0.010334203686411192,0.011598099101296014,0.008810094509638319,0.008131680059001613,0.00742538556244833,0.006849197946839073,0.0070722383141716885,0.007769239462086111,0.0073138653787820215,0.007248811938310009,0.008196733499473625,0.007899346343030137,0.007899346343030137,0.00805733326989074,0.00924688189566469,0.011337885339407962,0.01117989841254736
28061,0.0004739607805818083,0.0004739607805818083,0.0005111341751372442,0.0005390142210538212,0.0005854809642481161,0.0006319477074424111,0.0018493763791329382,0.0006970011479144239,0.0008735747720527446,0.001198841974412809,0.0016449227090780405,0.001886549773688374,0.0022861637651593104,0.0028530580321297085,0.0033177254640726576,0.004209886933403121,0.005083461705455865,0.004776781200373518,0.004711727759901506,0.004628087622151775,0.004916181429956403,0.004665261016707211,0.004395753906180301,0.004163420190208826,0.0039775532174316465,0.0038381529878487607,0.0040704867038202355,0.004237766979319697,0.0039775532174316465,0.0048511279894843905,0.004888301384039826,0.004405047254819159,0.004535154135763185,0.0060499699638971996,0.0075833724893089325,0.0059942098720640455,0.007193051846476855,0.008215320196751343,0.01117989841254736,0.011384352082602257,0.010334203686411192,0.011598099101296014,0.008810094509638319,0.008131680059001613,0.00742538556244833,0.006849197946839073,0.0070722383141716885,0.007769239462086111,0.0073138653787820215,0.007248811938310009,0.008196733499473625,0.007899346343030137,0.007899346343030137,0.00805733326989074,0.00924688189566469,0.011337885339407962,0.01117989841254736
28063,0.0004739607805818083,0.0004739607805818083,0.0005111341751372442,0.0005390142210538212,0.0005854809642481161,0.0006319477074424111,0.0018493763791329382,0.0006970011479144239,0.0008735747720527446,0.001198841974412809,0.0016449227090780405,0.001886549773688374,0.0022861637651593104,0.0028530580321297085,0.0033177254640726576,0.004209886933403121,0.005083461705455865,0.004776781200373518,0.004711727759901506,0.004628087622151775,0.004916181429956403,0.004665261016707211,0.004395753906180301,0.004163420190208826,0.0039775532174316465,0.0038381529878487607,0.0040704867038202355,0.004237766979319697,0.0039775532174316465,0.0048511279894843905,0.004888301384039826,0.004405047254819159,0.004535154135763185,0.0060499699638971996,0.0075833724893089325,0.0059942098720640455,0.007193051846476855,0.008215320196751343,0.01117989841254736,0.011384352082602257,0.010334203686411192,0.011598099101296014,0.008810094509638319,0.008131680059001613,0.00742538556244833,0.006849197946839073,0.0070722383141716885,0.007769239462086111,0.0073138653787820215,0.007248811938310009,0.008196733499473625,0.007899346343030137,0.007899346343030137,0.00805733326989074,0.00924688189566469,0.011337885339407962,0.01117989841254736
28065,0.0004739607805818083,0.0004739607805818083,0.0005111341751372442,0.0005390142210538212,0.0005854809642481161,0.0006319477074424111,0.0018493763791329382,0.0006970011479144239,0.0008735747720527446,0.001198841974412809,0.0016449227090780405,0.001886549773688374,0.0022861637651593104,0.0028530580321297085,0.0033177254640726576,0.004209886933403121,0.005083461705455865,0.004776781200373518,0.004711727759901506,0.004628087622151775,0.004916181429956403,0.004665261016707211,0.004395753906180301,0.004163420190208826,0.0039775532174316465,0.0038381529878487607,0.0040704867038202355,0.004237766979319697,0.0039775532174316465,0.0048511279894843905,0.004888301384039826,0.004405047254819159,0.004535154135763185,0.0060499699638971996,0.0075833724893089325,0.0059942098720640455,0.007193051846476855,0.008215320196751343,0.01117989841254736,0.011384352082602257,0.010334203686411192,0.011598099101296014,0.008810094509638319,0.008131680059001613,0.00742538556244833,0.006849197946839073,0.0070722383141716885,0.007769239462086111,0.0073138653787820215,0.007248811938310009,0.008196733499473625,0.007899346343030137,0.007899346343030137,0.00805733326989074,0.00924688189566469,0.011337885339407962,0.01117989841254736
28067,0.0004739607805818083,0.0004739607805818083,0.0005111341751372442,0.0005390142210538212,0.0005854809642481161,0.0006319477074424111,0.0018493763791329382,0.0006970011479144239,0.0008735747720527446,0.001198841974412809,0.0016449227090780405,0.001886549773688374,0.0022861637651593104,0.0028530580321297085,0.0033177254640726576,0.004209886933403121,0.005083461705455865,0.004776781200373518,0.004711727759901506,0.004628087622151775,0.004916181429956403,0.004665261016707211,0.004395753906180301,0.004163420190208826,0.0039775532174316465,0.0038381529878487607,0.0040704867038202355,0.004237766979319697,0.0039775532174316465,0.0048511279894843905,0.004888301384039826,0.004405047254819159,0.004535154135763185,0.0060499699638971996,0.0075833724893089325,0.0059942098720640455,0.007193051846476855,0.008215320196751343,0.01117989841254736,0.011384352082602257,0.010334203686411192,0.011598099101296014,0.008810094509638319,0.008131680059001613,0.00742538556244833,0.006849197946839073,0.0070722383141716885,0.007769239462086111,0.0073138653787820215,0.007248811938310009,0.008196733499473625,0.007899346343030137,0.007899346343030137,0.00805733326989074,0.00924688189566469,0.011337885339407962,0.01117989841254736
28069,0.0004739607805818083,0.0004739607805818083,0.0005111341751372442,0.0005390142210538212,0.0005854809642481161,0.0006319477074424111,0.0018493763791329382,0.0006970011479144239,0.0008735747720527446,0.001198841974412809,0.0016449227090780405,0.001886549773688374,0.0022861637651593104,0.0028530580321297085,0.0033177254640726576,0.004209886933403121,0.005083461705455865,0.004776781200373518,0.004711727759901506,0.004628087622151775,0.004916181429956403,0.004665261016707211,0.004395753906180301,0.004163420190208826,0.0039775532174316465,0.0038381529878487607,0.0040704867038202355,0.004237766979319697,0.0039775532174316465,0.0048511279894843905,0.004888301384039826,0.004405047254819159,0.004535154135763185,0.0060499699638971996,0.0075833724893089325,0.0059942098720640455,0.007193051846476855,0.008215320196751343,0.01117989841254736,0.011384352082602257,0.010334203686411192,0.011598099101296014,0.008810094509638319,0.008131680059001613,0.00742538556244833,0.006849197946839073,0.0070722383141716885,0.007769239462086111,0.0073138653787820215,0.007248811938310009,0.008196733499473625,0.007899346343030137,0.007899346343030137,0.00805733326989074,0.00924688189566469,0.011337885339407962,0.01117989841254736
28071,0.0004739607805818083,0.0004739607805818083,0.0005111341751372442,0.0005390142210538212,0.0005854809642481161,0.0006319477074424111,0.0018493763791329382,0.0006970011479144239,0.0008735747720527446,0.001198841974412809,0.0016449227090780405,0.001886549773688374,0.0022861637651593104,0.0028530580321297085,0.0033177254640726576,0.004209886933403121,0.005083461705455865,0.004776781200373518,0.004711727759901506,0.004628087622151775,0.004916181429956403,0.004665261016707211,0.004395753906180301,0.004163420190208826,0.0039775532174316465,0.0038381529878487607,0.0040704867038202355,0.004237766979319697,0.0039775532174316465,0.0048511279894843905,0.004888301384039826,0.004405047254819159,0.004535154135763185,0.0060499699638971996,0.0075833724893089325,0.0059942098720640455,0.007193051846476855,0.008215320196751343,0.01117989841254736,0.011384352082602257,0.010334203686411192,0.011598099101296014,0.008810094509638319,0.008131680059001613,0.00742538556244833,0.006849197946839073,0.0070722383141716885,0.007769239462086111,0.0073138653787820215,0.007248811938310009,0.008196733499473625,0.007899346343030137,0.007899346343030137,0.00805733326989074,0.00924688189566469,0.011337885339407962,0.01117989841254736
28073,0.0004739607805818083,0.0004739607805818083,0.0005111341751372442,0.0005390142210538212,0.0005854809642481161,0.0006319477074424111,0.0018493763791329382,0.0006970011479144239,0.0008735747720527446,0.001198841974412809,0.0016449227090780405,0.001886549773688374,0.0022861637651593104,0.0028530580321297085,0.0033177254640726576,0.004209886933403121,0.005083461705455865,0.004776781200373518,0.004711727759901506,0.004628087622151775,0.004916181429956403,0.004665261016707211,0.004395753906180301,0.004163420190208826,0.0039775532174316465,0.0038381529878487607,0.0040704867038202355,0.004237766979319697,0.0039775532174316465,0.0048511279894843905,0.004888301384039826,0.004405047254819159,0.004535154135763185,0.0060499699638971996,0.0075833724893089325,0.0059942098720640455,0.007193051846476855,0.008215320196751343,0.01117989841254736,0.011384352082602257,0.010334203686411192,0.011598099101296014,0.008810094509638319,0.008131680059001613,0.00742538556244833,0.006849197946839073,0.0070722383141716885,0.007769239462086111,0.0073138653787820215,0.007248811938310009,0.008196733499473625,0.007899346343030137,0.007899346343030137,0.00805733326989074,0.00924688189566469,0.011337885339407962,0.01117989841254736
28075,0.0004739607805818083,0.0004739607805818083,0.0005111341751372442,0.0005390142210538212,0.0005854809642481161,0.0006319477074424111,0.0018493763791329382,0.0006970011479144239,0.0008735747720527446,0.001198841974412809,0.0016449227090780405,0.001886549773688374,0.0022861637651593104,0.0028530580321297085,0.0033177254640726576,0.004209886933403121,0.005083461705455865,0.004776781200373518,0.004711727759901506,0.004628087622151775,0.004916181429956403,0.004665261016707211,0.004395753906180301,0.004163420190208826,0.0039775532174316465,0.0038381529878487607,0.0040704867038202355,0.004237766979319697,0.0039775532174316465,0.0048511279894843905,0.004888301384039826,0.004405047254819159,0.004535154135763185,0.0060499699638971996,0.0075833724893089325,0.0059942098720640455,0.007193051846476855,0.008215320196751343,0.01117989841254736,0.011384352082602257,0.010334203686411192,0.011598099101296014,0.008810094509638319,0.008131680059001613,0.00742538556244833,0.006849197946839073,0.0070722383141716885,0.007769239462086111,0.0073138653787820215,0.007248811938310009,0.008196733499473625,0.007899346343030137,0.007899346343030137,0.00805733326989074,0.00924688189566469,0.011337885339407962,0.01117989841254736
28077,0.0004739607805818083,0.0004739607805818083,0.0005111341751372442,0.0005390142210538212,0.0005854809642481161,0.0006319477074424111,0.0018493763791329382,0.0006970011479144239,0.0008735747720527446,0.001198841974412809,0.0016449227090780405,0.001886549773688374,0.0022861637651593104,0.0028530580321297085,0.0033177254640726576,0.004209886933403121,0.005083461705455865,0.004776781200373518,0.004711727759901506,0.004628087622151775,0.004916181429956403,0.004665261016707211,0.004395753906180301,0.004163420190208826,0.0039775532174316465,0.0038381529878487607,0.0040704867038202355,0.004237766979319697,0.0039775532174316465,0.0048511279894843905,0.004888301384039826,0.004405047254819159,0.004535154135763185,0.0060499699638971996,0.0075833724893089325,0.0059942098720640455,0.007193051846476855,0.008215320196751343,0.01117989841254736,0.011384352082602257,0.010334203686411192,0.011598099101296014,0.008810094509638319,0.008131680059001613,0.00742538556244833,0.006849197946839073,0.0070722383141716885,0.007769239462086111,0.0073138653787820215,0.007248811938310009,0.008196733499473625,0.007899346343030137,0.007899346343030137,0.00805733326989074,0.00924688189566469,0.011337885339407962,0.01117989841254736
28079,0.0004739607805818083,0.0004739607805818083,0.0005111341751372442,0.0005390142210538212,0.0005854809642481161,0.0006319477074424111,0.0018493763791329382,0.0006970011479144239,0.0008735747720527446,0.001198841974412809,0.0016449227090780405,0.001886549773688374,0.0022861637651593104,0.0028530580321297085,0.0033177254640726576,0.004209886933403121,0.005083461705455865,0.004776781200373518,0.004711727759901506,0.004628087622151775,0.004916181429956403,0.004665261016707211,0.004395753906180301,0.004163420190208826,0.0039775532174316465,0.0038381529878487607,0.0040704867038202355,0.004237766979319697,0.0039775532174316465,0.0048511279894843905,0.004888301384039826,0.004405047254819159,0.004535154135763185,0.0060499699638971996,0.0075833724893089325,0.0059942098720640455,0.007193051846476855,0.008215320196751343,0.01117989841254736,0.011384352082602257,0.010334203686411192,0.011598099101296014,0.008810094509638319,0.008131680059001613,0.00742538556244833,0.006849197946839073,0.0070722383141716885,0.007769239462086111,0.0073138653787820215,0.007248811938310009,0.008196733499473625,0.007899346343030137,0.007899346343030137,0.00805733326989074,0.00924688189566469,0.011337885339407962,0.01117989841254736
28081,0.0004739607805818083,0.0004739607805818083,0.0005111341751372442,0.0005390142210538212,0.0005854809642481161,0.0006319477074424111,0.0018493763791329382,0.0006970011479144239,0.0008735747720527446,0.001198841974412809,0.0016449227090780405,0.001886549773688374,0.0022861637651593104,0.0028530580321297085,0.0033177254640726576,0.004209886933403121,0.005083461705455865,0.004776781200373518,0.004711727759901506,0.004628087622151775,0.004916181429956403,0.004665261016707211,0.004395753906180301,0.004163420190208826,0.0039775532174316465,0.0038381529878487607,0.0040704867038202355,0.004237766979319697,0.0039775532174316465,0.0048511279894843905,0.004888301384039826,0.004405047254819159,0.004535154135763185,0.0060499699638971996,0.0075833724893089325,0.0059942098720640455,0.007193051846476855,0.008215320196751343,0.01117989841254736,0.011384352082602257,0.010334203686411192,0.011598099101296014,0.008810094509638319,0.008131680059001613,0.00742538556244833,0.006849197946839073,0.0070722383141716885,0.007769239462086111,0.0073138653787820215,0.007248811938310009,0.008196733499473625,0.007899346343030137,0.007899346343030137,0.00805733326989074,0.00924688189566469,0.011337885339407962,0.01117989841254736
28083,0.0004739607805818083,0.0004739607805818083,0.0005111341751372442,0.0005390142210538212,0.0005854809642481161,0.0006319477074424111,0.0018493763791329382,0.0006970011479144239,0.0008735747720527446,0.001198841974412809,0.0016449227090780405,0.001886549773688374,0.0022861637651593104,0.0028530580321297085,0.0033177254640726576,0.004209886933403121,0.005083461705455865,0.004776781200373518,0.004711727759901506,0.004628087622151775,0.004916181429956403,0.004665261016707211,0.004395753906180301,0.004163420190208826,0.0039775532174316465,0.0038381529878487607,0.0040704867038202355,0.004237766979319697,0.0039775532174316465,0.0048511279894843905,0.004888301384039826,0.004405047254819159,0.004535154135763185,0.0060499699638971996,0.0075833724893089325,0.0059942098720640455,0.007193051846476855,0.008215320196751343,0.01117989841254736,0.011384352082602257,0.010334203686411192,0.011598099101296014,0.008810094509638319,0.008131680059001613,0.00742538556244833,0.006849197946839073,0.0070722383141716885,0.007769239462086111,0.0073138653787820215,0.007248811938310009,0.008196733499473625,0.007899346343030137,0.007899346343030137,0.00805733326989074,0.00924688189566469,0.011337885339407962,0.01117989841254736
28085,0.0004739607805818083,0.0004739607805818083,0.0005111341751372442,0.0005390142210538212,0.0005854809642481161,0.0006319477074424111,0.0018493763791329382,0.0006970011479144239,0.0008735747720527446,0.001198841974412809,0.0016449227090780405,0.001886549773688374,0.0022861637651593104,0.0028530580321297085,0.0033177254640726576,0.004209886933403121,0.005083461705455865,0.004776781200373518,0.004711727759901506,0.004628087622151775,0.004916181429956403,0.004665261016707211,0.004395753906180301,0.004163420190208826,0.0039775532174316465,0.0038381529878487607,0.0040704867038202355,0.004237766979319697,0.0039775532174316465,0.0048511279894843905,0.004888301384039826,0.004405047254819159,0.004535154135763185,0.0060499699638971996,0.0075833724893089325,0.0059942098720640455,0.007193051846476855,0.008215320196751343,0.01117989841254736,0.011384352082602257,0.010334203686411192,0.011598099101296014,0.008810094509638319,0.008131680059001613,0.00742538556244833,0.006849197946839073,0.0070722383141716885,0.007769239462086111,0.0073138653787820215,0.007248811938310009,0.008196733499473625,0.007899346343030137,0.007899346343030137,0.00805733326989074,0.00924688189566469,0.011337885339407962,0.01117989841254736
28087,0.0004739607805818083,0.0004739607805818083,0.0005111341751372442,0.0005390142210538212,0.0005854809642481161,0.0006319477074424111,0.0018493763791329382,0.0006970011479144239,0.0008735747720527446,0.001198841974412809,0.0016449227090780405,0.001886549773688374,0.0022861637651593104,0.0028530580321297085,0.0033177254640726576,0.004209886933403121,0.005083461705455865,0.004776781200373518,0.004711727759901506,0.004628087622151775,0.004916181429956403,0.004665261016707211,0.004395753906180301,0.004163420190208826,0.0039775532174316465,0.0038381529878487607,0.0040704867038202355,0.004237766979319697,0.0039775532174316465,0.0048511279894843905,0.004888301384039826,0.004405047254819159,0.004535154135763185,0.0060499699638971996,0.0075833724893089325,0.0059942098720640455,0.007193051846476855,0.008215320196751343,0.01117989841254736,0.011384352082602257,0.010334203686411192,0.011598099101296014,0.008810094509638319,0.008131680059001613,0.00742538556244833,0.006849197946839073,0.0070722383141716885,0.007769239462086111,0.0073138653787820215,0.007248811938310009,0.008196733499473625,0.007899346343030137,0.007899346343030137,0.00805733326989074,0.00924688189566469,0.011337885339407962,0.01117989841254736
28089,0.0004739607805818083,0.0004739607805818083,0.0005111341751372442,0.0005390142210538212,0.0005854809642481161,0.0006319477074424111,0.0018493763791329382,0.0006970011479144239,0.0008735747720527446,0.001198841974412809,0.0016449227090780405,0.001886549773688374,0.0022861637651593104,0.0028530580321297085,0.0033177254640726576,0.004209886933403121,0.005083461705455865,0.004776781200373518,0.004711727759901506,0.004628087622151775,0.004916181429956403,0.004665261016707211,0.004395753906180301,0.004163420190208826,0.0039775532174316465,0.0038381529878487607,0.0040704867038202355,0.004237766979319697,0.0039775532174316465,0.0048511279894843905,0.004888301384039826,0.004405047254819159,0.004535154135763185,0.0060499699638971996,0.0075833724893089325,0.0059942098720640455,0.007193051846476855,0.008215320196751343,0.01117989841254736,0.011384352082602257,0.010334203686411192,0.011598099101296014,0.008810094509638319,0.008131680059001613,0.00742538556244833,0.006849197946839073,0.0070722383141716885,0.007769239462086111,0.0073138653787820215,0.007248811938310009,0.008196733499473625,0.007899346343030137,0.007899346343030137,0.00805733326989074,0.00924688189566469,0.011337885339407962,0.01117989841254736
28091,0.0004739607805818083,0.0004739607805818083,0.0005111341751372442,0.0005390142210538212,0.0005854809642481161,0.0006319477074424111,0.0018493763791329382,0.0006970011479144239,0.0008735747720527446,0.001198841974412809,0.0016449227090780405,0.001886549773688374,0.0022861637651593104,0.0028530580321297085,0.0033177254640726576,0.004209886933403121,0.005083461705455865,0.004776781200373518,0.004711727759901506,0.004628087622151775,0.004916181429956403,0.004665261016707211,0.004395753906180301,0.004163420190208826,0.0039775532174316465,0.0038381529878487607,0.0040704867038202355,0.004237766979319697,0.0039775532174316465,0.0048511279894843905,0.004888301384039826,0.004405047254819159,0.004535154135763185,0.0060499699638971996,0.0075833724893089325,0.0059942098720640455,0.007193051846476855,0.008215320196751343,0.01117989841254736,0.011384352082602257,0.010334203686411192,0.011598099101296014,0.008810094509638319,0.008131680059001613,0.00742538556244833,0.006849197946839073,0.0070722383141716885,0.007769239462086111,0.0073138653787820215,0.007248811938310009,0.008196733499473625,0.007899346343030137,0.007899346343030137,0.00805733326989074,0.00924688189566469,0.011337885339407962,0.01117989841254736
28093,0.0004739607805818083,0.0004739607805818083,0.0005111341751372442,0.0005390142210538212,0.0005854809642481161,0.0006319477074424111,0.0018493763791329382,0.0006970011479144239,0.0008735747720527446,0.001198841974412809,0.0016449227090780405,0.001886549773688374,0.0022861637651593104,0.0028530580321297085,0.0033177254640726576,0.004209886933403121,0.005083461705455865,0.004776781200373518,0.004711727759901506,0.004628087622151775,0.004916181429956403,0.004665261016707211,0.004395753906180301,0.004163420190208826,0.0039775532174316465,0.0038381529878487607,0.0040704867038202355,0.004237766979319697,0.0039775532174316465,0.0048511279894843905,0.004888301384039826,0.004405047254819159,0.004535154135763185,0.0060499699638971996,0.0075833724893089325,0.0059942098720640455,0.007193051846476855,0.008215320196751343,0.01117989841254736,0.011384352082602257,0.010334203686411192,0.011598099101296014,0.008810094509638319,0.008131680059001613,0.00742538556244833,0.006849197946839073,0.0070722383141716885,0.007769239462086111,0.0073138653787820215,0.007248811938310009,0.008196733499473625,0.007899346343030137,0.007899346343030137,0.00805733326989074,0.00924688189566469,0.011337885339407962,0.01117989841254736
28095,0.0004739607805818083,0.0004739607805818083,0.0005111341751372442,0.0005390142210538212,0.0005854809642481161,0.0006319477074424111,0.0018493763791329382,0.0006970011479144239,0.0008735747720527446,0.001198841974412809,0.0016449227090780405,0.001886549773688374,0.0022861637651593104,0.0028530580321297085,0.0033177254640726576,0.004209886933403121,0.005083461705455865,0.004776781200373518,0.004711727759901506,0.004628087622151775,0.004916181429956403,0.004665261016707211,0.004395753906180301,0.004163420190208826,0.0039775532174316465,0.0038381529878487607,0.0040704867038202355,0.004237766979319697,0.0039775532174316465,0.0048511279894843905,0.004888301384039826,0.004405047254819159,0.004535154135763185,0.0060499699638971996,0.0075833724893089325,0.0059942098720640455,0.007193051846476855,0.008215320196751343,0.01117989841254736,0.011384352082602257,0.010334203686411192,0.011598099101296014,0.008810094509638319,0.008131680059001613,0.00742538556244833,0.006849197946839073,0.0070722383141716885,0.007769239462086111,0.0073138653787820215,0.007248811938310009,0.008196733499473625,0.007899346343030137,0.007899346343030137,0.00805733326989074,0.00924688189566469,0.011337885339407962,0.01117989841254736
28097,0.0004739607805818083,0.0004739607805818083,0.0005111341751372442,0.0005390142210538212,0.0005854809642481161,0.0006319477074424111,0.0018493763791329382,0.0006970011479144239,0.0008735747720527446,0.001198841974412809,0.0016449227090780405,0.001886549773688374,0.0022861637651593104,0.0028530580321297085,0.0033177254640726576,0.004209886933403121,0.005083461705455865,0.004776781200373518,0.004711727759901506,0.004628087622151775,0.004916181429956403,0.004665261016707211,0.004395753906180301,0.004163420190208826,0.0039775532174316465,0.0038381529878487607,0.0040704867038202355,0.004237766979319697,0.0039775532174316465,0.0048511279894843905,0.004888301384039826,0.004405047254819159,0.004535154135763185,0.0060499699638971996,0.0075833724893089325,0.0059942098720640455,0.007193051846476855,0.008215320196751343,0.01117989841254736,0.011384352082602257,0.010334203686411192,0.011598099101296014,0.008810094509638319,0.008131680059001613,0.00742538556244833,0.006849197946839073,0.0070722383141716885,0.007769239462086111,0.0073138653787820215,0.007248811938310009,0.008196733499473625,0.007899346343030137,0.007899346343030137,0.00805733326989074,0.00924688189566469,0.011337885339407962,0.01117989841254736
28099,0.0004739607805818083,0.0004739607805818083,0.0005111341751372442,0.0005390142210538212,0.0005854809642481161,0.0006319477074424111,0.0018493763791329382,0.0006970011479144239,0.0008735747720527446,0.001198841974412809,0.0016449227090780405,0.001886549773688374,0.0022861637651593104,0.0028530580321297085,0.0033177254640726576,0.004209886933403121,0.005083461705455865,0.004776781200373518,0.004711727759901506,0.004628087622151775,0.004916181429956403,0.004665261016707211,0.004395753906180301,0.004163420190208826,0.0039775532174316465,0.0038381529878487607,0.0040704867038202355,0.004237766979319697,0.0039775532174316465,0.0048511279894843905,0.004888301384039826,0.004405047254819159,0.004535154135763185,0.0060499699638971996,0.0075833724893089325,0.0059942098720640455,0.007193051846476855,0.008215320196751343,0.01117989841254736,0.011384352082602257,0.010334203686411192,0.011598099101296014,0.008810094509638319,0.008131680059001613,0.00742538556244833,0.006849197946839073,0.0070722383141716885,0.007769239462086111,0.0073138653787820215,0.007248811938310009,0.008196733499473625,0.007899346343030137,0.007899346343030137,0.00805733326989074,0.00924688189566469,0.011337885339407962,0.01117989841254736
28101,0.0004739607805818083,0.0004739607805818083,0.0005111341751372442,0.0005390142210538212,0.0005854809642481161,0.0006319477074424111,0.0018493763791329382,0.0006970011479144239,0.0008735747720527446,0.001198841974412809,0.0016449227090780405,0.001886549773688374,0.0022861637651593104,0.0028530580321297085,0.0033177254640726576,0.004209886933403121,0.005083461705455865,0.004776781200373518,0.004711727759901506,0.004628087622151775,0.004916181429956403,0.004665261016707211,0.004395753906180301,0.004163420190208826,0.0039775532174316465,0.0038381529878487607,0.0040704867038202355,0.004237766979319697,0.0039775532174316465,0.0048511279894843905,0.004888301384039826,0.004405047254819159,0.004535154135763185,0.0060499699638971996,0.0075833724893089325,0.0059942098720640455,0.007193051846476855,0.008215320196751343,0.01117989841254736,0.011384352082602257,0.010334203686411192,0.011598099101296014,0.008810094509638319,0.008131680059001613,0.00742538556244833,0.006849197946839073,0.0070722383141716885,0.007769239462086111,0.0073138653787820215,0.007248811938310009,0.008196733499473625,0.007899346343030137,0.007899346343030137,0.00805733326989074,0.00924688189566469,0.011337885339407962,0.01117989841254736
28103,0.0004739607805818083,0.0004739607805818083,0.0005111341751372442,0.0005390142210538212,0.0005854809642481161,0.0006319477074424111,0.0018493763791329382,0.0006970011479144239,0.0008735747720527446,0.001198841974412809,0.0016449227090780405,0.001886549773688374,0.0022861637651593104,0.0028530580321297085,0.0033177254640726576,0.004209886933403121,0.005083461705455865,0.004776781200373518,0.004711727759901506,0.004628087622151775,0.004916181429956403,0.004665261016707211,0.004395753906180301,0.004163420190208826,0.0039775532174316465,0.0038381529878487607,0.0040704867038202355,0.004237766979319697,0.0039775532174316465,0.0048511279894843905,0.004888301384039826,0.004405047254819159,0.004535154135763185,0.0060499699638971996,0.0075833724893089325,0.0059942098720640455,0.007193051846476855,0.008215320196751343,0.01117989841254736,0.011384352082602257,0.010334203686411192,0.011598099101296014,0.008810094509638319,0.008131680059001613,0.00742538556244833,0.006849197946839073,0.0070722383141716885,0.007769239462086111,0.0073138653787820215,0.007248811938310009,0.008196733499473625,0.007899346343030137,0.007899346343030137,0.00805733326989074,0.00924688189566469,0.011337885339407962,0.01117989841254736
28105,0.0004739607805818083,0.0004739607805818083,0.0005111341751372442,0.0005390142210538212,0.0005854809642481161,0.0006319477074424111,0.0018493763791329382,0.0006970011479144239,0.0008735747720527446,0.001198841974412809,0.0016449227090780405,0.001886549773688374,0.0022861637651593104,0.0028530580321297085,0.0033177254640726576,0.004209886933403121,0.005083461705455865,0.004776781200373518,0.004711727759901506,0.004628087622151775,0.004916181429956403,0.004665261016707211,0.004395753906180301,0.004163420190208826,0.0039775532174316465,0.0038381529878487607,0.0040704867038202355,0.004237766979319697,0.0039775532174316465,0.0048511279894843905,0.004888301384039826,0.004405047254819159,0.004535154135763185,0.0060499699638971996,0.0075833724893089325,0.0059942098720640455,0.007193051846476855,0.008215320196751343,0.01117989841254736,0.011384352082602257,0.010334203686411192,0.011598099101296014,0.008810094509638319,0.008131680059001613,0.00742538556244833,0.006849197946839073,0.0070722383141716885,0.007769239462086111,0.0073138653787820215,0.007248811938310009,0.008196733499473625,0.007899346343030137,0.007899346343030137,0.00805733326989074,0.00924688189566469,0.011337885339407962,0.01117989841254736
28107,0.0004739607805818083,0.0004739607805818083,0.0005111341751372442,0.0005390142210538212,0.0005854809642481161,0.0006319477074424111,0.0018493763791329382,0.0006970011479144239,0.0008735747720527446,0.001198841974412809,0.0016449227090780405,0.001886549773688374,0.0022861637651593104,0.0028530580321297085,0.0033177254640726576,0.004209886933403121,0.005083461705455865,0.004776781200373518,0.004711727759901506,0.004628087622151775,0.004916181429956403,0.004665261016707211,0.004395753906180301,0.004163420190208826,0.0039775532174316465,0.0038381529878487607,0.0040704867038202355,0.004237766979319697,0.0039775532174316465,0.0048511279894843905,0.004888301384039826,0.004405047254819159,0.004535154135763185,0.0060499699638971996,0.0075833724893089325,0.0059942098720640455,0.007193051846476855,0.008215320196751343,0.01117989841254736,0.011384352082602257,0.010334203686411192,0.011598099101296014,0.008810094509638319,0.008131680059001613,0.00742538556244833,0.006849197946839073,0.0070722383141716885,0.007769239462086111,0.0073138653787820215,0.007248811938310009,0.008196733499473625,0.007899346343030137,0.007899346343030137,0.00805733326989074,0.00924688189566469,0.011337885339407962,0.01117989841254736
28109,0.0004739607805818083,0.0004739607805818083,0.0005111341751372442,0.0005390142210538212,0.0005854809642481161,0.0006319477074424111,0.0018493763791329382,0.0006970011479144239,0.0008735747720527446,0.001198841974412809,0.0016449227090780405,0.001886549773688374,0.0022861637651593104,0.0028530580321297085,0.0033177254640726576,0.004209886933403121,0.005083461705455865,0.004776781200373518,0.004711727759901506,0.004628087622151775,0.004916181429956403,0.004665261016707211,0.004395753906180301,0.004163420190208826,0.0039775532174316465,0.0038381529878487607,0.0040704867038202355,0.004237766979319697,0.0039775532174316465,0.0048511279894843905,0.004888301384039826,0.004405047254819159,0.004535154135763185,0.0060499699638971996,0.0075833724893089325,0.0059942098720640455,0.007193051846476855,0.008215320196751343,0.01117989841254736,0.011384352082602257,0.010334203686411192,0.011598099101296014,0.008810094509638319,0.008131680059001613,0.00742538556244833,0.006849197946839073,0.0070722383141716885,0.007769239462086111,0.0073138653787820215,0.007248811938310009,0.008196733499473625,0.007899346343030137,0.007899346343030137,0.00805733326989074,0.00924688189566469,0.011337885339407962,0.01117989841254736
28111,0.0004739607805818083,0.0004739607805818083,0.0005111341751372442,0.0005390142210538212,0.0005854809642481161,0.0006319477074424111,0.0018493763791329382,0.0006970011479144239,0.0008735747720527446,0.001198841974412809,0.0016449227090780405,0.001886549773688374,0.0022861637651593104,0.0028530580321297085,0.0033177254640726576,0.004209886933403121,0.005083461705455865,0.004776781200373518,0.004711727759901506,0.004628087622151775,0.004916181429956403,0.004665261016707211,0.004395753906180301,0.004163420190208826,0.0039775532174316465,0.0038381529878487607,0.0040704867038202355,0.004237766979319697,0.0039775532174316465,0.0048511279894843905,0.004888301384039826,0.004405047254819159,0.004535154135763185,0.0060499699638971996,0.0075833724893089325,0.0059942098720640455,0.007193051846476855,0.008215320196751343,0.01117989841254736,0.011384352082602257,0.010334203686411192,0.011598099101296014,0.008810094509638319,0.008131680059001613,0.00742538556244833,0.006849197946839073,0.0070722383141716885,0.007769239462086111,0.0073138653787820215,0.007248811938310009,0.008196733499473625,0.007899346343030137,0.007899346343030137,0.00805733326989074,0.00924688189566469,0.011337885339407962,0.01117989841254736
28113,0.0004739607805818083,0.0004739607805818083,0.0005111341751372442,0.0005390142210538212,0.0005854809642481161,0.0006319477074424111,0.0018493763791329382,0.0006970011479144239,0.0008735747720527446,0.001198841974412809,0.0016449227090780405,0.001886549773688374,0.0022861637651593104,0.0028530580321297085,0.0033177254640726576,0.004209886933403121,0.005083461705455865,0.004776781200373518,0.004711727759901506,0.004628087622151775,0.004916181429956403,0.004665261016707211,0.004395753906180301,0.004163420190208826,0.0039775532174316465,0.0038381529878487607,0.0040704867038202355,0.004237766979319697,0.0039775532174316465,0.0048511279894843905,0.004888301384039826,0.004405047254819159,0.004535154135763185,0.0060499699638971996,0.0075833724893089325,0.0059942098720640455,0.007193051846476855,0.008215320196751343,0.01117989841254736,0.011384352082602257,0.010334203686411192,0.011598099101296014,0.008810094509638319,0.008131680059001613,0.00742538556244833,0.006849197946839073,0.0070722383141716885,0.007769239462086111,0.0073138653787820215,0.007248811938310009,0.008196733499473625,0.007899346343030137,0.007899346343030137,0.00805733326989074,0.00924688189566469,0.011337885339407962,0.01117989841254736
28115,0.0004739607805818083,0.0004739607805818083,0.0005111341751372442,0.0005390142210538212,0.0005854809642481161,0.0006319477074424111,0.0018493763791329382,0.0006970011479144239,0.0008735747720527446,0.001198841974412809,0.0016449227090780405,0.001886549773688374,0.0022861637651593104,0.0028530580321297085,0.0033177254640726576,0.004209886933403121,0.005083461705455865,0.004776781200373518,0.004711727759901506,0.004628087622151775,0.004916181429956403,0.004665261016707211,0.004395753906180301,0.004163420190208826,0.0039775532174316465,0.0038381529878487607,0.0040704867038202355,0.004237766979319697,0.0039775532174316465,0.0048511279894843905,0.004888301384039826,0.004405047254819159,0.004535154135763185,0.0060499699638971996,0.0075833724893089325,0.0059942098720640455,0.007193051846476855,0.008215320196751343,0.01117989841254736,0.011384352082602257,0.010334203686411192,0.011598099101296014,0.008810094509638319,0.008131680059001613,0.00742538556244833,0.006849197946839073,0.0070722383141716885,0.007769239462086111,0.0073138653787820215,0.007248811938310009,0.008196733499473625,0.007899346343030137,0.007899346343030137,0.00805733326989074,0.00924688189566469,0.011337885339407962,0.01117989841254736
28117,0.0004739607805818083,0.0004739607805818083,0.0005111341751372442,0.0005390142210538212,0.0005854809642481161,0.0006319477074424111,0.0018493763791329382,0.0006970011479144239,0.0008735747720527446,0.001198841974412809,0.0016449227090780405,0.001886549773688374,0.0022861637651593104,0.0028530580321297085,0.0033177254640726576,0.004209886933403121,0.005083461705455865,0.004776781200373518,0.004711727759901506,0.004628087622151775,0.004916181429956403,0.004665261016707211,0.004395753906180301,0.004163420190208826,0.0039775532174316465,0.0038381529878487607,0.0040704867038202355,0.004237766979319697,0.0039775532174316465,0.0048511279894843905,0.004888301384039826,0.004405047254819159,0.004535154135763185,0.0060499699638971996,0.0075833724893089325,0.0059942098720640455,0.007193051846476855,0.008215320196751343,0.01117989841254736,0.011384352082602257,0.010334203686411192,0.011598099101296014,0.008810094509638319,0.008131680059001613,0.00742538556244833,0.006849197946839073,0.0070722383141716885,0.007769239462086111,0.0073138653787820215,0.007248811938310009,0.008196733499473625,0.007899346343030137,0.007899346343030137,0.00805733326989074,0.00924688189566469,0.011337885339407962,0.01117989841254736
28119,0.0004739607805818083,0.0004739607805818083,0.0005111341751372442,0.0005390142210538212,0.0005854809642481161,0.0006319477074424111,0.0018493763791329382,0.0006970011479144239,0.0008735747720527446,0.001198841974412809,0.0016449227090780405,0.001886549773688374,0.0022861637651593104,0.0028530580321297085,0.0033177254640726576,0.004209886933403121,0.005083461705455865,0.004776781200373518,0.004711727759901506,0.004628087622151775,0.004916181429956403,0.004665261016707211,0.004395753906180301,0.004163420190208826,0.0039775532174316465,0.0038381529878487607,0.0040704867038202355,0.004237766979319697,0.0039775532174316465,0.0048511279894843905,0.004888301384039826,0.004405047254819159,0.004535154135763185,0.0060499699638971996,0.0075833724893089325,0.0059942098720640455,0.007193051846476855,0.008215320196751343,0.01117989841254736,0.011384352082602257,0.010334203686411192,0.011598099101296014,0.008810094509638319,0.008131680059001613,0.00742538556244833,0.006849197946839073,0.0070722383141716885,0.007769239462086111,0.0073138653787820215,0.007248811938310009,0.008196733499473625,0.007899346343030137,0.007899346343030137,0.00805733326989074,0.00924688189566469,0.011337885339407962,0.01117989841254736
28121,0.0004739607805818083,0.0004739607805818083,0.0005111341751372442,0.0005390142210538212,0.0005854809642481161,0.0006319477074424111,0.0018493763791329382,0.0006970011479144239,0.0008735747720527446,0.001198841974412809,0.0016449227090780405,0.001886549773688374,0.0022861637651593104,0.0028530580321297085,0.0033177254640726576,0.004209886933403121,0.005083461705455865,0.004776781200373518,0.004711727759901506,0.004628087622151775,0.004916181429956403,0.004665261016707211,0.004395753906180301,0.004163420190208826,0.0039775532174316465,0.0038381529878487607,0.0040704867038202355,0.004237766979319697,0.0039775532174316465,0.0048511279894843905,0.004888301384039826,0.004405047254819159,0.004535154135763185,0.0060499699638971996,0.0075833724893089325,0.0059942098720640455,0.007193051846476855,0.008215320196751343,0.01117989841254736,0.011384352082602257,0.010334203686411192,0.011598099101296014,0.008810094509638319,0.008131680059001613,0.00742538556244833,0.006849197946839073,0.0070722383141716885,0.007769239462086111,0.0073138653787820215,0.007248811938310009,0.008196733499473625,0.007899346343030137,0.007899346343030137,0.00805733326989074,0.00924688189566469,0.011337885339407962,0.01117989841254736
28123,0.0004739607805818083,0.0004739607805818083,0.0005111341751372442,0.0005390142210538212,0.0005854809642481161,0.0006319477074424111,0.0018493763791329382,0.0006970011479144239,0.0008735747720527446,0.001198841974412809,0.0016449227090780405,0.001886549773688374,0.0022861637651593104,0.0028530580321297085,0.0033177254640726576,0.004209886933403121,0.005083461705455865,0.004776781200373518,0.004711727759901506,0.004628087622151775,0.004916181429956403,0.004665261016707211,0.004395753906180301,0.004163420190208826,0.0039775532174316465,0.0038381529878487607,0.0040704867038202355,0.004237766979319697,0.0039775532174316465,0.0048511279894843905,0.004888301384039826,0.004405047254819159,0.004535154135763185,0.0060499699638971996,0.0075833724893089325,0.0059942098720640455,0.007193051846476855,0.008215320196751343,0.01117989841254736,0.011384352082602257,0.010334203686411192,0.011598099101296014,0.008810094509638319,0.008131680059001613,0.00742538556244833,0.006849197946839073,0.0070722383141716885,0.007769239462086111,0.0073138653787820215,0.007248811938310009,0.008196733499473625,0.007899346343030137,0.007899346343030137,0.00805733326989074,0.00924688189566469,0.011337885339407962,0.01117989841254736
28125,0.0004739607805818083,0.0004739607805818083,0.0005111341751372442,0.0005390142210538212,0.0005854809642481161,0.0006319477074424111,0.0018493763791329382,0.0006970011479144239,0.0008735747720527446,0.001198841974412809,0.0016449227090780405,0.001886549773688374,0.0022861637651593104,0.0028530580321297085,0.0033177254640726576,0.004209886933403121,0.005083461705455865,0.004776781200373518,0.004711727759901506,0.004628087622151775,0.004916181429956403,0.004665261016707211,0.004395753906180301,0.004163420190208826,0.0039775532174316465,0.0038381529878487607,0.0040704867038202355,0.004237766979319697,0.0039775532174316465,0.0048511279894843905,0.004888301384039826,0.004405047254819159,0.004535154135763185,0.0060499699638971996,0.0075833724893089325,0.0059942098720640455,0.007193051846476855,0.008215320196751343,0.01117989841254736,0.011384352082602257,0.010334203686411192,0.011598099101296014,0.008810094509638319,0.008131680059001613,0.00742538556244833,0.006849197946839073,0.0070722383141716885,0.007769239462086111,0.0073138653787820215,0.007248811938310009,0.008196733499473625,0.007899346343030137,0.007899346343030137,0.00805733326989074,0.00924688189566469,0.011337885339407962,0.01117989841254736
28127,0.0004739607805818083,0.0004739607805818083,0.0005111341751372442,0.0005390142210538212,0.0005854809642481161,0.0006319477074424111,0.0018493763791329382,0.0006970011479144239,0.0008735747720527446,0.001198841974412809,0.0016449227090780405,0.001886549773688374,0.0022861637651593104,0.0028530580321297085,0.0033177254640726576,0.004209886933403121,0.005083461705455865,0.004776781200373518,0.004711727759901506,0.004628087622151775,0.004916181429956403,0.004665261016707211,0.004395753906180301,0.004163420190208826,0.0039775532174316465,0.0038381529878487607,0.0040704867038202355,0.004237766979319697,0.0039775532174316465,0.0048511279894843905,0.004888301384039826,0.004405047254819159,0.004535154135763185,0.0060499699638971996,0.0075833724893089325,0.0059942098720640455,0.007193051846476855,0.008215320196751343,0.01117989841254736,0.011384352082602257,0.010334203686411192,0.011598099101296014,0.008810094509638319,0.008131680059001613,0.00742538556244833,0.006849197946839073,0.0070722383141716885,0.007769239462086111,0.0073138653787820215,0.007248811938310009,0.008196733499473625,0.007899346343030137,0.007899346343030137,0.00805733326989074,0.00924688189566469,0.011337885339407962,0.01117989841254736
28129,0.0004739607805818083,0.0004739607805818083,0.0005111341751372442,0.0005390142210538212,0.0005854809642481161,0.0006319477074424111,0.0018493763791329382,0.0006970011479144239,0.0008735747720527446,0.001198841974412809,0.0016449227090780405,0.001886549773688374,0.0022861637651593104,0.0028530580321297085,0.0033177254640726576,0.004209886933403121,0.005083461705455865,0.004776781200373518,0.004711727759901506,0.004628087622151775,0.004916181429956403,0.004665261016707211,0.004395753906180301,0.004163420190208826,0.0039775532174316465,0.0038381529878487607,0.0040704867038202355,0.004237766979319697,0.0039775532174316465,0.0048511279894843905,0.004888301384039826,0.004405047254819159,0.004535154135763185,0.0060499699638971996,0.0075833724893089325,0.0059942098720640455,0.007193051846476855,0.008215320196751343,0.01117989841254736,0.011384352082602257,0.010334203686411192,0.011598099101296014,0.008810094509638319,0.008131680059001613,0.00742538556244833,0.006849197946839073,0.0070722383141716885,0.007769239462086111,0.0073138653787820215,0.007248811938310009,0.008196733499473625,0.007899346343030137,0.007899346343030137,0.00805733326989074,0.00924688189566469,0.011337885339407962,0.01117989841254736
28131,0.0004739607805818083,0.0004739607805818083,0.0005111341751372442,0.0005390142210538212,0.0005854809642481161,0.0006319477074424111,0.0018493763791329382,0.0006970011479144239,0.0008735747720527446,0.001198841974412809,0.0016449227090780405,0.001886549773688374,0.0022861637651593104,0.0028530580321297085,0.0033177254640726576,0.004209886933403121,0.005083461705455865,0.004776781200373518,0.004711727759901506,0.004628087622151775,0.004916181429956403,0.004665261016707211,0.004395753906180301,0.004163420190208826,0.0039775532174316465,0.0038381529878487607,0.0040704867038202355,0.004237766979319697,0.0039775532174316465,0.0048511279894843905,0.004888301384039826,0.004405047254819159,0.004535154135763185,0.0060499699638971996,0.0075833724893089325,0.0059942098720640455,0.007193051846476855,0.008215320196751343,0.01117989841254736,0.011384352082602257,0.010334203686411192,0.011598099101296014,0.008810094509638319,0.008131680059001613,0.00742538556244833,0.006849197946839073,0.0070722383141716885,0.007769239462086111,0.0073138653787820215,0.007248811938310009,0.008196733499473625,0.007899346343030137,0.007899346343030137,0.00805733326989074,0.00924688189566469,0.011337885339407962,0.01117989841254736
28133,0.0004739607805818083,0.0004739607805818083,0.0005111341751372442,0.0005390142210538212,0.0005854809642481161,0.0006319477074424111,0.0018493763791329382,0.0006970011479144239,0.0008735747720527446,0.001198841974412809,0.0016449227090780405,0.001886549773688374,0.0022861637651593104,0.0028530580321297085,0.0033177254640726576,0.004209886933403121,0.005083461705455865,0.004776781200373518,0.004711727759901506,0.004628087622151775,0.004916181429956403,0.004665261016707211,0.004395753906180301,0.004163420190208826,0.0039775532174316465,0.0038381529878487607,0.0040704867038202355,0.004237766979319697,0.0039775532174316465,0.0048511279894843905,0.004888301384039826,0.004405047254819159,0.004535154135763185,0.0060499699638971996,0.0075833724893089325,0.0059942098720640455,0.007193051846476855,0.008215320196751343,0.01117989841254736,0.011384352082602257,0.010334203686411192,0.011598099101296014,0.008810094509638319,0.008131680059001613,0.00742538556244833,0.006849197946839073,0.0070722383141716885,0.007769239462086111,0.0073138653787820215,0.007248811938310009,0.008196733499473625,0.007899346343030137,0.007899346343030137,0.00805733326989074,0.00924688189566469,0.011337885339407962,0.01117989841254736
28135,0.0004739607805818083,0.0004739607805818083,0.0005111341751372442,0.0005390142210538212,0.0005854809642481161,0.0006319477074424111,0.0018493763791329382,0.0006970011479144239,0.0008735747720527446,0.001198841974412809,0.0016449227090780405,0.001886549773688374,0.0022861637651593104,0.0028530580321297085,0.0033177254640726576,0.004209886933403121,0.005083461705455865,0.004776781200373518,0.004711727759901506,0.004628087622151775,0.004916181429956403,0.004665261016707211,0.004395753906180301,0.004163420190208826,0.0039775532174316465,0.0038381529878487607,0.0040704867038202355,0.004237766979319697,0.0039775532174316465,0.0048511279894843905,0.004888301384039826,0.004405047254819159,0.004535154135763185,0.0060499699638971996,0.0075833724893089325,0.0059942098720640455,0.007193051846476855,0.008215320196751343,0.01117989841254736,0.011384352082602257,0.010334203686411192,0.011598099101296014,0.008810094509638319,0.008131680059001613,0.00742538556244833,0.006849197946839073,0.0070722383141716885,0.007769239462086111,0.0073138653787820215,0.007248811938310009,0.008196733499473625,0.007899346343030137,0.007899346343030137,0.00805733326989074,0.00924688189566469,0.011337885339407962,0.01117989841254736
28137,0.0004739607805818083,0.0004739607805818083,0.0005111341751372442,0.0005390142210538212,0.0005854809642481161,0.0006319477074424111,0.0018493763791329382,0.0006970011479144239,0.0008735747720527446,0.001198841974412809,0.0016449227090780405,0.001886549773688374,0.0022861637651593104,0.0028530580321297085,0.0033177254640726576,0.004209886933403121,0.005083461705455865,0.004776781200373518,0.004711727759901506,0.004628087622151775,0.004916181429956403,0.004665261016707211,0.004395753906180301,0.004163420190208826,0.0039775532174316465,0.0038381529878487607,0.0040704867038202355,0.004237766979319697,0.0039775532174316465,0.0048511279894843905,0.004888301384039826,0.004405047254819159,0.004535154135763185,0.0060499699638971996,0.0075833724893089325,0.0059942098720640455,0.007193051846476855,0.008215320196751343,0.01117989841254736,0.011384352082602257,0.010334203686411192,0.011598099101296014,0.008810094509638319,0.008131680059001613,0.00742538556244833,0.006849197946839073,0.0070722383141716885,0.007769239462086111,0.0073138653787820215,0.007248811938310009,0.008196733499473625,0.007899346343030137,0.007899346343030137,0.00805733326989074,0.00924688189566469,0.011337885339407962,0.01117989841254736
28139,0.0004739607805818083,0.0004739607805818083,0.0005111341751372442,0.0005390142210538212,0.0005854809642481161,0.0006319477074424111,0.0018493763791329382,0.0006970011479144239,0.0008735747720527446,0.001198841974412809,0.0016449227090780405,0.001886549773688374,0.0022861637651593104,0.0028530580321297085,0.0033177254640726576,0.004209886933403121,0.005083461705455865,0.004776781200373518,0.004711727759901506,0.004628087622151775,0.004916181429956403,0.004665261016707211,0.004395753906180301,0.004163420190208826,0.0039775532174316465,0.0038381529878487607,0.0040704867038202355,0.004237766979319697,0.0039775532174316465,0.0048511279894843905,0.004888301384039826,0.004405047254819159,0.004535154135763185,0.0060499699638971996,0.0075833724893089325,0.0059942098720640455,0.007193051846476855,0.008215320196751343,0.01117989841254736,0.011384352082602257,0.010334203686411192,0.011598099101296014,0.008810094509638319,0.008131680059001613,0.00742538556244833,0.006849197946839073,0.0070722383141716885,0.007769239462086111,0.0073138653787820215,0.007248811938310009,0.008196733499473625,0.007899346343030137,0.007899346343030137,0.00805733326989074,0.00924688189566469,0.011337885339407962,0.01117989841254736
28141,0.0004739607805818083,0.0004739607805818083,0.0005111341751372442,0.0005390142210538212,0.0005854809642481161,0.0006319477074424111,0.0018493763791329382,0.0006970011479144239,0.0008735747720527446,0.001198841974412809,0.0016449227090780405,0.001886549773688374,0.0022861637651593104,0.0028530580321297085,0.0033177254640726576,0.004209886933403121,0.005083461705455865,0.004776781200373518,0.004711727759901506,0.004628087622151775,0.004916181429956403,0.004665261016707211,0.004395753906180301,0.004163420190208826,0.0039775532174316465,0.0038381529878487607,0.0040704867038202355,0.004237766979319697,0.0039775532174316465,0.0048511279894843905,0.004888301384039826,0.004405047254819159,0.004535154135763185,0.0060499699638971996,0.0075833724893089325,0.0059942098720640455,0.007193051846476855,0.008215320196751343,0.01117989841254736,0.011384352082602257,0.010334203686411192,0.011598099101296014,0.008810094509638319,0.008131680059001613,0.00742538556244833,0.006849197946839073,0.0070722383141716885,0.007769239462086111,0.0073138653787820215,0.007248811938310009,0.008196733499473625,0.007899346343030137,0.007899346343030137,0.00805733326989074,0.00924688189566469,0.011337885339407962,0.01117989841254736
28143,0.0004739607805818083,0.0004739607805818083,0.0005111341751372442,0.0005390142210538212,0.0005854809642481161,0.0006319477074424111,0.0018493763791329382,0.0006970011479144239,0.0008735747720527446,0.001198841974412809,0.0016449227090780405,0.001886549773688374,0.0022861637651593104,0.0028530580321297085,0.0033177254640726576,0.004209886933403121,0.005083461705455865,0.004776781200373518,0.004711727759901506,0.004628087622151775,0.004916181429956403,0.004665261016707211,0.004395753906180301,0.004163420190208826,0.0039775532174316465,0.0038381529878487607,0.0040704867038202355,0.004237766979319697,0.0039775532174316465,0.0048511279894843905,0.004888301384039826,0.004405047254819159,0.004535154135763185,0.0060499699638971996,0.0075833724893089325,0.0059942098720640455,0.007193051846476855,0.008215320196751343,0.01117989841254736,0.011384352082602257,0.010334203686411192,0.011598099101296014,0.008810094509638319,0.008131680059001613,0.00742538556244833,0.006849197946839073,0.0070722383141716885,0.007769239462086111,0.0073138653787820215,0.007248811938310009,0.008196733499473625,0.007899346343030137,0.007899346343030137,0.00805733326989074,0.00924688189566469,0.011337885339407962,0.01117989841254736
28145,0.0004739607805818083,0.0004739607805818083,0.0005111341751372442,0.0005390142210538212,0.0005854809642481161,0.0006319477074424111,0.0018493763791329382,0.0006970011479144239,0.0008735747720527446,0.001198841974412809,0.0016449227090780405,0.001886549773688374,0.0022861637651593104,0.0028530580321297085,0.0033177254640726576,0.004209886933403121,0.005083461705455865,0.004776781200373518,0.004711727759901506,0.004628087622151775,0.004916181429956403,0.004665261016707211,0.004395753906180301,0.004163420190208826,0.0039775532174316465,0.0038381529878487607,0.0040704867038202355,0.004237766979319697,0.0039775532174316465,0.0048511279894843905,0.004888301384039826,0.004405047254819159,0.004535154135763185,0.0060499699638971996,0.0075833724893089325,0.0059942098720640455,0.007193051846476855,0.008215320196751343,0.01117989841254736,0.011384352082602257,0.010334203686411192,0.011598099101296014,0.008810094509638319,0.008131680059001613,0.00742538556244833,0.006849197946839073,0.0070722383141716885,0.007769239462086111,0.0073138653787820215,0.007248811938310009,0.008196733499473625,0.007899346343030137,0.007899346343030137,0.00805733326989074,0.00924688189566469,0.011337885339407962,0.01117989841254736
28147,0.0004739607805818083,0.0004739607805818083,0.0005111341751372442,0.0005390142210538212,0.0005854809642481161,0.0006319477074424111,0.0018493763791329382,0.0006970011479144239,0.0008735747720527446,0.001198841974412809,0.0016449227090780405,0.001886549773688374,0.0022861637651593104,0.0028530580321297085,0.0033177254640726576,0.004209886933403121,0.005083461705455865,0.004776781200373518,0.004711727759901506,0.004628087622151775,0.004916181429956403,0.004665261016707211,0.004395753906180301,0.004163420190208826,0.0039775532174316465,0.0038381529878487607,0.0040704867038202355,0.004237766979319697,0.0039775532174316465,0.0048511279894843905,0.004888301384039826,0.004405047254819159,0.004535154135763185,0.0060499699638971996,0.0075833724893089325,0.0059942098720640455,0.007193051846476855,0.008215320196751343,0.01117989841254736,0.011384352082602257,0.010334203686411192,0.011598099101296014,0.008810094509638319,0.008131680059001613,0.00742538556244833,0.006849197946839073,0.0070722383141716885,0.007769239462086111,0.0073138653787820215,0.007248811938310009,0.008196733499473625,0.007899346343030137,0.007899346343030137,0.00805733326989074,0.00924688189566469,0.011337885339407962,0.01117989841254736
28149,0.0004739607805818083,0.0004739607805818083,0.0005111341751372442,0.0005390142210538212,0.0005854809642481161,0.0006319477074424111,0.0018493763791329382,0.0006970011479144239,0.0008735747720527446,0.001198841974412809,0.0016449227090780405,0.001886549773688374,0.0022861637651593104,0.0028530580321297085,0.0033177254640726576,0.004209886933403121,0.005083461705455865,0.004776781200373518,0.004711727759901506,0.004628087622151775,0.004916181429956403,0.004665261016707211,0.004395753906180301,0.004163420190208826,0.0039775532174316465,0.0038381529878487607,0.0040704867038202355,0.004237766979319697,0.0039775532174316465,0.0048511279894843905,0.004888301384039826,0.004405047254819159,0.004535154135763185,0.0060499699638971996,0.0075833724893089325,0.0059942098720640455,0.007193051846476855,0.008215320196751343,0.01117989841254736,0.011384352082602257,0.010334203686411192,0.011598099101296014,0.008810094509638319,0.008131680059001613,0.00742538556244833,0.006849197946839073,0.0070722383141716885,0.007769239462086111,0.0073138653787820215,0.007248811938310009,0.008196733499473625,0.007899346343030137,0.007899346343030137,0.00805733326989074,0.00924688189566469,0.011337885339407962,0.01117989841254736
28151,0.0004739607805818083,0.0004739607805818083,0.0005111341751372442,0.0005390142210538212,0.0005854809642481161,0.0006319477074424111,0.0018493763791329382,0.0006970011479144239,0.0008735747720527446,0.001198841974412809,0.0016449227090780405,0.001886549773688374,0.0022861637651593104,0.0028530580321297085,0.0033177254640726576,0.004209886933403121,0.005083461705455865,0.004776781200373518,0.004711727759901506,0.004628087622151775,0.004916181429956403,0.004665261016707211,0.004395753906180301,0.004163420190208826,0.0039775532174316465,0.0038381529878487607,0.0040704867038202355,0.004237766979319697,0.0039775532174316465,0.0048511279894843905,0.004888301384039826,0.004405047254819159,0.004535154135763185,0.0060499699638971996,0.0075833724893089325,0.0059942098720640455,0.007193051846476855,0.008215320196751343,0.01117989841254736,0.011384352082602257,0.010334203686411192,0.011598099101296014,0.008810094509638319,0.008131680059001613,0.00742538556244833,0.006849197946839073,0.0070722383141716885,0.007769239462086111,0.0073138653787820215,0.007248811938310009,0.008196733499473625,0.007899346343030137,0.007899346343030137,0.00805733326989074,0.00924688189566469,0.011337885339407962,0.01117989841254736
28153,0.0004739607805818083,0.0004739607805818083,0.0005111341751372442,0.0005390142210538212,0.0005854809642481161,0.0006319477074424111,0.0018493763791329382,0.0006970011479144239,0.0008735747720527446,0.001198841974412809,0.0016449227090780405,0.001886549773688374,0.0022861637651593104,0.0028530580321297085,0.0033177254640726576,0.004209886933403121,0.005083461705455865,0.004776781200373518,0.004711727759901506,0.004628087622151775,0.004916181429956403,0.004665261016707211,0.004395753906180301,0.004163420190208826,0.0039775532174316465,0.0038381529878487607,0.0040704867038202355,0.004237766979319697,0.0039775532174316465,0.0048511279894843905,0.004888301384039826,0.004405047254819159,0.004535154135763185,0.0060499699638971996,0.0075833724893089325,0.0059942098720640455,0.007193051846476855,0.008215320196751343,0.01117989841254736,0.011384352082602257,0.010334203686411192,0.011598099101296014,0.008810094509638319,0.008131680059001613,0.00742538556244833,0.006849197946839073,0.0070722383141716885,0.007769239462086111,0.0073138653787820215,0.007248811938310009,0.008196733499473625,0.007899346343030137,0.007899346343030137,0.00805733326989074,0.00924688189566469,0.011337885339407962,0.01117989841254736
28155,0.0004739607805818083,0.0004739607805818083,0.0005111341751372442,0.0005390142210538212,0.0005854809642481161,0.0006319477074424111,0.0018493763791329382,0.0006970011479144239,0.0008735747720527446,0.001198841974412809,0.0016449227090780405,0.001886549773688374,0.0022861637651593104,0.0028530580321297085,0.0033177254640726576,0.004209886933403121,0.005083461705455865,0.004776781200373518,0.004711727759901506,0.004628087622151775,0.004916181429956403,0.004665261016707211,0.004395753906180301,0.004163420190208826,0.0039775532174316465,0.0038381529878487607,0.0040704867038202355,0.004237766979319697,0.0039775532174316465,0.0048511279894843905,0.004888301384039826,0.004405047254819159,0.004535154135763185,0.0060499699638971996,0.0075833724893089325,0.0059942098720640455,0.007193051846476855,0.008215320196751343,0.01117989841254736,0.011384352082602257,0.010334203686411192,0.011598099101296014,0.008810094509638319,0.008131680059001613,0.00742538556244833,0.006849197946839073,0.0070722383141716885,0.007769239462086111,0.0073138653787820215,0.007248811938310009,0.008196733499473625,0.007899346343030137,0.007899346343030137,0.00805733326989074,0.00924688189566469,0.011337885339407962,0.01117989841254736
28157,0.0004739607805818083,0.0004739607805818083,0.0005111341751372442,0.0005390142210538212,0.0005854809642481161,0.0006319477074424111,0.0018493763791329382,0.0006970011479144239,0.0008735747720527446,0.001198841974412809,0.0016449227090780405,0.001886549773688374,0.0022861637651593104,0.0028530580321297085,0.0033177254640726576,0.004209886933403121,0.005083461705455865,0.004776781200373518,0.004711727759901506,0.004628087622151775,0.004916181429956403,0.004665261016707211,0.004395753906180301,0.004163420190208826,0.0039775532174316465,0.0038381529878487607,0.0040704867038202355,0.004237766979319697,0.0039775532174316465,0.0048511279894843905,0.004888301384039826,0.004405047254819159,0.004535154135763185,0.0060499699638971996,0.0075833724893089325,0.0059942098720640455,0.007193051846476855,0.008215320196751343,0.01117989841254736,0.011384352082602257,0.010334203686411192,0.011598099101296014,0.008810094509638319,0.008131680059001613,0.00742538556244833,0.006849197946839073,0.0070722383141716885,0.007769239462086111,0.0073138653787820215,0.007248811938310009,0.008196733499473625,0.007899346343030137,0.007899346343030137,0.00805733326989074,0.00924688189566469,0.011337885339407962,0.01117989841254736
28159,0.0004739607805818083,0.0004739607805818083,0.0005111341751372442,0.0005390142210538212,0.0005854809642481161,0.0006319477074424111,0.0018493763791329382,0.0006970011479144239,0.0008735747720527446,0.001198841974412809,0.0016449227090780405,0.001886549773688374,0.0022861637651593104,0.0028530580321297085,0.0033177254640726576,0.004209886933403121,0.005083461705455865,0.004776781200373518,0.004711727759901506,0.004628087622151775,0.004916181429956403,0.004665261016707211,0.004395753906180301,0.004163420190208826,0.0039775532174316465,0.0038381529878487607,0.0040704867038202355,0.004237766979319697,0.0039775532174316465,0.0048511279894843905,0.004888301384039826,0.004405047254819159,0.004535154135763185,0.0060499699638971996,0.0075833724893089325,0.0059942098720640455,0.007193051846476855,0.008215320196751343,0.01117989841254736,0.011384352082602257,0.010334203686411192,0.011598099101296014,0.008810094509638319,0.008131680059001613,0.00742538556244833,0.006849197946839073,0.0070722383141716885,0.007769239462086111,0.0073138653787820215,0.007248811938310009,0.008196733499473625,0.007899346343030137,0.007899346343030137,0.00805733326989074,0.00924688189566469,0.011337885339407962,0.01117989841254736
28161,0.0004739607805818083,0.0004739607805818083,0.0005111341751372442,0.0005390142210538212,0.0005854809642481161,0.0006319477074424111,0.0018493763791329382,0.0006970011479144239,0.0008735747720527446,0.001198841974412809,0.0016449227090780405,0.001886549773688374,0.0022861637651593104,0.0028530580321297085,0.0033177254640726576,0.004209886933403121,0.005083461705455865,0.004776781200373518,0.004711727759901506,0.004628087622151775,0.004916181429956403,0.004665261016707211,0.004395753906180301,0.004163420190208826,0.0039775532174316465,0.0038381529878487607,0.0040704867038202355,0.004237766979319697,0.0039775532174316465,0.0048511279894843905,0.004888301384039826,0.004405047254819159,0.004535154135763185,0.0060499699638971996,0.0075833724893089325,0.0059942098720640455,0.007193051846476855,0.008215320196751343,0.01117989841254736,0.011384352082602257,0.010334203686411192,0.011598099101296014,0.008810094509638319,0.008131680059001613,0.00742538556244833,0.006849197946839073,0.0070722383141716885,0.007769239462086111,0.0073138653787820215,0.007248811938310009,0.008196733499473625,0.007899346343030137,0.007899346343030137,0.00805733326989074,0.00924688189566469,0.011337885339407962,0.01117989841254736
28163,0.0004739607805818083,0.0004739607805818083,0.0005111341751372442,0.0005390142210538212,0.0005854809642481161,0.0006319477074424111,0.0018493763791329382,0.0006970011479144239,0.0008735747720527446,0.001198841974412809,0.0016449227090780405,0.001886549773688374,0.0022861637651593104,0.0028530580321297085,0.0033177254640726576,0.004209886933403121,0.005083461705455865,0.004776781200373518,0.004711727759901506,0.004628087622151775,0.004916181429956403,0.004665261016707211,0.004395753906180301,0.004163420190208826,0.0039775532174316465,0.0038381529878487607,0.0040704867038202355,0.004237766979319697,0.0039775532174316465,0.0048511279894843905,0.004888301384039826,0.004405047254819159,0.004535154135763185,0.0060499699638971996,0.0075833724893089325,0.0059942098720640455,0.007193051846476855,0.008215320196751343,0.01117989841254736,0.011384352082602257,0.010334203686411192,0.011598099101296014,0.008810094509638319,0.008131680059001613,0.00742538556244833,0.006849197946839073,0.0070722383141716885,0.007769239462086111,0.0073138653787820215,0.007248811938310009,0.008196733499473625,0.007899346343030137,0.007899346343030137,0.00805733326989074,0.00924688189566469,0.011337885339407962,0.01117989841254736
29001,0.0005204275237761033,0.0005668942669703981,0.0005483075696926801,0.0005854809642481161,0.0006040676615258341,0.0006970011479144239,0.0007248811938310009,0.0008364013774973088,0.0010687350934687832,0.0012546020662459632,0.0017285628468277714,0.0018586697277717971,0.0023512172056313232,0.002722951151185683,0.003336312161350376,0.0044329273007357355,0.005213568586399891,0.004897594732678685,0.0046095009248740566,0.004089073401097954,0.0038195662905710433,0.003903206428320774,0.0040333133092648,0.004209886933403121,0.004182006887486544,0.004154126841569967,0.004423633952096877,0.004507274089846608,0.004079780052459094,0.0049719415217895566,0.005464488999649083,0.005278622026871903,0.005083461705455865,0.006430997258090418,0.009126068363359524,0.006821317900922495,0.007982986480779868,0.009293348638858986,0.01079887111835414,0.012025593138683528,0.01098473809113132,0.0111706050639085,0.010046109878606563,0.009553562400747036,0.009284055290220127,0.008865854601471471,0.008364013774973087,0.008326840380417653,0.008494120655917113,0.007332452076059739,0.007843586251196983,0.007397505516531753,0.007127998406004842,0.006830611249561354,0.007220931892393432,0.010455017218716358,0.012313686946488156
29003,0.0005204275237761033,0.0005668942669703981,0.0005483075696926801,0.0005854809642481161,0.0006040676615258341,0.0006970011479144239,0.0007248811938310009,0.0008364013774973088,0.0010687350934687832,0.0012546020662459632,0.0017285628468277714,0.0018586697277717971,0.0023512172056313232,0.002722951151185683,0.003336312161350376,0.0044329273007357355,0.005213568586399891,0.004897594732678685,0.0046095009248740566,0.004089073401097954,0.0038195662905710433,0.003903206428320774,0.0040333133092648,0.004209886933403121,0.004182006887486544,0.004154126841569967,0.004423633952096877,0.004507274089846608,0.004079780052459094,0.0049719415217895566,0.005464488999649083,0.005278622026871903,0.005083461705455865,0.006430997258090418,0.009126068363359524,0.006821317900922495,0.007982986480779868,0.009293348638858986,0.01079887111835414,0.012025593138683528,0.01098473809113132,0.0111706050639085,0.010046109878606563,0.009553562400747036,0.009284055290220127,0.008865854601471471,0.008364013774973087,0.008326840380417653,0.008494120655917113,0.007332452076059739,0.007843586251196983,0.007397505516531753,0.007127998406004842,0.006830611249561354,0.007220931892393432,0.010455017218716358,0.012313686946488156
29005,0.0005204275237761033,0.0005668942669703981,0.0005483075696926801,0.0005854809642481161,0.0006040676615258341,0.0006970011479144239,0.0007248811938310009,0.0008364013774973088,0.0010687350934687832,0.0012546020662459632,0.0017285628468277714,0.0018586697277717971,0.0023512172056313232,0.002722951151185683,0.003336312161350376,0.0044329273007357355,0.005213568586399891,0.004897594732678685,0.0046095009248740566,0.004089073401097954,0.0038195662905710433,0.003903206428320774,0.0040333133092648,0.004209886933403121,0.004182006887486544,0.004154126841569967,0.004423633952096877,0.004507274089846608,0.004079780052459094,0.0049719415217895566,0.005464488999649083,0.005278622026871903,0.005083461705455865,0.006430997258090418,0.009126068363359524,0.006821317900922495,0.007982986480779868,0.009293348638858986,0.01079887111835414,0.012025593138683528,0.01098473809113132,0.0111706050639085,0.010046109878606563,0.009553562400747036,0.009284055290220127,0.008865854601471471,0.008364013774973087,0.008326840380417653,0.008494120655917113,0.007332452076059739,0.007843586251196983,0.007397505516531753,0.007127998406004842,0.006830611249561354,0.007220931892393432,0.010455017218716358,0.012313686946488156
29007,0.0005204275237761033,0.0005668942669703981,0.0005483075696926801,0.0005854809642481161,0.0006040676615258341,0.0006970011479144239,0.0007248811938310009,0.0008364013774973088,0.0010687350934687832,0.0012546020662459632,0.0017285628468277714,0.0018586697277717971,0.0023512172056313232,0.002722951151185683,0.003336312161350376,0.0044329273007357355,0.005213568586399891,0.004897594732678685,0.0046095009248740566,0.004089073401097954,0.0038195662905710433,0.003903206428320774,0.0040333133092648,0.004209886933403121,0.004182006887486544,0.004154126841569967,0.004423633952096877,0.004507274089846608,0.004079780052459094,0.0049719415217895566,0.005464488999649083,0.005278622026871903,0.005083461705455865,0.006430997258090418,0.009126068363359524,0.006821317900922495,0.007982986480779868,0.009293348638858986,0.01079887111835414,0.012025593138683528,0.01098473809113132,0.0111706050639085,0.010046109878606563,0.009553562400747036,0.009284055290220127,0.008865854601471471,0.008364013774973087,0.008326840380417653,0.008494120655917113,0.007332452076059739,0.007843586251196983,0.007397505516531753,0.007127998406004842,0.006830611249561354,0.007220931892393432,0.010455017218716358,0.012313686946488156
29009,0.0005204275237761033,0.0005668942669703981,0.0005483075696926801,0.0005854809642481161,0.0006040676615258341,0.0006970011479144239,0.0007248811938310009,0.0008364013774973088,0.0010687350934687832,0.0012546020662459632,0.0017285628468277714,0.0018586697277717971,0.0023512172056313232,0.002722951151185683,0.003336312161350376,0.0044329273007357355,0.005213568586399891,0.004897594732678685,0.0046095009248740566,0.004089073401097954,0.0038195662905710433,0.003903206428320774,0.0040333133092648,0.004209886933403121,0.004182006887486544,0.004154126841569967,0.004423633952096877,0.004507274089846608,0.004079780052459094,0.0049719415217895566,0.005464488999649083,0.005278622026871903,0.005083461705455865,0.006430997258090418,0.009126068363359524,0.006821317900922495,0.007982986480779868,0.009293348638858986,0.01079887111835414,0.012025593138683528,0.01098473809113132,0.0111706050639085,0.010046109878606563,0.009553562400747036,0.009284055290220127,0.008865854601471471,0.008364013774973087,0.008326840380417653,0.008494120655917113,0.007332452076059739,0.007843586251196983,0.007397505516531753,0.007127998406004842,0.006830611249561354,0.007220931892393432,0.010455017218716358,0.012313686946488156
29011,0.0005204275237761033,0.0005668942669703981,0.0005483075696926801,0.0005854809642481161,0.0006040676615258341,0.0006970011479144239,0.0007248811938310009,0.0008364013774973088,0.0010687350934687832,0.0012546020662459632,0.0017285628468277714,0.0018586697277717971,0.0023512172056313232,0.002722951151185683,0.003336312161350376,0.0044329273007357355,0.005213568586399891,0.004897594732678685,0.0046095009248740566,0.004089073401097954,0.0038195662905710433,0.003903206428320774,0.0040333133092648,0.004209886933403121,0.004182006887486544,0.004154126841569967,0.004423633952096877,0.004507274089846608,0.004079780052459094,0.0049719415217895566,0.005464488999649083,0.005278622026871903,0.005083461705455865,0.006430997258090418,0.009126068363359524,0.006821317900922495,0.007982986480779868,0.009293348638858986,0.01079887111835414,0.012025593138683528,0.01098473809113132,0.0111706050639085,0.010046109878606563,0.009553562400747036,0.009284055290220127,0.008865854601471471,0.008364013774973087,0.008326840380417653,0.008494120655917113,0.007332452076059739,0.007843586251196983,0.007397505516531753,0.007127998406004842,0.006830611249561354,0.007220931892393432,0.010455017218716358,0.012313686946488156
29013,0.0005204275237761033,0.0005668942669703981,0.0005483075696926801,0.0005854809642481161,0.0006040676615258341,0.0006970011479144239,0.0007248811938310009,0.0008364013774973088,0.0010687350934687832,0.0012546020662459632,0.0017285628468277714,0.0018586697277717971,0.0023512172056313232,0.002722951151185683,0.003336312161350376,0.0044329273007357355,0.005213568586399891,0.004897594732678685,0.0046095009248740566,0.004089073401097954,0.0038195662905710433,0.003903206428320774,0.0040333133092648,0.004209886933403121,0.004182006887486544,0.004154126841569967,0.004423633952096877,0.004507274089846608,0.004079780052459094,0.0049719415217895566,0.005464488999649083,0.005278622026871903,0.005083461705455865,0.006430997258090418,0.009126068363359524,0.006821317900922495,0.007982986480779868,0.009293348638858986,0.01079887111835414,0.012025593138683528,0.01098473809113132,0.0111706050639085,0.010046109878606563,0.009553562400747036,0.009284055290220127,0.008865854601471471,0.008364013774973087,0.008326840380417653,0.008494120655917113,0.007332452076059739,0.007843586251196983,0.007397505516531753,0.007127998406004842,0.006830611249561354,0.007220931892393432,0.010455017218716358,0.012313686946488156
29015,0.0005204275237761033,0.0005668942669703981,0.0005483075696926801,0.0005854809642481161,0.0006040676615258341,0.0006970011479144239,0.0007248811938310009,0.0008364013774973088,0.0010687350934687832,0.0012546020662459632,0.0017285628468277714,0.0018586697277717971,0.0023512172056313232,0.002722951151185683,0.003336312161350376,0.0044329273007357355,0.005213568586399891,0.004897594732678685,0.0046095009248740566,0.004089073401097954,0.0038195662905710433,0.003903206428320774,0.0040333133092648,0.004209886933403121,0.004182006887486544,0.004154126841569967,0.004423633952096877,0.004507274089846608,0.004079780052459094,0.0049719415217895566,0.005464488999649083,0.005278622026871903,0.005083461705455865,0.006430997258090418,0.009126068363359524,0.006821317900922495,0.007982986480779868,0.009293348638858986,0.01079887111835414,0.012025593138683528,0.01098473809113132,0.0111706050639085,0.010046109878606563,0.009553562400747036,0.009284055290220127,0.008865854601471471,0.008364013774973087,0.008326840380417653,0.008494120655917113,0.007332452076059739,0.007843586251196983,0.007397505516531753,0.007127998406004842,0.006830611249561354,0.007220931892393432,0.010455017218716358,0.012313686946488156
29017,0.0005204275237761033,0.0005668942669703981,0.0005483075696926801,0.0005854809642481161,0.0006040676615258341,0.0006970011479144239,0.0007248811938310009,0.0008364013774973088,0.0010687350934687832,0.0012546020662459632,0.0017285628468277714,0.0018586697277717971,0.0023512172056313232,0.002722951151185683,0.003336312161350376,0.0044329273007357355,0.005213568586399891,0.004897594732678685,0.0046095009248740566,0.004089073401097954,0.0038195662905710433,0.003903206428320774,0.0040333133092648,0.004209886933403121,0.004182006887486544,0.004154126841569967,0.004423633952096877,0.004507274089846608,0.004079780052459094,0.0049719415217895566,0.005464488999649083,0.005278622026871903,0.005083461705455865,0.006430997258090418,0.009126068363359524,0.006821317900922495,0.007982986480779868,0.009293348638858986,0.01079887111835414,0.012025593138683528,0.01098473809113132,0.0111706050639085,0.010046109878606563,0.009553562400747036,0.009284055290220127,0.008865854601471471,0.008364013774973087,0.008326840380417653,0.008494120655917113,0.007332452076059739,0.007843586251196983,0.007397505516531753,0.007127998406004842,0.006830611249561354,0.007220931892393432,0.010455017218716358,0.012313686946488156
29019,0.0005204275237761033,0.0005668942669703981,0.0005483075696926801,0.0005854809642481161,0.0006040676615258341,0.0006970011479144239,0.0007248811938310009,0.0008364013774973088,0.0010687350934687832,0.0012546020662459632,0.0017285628468277714,0.0018586697277717971,0.0023512172056313232,0.002722951151185683,0.003336312161350376,0.0044329273007357355,0.005213568586399891,0.004897594732678685,0.0046095009248740566,0.004089073401097954,0.0038195662905710433,0.003903206428320774,0.0040333133092648,0.004209886933403121,0.004182006887486544,0.004154126841569967,0.004423633952096877,0.004507274089846608,0.004079780052459094,0.0049719415217895566,0.005464488999649083,0.005278622026871903,0.005083461705455865,0.006430997258090418,0.009126068363359524,0.006821317900922495,0.007982986480779868,0.009293348638858986,0.01079887111835414,0.012025593138683528,0.01098473809113132,0.0111706050639085,0.010046109878606563,0.009553562400747036,0.009284055290220127,0.008865854601471471,0.008364013774973087,0.008326840380417653,0.008494120655917113,0.007332452076059739,0.007843586251196983,0.007397505516531753,0.007127998406004842,0.006830611249561354,0.007220931892393432,0.010455017218716358,0.012313686946488156
29021,0.0005204275237761033,0.0005668942669703981,0.0005483075696926801,0.0005854809642481161,0.0006040676615258341,0.0006970011479144239,0.0007248811938310009,0.0008364013774973088,0.0010687350934687832,0.0012546020662459632,0.0017285628468277714,0.0018586697277717971,0.0023512172056313232,0.002722951151185683,0.003336312161350376,0.0044329273007357355,0.005213568586399891,0.004897594732678685,0.0046095009248740566,0.004089073401097954,0.0038195662905710433,0.003903206428320774,0.0040333133092648,0.004209886933403121,0.004182006887486544,0.004154126841569967,0.004423633952096877,0.004507274089846608,0.004079780052459094,0.0049719415217895566,0.005464488999649083,0.005278622026871903,0.005083461705455865,0.006430997258090418,0.009126068363359524,0.006821317900922495,0.007982986480779868,0.009293348638858986,0.01079887111835414,0.012025593138683528,0.01098473809113132,0.0111706050639085,0.010046109878606563,0.009553562400747036,0.009284055290220127,0.008865854601471471,0.008364013774973087,0.008326840380417653,0.008494120655917113,0.007332452076059739,0.007843586251196983,0.007397505516531753,0.007127998406004842,0.006830611249561354,0.007220931892393432,0.010455017218716358,0.012313686946488156
29023,0.0005204275237761033,0.0005668942669703981,0.0005483075696926801,0.0005854809642481161,0.0006040676615258341,0.0006970011479144239,0.0007248811938310009,0.0008364013774973088,0.0010687350934687832,0.0012546020662459632,0.0017285628468277714,0.0018586697277717971,0.0023512172056313232,0.002722951151185683,0.003336312161350376,0.0044329273007357355,0.005213568586399891,0.004897594732678685,0.0046095009248740566,0.004089073401097954,0.0038195662905710433,0.003903206428320774,0.0040333133092648,0.004209886933403121,0.004182006887486544,0.004154126841569967,0.004423633952096877,0.004507274089846608,0.004079780052459094,0.0049719415217895566,0.005464488999649083,0.005278622026871903,0.005083461705455865,0.006430997258090418,0.009126068363359524,0.006821317900922495,0.007982986480779868,0.009293348638858986,0.01079887111835414,0.012025593138683528,0.01098473809113132,0.0111706050639085,0.010046109878606563,0.009553562400747036,0.009284055290220127,0.008865854601471471,0.008364013774973087,0.008326840380417653,0.008494120655917113,0.007332452076059739,0.007843586251196983,0.007397505516531753,0.007127998406004842,0.006830611249561354,0.007220931892393432,0.010455017218716358,0.012313686946488156
29025,0.0005204275237761033,0.0005668942669703981,0.0005483075696926801,0.0005854809642481161,0.0006040676615258341,0.0006970011479144239,0.0007248811938310009,0.0008364013774973088,0.0010687350934687832,0.0012546020662459632,0.0017285628468277714,0.0018586697277717971,0.0023512172056313232,0.002722951151185683,0.003336312161350376,0.0044329273007357355,0.005213568586399891,0.004897594732678685,0.0046095009248740566,0.004089073401097954,0.0038195662905710433,0.003903206428320774,0.0040333133092648,0.004209886933403121,0.004182006887486544,0.004154126841569967,0.004423633952096877,0.004507274089846608,0.004079780052459094,0.0049719415217895566,0.005464488999649083,0.005278622026871903,0.005083461705455865,0.006430997258090418,0.009126068363359524,0.006821317900922495,0.007982986480779868,0.009293348638858986,0.01079887111835414,0.012025593138683528,0.01098473809113132,0.0111706050639085,0.010046109878606563,0.009553562400747036,0.009284055290220127,0.008865854601471471,0.008364013774973087,0.008326840380417653,0.008494120655917113,0.007332452076059739,0.007843586251196983,0.007397505516531753,0.007127998406004842,0.006830611249561354,0.007220931892393432,0.010455017218716358,0.012313686946488156
29027,0.0005204275237761033,0.0005668942669703981,0.0005483075696926801,0.0005854809642481161,0.0006040676615258341,0.0006970011479144239,0.0007248811938310009,0.0008364013774973088,0.0010687350934687832,0.0012546020662459632,0.0017285628468277714,0.0018586697277717971,0.0023512172056313232,0.002722951151185683,0.003336312161350376,0.0044329273007357355,0.005213568586399891,0.004897594732678685,0.0046095009248740566,0.004089073401097954,0.0038195662905710433,0.003903206428320774,0.0040333133092648,0.004209886933403121,0.004182006887486544,0.004154126841569967,0.004423633952096877,0.004507274089846608,0.004079780052459094,0.0049719415217895566,0.005464488999649083,0.005278622026871903,0.005083461705455865,0.006430997258090418,0.009126068363359524,0.006821317900922495,0.007982986480779868,0.009293348638858986,0.01079887111835414,0.012025593138683528,0.01098473809113132,0.0111706050639085,0.010046109878606563,0.009553562400747036,0.009284055290220127,0.008865854601471471,0.008364013774973087,0.008326840380417653,0.008494120655917113,0.007332452076059739,0.007843586251196983,0.007397505516531753,0.007127998406004842,0.006830611249561354,0.007220931892393432,0.010455017218716358,0.012313686946488156
29029,0.0005204275237761033,0.0005668942669703981,0.0005483075696926801,0.0005854809642481161,0.0006040676615258341,0.0006970011479144239,0.0007248811938310009,0.0008364013774973088,0.0010687350934687832,0.0012546020662459632,0.0017285628468277714,0.0018586697277717971,0.0023512172056313232,0.002722951151185683,0.003336312161350376,0.0044329273007357355,0.005213568586399891,0.004897594732678685,0.0046095009248740566,0.004089073401097954,0.0038195662905710433,0.003903206428320774,0.0040333133092648,0.004209886933403121,0.004182006887486544,0.004154126841569967,0.004423633952096877,0.004507274089846608,0.004079780052459094,0.0049719415217895566,0.005464488999649083,0.005278622026871903,0.005083461705455865,0.006430997258090418,0.009126068363359524,0.006821317900922495,0.007982986480779868,0.009293348638858986,0.01079887111835414,0.012025593138683528,0.01098473809113132,0.0111706050639085,0.010046109878606563,0.009553562400747036,0.009284055290220127,0.008865854601471471,0.008364013774973087,0.008326840380417653,0.008494120655917113,0.007332452076059739,0.007843586251196983,0.007397505516531753,0.007127998406004842,0.006830611249561354,0.007220931892393432,0.010455017218716358,0.012313686946488156
29031,0.0005204275237761033,0.0005668942669703981,0.0005483075696926801,0.0005854809642481161,0.0006040676615258341,0.0006970011479144239,0.0007248811938310009,0.0008364013774973088,0.0010687350934687832,0.0012546020662459632,0.0017285628468277714,0.0018586697277717971,0.0023512172056313232,0.002722951151185683,0.003336312161350376,0.0044329273007357355,0.005213568586399891,0.004897594732678685,0.0046095009248740566,0.004089073401097954,0.0038195662905710433,0.003903206428320774,0.0040333133092648,0.004209886933403121,0.004182006887486544,0.004154126841569967,0.004423633952096877,0.004507274089846608,0.004079780052459094,0.0049719415217895566,0.005464488999649083,0.005278622026871903,0.005083461705455865,0.006430997258090418,0.009126068363359524,0.006821317900922495,0.007982986480779868,0.009293348638858986,0.01079887111835414,0.012025593138683528,0.01098473809113132,0.0111706050639085,0.010046109878606563,0.009553562400747036,0.009284055290220127,0.008865854601471471,0.008364013774973087,0.008326840380417653,0.008494120655917113,0.007332452076059739,0.007843586251196983,0.007397505516531753,0.007127998406004842,0.006830611249561354,0.007220931892393432,0.010455017218716358,0.012313686946488156
29033,0.0005204275237761033,0.0005668942669703981,0.0005483075696926801,0.0005854809642481161,0.0006040676615258341,0.0006970011479144239,0.0007248811938310009,0.0008364013774973088,0.0010687350934687832,0.0012546020662459632,0.0017285628468277714,0.0018586697277717971,0.0023512172056313232,0.002722951151185683,0.003336312161350376,0.0044329273007357355,0.005213568586399891,0.004897594732678685,0.0046095009248740566,0.004089073401097954,0.0038195662905710433,0.003903206428320774,0.0040333133092648,0.004209886933403121,0.004182006887486544,0.004154126841569967,0.004423633952096877,0.004507274089846608,0.004079780052459094,0.0049719415217895566,0.005464488999649083,0.005278622026871903,0.005083461705455865,0.006430997258090418,0.009126068363359524,0.006821317900922495,0.007982986480779868,0.009293348638858986,0.01079887111835414,0.012025593138683528,0.01098473809113132,0.0111706050639085,0.010046109878606563,0.009553562400747036,0.009284055290220127,0.008865854601471471,0.008364013774973087,0.008326840380417653,0.008494120655917113,0.007332452076059739,0.007843586251196983,0.007397505516531753,0.007127998406004842,0.006830611249561354,0.007220931892393432,0.010455017218716358,0.012313686946488156
29035,0.0005204275237761033,0.0005668942669703981,0.0005483075696926801,0.0005854809642481161,0.0006040676615258341,0.0006970011479144239,0.0007248811938310009,0.0008364013774973088,0.0010687350934687832,0.0012546020662459632,0.0017285628468277714,0.0018586697277717971,0.0023512172056313232,0.002722951151185683,0.003336312161350376,0.0044329273007357355,0.005213568586399891,0.004897594732678685,0.0046095009248740566,0.004089073401097954,0.0038195662905710433,0.003903206428320774,0.0040333133092648,0.004209886933403121,0.004182006887486544,0.004154126841569967,0.004423633952096877,0.004507274089846608,0.004079780052459094,0.0049719415217895566,0.005464488999649083,0.005278622026871903,0.005083461705455865,0.006430997258090418,0.009126068363359524,0.006821317900922495,0.007982986480779868,0.009293348638858986,0.01079887111835414,0.012025593138683528,0.01098473809113132,0.0111706050639085,0.010046109878606563,0.009553562400747036,0.009284055290220127,0.008865854601471471,0.008364013774973087,0.008326840380417653,0.008494120655917113,0.007332452076059739,0.007843586251196983,0.007397505516531753,0.007127998406004842,0.006830611249561354,0.007220931892393432,0.010455017218716358,0.012313686946488156
29037,0.0005204275237761033,0.0005668942669703981,0.0005483075696926801,0.0005854809642481161,0.0006040676615258341,0.0006970011479144239,0.0007248811938310009,0.0008364013774973088,0.0010687350934687832,0.0012546020662459632,0.0017285628468277714,0.0018586697277717971,0.0023512172056313232,0.002722951151185683,0.003336312161350376,0.0044329273007357355,0.005213568586399891,0.004897594732678685,0.0046095009248740566,0.004089073401097954,0.0038195662905710433,0.003903206428320774,0.0040333133092648,0.004209886933403121,0.004182006887486544,0.004154126841569967,0.004423633952096877,0.004507274089846608,0.004079780052459094,0.0049719415217895566,0.005464488999649083,0.005278622026871903,0.005083461705455865,0.006430997258090418,0.009126068363359524,0.006821317900922495,0.007982986480779868,0.009293348638858986,0.01079887111835414,0.012025593138683528,0.01098473809113132,0.0111706050639085,0.010046109878606563,0.009553562400747036,0.009284055290220127,0.008865854601471471,0.008364013774973087,0.008326840380417653,0.008494120655917113,0.007332452076059739,0.007843586251196983,0.007397505516531753,0.007127998406004842,0.006830611249561354,0.007220931892393432,0.010455017218716358,0.012313686946488156
29039,0.0005204275237761033,0.0005668942669703981,0.0005483075696926801,0.0005854809642481161,0.0006040676615258341,0.0006970011479144239,0.0007248811938310009,0.0008364013774973088,0.0010687350934687832,0.0012546020662459632,0.0017285628468277714,0.0018586697277717971,0.0023512172056313232,0.002722951151185683,0.003336312161350376,0.0044329273007357355,0.005213568586399891,0.004897594732678685,0.0046095009248740566,0.004089073401097954,0.0038195662905710433,0.003903206428320774,0.0040333133092648,0.004209886933403121,0.004182006887486544,0.004154126841569967,0.004423633952096877,0.004507274089846608,0.004079780052459094,0.0049719415217895566,0.005464488999649083,0.005278622026871903,0.005083461705455865,0.006430997258090418,0.009126068363359524,0.006821317900922495,0.007982986480779868,0.009293348638858986,0.01079887111835414,0.012025593138683528,0.01098473809113132,0.0111706050639085,0.010046109878606563,0.009553562400747036,0.009284055290220127,0.008865854601471471,0.008364013774973087,0.008326840380417653,0.008494120655917113,0.007332452076059739,0.007843586251196983,0.007397505516531753,0.007127998406004842,0.006830611249561354,0.007220931892393432,0.010455017218716358,0.012313686946488156
29041,0.0005204275237761033,0.0005668942669703981,0.0005483075696926801,0.0005854809642481161,0.0006040676615258341,0.0006970011479144239,0.0007248811938310009,0.0008364013774973088,0.0010687350934687832,0.0012546020662459632,0.0017285628468277714,0.0018586697277717971,0.0023512172056313232,0.002722951151185683,0.003336312161350376,0.0044329273007357355,0.005213568586399891,0.004897594732678685,0.0046095009248740566,0.004089073401097954,0.0038195662905710433,0.003903206428320774,0.0040333133092648,0.004209886933403121,0.004182006887486544,0.004154126841569967,0.004423633952096877,0.004507274089846608,0.004079780052459094,0.0049719415217895566,0.005464488999649083,0.005278622026871903,0.005083461705455865,0.006430997258090418,0.009126068363359524,0.006821317900922495,0.007982986480779868,0.009293348638858986,0.01079887111835414,0.012025593138683528,0.01098473809113132,0.0111706050639085,0.010046109878606563,0.009553562400747036,0.009284055290220127,0.008865854601471471,0.008364013774973087,0.008326840380417653,0.008494120655917113,0.007332452076059739,0.007843586251196983,0.007397505516531753,0.007127998406004842,0.006830611249561354,0.007220931892393432,0.010455017218716358,0.012313686946488156
29043,0.0005204275237761033,0.0005668942669703981,0.0005483075696926801,0.0005854809642481161,0.0006040676615258341,0.0006970011479144239,0.0007248811938310009,0.0008364013774973088,0.0010687350934687832,0.0012546020662459632,0.0017285628468277714,0.0018586697277717971,0.0023512172056313232,0.002722951151185683,0.003336312161350376,0.0044329273007357355,0.005213568586399891,0.004897594732678685,0.0046095009248740566,0.004089073401097954,0.0038195662905710433,0.003903206428320774,0.0040333133092648,0.004209886933403121,0.004182006887486544,0.004154126841569967,0.004423633952096877,0.004507274089846608,0.004079780052459094,0.0049719415217895566,0.005464488999649083,0.005278622026871903,0.005083461705455865,0.006430997258090418,0.009126068363359524,0.006821317900922495,0.007982986480779868,0.009293348638858986,0.01079887111835414,0.012025593138683528,0.01098473809113132,0.0111706050639085,0.010046109878606563,0.009553562400747036,0.009284055290220127,0.008865854601471471,0.008364013774973087,0.008326840380417653,0.008494120655917113,0.007332452076059739,0.007843586251196983,0.007397505516531753,0.007127998406004842,0.006830611249561354,0.007220931892393432,0.010455017218716358,0.012313686946488156
29045,0.0005204275237761033,0.0005668942669703981,0.0005483075696926801,0.0005854809642481161,0.0006040676615258341,0.0006970011479144239,0.0007248811938310009,0.0008364013774973088,0.0010687350934687832,0.0012546020662459632,0.0017285628468277714,0.0018586697277717971,0.0023512172056313232,0.002722951151185683,0.003336312161350376,0.0044329273007357355,0.005213568586399891,0.004897594732678685,0.0046095009248740566,0.004089073401097954,0.0038195662905710433,0.003903206428320774,0.0040333133092648,0.004209886933403121,0.004182006887486544,0.004154126841569967,0.004423633952096877,0.004507274089846608,0.004079780052459094,0.0049719415217895566,0.005464488999649083,0.005278622026871903,0.005083461705455865,0.006430997258090418,0.009126068363359524,0.006821317900922495,0.007982986480779868,0.009293348638858986,0.01079887111835414,0.012025593138683528,0.01098473809113132,0.0111706050639085,0.010046109878606563,0.009553562400747036,0.009284055290220127,0.008865854601471471,0.008364013774973087,0.008326840380417653,0.008494120655917113,0.007332452076059739,0.007843586251196983,0.007397505516531753,0.007127998406004842,0.006830611249561354,0.007220931892393432,0.010455017218716358,0.012313686946488156
29047,0.0005204275237761033,0.0005668942669703981,0.0005483075696926801,0.0005854809642481161,0.0006040676615258341,0.0006970011479144239,0.0007248811938310009,0.0008364013774973088,0.0010687350934687832,0.0012546020662459632,0.0017285628468277714,0.0018586697277717971,0.0023512172056313232,0.002722951151185683,0.003336312161350376,0.0044329273007357355,0.005213568586399891,0.004897594732678685,0.0046095009248740566,0.004089073401097954,0.0038195662905710433,0.003903206428320774,0.0040333133092648,0.004209886933403121,0.004182006887486544,0.004154126841569967,0.004423633952096877,0.004507274089846608,0.004079780052459094,0.0049719415217895566,0.005464488999649083,0.005278622026871903,0.005083461705455865,0.006430997258090418,0.009126068363359524,0.006821317900922495,0.007982986480779868,0.009293348638858986,0.01079887111835414,0.012025593138683528,0.01098473809113132,0.0111706050639085,0.010046109878606563,0.009553562400747036,0.009284055290220127,0.008865854601471471,0.008364013774973087,0.008326840380417653,0.008494120655917113,0.007332452076059739,0.007843586251196983,0.007397505516531753,0.007127998406004842,0.006830611249561354,0.007220931892393432,0.010455017218716358,0.012313686946488156
29049,0.0005204275237761033,0.0005668942669703981,0.0005483075696926801,0.0005854809642481161,0.0006040676615258341,0.0006970011479144239,0.0007248811938310009,0.0008364013774973088,0.0010687350934687832,0.0012546020662459632,0.0017285628468277714,0.0018586697277717971,0.0023512172056313232,0.002722951151185683,0.003336312161350376,0.0044329273007357355,0.005213568586399891,0.004897594732678685,0.0046095009248740566,0.004089073401097954,0.0038195662905710433,0.003903206428320774,0.0040333133092648,0.004209886933403121,0.004182006887486544,0.004154126841569967,0.004423633952096877,0.004507274089846608,0.004079780052459094,0.0049719415217895566,0.005464488999649083,0.005278622026871903,0.005083461705455865,0.006430997258090418,0.009126068363359524,0.006821317900922495,0.007982986480779868,0.009293348638858986,0.01079887111835414,0.012025593138683528,0.01098473809113132,0.0111706050639085,0.010046109878606563,0.009553562400747036,0.009284055290220127,0.008865854601471471,0.008364013774973087,0.008326840380417653,0.008494120655917113,0.007332452076059739,0.007843586251196983,0.007397505516531753,0.007127998406004842,0.006830611249561354,0.007220931892393432,0.010455017218716358,0.012313686946488156
29051,0.0005204275237761033,0.0005668942669703981,0.0005483075696926801,0.0005854809642481161,0.0006040676615258341,0.0006970011479144239,0.0007248811938310009,0.0008364013774973088,0.0010687350934687832,0.0012546020662459632,0.0017285628468277714,0.0018586697277717971,0.0023512172056313232,0.002722951151185683,0.003336312161350376,0.0044329273007357355,0.005213568586399891,0.004897594732678685,0.0046095009248740566,0.004089073401097954,0.0038195662905710433,0.003903206428320774,0.0040333133092648,0.004209886933403121,0.004182006887486544,0.004154126841569967,0.004423633952096877,0.004507274089846608,0.004079780052459094,0.0049719415217895566,0.005464488999649083,0.005278622026871903,0.005083461705455865,0.006430997258090418,0.009126068363359524,0.006821317900922495,0.007982986480779868,0.009293348638858986,0.01079887111835414,0.012025593138683528,0.01098473809113132,0.0111706050639085,0.010046109878606563,0.009553562400747036,0.009284055290220127,0.008865854601471471,0.008364013774973087,0.008326840380417653,0.008494120655917113,0.007332452076059739,0.007843586251196983,0.007397505516531753,0.007127998406004842,0.006830611249561354,0.007220931892393432,0.010455017218716358,0.012313686946488156
29053,0.0005204275237761033,0.0005668942669703981,0.0005483075696926801,0.0005854809642481161,0.0006040676615258341,0.0006970011479144239,0.0007248811938310009,0.0008364013774973088,0.0010687350934687832,0.0012546020662459632,0.0017285628468277714,0.0018586697277717971,0.0023512172056313232,0.002722951151185683,0.003336312161350376,0.0044329273007357355,0.005213568586399891,0.004897594732678685,0.0046095009248740566,0.004089073401097954,0.0038195662905710433,0.003903206428320774,0.0040333133092648,0.004209886933403121,0.004182006887486544,0.004154126841569967,0.004423633952096877,0.004507274089846608,0.004079780052459094,0.0049719415217895566,0.005464488999649083,0.005278622026871903,0.005083461705455865,0.006430997258090418,0.009126068363359524,0.006821317900922495,0.007982986480779868,0.009293348638858986,0.01079887111835414,0.012025593138683528,0.01098473809113132,0.0111706050639085,0.010046109878606563,0.009553562400747036,0.009284055290220127,0.008865854601471471,0.008364013774973087,0.008326840380417653,0.008494120655917113,0.007332452076059739,0.007843586251196983,0.007397505516531753,0.007127998406004842,0.006830611249561354,0.007220931892393432,0.010455017218716358,0.012313686946488156
29055,0.0005204275237761033,0.0005668942669703981,0.0005483075696926801,0.0005854809642481161,0.0006040676615258341,0.0006970011479144239,0.0007248811938310009,0.0008364013774973088,0.0010687350934687832,0.0012546020662459632,0.0017285628468277714,0.0018586697277717971,0.0023512172056313232,0.002722951151185683,0.003336312161350376,0.0044329273007357355,0.005213568586399891,0.004897594732678685,0.0046095009248740566,0.004089073401097954,0.0038195662905710433,0.003903206428320774,0.0040333133092648,0.004209886933403121,0.004182006887486544,0.004154126841569967,0.004423633952096877,0.004507274089846608,0.004079780052459094,0.0049719415217895566,0.005464488999649083,0.005278622026871903,0.005083461705455865,0.006430997258090418,0.009126068363359524,0.006821317900922495,0.007982986480779868,0.009293348638858986,0.01079887111835414,0.012025593138683528,0.01098473809113132,0.0111706050639085,0.010046109878606563,0.009553562400747036,0.009284055290220127,0.008865854601471471,0.008364013774973087,0.008326840380417653,0.008494120655917113,0.007332452076059739,0.007843586251196983,0.007397505516531753,0.007127998406004842,0.006830611249561354,0.007220931892393432,0.010455017218716358,0.012313686946488156
29057,0.0005204275237761033,0.0005668942669703981,0.0005483075696926801,0.0005854809642481161,0.0006040676615258341,0.0006970011479144239,0.0007248811938310009,0.0008364013774973088,0.0010687350934687832,0.0012546020662459632,0.0017285628468277714,0.0018586697277717971,0.0023512172056313232,0.002722951151185683,0.003336312161350376,0.0044329273007357355,0.005213568586399891,0.004897594732678685,0.0046095009248740566,0.004089073401097954,0.0038195662905710433,0.003903206428320774,0.0040333133092648,0.004209886933403121,0.004182006887486544,0.004154126841569967,0.004423633952096877,0.004507274089846608,0.004079780052459094,0.0049719415217895566,0.005464488999649083,0.005278622026871903,0.005083461705455865,0.006430997258090418,0.009126068363359524,0.006821317900922495,0.007982986480779868,0.009293348638858986,0.01079887111835414,0.012025593138683528,0.01098473809113132,0.0111706050639085,0.010046109878606563,0.009553562400747036,0.009284055290220127,0.008865854601471471,0.008364013774973087,0.008326840380417653,0.008494120655917113,0.007332452076059739,0.007843586251196983,0.007397505516531753,0.007127998406004842,0.006830611249561354,0.007220931892393432,0.010455017218716358,0.012313686946488156
29059,0.0005204275237761033,0.0005668942669703981,0.0005483075696926801,0.0005854809642481161,0.0006040676615258341,0.0006970011479144239,0.0007248811938310009,0.0008364013774973088,0.0010687350934687832,0.0012546020662459632,0.0017285628468277714,0.0018586697277717971,0.0023512172056313232,0.002722951151185683,0.003336312161350376,0.0044329273007357355,0.005213568586399891,0.004897594732678685,0.0046095009248740566,0.004089073401097954,0.0038195662905710433,0.003903206428320774,0.0040333133092648,0.004209886933403121,0.004182006887486544,0.004154126841569967,0.004423633952096877,0.004507274089846608,0.004079780052459094,0.0049719415217895566,0.005464488999649083,0.005278622026871903,0.005083461705455865,0.006430997258090418,0.009126068363359524,0.006821317900922495,0.007982986480779868,0.009293348638858986,0.01079887111835414,0.012025593138683528,0.01098473809113132,0.0111706050639085,0.010046109878606563,0.009553562400747036,0.009284055290220127,0.008865854601471471,0.008364013774973087,0.008326840380417653,0.008494120655917113,0.007332452076059739,0.007843586251196983,0.007397505516531753,0.007127998406004842,0.006830611249561354,0.007220931892393432,0.010455017218716358,0.012313686946488156
29061,0.0005204275237761033,0.0005668942669703981,0.0005483075696926801,0.0005854809642481161,0.0006040676615258341,0.0006970011479144239,0.0007248811938310009,0.0008364013774973088,0.0010687350934687832,0.0012546020662459632,0.0017285628468277714,0.0018586697277717971,0.0023512172056313232,0.002722951151185683,0.003336312161350376,0.0044329273007357355,0.005213568586399891,0.004897594732678685,0.0046095009248740566,0.004089073401097954,0.0038195662905710433,0.003903206428320774,0.0040333133092648,0.004209886933403121,0.004182006887486544,0.004154126841569967,0.004423633952096877,0.004507274089846608,0.004079780052459094,0.0049719415217895566,0.005464488999649083,0.005278622026871903,0.005083461705455865,0.006430997258090418,0.009126068363359524,0.006821317900922495,0.007982986480779868,0.009293348638858986,0.01079887111835414,0.012025593138683528,0.01098473809113132,0.0111706050639085,0.010046109878606563,0.009553562400747036,0.009284055290220127,0.008865854601471471,0.008364013774973087,0.008326840380417653,0.008494120655917113,0.007332452076059739,0.007843586251196983,0.007397505516531753,0.007127998406004842,0.006830611249561354,0.007220931892393432,0.010455017218716358,0.012313686946488156
29063,0.0005204275237761033,0.0005668942669703981,0.0005483075696926801,0.0005854809642481161,0.0006040676615258341,0.0006970011479144239,0.0007248811938310009,0.0008364013774973088,0.0010687350934687832,0.0012546020662459632,0.0017285628468277714,0.0018586697277717971,0.0023512172056313232,0.002722951151185683,0.003336312161350376,0.0044329273007357355,0.005213568586399891,0.004897594732678685,0.0046095009248740566,0.004089073401097954,0.0038195662905710433,0.003903206428320774,0.0040333133092648,0.004209886933403121,0.004182006887486544,0.004154126841569967,0.004423633952096877,0.004507274089846608,0.004079780052459094,0.0049719415217895566,0.005464488999649083,0.005278622026871903,0.005083461705455865,0.006430997258090418,0.009126068363359524,0.006821317900922495,0.007982986480779868,0.009293348638858986,0.01079887111835414,0.012025593138683528,0.01098473809113132,0.0111706050639085,0.010046109878606563,0.009553562400747036,0.009284055290220127,0.008865854601471471,0.008364013774973087,0.008326840380417653,0.008494120655917113,0.007332452076059739,0.007843586251196983,0.007397505516531753,0.007127998406004842,0.006830611249561354,0.007220931892393432,0.010455017218716358,0.012313686946488156
29065,0.0005204275237761033,0.0005668942669703981,0.0005483075696926801,0.0005854809642481161,0.0006040676615258341,0.0006970011479144239,0.0007248811938310009,0.0008364013774973088,0.0010687350934687832,0.0012546020662459632,0.0017285628468277714,0.0018586697277717971,0.0023512172056313232,0.002722951151185683,0.003336312161350376,0.0044329273007357355,0.005213568586399891,0.004897594732678685,0.0046095009248740566,0.004089073401097954,0.0038195662905710433,0.003903206428320774,0.0040333133092648,0.004209886933403121,0.004182006887486544,0.004154126841569967,0.004423633952096877,0.004507274089846608,0.004079780052459094,0.0049719415217895566,0.005464488999649083,0.005278622026871903,0.005083461705455865,0.006430997258090418,0.009126068363359524,0.006821317900922495,0.007982986480779868,0.009293348638858986,0.01079887111835414,0.012025593138683528,0.01098473809113132,0.0111706050639085,0.010046109878606563,0.009553562400747036,0.009284055290220127,0.008865854601471471,0.008364013774973087,0.008326840380417653,0.008494120655917113,0.007332452076059739,0.007843586251196983,0.007397505516531753,0.007127998406004842,0.006830611249561354,0.007220931892393432,0.010455017218716358,0.012313686946488156
29067,0.0005204275237761033,0.0005668942669703981,0.0005483075696926801,0.0005854809642481161,0.0006040676615258341,0.0006970011479144239,0.0007248811938310009,0.0008364013774973088,0.0010687350934687832,0.0012546020662459632,0.0017285628468277714,0.0018586697277717971,0.0023512172056313232,0.002722951151185683,0.003336312161350376,0.0044329273007357355,0.005213568586399891,0.004897594732678685,0.0046095009248740566,0.004089073401097954,0.0038195662905710433,0.003903206428320774,0.0040333133092648,0.004209886933403121,0.004182006887486544,0.004154126841569967,0.004423633952096877,0.004507274089846608,0.004079780052459094,0.0049719415217895566,0.005464488999649083,0.005278622026871903,0.005083461705455865,0.006430997258090418,0.009126068363359524,0.006821317900922495,0.007982986480779868,0.009293348638858986,0.01079887111835414,0.012025593138683528,0.01098473809113132,0.0111706050639085,0.010046109878606563,0.009553562400747036,0.009284055290220127,0.008865854601471471,0.008364013774973087,0.008326840380417653,0.008494120655917113,0.007332452076059739,0.007843586251196983,0.007397505516531753,0.007127998406004842,0.006830611249561354,0.007220931892393432,0.010455017218716358,0.012313686946488156
29069,0.0005204275237761033,0.0005668942669703981,0.0005483075696926801,0.0005854809642481161,0.0006040676615258341,0.0006970011479144239,0.0007248811938310009,0.0008364013774973088,0.0010687350934687832,0.0012546020662459632,0.0017285628468277714,0.0018586697277717971,0.0023512172056313232,0.002722951151185683,0.003336312161350376,0.0044329273007357355,0.005213568586399891,0.004897594732678685,0.0046095009248740566,0.004089073401097954,0.0038195662905710433,0.003903206428320774,0.0040333133092648,0.004209886933403121,0.004182006887486544,0.004154126841569967,0.004423633952096877,0.004507274089846608,0.004079780052459094,0.0049719415217895566,0.005464488999649083,0.005278622026871903,0.005083461705455865,0.006430997258090418,0.009126068363359524,0.006821317900922495,0.007982986480779868,0.009293348638858986,0.01079887111835414,0.012025593138683528,0.01098473809113132,0.0111706050639085,0.010046109878606563,0.009553562400747036,0.009284055290220127,0.008865854601471471,0.008364013774973087,0.008326840380417653,0.008494120655917113,0.007332452076059739,0.007843586251196983,0.007397505516531753,0.007127998406004842,0.006830611249561354,0.007220931892393432,0.010455017218716358,0.012313686946488156
29071,0.0005204275237761033,0.0005668942669703981,0.0005483075696926801,0.0005854809642481161,0.0006040676615258341,0.0006970011479144239,0.0007248811938310009,0.0008364013774973088,0.0010687350934687832,0.0012546020662459632,0.0017285628468277714,0.0018586697277717971,0.0023512172056313232,0.002722951151185683,0.003336312161350376,0.0044329273007357355,0.005213568586399891,0.004897594732678685,0.0046095009248740566,0.004089073401097954,0.0038195662905710433,0.003903206428320774,0.0040333133092648,0.004209886933403121,0.004182006887486544,0.004154126841569967,0.004423633952096877,0.004507274089846608,0.004079780052459094,0.0049719415217895566,0.005464488999649083,0.005278622026871903,0.005083461705455865,0.006430997258090418,0.009126068363359524,0.006821317900922495,0.007982986480779868,0.009293348638858986,0.01079887111835414,0.012025593138683528,0.01098473809113132,0.0111706050639085,0.010046109878606563,0.009553562400747036,0.009284055290220127,0.008865854601471471,0.008364013774973087,0.008326840380417653,0.008494120655917113,0.007332452076059739,0.007843586251196983,0.007397505516531753,0.007127998406004842,0.006830611249561354,0.007220931892393432,0.010455017218716358,0.012313686946488156
29073,0.0005204275237761033,0.0005668942669703981,0.0005483075696926801,0.0005854809642481161,0.0006040676615258341,0.0006970011479144239,0.0007248811938310009,0.0008364013774973088,0.0010687350934687832,0.0012546020662459632,0.0017285628468277714,0.0018586697277717971,0.0023512172056313232,0.002722951151185683,0.003336312161350376,0.0044329273007357355,0.005213568586399891,0.004897594732678685,0.0046095009248740566,0.004089073401097954,0.0038195662905710433,0.003903206428320774,0.0040333133092648,0.004209886933403121,0.004182006887486544,0.004154126841569967,0.004423633952096877,0.004507274089846608,0.004079780052459094,0.0049719415217895566,0.005464488999649083,0.005278622026871903,0.005083461705455865,0.006430997258090418,0.009126068363359524,0.006821317900922495,0.007982986480779868,0.009293348638858986,0.01079887111835414,0.012025593138683528,0.01098473809113132,0.0111706050639085,0.010046109878606563,0.009553562400747036,0.009284055290220127,0.008865854601471471,0.008364013774973087,0.008326840380417653,0.008494120655917113,0.007332452076059739,0.007843586251196983,0.007397505516531753,0.007127998406004842,0.006830611249561354,0.007220931892393432,0.010455017218716358,0.012313686946488156
29075,0.0005204275237761033,0.0005668942669703981,0.0005483075696926801,0.0005854809642481161,0.0006040676615258341,0.0006970011479144239,0.0007248811938310009,0.0008364013774973088,0.0010687350934687832,0.0012546020662459632,0.0017285628468277714,0.0018586697277717971,0.0023512172056313232,0.002722951151185683,0.003336312161350376,0.0044329273007357355,0.005213568586399891,0.004897594732678685,0.0046095009248740566,0.004089073401097954,0.0038195662905710433,0.003903206428320774,0.0040333133092648,0.004209886933403121,0.004182006887486544,0.004154126841569967,0.004423633952096877,0.004507274089846608,0.004079780052459094,0.0049719415217895566,0.005464488999649083,0.005278622026871903,0.005083461705455865,0.006430997258090418,0.009126068363359524,0.006821317900922495,0.007982986480779868,0.009293348638858986,0.01079887111835414,0.012025593138683528,0.01098473809113132,0.0111706050639085,0.010046109878606563,0.009553562400747036,0.009284055290220127,0.008865854601471471,0.008364013774973087,0.008326840380417653,0.008494120655917113,0.007332452076059739,0.007843586251196983,0.007397505516531753,0.007127998406004842,0.006830611249561354,0.007220931892393432,0.010455017218716358,0.012313686946488156
29077,0.0005204275237761033,0.0005668942669703981,0.0005483075696926801,0.0005854809642481161,0.0006040676615258341,0.0006970011479144239,0.0007248811938310009,0.0008364013774973088,0.0010687350934687832,0.0012546020662459632,0.0017285628468277714,0.0018586697277717971,0.0023512172056313232,0.002722951151185683,0.003336312161350376,0.0044329273007357355,0.005213568586399891,0.004897594732678685,0.0046095009248740566,0.004089073401097954,0.0038195662905710433,0.003903206428320774,0.0040333133092648,0.004209886933403121,0.004182006887486544,0.004154126841569967,0.004423633952096877,0.004507274089846608,0.004079780052459094,0.0049719415217895566,0.005464488999649083,0.005278622026871903,0.005083461705455865,0.006430997258090418,0.009126068363359524,0.006821317900922495,0.007982986480779868,0.009293348638858986,0.01079887111835414,0.012025593138683528,0.01098473809113132,0.0111706050639085,0.010046109878606563,0.009553562400747036,0.009284055290220127,0.008865854601471471,0.008364013774973087,0.008326840380417653,0.008494120655917113,0.007332452076059739,0.007843586251196983,0.007397505516531753,0.007127998406004842,0.006830611249561354,0.007220931892393432,0.010455017218716358,0.012313686946488156
29079,0.0005204275237761033,0.0005668942669703981,0.0005483075696926801,0.0005854809642481161,0.0006040676615258341,0.0006970011479144239,0.0007248811938310009,0.0008364013774973088,0.0010687350934687832,0.0012546020662459632,0.0017285628468277714,0.0018586697277717971,0.0023512172056313232,0.002722951151185683,0.003336312161350376,0.0044329273007357355,0.005213568586399891,0.004897594732678685,0.0046095009248740566,0.004089073401097954,0.0038195662905710433,0.003903206428320774,0.0040333133092648,0.004209886933403121,0.004182006887486544,0.004154126841569967,0.004423633952096877,0.004507274089846608,0.004079780052459094,0.0049719415217895566,0.005464488999649083,0.005278622026871903,0.005083461705455865,0.006430997258090418,0.009126068363359524,0.006821317900922495,0.007982986480779868,0.009293348638858986,0.01079887111835414,0.012025593138683528,0.01098473809113132,0.0111706050639085,0.010046109878606563,0.009553562400747036,0.009284055290220127,0.008865854601471471,0.008364013774973087,0.008326840380417653,0.008494120655917113,0.007332452076059739,0.007843586251196983,0.007397505516531753,0.007127998406004842,0.006830611249561354,0.007220931892393432,0.010455017218716358,0.012313686946488156
29081,0.0005204275237761033,0.0005668942669703981,0.0005483075696926801,0.0005854809642481161,0.0006040676615258341,0.0006970011479144239,0.0007248811938310009,0.0008364013774973088,0.0010687350934687832,0.0012546020662459632,0.0017285628468277714,0.0018586697277717971,0.0023512172056313232,0.002722951151185683,0.003336312161350376,0.0044329273007357355,0.005213568586399891,0.004897594732678685,0.0046095009248740566,0.004089073401097954,0.0038195662905710433,0.003903206428320774,0.0040333133092648,0.004209886933403121,0.004182006887486544,0.004154126841569967,0.004423633952096877,0.004507274089846608,0.004079780052459094,0.0049719415217895566,0.005464488999649083,0.005278622026871903,0.005083461705455865,0.006430997258090418,0.009126068363359524,0.006821317900922495,0.007982986480779868,0.009293348638858986,0.01079887111835414,0.012025593138683528,0.01098473809113132,0.0111706050639085,0.010046109878606563,0.009553562400747036,0.009284055290220127,0.008865854601471471,0.008364013774973087,0.008326840380417653,0.008494120655917113,0.007332452076059739,0.007843586251196983,0.007397505516531753,0.007127998406004842,0.006830611249561354,0.007220931892393432,0.010455017218716358,0.012313686946488156
29083,0.0005204275237761033,0.0005668942669703981,0.0005483075696926801,0.0005854809642481161,0.0006040676615258341,0.0006970011479144239,0.0007248811938310009,0.0008364013774973088,0.0010687350934687832,0.0012546020662459632,0.0017285628468277714,0.0018586697277717971,0.0023512172056313232,0.002722951151185683,0.003336312161350376,0.0044329273007357355,0.005213568586399891,0.004897594732678685,0.0046095009248740566,0.004089073401097954,0.0038195662905710433,0.003903206428320774,0.0040333133092648,0.004209886933403121,0.004182006887486544,0.004154126841569967,0.004423633952096877,0.004507274089846608,0.004079780052459094,0.0049719415217895566,0.005464488999649083,0.005278622026871903,0.005083461705455865,0.006430997258090418,0.009126068363359524,0.006821317900922495,0.007982986480779868,0.009293348638858986,0.01079887111835414,0.012025593138683528,0.01098473809113132,0.0111706050639085,0.010046109878606563,0.009553562400747036,0.009284055290220127,0.008865854601471471,0.008364013774973087,0.008326840380417653,0.008494120655917113,0.007332452076059739,0.007843586251196983,0.007397505516531753,0.007127998406004842,0.006830611249561354,0.007220931892393432,0.010455017218716358,0.012313686946488156
29085,0.0005204275237761033,0.0005668942669703981,0.0005483075696926801,0.0005854809642481161,0.0006040676615258341,0.0006970011479144239,0.0007248811938310009,0.0008364013774973088,0.0010687350934687832,0.0012546020662459632,0.0017285628468277714,0.0018586697277717971,0.0023512172056313232,0.002722951151185683,0.003336312161350376,0.0044329273007357355,0.005213568586399891,0.004897594732678685,0.0046095009248740566,0.004089073401097954,0.0038195662905710433,0.003903206428320774,0.0040333133092648,0.004209886933403121,0.004182006887486544,0.004154126841569967,0.004423633952096877,0.004507274089846608,0.004079780052459094,0.0049719415217895566,0.005464488999649083,0.005278622026871903,0.005083461705455865,0.006430997258090418,0.009126068363359524,0.006821317900922495,0.007982986480779868,0.009293348638858986,0.01079887111835414,0.012025593138683528,0.01098473809113132,0.0111706050639085,0.010046109878606563,0.009553562400747036,0.009284055290220127,0.008865854601471471,0.008364013774973087,0.008326840380417653,0.008494120655917113,0.007332452076059739,0.007843586251196983,0.007397505516531753,0.007127998406004842,0.006830611249561354,0.007220931892393432,0.010455017218716358,0.012313686946488156
29087,0.0005204275237761033,0.0005668942669703981,0.0005483075696926801,0.0005854809642481161,0.0006040676615258341,0.0006970011479144239,0.0007248811938310009,0.0008364013774973088,0.0010687350934687832,0.0012546020662459632,0.0017285628468277714,0.0018586697277717971,0.0023512172056313232,0.002722951151185683,0.003336312161350376,0.0044329273007357355,0.005213568586399891,0.004897594732678685,0.0046095009248740566,0.004089073401097954,0.0038195662905710433,0.003903206428320774,0.0040333133092648,0.004209886933403121,0.004182006887486544,0.004154126841569967,0.004423633952096877,0.004507274089846608,0.004079780052459094,0.0049719415217895566,0.005464488999649083,0.005278622026871903,0.005083461705455865,0.006430997258090418,0.009126068363359524,0.006821317900922495,0.007982986480779868,0.009293348638858986,0.01079887111835414,0.012025593138683528,0.01098473809113132,0.0111706050639085,0.010046109878606563,0.009553562400747036,0.009284055290220127,0.008865854601471471,0.008364013774973087,0.008326840380417653,0.008494120655917113,0.007332452076059739,0.007843586251196983,0.007397505516531753,0.007127998406004842,0.006830611249561354,0.007220931892393432,0.010455017218716358,0.012313686946488156
29089,0.0005204275237761033,0.0005668942669703981,0.0005483075696926801,0.0005854809642481161,0.0006040676615258341,0.0006970011479144239,0.0007248811938310009,0.0008364013774973088,0.0010687350934687832,0.0012546020662459632,0.0017285628468277714,0.0018586697277717971,0.0023512172056313232,0.002722951151185683,0.003336312161350376,0.0044329273007357355,0.005213568586399891,0.004897594732678685,0.0046095009248740566,0.004089073401097954,0.0038195662905710433,0.003903206428320774,0.0040333133092648,0.004209886933403121,0.004182006887486544,0.004154126841569967,0.004423633952096877,0.004507274089846608,0.004079780052459094,0.0049719415217895566,0.005464488999649083,0.005278622026871903,0.005083461705455865,0.006430997258090418,0.009126068363359524,0.006821317900922495,0.007982986480779868,0.009293348638858986,0.01079887111835414,0.012025593138683528,0.01098473809113132,0.0111706050639085,0.010046109878606563,0.009553562400747036,0.009284055290220127,0.008865854601471471,0.008364013774973087,0.008326840380417653,0.008494120655917113,0.007332452076059739,0.007843586251196983,0.007397505516531753,0.007127998406004842,0.006830611249561354,0.007220931892393432,0.010455017218716358,0.012313686946488156
29091,0.0005204275237761033,0.0005668942669703981,0.0005483075696926801,0.0005854809642481161,0.0006040676615258341,0.0006970011479144239,0.0007248811938310009,0.0008364013774973088,0.0010687350934687832,0.0012546020662459632,0.0017285628468277714,0.0018586697277717971,0.0023512172056313232,0.002722951151185683,0.003336312161350376,0.0044329273007357355,0.005213568586399891,0.004897594732678685,0.0046095009248740566,0.004089073401097954,0.0038195662905710433,0.003903206428320774,0.0040333133092648,0.004209886933403121,0.004182006887486544,0.004154126841569967,0.004423633952096877,0.004507274089846608,0.004079780052459094,0.0049719415217895566,0.005464488999649083,0.005278622026871903,0.005083461705455865,0.006430997258090418,0.009126068363359524,0.006821317900922495,0.007982986480779868,0.009293348638858986,0.01079887111835414,0.012025593138683528,0.01098473809113132,0.0111706050639085,0.010046109878606563,0.009553562400747036,0.009284055290220127,0.008865854601471471,0.008364013774973087,0.008326840380417653,0.008494120655917113,0.007332452076059739,0.007843586251196983,0.007397505516531753,0.007127998406004842,0.006830611249561354,0.007220931892393432,0.010455017218716358,0.012313686946488156
29093,0.0005204275237761033,0.0005668942669703981,0.0005483075696926801,0.0005854809642481161,0.0006040676615258341,0.0006970011479144239,0.0007248811938310009,0.0008364013774973088,0.0010687350934687832,0.0012546020662459632,0.0017285628468277714,0.0018586697277717971,0.0023512172056313232,0.002722951151185683,0.003336312161350376,0.0044329273007357355,0.005213568586399891,0.004897594732678685,0.0046095009248740566,0.004089073401097954,0.0038195662905710433,0.003903206428320774,0.0040333133092648,0.004209886933403121,0.004182006887486544,0.004154126841569967,0.004423633952096877,0.004507274089846608,0.004079780052459094,0.0049719415217895566,0.005464488999649083,0.005278622026871903,0.005083461705455865,0.006430997258090418,0.009126068363359524,0.006821317900922495,0.007982986480779868,0.009293348638858986,0.01079887111835414,0.012025593138683528,0.01098473809113132,0.0111706050639085,0.010046109878606563,0.009553562400747036,0.009284055290220127,0.008865854601471471,0.008364013774973087,0.008326840380417653,0.008494120655917113,0.007332452076059739,0.007843586251196983,0.007397505516531753,0.007127998406004842,0.006830611249561354,0.007220931892393432,0.010455017218716358,0.012313686946488156
29095,0.0005204275237761033,0.0005668942669703981,0.0005483075696926801,0.0005854809642481161,0.0006040676615258341,0.0006970011479144239,0.0007248811938310009,0.0008364013774973088,0.0010687350934687832,0.0012546020662459632,0.0017285628468277714,0.0018586697277717971,0.0023512172056313232,0.002722951151185683,0.003336312161350376,0.0044329273007357355,0.005213568586399891,0.004897594732678685,0.0046095009248740566,0.004089073401097954,0.0038195662905710433,0.003903206428320774,0.0040333133092648,0.004209886933403121,0.004182006887486544,0.004154126841569967,0.004423633952096877,0.004507274089846608,0.004079780052459094,0.0049719415217895566,0.005464488999649083,0.005278622026871903,0.005083461705455865,0.006430997258090418,0.009126068363359524,0.006821317900922495,0.007982986480779868,0.009293348638858986,0.01079887111835414,0.012025593138683528,0.01098473809113132,0.0111706050639085,0.010046109878606563,0.009553562400747036,0.009284055290220127,0.008865854601471471,0.008364013774973087,0.008326840380417653,0.008494120655917113,0.007332452076059739,0.007843586251196983,0.007397505516531753,0.007127998406004842,0.006830611249561354,0.007220931892393432,0.010455017218716358,0.012313686946488156
29097,0.0005204275237761033,0.0005668942669703981,0.0005483075696926801,0.0005854809642481161,0.0006040676615258341,0.0006970011479144239,0.0007248811938310009,0.0008364013774973088,0.0010687350934687832,0.0012546020662459632,0.0017285628468277714,0.0018586697277717971,0.0023512172056313232,0.002722951151185683,0.003336312161350376,0.0044329273007357355,0.005213568586399891,0.004897594732678685,0.0046095009248740566,0.004089073401097954,0.0038195662905710433,0.003903206428320774,0.0040333133092648,0.004209886933403121,0.004182006887486544,0.004154126841569967,0.004423633952096877,0.004507274089846608,0.004079780052459094,0.0049719415217895566,0.005464488999649083,0.005278622026871903,0.005083461705455865,0.006430997258090418,0.009126068363359524,0.006821317900922495,0.007982986480779868,0.009293348638858986,0.01079887111835414,0.012025593138683528,0.01098473809113132,0.0111706050639085,0.010046109878606563,0.009553562400747036,0.009284055290220127,0.008865854601471471,0.008364013774973087,0.008326840380417653,0.008494120655917113,0.007332452076059739,0.007843586251196983,0.007397505516531753,0.007127998406004842,0.006830611249561354,0.007220931892393432,0.010455017218716358,0.012313686946488156
29099,0.0005204275237761033,0.0005668942669703981,0.0005483075696926801,0.0005854809642481161,0.0006040676615258341,0.0006970011479144239,0.0007248811938310009,0.0008364013774973088,0.0010687350934687832,0.0012546020662459632,0.0017285628468277714,0.0018586697277717971,0.0023512172056313232,0.002722951151185683,0.003336312161350376,0.0044329273007357355,0.005213568586399891,0.004897594732678685,0.0046095009248740566,0.004089073401097954,0.0038195662905710433,0.003903206428320774,0.0040333133092648,0.004209886933403121,0.004182006887486544,0.004154126841569967,0.004423633952096877,0.004507274089846608,0.004079780052459094,0.0049719415217895566,0.005464488999649083,0.005278622026871903,0.005083461705455865,0.006430997258090418,0.009126068363359524,0.006821317900922495,0.007982986480779868,0.009293348638858986,0.01079887111835414,0.012025593138683528,0.01098473809113132,0.0111706050639085,0.010046109878606563,0.009553562400747036,0.009284055290220127,0.008865854601471471,0.008364013774973087,0.008326840380417653,0.008494120655917113,0.007332452076059739,0.007843586251196983,0.007397505516531753,0.007127998406004842,0.006830611249561354,0.007220931892393432,0.010455017218716358,0.012313686946488156
29101,0.0005204275237761033,0.0005668942669703981,0.0005483075696926801,0.0005854809642481161,0.0006040676615258341,0.0006970011479144239,0.0007248811938310009,0.0008364013774973088,0.0010687350934687832,0.0012546020662459632,0.0017285628468277714,0.0018586697277717971,0.0023512172056313232,0.002722951151185683,0.003336312161350376,0.0044329273007357355,0.005213568586399891,0.004897594732678685,0.0046095009248740566,0.004089073401097954,0.0038195662905710433,0.003903206428320774,0.0040333133092648,0.004209886933403121,0.004182006887486544,0.004154126841569967,0.004423633952096877,0.004507274089846608,0.004079780052459094,0.0049719415217895566,0.005464488999649083,0.005278622026871903,0.005083461705455865,0.006430997258090418,0.009126068363359524,0.006821317900922495,0.007982986480779868,0.009293348638858986,0.01079887111835414,0.012025593138683528,0.01098473809113132,0.0111706050639085,0.010046109878606563,0.009553562400747036,0.009284055290220127,0.008865854601471471,0.008364013774973087,0.008326840380417653,0.008494120655917113,0.007332452076059739,0.007843586251196983,0.007397505516531753,0.007127998406004842,0.006830611249561354,0.007220931892393432,0.010455017218716358,0.012313686946488156
29103,0.0005204275237761033,0.0005668942669703981,0.0005483075696926801,0.0005854809642481161,0.0006040676615258341,0.0006970011479144239,0.0007248811938310009,0.0008364013774973088,0.0010687350934687832,0.0012546020662459632,0.0017285628468277714,0.0018586697277717971,0.0023512172056313232,0.002722951151185683,0.003336312161350376,0.0044329273007357355,0.005213568586399891,0.004897594732678685,0.0046095009248740566,0.004089073401097954,0.0038195662905710433,0.003903206428320774,0.0040333133092648,0.004209886933403121,0.004182006887486544,0.004154126841569967,0.004423633952096877,0.004507274089846608,0.004079780052459094,0.0049719415217895566,0.005464488999649083,0.005278622026871903,0.005083461705455865,0.006430997258090418,0.009126068363359524,0.006821317900922495,0.007982986480779868,0.009293348638858986,0.01079887111835414,0.012025593138683528,0.01098473809113132,0.0111706050639085,0.010046109878606563,0.009553562400747036,0.009284055290220127,0.008865854601471471,0.008364013774973087,0.008326840380417653,0.008494120655917113,0.007332452076059739,0.007843586251196983,0.007397505516531753,0.007127998406004842,0.006830611249561354,0.007220931892393432,0.010455017218716358,0.012313686946488156
29105,0.0005204275237761033,0.0005668942669703981,0.0005483075696926801,0.0005854809642481161,0.0006040676615258341,0.0006970011479144239,0.0007248811938310009,0.0008364013774973088,0.0010687350934687832,0.0012546020662459632,0.0017285628468277714,0.0018586697277717971,0.0023512172056313232,0.002722951151185683,0.003336312161350376,0.0044329273007357355,0.005213568586399891,0.004897594732678685,0.0046095009248740566,0.004089073401097954,0.0038195662905710433,0.003903206428320774,0.0040333133092648,0.004209886933403121,0.004182006887486544,0.004154126841569967,0.004423633952096877,0.004507274089846608,0.004079780052459094,0.0049719415217895566,0.005464488999649083,0.005278622026871903,0.005083461705455865,0.006430997258090418,0.009126068363359524,0.006821317900922495,0.007982986480779868,0.009293348638858986,0.01079887111835414,0.012025593138683528,0.01098473809113132,0.0111706050639085,0.010046109878606563,0.009553562400747036,0.009284055290220127,0.008865854601471471,0.008364013774973087,0.008326840380417653,0.008494120655917113,0.007332452076059739,0.007843586251196983,0.007397505516531753,0.007127998406004842,0.006830611249561354,0.007220931892393432,0.010455017218716358,0.012313686946488156
29107,0.0005204275237761033,0.0005668942669703981,0.0005483075696926801,0.0005854809642481161,0.0006040676615258341,0.0006970011479144239,0.0007248811938310009,0.0008364013774973088,0.0010687350934687832,0.0012546020662459632,0.0017285628468277714,0.0018586697277717971,0.0023512172056313232,0.002722951151185683,0.003336312161350376,0.0044329273007357355,0.005213568586399891,0.004897594732678685,0.0046095009248740566,0.004089073401097954,0.0038195662905710433,0.003903206428320774,0.0040333133092648,0.004209886933403121,0.004182006887486544,0.004154126841569967,0.004423633952096877,0.004507274089846608,0.004079780052459094,0.0049719415217895566,0.005464488999649083,0.005278622026871903,0.005083461705455865,0.006430997258090418,0.009126068363359524,0.006821317900922495,0.007982986480779868,0.009293348638858986,0.01079887111835414,0.012025593138683528,0.01098473809113132,0.0111706050639085,0.010046109878606563,0.009553562400747036,0.009284055290220127,0.008865854601471471,0.008364013774973087,0.008326840380417653,0.008494120655917113,0.007332452076059739,0.007843586251196983,0.007397505516531753,0.007127998406004842,0.006830611249561354,0.007220931892393432,0.010455017218716358,0.012313686946488156
29109,0.0005204275237761033,0.0005668942669703981,0.0005483075696926801,0.0005854809642481161,0.0006040676615258341,0.0006970011479144239,0.0007248811938310009,0.0008364013774973088,0.0010687350934687832,0.0012546020662459632,0.0017285628468277714,0.0018586697277717971,0.0023512172056313232,0.002722951151185683,0.003336312161350376,0.0044329273007357355,0.005213568586399891,0.004897594732678685,0.0046095009248740566,0.004089073401097954,0.0038195662905710433,0.003903206428320774,0.0040333133092648,0.004209886933403121,0.004182006887486544,0.004154126841569967,0.004423633952096877,0.004507274089846608,0.004079780052459094,0.0049719415217895566,0.005464488999649083,0.005278622026871903,0.005083461705455865,0.006430997258090418,0.009126068363359524,0.006821317900922495,0.007982986480779868,0.009293348638858986,0.01079887111835414,0.012025593138683528,0.01098473809113132,0.0111706050639085,0.010046109878606563,0.009553562400747036,0.009284055290220127,0.008865854601471471,0.008364013774973087,0.008326840380417653,0.008494120655917113,0.007332452076059739,0.007843586251196983,0.007397505516531753,0.007127998406004842,0.006830611249561354,0.007220931892393432,0.010455017218716358,0.012313686946488156
29111,0.0005204275237761033,0.0005668942669703981,0.0005483075696926801,0.0005854809642481161,0.0006040676615258341,0.0006970011479144239,0.0007248811938310009,0.0008364013774973088,0.0010687350934687832,0.0012546020662459632,0.0017285628468277714,0.0018586697277717971,0.0023512172056313232,0.002722951151185683,0.003336312161350376,0.0044329273007357355,0.005213568586399891,0.004897594732678685,0.0046095009248740566,0.004089073401097954,0.0038195662905710433,0.003903206428320774,0.0040333133092648,0.004209886933403121,0.004182006887486544,0.004154126841569967,0.004423633952096877,0.004507274089846608,0.004079780052459094,0.0049719415217895566,0.005464488999649083,0.005278622026871903,0.005083461705455865,0.006430997258090418,0.009126068363359524,0.006821317900922495,0.007982986480779868,0.009293348638858986,0.01079887111835414,0.012025593138683528,0.01098473809113132,0.0111706050639085,0.010046109878606563,0.009553562400747036,0.009284055290220127,0.008865854601471471,0.008364013774973087,0.008326840380417653,0.008494120655917113,0.007332452076059739,0.007843586251196983,0.007397505516531753,0.007127998406004842,0.006830611249561354,0.007220931892393432,0.010455017218716358,0.012313686946488156
29113,0.0005204275237761033,0.0005668942669703981,0.0005483075696926801,0.0005854809642481161,0.0006040676615258341,0.0006970011479144239,0.0007248811938310009,0.0008364013774973088,0.0010687350934687832,0.0012546020662459632,0.0017285628468277714,0.0018586697277717971,0.0023512172056313232,0.002722951151185683,0.003336312161350376,0.0044329273007357355,0.005213568586399891,0.004897594732678685,0.0046095009248740566,0.004089073401097954,0.0038195662905710433,0.003903206428320774,0.0040333133092648,0.004209886933403121,0.004182006887486544,0.004154126841569967,0.004423633952096877,0.004507274089846608,0.004079780052459094,0.0049719415217895566,0.005464488999649083,0.005278622026871903,0.005083461705455865,0.006430997258090418,0.009126068363359524,0.006821317900922495,0.007982986480779868,0.009293348638858986,0.01079887111835414,0.012025593138683528,0.01098473809113132,0.0111706050639085,0.010046109878606563,0.009553562400747036,0.009284055290220127,0.008865854601471471,0.008364013774973087,0.008326840380417653,0.008494120655917113,0.007332452076059739,0.007843586251196983,0.007397505516531753,0.007127998406004842,0.006830611249561354,0.007220931892393432,0.010455017218716358,0.012313686946488156
29115,0.0005204275237761033,0.0005668942669703981,0.0005483075696926801,0.0005854809642481161,0.0006040676615258341,0.0006970011479144239,0.0007248811938310009,0.0008364013774973088,0.0010687350934687832,0.0012546020662459632,0.0017285628468277714,0.0018586697277717971,0.0023512172056313232,0.002722951151185683,0.003336312161350376,0.0044329273007357355,0.005213568586399891,0.004897594732678685,0.0046095009248740566,0.004089073401097954,0.0038195662905710433,0.003903206428320774,0.0040333133092648,0.004209886933403121,0.004182006887486544,0.004154126841569967,0.004423633952096877,0.004507274089846608,0.004079780052459094,0.0049719415217895566,0.005464488999649083,0.005278622026871903,0.005083461705455865,0.006430997258090418,0.009126068363359524,0.006821317900922495,0.007982986480779868,0.009293348638858986,0.01079887111835414,0.012025593138683528,0.01098473809113132,0.0111706050639085,0.010046109878606563,0.009553562400747036,0.009284055290220127,0.008865854601471471,0.008364013774973087,0.008326840380417653,0.008494120655917113,0.007332452076059739,0.007843586251196983,0.007397505516531753,0.007127998406004842,0.006830611249561354,0.007220931892393432,0.010455017218716358,0.012313686946488156
29117,0.0005204275237761033,0.0005668942669703981,0.0005483075696926801,0.0005854809642481161,0.0006040676615258341,0.0006970011479144239,0.0007248811938310009,0.0008364013774973088,0.0010687350934687832,0.0012546020662459632,0.0017285628468277714,0.0018586697277717971,0.0023512172056313232,0.002722951151185683,0.003336312161350376,0.0044329273007357355,0.005213568586399891,0.004897594732678685,0.0046095009248740566,0.004089073401097954,0.0038195662905710433,0.003903206428320774,0.0040333133092648,0.004209886933403121,0.004182006887486544,0.004154126841569967,0.004423633952096877,0.004507274089846608,0.004079780052459094,0.0049719415217895566,0.005464488999649083,0.005278622026871903,0.005083461705455865,0.006430997258090418,0.009126068363359524,0.006821317900922495,0.007982986480779868,0.009293348638858986,0.01079887111835414,0.012025593138683528,0.01098473809113132,0.0111706050639085,0.010046109878606563,0.009553562400747036,0.009284055290220127,0.008865854601471471,0.008364013774973087,0.008326840380417653,0.008494120655917113,0.007332452076059739,0.007843586251196983,0.007397505516531753,0.007127998406004842,0.006830611249561354,0.007220931892393432,0.010455017218716358,0.012313686946488156
29119,0.0005204275237761033,0.0005668942669703981,0.0005483075696926801,0.0005854809642481161,0.0006040676615258341,0.0006970011479144239,0.0007248811938310009,0.0008364013774973088,0.0010687350934687832,0.0012546020662459632,0.0017285628468277714,0.0018586697277717971,0.0023512172056313232,0.002722951151185683,0.003336312161350376,0.0044329273007357355,0.005213568586399891,0.004897594732678685,0.0046095009248740566,0.004089073401097954,0.0038195662905710433,0.003903206428320774,0.0040333133092648,0.004209886933403121,0.004182006887486544,0.004154126841569967,0.004423633952096877,0.004507274089846608,0.004079780052459094,0.0049719415217895566,0.005464488999649083,0.005278622026871903,0.005083461705455865,0.006430997258090418,0.009126068363359524,0.006821317900922495,0.007982986480779868,0.009293348638858986,0.01079887111835414,0.012025593138683528,0.01098473809113132,0.0111706050639085,0.010046109878606563,0.009553562400747036,0.009284055290220127,0.008865854601471471,0.008364013774973087,0.008326840380417653,0.008494120655917113,0.007332452076059739,0.007843586251196983,0.007397505516531753,0.007127998406004842,0.006830611249561354,0.007220931892393432,0.010455017218716358,0.012313686946488156
29121,0.0005204275237761033,0.0005668942669703981,0.0005483075696926801,0.0005854809642481161,0.0006040676615258341,0.0006970011479144239,0.0007248811938310009,0.0008364013774973088,0.0010687350934687832,0.0012546020662459632,0.0017285628468277714,0.0018586697277717971,0.0023512172056313232,0.002722951151185683,0.003336312161350376,0.0044329273007357355,0.005213568586399891,0.004897594732678685,0.0046095009248740566,0.004089073401097954,0.0038195662905710433,0.003903206428320774,0.0040333133092648,0.004209886933403121,0.004182006887486544,0.004154126841569967,0.004423633952096877,0.004507274089846608,0.004079780052459094,0.0049719415217895566,0.005464488999649083,0.005278622026871903,0.005083461705455865,0.006430997258090418,0.009126068363359524,0.006821317900922495,0.007982986480779868,0.009293348638858986,0.01079887111835414,0.012025593138683528,0.01098473809113132,0.0111706050639085,0.010046109878606563,0.009553562400747036,0.009284055290220127,0.008865854601471471,0.008364013774973087,0.008326840380417653,0.008494120655917113,0.007332452076059739,0.007843586251196983,0.007397505516531753,0.007127998406004842,0.006830611249561354,0.007220931892393432,0.010455017218716358,0.012313686946488156
29123,0.0005204275237761033,0.0005668942669703981,0.0005483075696926801,0.0005854809642481161,0.0006040676615258341,0.0006970011479144239,0.0007248811938310009,0.0008364013774973088,0.0010687350934687832,0.0012546020662459632,0.0017285628468277714,0.0018586697277717971,0.0023512172056313232,0.002722951151185683,0.003336312161350376,0.0044329273007357355,0.005213568586399891,0.004897594732678685,0.0046095009248740566,0.004089073401097954,0.0038195662905710433,0.003903206428320774,0.0040333133092648,0.004209886933403121,0.004182006887486544,0.004154126841569967,0.004423633952096877,0.004507274089846608,0.004079780052459094,0.0049719415217895566,0.005464488999649083,0.005278622026871903,0.005083461705455865,0.006430997258090418,0.009126068363359524,0.006821317900922495,0.007982986480779868,0.009293348638858986,0.01079887111835414,0.012025593138683528,0.01098473809113132,0.0111706050639085,0.010046109878606563,0.009553562400747036,0.009284055290220127,0.008865854601471471,0.008364013774973087,0.008326840380417653,0.008494120655917113,0.007332452076059739,0.007843586251196983,0.007397505516531753,0.007127998406004842,0.006830611249561354,0.007220931892393432,0.010455017218716358,0.012313686946488156
29125,0.0005204275237761033,0.0005668942669703981,0.0005483075696926801,0.0005854809642481161,0.0006040676615258341,0.0006970011479144239,0.0007248811938310009,0.0008364013774973088,0.0010687350934687832,0.0012546020662459632,0.0017285628468277714,0.0018586697277717971,0.0023512172056313232,0.002722951151185683,0.003336312161350376,0.0044329273007357355,0.005213568586399891,0.004897594732678685,0.0046095009248740566,0.004089073401097954,0.0038195662905710433,0.003903206428320774,0.0040333133092648,0.004209886933403121,0.004182006887486544,0.004154126841569967,0.004423633952096877,0.004507274089846608,0.004079780052459094,0.0049719415217895566,0.005464488999649083,0.005278622026871903,0.005083461705455865,0.006430997258090418,0.009126068363359524,0.006821317900922495,0.007982986480779868,0.009293348638858986,0.01079887111835414,0.012025593138683528,0.01098473809113132,0.0111706050639085,0.010046109878606563,0.009553562400747036,0.009284055290220127,0.008865854601471471,0.008364013774973087,0.008326840380417653,0.008494120655917113,0.007332452076059739,0.007843586251196983,0.007397505516531753,0.007127998406004842,0.006830611249561354,0.007220931892393432,0.010455017218716358,0.012313686946488156
29127,0.0005204275237761033,0.0005668942669703981,0.0005483075696926801,0.0005854809642481161,0.0006040676615258341,0.0006970011479144239,0.0007248811938310009,0.0008364013774973088,0.0010687350934687832,0.0012546020662459632,0.0017285628468277714,0.0018586697277717971,0.0023512172056313232,0.002722951151185683,0.003336312161350376,0.0044329273007357355,0.005213568586399891,0.004897594732678685,0.0046095009248740566,0.004089073401097954,0.0038195662905710433,0.003903206428320774,0.0040333133092648,0.004209886933403121,0.004182006887486544,0.004154126841569967,0.004423633952096877,0.004507274089846608,0.004079780052459094,0.0049719415217895566,0.005464488999649083,0.005278622026871903,0.005083461705455865,0.006430997258090418,0.009126068363359524,0.006821317900922495,0.007982986480779868,0.009293348638858986,0.01079887111835414,0.012025593138683528,0.01098473809113132,0.0111706050639085,0.010046109878606563,0.009553562400747036,0.009284055290220127,0.008865854601471471,0.008364013774973087,0.008326840380417653,0.008494120655917113,0.007332452076059739,0.007843586251196983,0.007397505516531753,0.007127998406004842,0.006830611249561354,0.007220931892393432,0.010455017218716358,0.012313686946488156
29129,0.0005204275237761033,0.0005668942669703981,0.0005483075696926801,0.0005854809642481161,0.0006040676615258341,0.0006970011479144239,0.0007248811938310009,0.0008364013774973088,0.0010687350934687832,0.0012546020662459632,0.0017285628468277714,0.0018586697277717971,0.0023512172056313232,0.002722951151185683,0.003336312161350376,0.0044329273007357355,0.005213568586399891,0.004897594732678685,0.0046095009248740566,0.004089073401097954,0.0038195662905710433,0.003903206428320774,0.0040333133092648,0.004209886933403121,0.004182006887486544,0.004154126841569967,0.004423633952096877,0.004507274089846608,0.004079780052459094,0.0049719415217895566,0.005464488999649083,0.005278622026871903,0.005083461705455865,0.006430997258090418,0.009126068363359524,0.006821317900922495,0.007982986480779868,0.009293348638858986,0.01079887111835414,0.012025593138683528,0.01098473809113132,0.0111706050639085,0.010046109878606563,0.009553562400747036,0.009284055290220127,0.008865854601471471,0.008364013774973087,0.008326840380417653,0.008494120655917113,0.007332452076059739,0.007843586251196983,0.007397505516531753,0.007127998406004842,0.006830611249561354,0.007220931892393432,0.010455017218716358,0.012313686946488156
29131,0.0005204275237761033,0.0005668942669703981,0.0005483075696926801,0.0005854809642481161,0.0006040676615258341,0.0006970011479144239,0.0007248811938310009,0.0008364013774973088,0.0010687350934687832,0.0012546020662459632,0.0017285628468277714,0.0018586697277717971,0.0023512172056313232,0.002722951151185683,0.003336312161350376,0.0044329273007357355,0.005213568586399891,0.004897594732678685,0.0046095009248740566,0.004089073401097954,0.0038195662905710433,0.003903206428320774,0.0040333133092648,0.004209886933403121,0.004182006887486544,0.004154126841569967,0.004423633952096877,0.004507274089846608,0.004079780052459094,0.0049719415217895566,0.005464488999649083,0.005278622026871903,0.005083461705455865,0.006430997258090418,0.009126068363359524,0.006821317900922495,0.007982986480779868,0.009293348638858986,0.01079887111835414,0.012025593138683528,0.01098473809113132,0.0111706050639085,0.010046109878606563,0.009553562400747036,0.009284055290220127,0.008865854601471471,0.008364013774973087,0.008326840380417653,0.008494120655917113,0.007332452076059739,0.007843586251196983,0.007397505516531753,0.007127998406004842,0.006830611249561354,0.007220931892393432,0.010455017218716358,0.012313686946488156
29133,0.0005204275237761033,0.0005668942669703981,0.0005483075696926801,0.0005854809642481161,0.0006040676615258341,0.0006970011479144239,0.0007248811938310009,0.0008364013774973088,0.0010687350934687832,0.0012546020662459632,0.0017285628468277714,0.0018586697277717971,0.0023512172056313232,0.002722951151185683,0.003336312161350376,0.0044329273007357355,0.005213568586399891,0.004897594732678685,0.0046095009248740566,0.004089073401097954,0.0038195662905710433,0.003903206428320774,0.0040333133092648,0.004209886933403121,0.004182006887486544,0.004154126841569967,0.004423633952096877,0.004507274089846608,0.004079780052459094,0.0049719415217895566,0.005464488999649083,0.005278622026871903,0.005083461705455865,0.006430997258090418,0.009126068363359524,0.006821317900922495,0.007982986480779868,0.009293348638858986,0.01079887111835414,0.012025593138683528,0.01098473809113132,0.0111706050639085,0.010046109878606563,0.009553562400747036,0.009284055290220127,0.008865854601471471,0.008364013774973087,0.008326840380417653,0.008494120655917113,0.007332452076059739,0.007843586251196983,0.007397505516531753,0.007127998406004842,0.006830611249561354,0.007220931892393432,0.010455017218716358,0.012313686946488156
29135,0.0005204275237761033,0.0005668942669703981,0.0005483075696926801,0.0005854809642481161,0.0006040676615258341,0.0006970011479144239,0.0007248811938310009,0.0008364013774973088,0.0010687350934687832,0.0012546020662459632,0.0017285628468277714,0.0018586697277717971,0.0023512172056313232,0.002722951151185683,0.003336312161350376,0.0044329273007357355,0.005213568586399891,0.004897594732678685,0.0046095009248740566,0.004089073401097954,0.0038195662905710433,0.003903206428320774,0.0040333133092648,0.004209886933403121,0.004182006887486544,0.004154126841569967,0.004423633952096877,0.004507274089846608,0.004079780052459094,0.0049719415217895566,0.005464488999649083,0.005278622026871903,0.005083461705455865,0.006430997258090418,0.009126068363359524,0.006821317900922495,0.007982986480779868,0.009293348638858986,0.01079887111835414,0.012025593138683528,0.01098473809113132,0.0111706050639085,0.010046109878606563,0.009553562400747036,0.009284055290220127,0.008865854601471471,0.008364013774973087,0.008326840380417653,0.008494120655917113,0.007332452076059739,0.007843586251196983,0.007397505516531753,0.007127998406004842,0.006830611249561354,0.007220931892393432,0.010455017218716358,0.012313686946488156
29137,0.0005204275237761033,0.0005668942669703981,0.0005483075696926801,0.0005854809642481161,0.0006040676615258341,0.0006970011479144239,0.0007248811938310009,0.0008364013774973088,0.0010687350934687832,0.0012546020662459632,0.0017285628468277714,0.0018586697277717971,0.0023512172056313232,0.002722951151185683,0.003336312161350376,0.0044329273007357355,0.005213568586399891,0.004897594732678685,0.0046095009248740566,0.004089073401097954,0.0038195662905710433,0.003903206428320774,0.0040333133092648,0.004209886933403121,0.004182006887486544,0.004154126841569967,0.004423633952096877,0.004507274089846608,0.004079780052459094,0.0049719415217895566,0.005464488999649083,0.005278622026871903,0.005083461705455865,0.006430997258090418,0.009126068363359524,0.006821317900922495,0.007982986480779868,0.009293348638858986,0.01079887111835414,0.012025593138683528,0.01098473809113132,0.0111706050639085,0.010046109878606563,0.009553562400747036,0.009284055290220127,0.008865854601471471,0.008364013774973087,0.008326840380417653,0.008494120655917113,0.007332452076059739,0.007843586251196983,0.007397505516531753,0.007127998406004842,0.006830611249561354,0.007220931892393432,0.010455017218716358,0.012313686946488156
29139,0.0005204275237761033,0.0005668942669703981,0.0005483075696926801,0.0005854809642481161,0.0006040676615258341,0.0006970011479144239,0.0007248811938310009,0.0008364013774973088,0.0010687350934687832,0.0012546020662459632,0.0017285628468277714,0.0018586697277717971,0.0023512172056313232,0.002722951151185683,0.003336312161350376,0.0044329273007357355,0.005213568586399891,0.004897594732678685,0.0046095009248740566,0.004089073401097954,0.0038195662905710433,0.003903206428320774,0.0040333133092648,0.004209886933403121,0.004182006887486544,0.004154126841569967,0.004423633952096877,0.004507274089846608,0.004079780052459094,0.0049719415217895566,0.005464488999649083,0.005278622026871903,0.005083461705455865,0.006430997258090418,0.009126068363359524,0.006821317900922495,0.007982986480779868,0.009293348638858986,0.01079887111835414,0.012025593138683528,0.01098473809113132,0.0111706050639085,0.010046109878606563,0.009553562400747036,0.009284055290220127,0.008865854601471471,0.008364013774973087,0.008326840380417653,0.008494120655917113,0.007332452076059739,0.007843586251196983,0.007397505516531753,0.007127998406004842,0.006830611249561354,0.007220931892393432,0.010455017218716358,0.012313686946488156
29141,0.0005204275237761033,0.0005668942669703981,0.0005483075696926801,0.0005854809642481161,0.0006040676615258341,0.0006970011479144239,0.0007248811938310009,0.0008364013774973088,0.0010687350934687832,0.0012546020662459632,0.0017285628468277714,0.0018586697277717971,0.0023512172056313232,0.002722951151185683,0.003336312161350376,0.0044329273007357355,0.005213568586399891,0.004897594732678685,0.0046095009248740566,0.004089073401097954,0.0038195662905710433,0.003903206428320774,0.0040333133092648,0.004209886933403121,0.004182006887486544,0.004154126841569967,0.004423633952096877,0.004507274089846608,0.004079780052459094,0.0049719415217895566,0.005464488999649083,0.005278622026871903,0.005083461705455865,0.006430997258090418,0.009126068363359524,0.006821317900922495,0.007982986480779868,0.009293348638858986,0.01079887111835414,0.012025593138683528,0.01098473809113132,0.0111706050639085,0.010046109878606563,0.009553562400747036,0.009284055290220127,0.008865854601471471,0.008364013774973087,0.008326840380417653,0.008494120655917113,0.007332452076059739,0.007843586251196983,0.007397505516531753,0.007127998406004842,0.006830611249561354,0.007220931892393432,0.010455017218716358,0.012313686946488156
29143,0.0005204275237761033,0.0005668942669703981,0.0005483075696926801,0.0005854809642481161,0.0006040676615258341,0.0006970011479144239,0.0007248811938310009,0.0008364013774973088,0.0010687350934687832,0.0012546020662459632,0.0017285628468277714,0.0018586697277717971,0.0023512172056313232,0.002722951151185683,0.003336312161350376,0.0044329273007357355,0.005213568586399891,0.004897594732678685,0.0046095009248740566,0.004089073401097954,0.0038195662905710433,0.003903206428320774,0.0040333133092648,0.004209886933403121,0.004182006887486544,0.004154126841569967,0.004423633952096877,0.004507274089846608,0.004079780052459094,0.0049719415217895566,0.005464488999649083,0.005278622026871903,0.005083461705455865,0.006430997258090418,0.009126068363359524,0.006821317900922495,0.007982986480779868,0.009293348638858986,0.01079887111835414,0.012025593138683528,0.01098473809113132,0.0111706050639085,0.010046109878606563,0.009553562400747036,0.009284055290220127,0.008865854601471471,0.008364013774973087,0.008326840380417653,0.008494120655917113,0.007332452076059739,0.007843586251196983,0.007397505516531753,0.007127998406004842,0.006830611249561354,0.007220931892393432,0.010455017218716358,0.012313686946488156
29145,0.0005204275237761033,0.0005668942669703981,0.0005483075696926801,0.0005854809642481161,0.0006040676615258341,0.0006970011479144239,0.0007248811938310009,0.0008364013774973088,0.0010687350934687832,0.0012546020662459632,0.0017285628468277714,0.0018586697277717971,0.0023512172056313232,0.002722951151185683,0.003336312161350376,0.0044329273007357355,0.005213568586399891,0.004897594732678685,0.0046095009248740566,0.004089073401097954,0.0038195662905710433,0.003903206428320774,0.0040333133092648,0.004209886933403121,0.004182006887486544,0.004154126841569967,0.004423633952096877,0.004507274089846608,0.004079780052459094,0.0049719415217895566,0.005464488999649083,0.005278622026871903,0.005083461705455865,0.006430997258090418,0.009126068363359524,0.006821317900922495,0.007982986480779868,0.009293348638858986,0.01079887111835414,0.012025593138683528,0.01098473809113132,0.0111706050639085,0.010046109878606563,0.009553562400747036,0.009284055290220127,0.008865854601471471,0.008364013774973087,0.008326840380417653,0.008494120655917113,0.007332452076059739,0.007843586251196983,0.007397505516531753,0.007127998406004842,0.006830611249561354,0.007220931892393432,0.010455017218716358,0.012313686946488156
29147,0.0005204275237761033,0.0005668942669703981,0.0005483075696926801,0.0005854809642481161,0.0006040676615258341,0.0006970011479144239,0.0007248811938310009,0.0008364013774973088,0.0010687350934687832,0.0012546020662459632,0.0017285628468277714,0.0018586697277717971,0.0023512172056313232,0.002722951151185683,0.003336312161350376,0.0044329273007357355,0.005213568586399891,0.004897594732678685,0.0046095009248740566,0.004089073401097954,0.0038195662905710433,0.003903206428320774,0.0040333133092648,0.004209886933403121,0.004182006887486544,0.004154126841569967,0.004423633952096877,0.004507274089846608,0.004079780052459094,0.0049719415217895566,0.005464488999649083,0.005278622026871903,0.005083461705455865,0.006430997258090418,0.009126068363359524,0.006821317900922495,0.007982986480779868,0.009293348638858986,0.01079887111835414,0.012025593138683528,0.01098473809113132,0.0111706050639085,0.010046109878606563,0.009553562400747036,0.009284055290220127,0.008865854601471471,0.008364013774973087,0.008326840380417653,0.008494120655917113,0.007332452076059739,0.007843586251196983,0.007397505516531753,0.007127998406004842,0.006830611249561354,0.007220931892393432,0.010455017218716358,0.012313686946488156
29149,0.0005204275237761033,0.0005668942669703981,0.0005483075696926801,0.0005854809642481161,0.0006040676615258341,0.0006970011479144239,0.0007248811938310009,0.0008364013774973088,0.0010687350934687832,0.0012546020662459632,0.0017285628468277714,0.0018586697277717971,0.0023512172056313232,0.002722951151185683,0.003336312161350376,0.0044329273007357355,0.005213568586399891,0.004897594732678685,0.0046095009248740566,0.004089073401097954,0.0038195662905710433,0.003903206428320774,0.0040333133092648,0.004209886933403121,0.004182006887486544,0.004154126841569967,0.004423633952096877,0.004507274089846608,0.004079780052459094,0.0049719415217895566,0.005464488999649083,0.005278622026871903,0.005083461705455865,0.006430997258090418,0.009126068363359524,0.006821317900922495,0.007982986480779868,0.009293348638858986,0.01079887111835414,0.012025593138683528,0.01098473809113132,0.0111706050639085,0.010046109878606563,0.009553562400747036,0.009284055290220127,0.008865854601471471,0.008364013774973087,0.008326840380417653,0.008494120655917113,0.007332452076059739,0.007843586251196983,0.007397505516531753,0.007127998406004842,0.006830611249561354,0.007220931892393432,0.010455017218716358,0.012313686946488156
29151,0.0005204275237761033,0.0005668942669703981,0.0005483075696926801,0.0005854809642481161,0.0006040676615258341,0.0006970011479144239,0.0007248811938310009,0.0008364013774973088,0.0010687350934687832,0.0012546020662459632,0.0017285628468277714,0.0018586697277717971,0.0023512172056313232,0.002722951151185683,0.003336312161350376,0.0044329273007357355,0.005213568586399891,0.004897594732678685,0.0046095009248740566,0.004089073401097954,0.0038195662905710433,0.003903206428320774,0.0040333133092648,0.004209886933403121,0.004182006887486544,0.004154126841569967,0.004423633952096877,0.004507274089846608,0.004079780052459094,0.0049719415217895566,0.005464488999649083,0.005278622026871903,0.005083461705455865,0.006430997258090418,0.009126068363359524,0.006821317900922495,0.007982986480779868,0.009293348638858986,0.01079887111835414,0.012025593138683528,0.01098473809113132,0.0111706050639085,0.010046109878606563,0.009553562400747036,0.009284055290220127,0.008865854601471471,0.008364013774973087,0.008326840380417653,0.008494120655917113,0.007332452076059739,0.007843586251196983,0.007397505516531753,0.007127998406004842,0.006830611249561354,0.007220931892393432,0.010455017218716358,0.012313686946488156
29153,0.0005204275237761033,0.0005668942669703981,0.0005483075696926801,0.0005854809642481161,0.0006040676615258341,0.0006970011479144239,0.0007248811938310009,0.0008364013774973088,0.0010687350934687832,0.0012546020662459632,0.0017285628468277714,0.0018586697277717971,0.0023512172056313232,0.002722951151185683,0.003336312161350376,0.0044329273007357355,0.005213568586399891,0.004897594732678685,0.0046095009248740566,0.004089073401097954,0.0038195662905710433,0.003903206428320774,0.0040333133092648,0.004209886933403121,0.004182006887486544,0.004154126841569967,0.004423633952096877,0.004507274089846608,0.004079780052459094,0.0049719415217895566,0.005464488999649083,0.005278622026871903,0.005083461705455865,0.006430997258090418,0.009126068363359524,0.006821317900922495,0.007982986480779868,0.009293348638858986,0.01079887111835414,0.012025593138683528,0.01098473809113132,0.0111706050639085,0.010046109878606563,0.009553562400747036,0.009284055290220127,0.008865854601471471,0.008364013774973087,0.008326840380417653,0.008494120655917113,0.007332452076059739,0.007843586251196983,0.007397505516531753,0.007127998406004842,0.006830611249561354,0.007220931892393432,0.010455017218716358,0.012313686946488156
29155,0.0005204275237761033,0.0005668942669703981,0.0005483075696926801,0.0005854809642481161,0.0006040676615258341,0.0006970011479144239,0.0007248811938310009,0.0008364013774973088,0.0010687350934687832,0.0012546020662459632,0.0017285628468277714,0.0018586697277717971,0.0023512172056313232,0.002722951151185683,0.003336312161350376,0.0044329273007357355,0.005213568586399891,0.004897594732678685,0.0046095009248740566,0.004089073401097954,0.0038195662905710433,0.003903206428320774,0.0040333133092648,0.004209886933403121,0.004182006887486544,0.004154126841569967,0.004423633952096877,0.004507274089846608,0.004079780052459094,0.0049719415217895566,0.005464488999649083,0.005278622026871903,0.005083461705455865,0.006430997258090418,0.009126068363359524,0.006821317900922495,0.007982986480779868,0.009293348638858986,0.01079887111835414,0.012025593138683528,0.01098473809113132,0.0111706050639085,0.010046109878606563,0.009553562400747036,0.009284055290220127,0.008865854601471471,0.008364013774973087,0.008326840380417653,0.008494120655917113,0.007332452076059739,0.007843586251196983,0.007397505516531753,0.007127998406004842,0.006830611249561354,0.007220931892393432,0.010455017218716358,0.012313686946488156
29157,0.0005204275237761033,0.0005668942669703981,0.0005483075696926801,0.0005854809642481161,0.0006040676615258341,0.0006970011479144239,0.0007248811938310009,0.0008364013774973088,0.0010687350934687832,0.0012546020662459632,0.0017285628468277714,0.0018586697277717971,0.0023512172056313232,0.002722951151185683,0.003336312161350376,0.0044329273007357355,0.005213568586399891,0.004897594732678685,0.0046095009248740566,0.004089073401097954,0.0038195662905710433,0.003903206428320774,0.0040333133092648,0.004209886933403121,0.004182006887486544,0.004154126841569967,0.004423633952096877,0.004507274089846608,0.004079780052459094,0.0049719415217895566,0.005464488999649083,0.005278622026871903,0.005083461705455865,0.006430997258090418,0.009126068363359524,0.006821317900922495,0.007982986480779868,0.009293348638858986,0.01079887111835414,0.012025593138683528,0.01098473809113132,0.0111706050639085,0.010046109878606563,0.009553562400747036,0.009284055290220127,0.008865854601471471,0.008364013774973087,0.008326840380417653,0.008494120655917113,0.007332452076059739,0.007843586251196983,0.007397505516531753,0.007127998406004842,0.006830611249561354,0.007220931892393432,0.010455017218716358,0.012313686946488156
29159,0.0005204275237761033,0.0005668942669703981,0.0005483075696926801,0.0005854809642481161,0.0006040676615258341,0.0006970011479144239,0.0007248811938310009,0.0008364013774973088,0.0010687350934687832,0.0012546020662459632,0.0017285628468277714,0.0018586697277717971,0.0023512172056313232,0.002722951151185683,0.003336312161350376,0.0044329273007357355,0.005213568586399891,0.004897594732678685,0.0046095009248740566,0.004089073401097954,0.0038195662905710433,0.003903206428320774,0.0040333133092648,0.004209886933403121,0.004182006887486544,0.004154126841569967,0.004423633952096877,0.004507274089846608,0.004079780052459094,0.0049719415217895566,0.005464488999649083,0.005278622026871903,0.005083461705455865,0.006430997258090418,0.009126068363359524,0.006821317900922495,0.007982986480779868,0.009293348638858986,0.01079887111835414,0.012025593138683528,0.01098473809113132,0.0111706050639085,0.010046109878606563,0.009553562400747036,0.009284055290220127,0.008865854601471471,0.008364013774973087,0.008326840380417653,0.008494120655917113,0.007332452076059739,0.007843586251196983,0.007397505516531753,0.007127998406004842,0.006830611249561354,0.007220931892393432,0.010455017218716358,0.012313686946488156
29161,0.0005204275237761033,0.0005668942669703981,0.0005483075696926801,0.0005854809642481161,0.0006040676615258341,0.0006970011479144239,0.0007248811938310009,0.0008364013774973088,0.0010687350934687832,0.0012546020662459632,0.0017285628468277714,0.0018586697277717971,0.0023512172056313232,0.002722951151185683,0.003336312161350376,0.0044329273007357355,0.005213568586399891,0.004897594732678685,0.0046095009248740566,0.004089073401097954,0.0038195662905710433,0.003903206428320774,0.0040333133092648,0.004209886933403121,0.004182006887486544,0.004154126841569967,0.004423633952096877,0.004507274089846608,0.004079780052459094,0.0049719415217895566,0.005464488999649083,0.005278622026871903,0.005083461705455865,0.006430997258090418,0.009126068363359524,0.006821317900922495,0.007982986480779868,0.009293348638858986,0.01079887111835414,0.012025593138683528,0.01098473809113132,0.0111706050639085,0.010046109878606563,0.009553562400747036,0.009284055290220127,0.008865854601471471,0.008364013774973087,0.008326840380417653,0.008494120655917113,0.007332452076059739,0.007843586251196983,0.007397505516531753,0.007127998406004842,0.006830611249561354,0.007220931892393432,0.010455017218716358,0.012313686946488156
29163,0.0005204275237761033,0.0005668942669703981,0.0005483075696926801,0.0005854809642481161,0.0006040676615258341,0.0006970011479144239,0.0007248811938310009,0.0008364013774973088,0.0010687350934687832,0.0012546020662459632,0.0017285628468277714,0.0018586697277717971,0.0023512172056313232,0.002722951151185683,0.003336312161350376,0.0044329273007357355,0.005213568586399891,0.004897594732678685,0.0046095009248740566,0.004089073401097954,0.0038195662905710433,0.003903206428320774,0.0040333133092648,0.004209886933403121,0.004182006887486544,0.004154126841569967,0.004423633952096877,0.004507274089846608,0.004079780052459094,0.0049719415217895566,0.005464488999649083,0.005278622026871903,0.005083461705455865,0.006430997258090418,0.009126068363359524,0.006821317900922495,0.007982986480779868,0.009293348638858986,0.01079887111835414,0.012025593138683528,0.01098473809113132,0.0111706050639085,0.010046109878606563,0.009553562400747036,0.009284055290220127,0.008865854601471471,0.008364013774973087,0.008326840380417653,0.008494120655917113,0.007332452076059739,0.007843586251196983,0.007397505516531753,0.007127998406004842,0.006830611249561354,0.007220931892393432,0.010455017218716358,0.012313686946488156
29165,0.0005204275237761033,0.0005668942669703981,0.0005483075696926801,0.0005854809642481161,0.0006040676615258341,0.0006970011479144239,0.0007248811938310009,0.0008364013774973088,0.0010687350934687832,0.0012546020662459632,0.0017285628468277714,0.0018586697277717971,0.0023512172056313232,0.002722951151185683,0.003336312161350376,0.0044329273007357355,0.005213568586399891,0.004897594732678685,0.0046095009248740566,0.004089073401097954,0.0038195662905710433,0.003903206428320774,0.0040333133092648,0.004209886933403121,0.004182006887486544,0.004154126841569967,0.004423633952096877,0.004507274089846608,0.004079780052459094,0.0049719415217895566,0.005464488999649083,0.005278622026871903,0.005083461705455865,0.006430997258090418,0.009126068363359524,0.006821317900922495,0.007982986480779868,0.009293348638858986,0.01079887111835414,0.012025593138683528,0.01098473809113132,0.0111706050639085,0.010046109878606563,0.009553562400747036,0.009284055290220127,0.008865854601471471,0.008364013774973087,0.008326840380417653,0.008494120655917113,0.007332452076059739,0.007843586251196983,0.007397505516531753,0.007127998406004842,0.006830611249561354,0.007220931892393432,0.010455017218716358,0.012313686946488156
29167,0.0005204275237761033,0.0005668942669703981,0.0005483075696926801,0.0005854809642481161,0.0006040676615258341,0.0006970011479144239,0.0007248811938310009,0.0008364013774973088,0.0010687350934687832,0.0012546020662459632,0.0017285628468277714,0.0018586697277717971,0.0023512172056313232,0.002722951151185683,0.003336312161350376,0.0044329273007357355,0.005213568586399891,0.004897594732678685,0.0046095009248740566,0.004089073401097954,0.0038195662905710433,0.003903206428320774,0.0040333133092648,0.004209886933403121,0.004182006887486544,0.004154126841569967,0.004423633952096877,0.004507274089846608,0.004079780052459094,0.0049719415217895566,0.005464488999649083,0.005278622026871903,0.005083461705455865,0.006430997258090418,0.009126068363359524,0.006821317900922495,0.007982986480779868,0.009293348638858986,0.01079887111835414,0.012025593138683528,0.01098473809113132,0.0111706050639085,0.010046109878606563,0.009553562400747036,0.009284055290220127,0.008865854601471471,0.008364013774973087,0.008326840380417653,0.008494120655917113,0.007332452076059739,0.007843586251196983,0.007397505516531753,0.007127998406004842,0.006830611249561354,0.007220931892393432,0.010455017218716358,0.012313686946488156
29169,0.0005204275237761033,0.0005668942669703981,0.0005483075696926801,0.0005854809642481161,0.0006040676615258341,0.0006970011479144239,0.0007248811938310009,0.0008364013774973088,0.0010687350934687832,0.0012546020662459632,0.0017285628468277714,0.0018586697277717971,0.0023512172056313232,0.002722951151185683,0.003336312161350376,0.0044329273007357355,0.005213568586399891,0.004897594732678685,0.0046095009248740566,0.004089073401097954,0.0038195662905710433,0.003903206428320774,0.0040333133092648,0.004209886933403121,0.004182006887486544,0.004154126841569967,0.004423633952096877,0.004507274089846608,0.004079780052459094,0.0049719415217895566,0.005464488999649083,0.005278622026871903,0.005083461705455865,0.006430997258090418,0.009126068363359524,0.006821317900922495,0.007982986480779868,0.009293348638858986,0.01079887111835414,0.012025593138683528,0.01098473809113132,0.0111706050639085,0.010046109878606563,0.009553562400747036,0.009284055290220127,0.008865854601471471,0.008364013774973087,0.008326840380417653,0.008494120655917113,0.007332452076059739,0.007843586251196983,0.007397505516531753,0.007127998406004842,0.006830611249561354,0.007220931892393432,0.010455017218716358,0.012313686946488156
29171,0.0005204275237761033,0.0005668942669703981,0.0005483075696926801,0.0005854809642481161,0.0006040676615258341,0.0006970011479144239,0.0007248811938310009,0.0008364013774973088,0.0010687350934687832,0.0012546020662459632,0.0017285628468277714,0.0018586697277717971,0.0023512172056313232,0.002722951151185683,0.003336312161350376,0.0044329273007357355,0.005213568586399891,0.004897594732678685,0.0046095009248740566,0.004089073401097954,0.0038195662905710433,0.003903206428320774,0.0040333133092648,0.004209886933403121,0.004182006887486544,0.004154126841569967,0.004423633952096877,0.004507274089846608,0.004079780052459094,0.0049719415217895566,0.005464488999649083,0.005278622026871903,0.005083461705455865,0.006430997258090418,0.009126068363359524,0.006821317900922495,0.007982986480779868,0.009293348638858986,0.01079887111835414,0.012025593138683528,0.01098473809113132,0.0111706050639085,0.010046109878606563,0.009553562400747036,0.009284055290220127,0.008865854601471471,0.008364013774973087,0.008326840380417653,0.008494120655917113,0.007332452076059739,0.007843586251196983,0.007397505516531753,0.007127998406004842,0.006830611249561354,0.007220931892393432,0.010455017218716358,0.012313686946488156
29173,0.0005204275237761033,0.0005668942669703981,0.0005483075696926801,0.0005854809642481161,0.0006040676615258341,0.0006970011479144239,0.0007248811938310009,0.0008364013774973088,0.0010687350934687832,0.0012546020662459632,0.0017285628468277714,0.0018586697277717971,0.0023512172056313232,0.002722951151185683,0.003336312161350376,0.0044329273007357355,0.005213568586399891,0.004897594732678685,0.0046095009248740566,0.004089073401097954,0.0038195662905710433,0.003903206428320774,0.0040333133092648,0.004209886933403121,0.004182006887486544,0.004154126841569967,0.004423633952096877,0.004507274089846608,0.004079780052459094,0.0049719415217895566,0.005464488999649083,0.005278622026871903,0.005083461705455865,0.006430997258090418,0.009126068363359524,0.006821317900922495,0.007982986480779868,0.009293348638858986,0.01079887111835414,0.012025593138683528,0.01098473809113132,0.0111706050639085,0.010046109878606563,0.009553562400747036,0.009284055290220127,0.008865854601471471,0.008364013774973087,0.008326840380417653,0.008494120655917113,0.007332452076059739,0.007843586251196983,0.007397505516531753,0.007127998406004842,0.006830611249561354,0.007220931892393432,0.010455017218716358,0.012313686946488156
29175,0.0005204275237761033,0.0005668942669703981,0.0005483075696926801,0.0005854809642481161,0.0006040676615258341,0.0006970011479144239,0.0007248811938310009,0.0008364013774973088,0.0010687350934687832,0.0012546020662459632,0.0017285628468277714,0.0018586697277717971,0.0023512172056313232,0.002722951151185683,0.003336312161350376,0.0044329273007357355,0.005213568586399891,0.004897594732678685,0.0046095009248740566,0.004089073401097954,0.0038195662905710433,0.003903206428320774,0.0040333133092648,0.004209886933403121,0.004182006887486544,0.004154126841569967,0.004423633952096877,0.004507274089846608,0.004079780052459094,0.0049719415217895566,0.005464488999649083,0.005278622026871903,0.005083461705455865,0.006430997258090418,0.009126068363359524,0.006821317900922495,0.007982986480779868,0.009293348638858986,0.01079887111835414,0.012025593138683528,0.01098473809113132,0.0111706050639085,0.010046109878606563,0.009553562400747036,0.009284055290220127,0.008865854601471471,0.008364013774973087,0.008326840380417653,0.008494120655917113,0.007332452076059739,0.007843586251196983,0.007397505516531753,0.007127998406004842,0.006830611249561354,0.007220931892393432,0.010455017218716358,0.012313686946488156
29177,0.0005204275237761033,0.0005668942669703981,0.0005483075696926801,0.0005854809642481161,0.0006040676615258341,0.0006970011479144239,0.0007248811938310009,0.0008364013774973088,0.0010687350934687832,0.0012546020662459632,0.0017285628468277714,0.0018586697277717971,0.0023512172056313232,0.002722951151185683,0.003336312161350376,0.0044329273007357355,0.005213568586399891,0.004897594732678685,0.0046095009248740566,0.004089073401097954,0.0038195662905710433,0.003903206428320774,0.0040333133092648,0.004209886933403121,0.004182006887486544,0.004154126841569967,0.004423633952096877,0.004507274089846608,0.004079780052459094,0.0049719415217895566,0.005464488999649083,0.005278622026871903,0.005083461705455865,0.006430997258090418,0.009126068363359524,0.006821317900922495,0.007982986480779868,0.009293348638858986,0.01079887111835414,0.012025593138683528,0.01098473809113132,0.0111706050639085,0.010046109878606563,0.009553562400747036,0.009284055290220127,0.008865854601471471,0.008364013774973087,0.008326840380417653,0.008494120655917113,0.007332452076059739,0.007843586251196983,0.007397505516531753,0.007127998406004842,0.006830611249561354,0.007220931892393432,0.010455017218716358,0.012313686946488156
29179,0.0005204275237761033,0.0005668942669703981,0.0005483075696926801,0.0005854809642481161,0.0006040676615258341,0.0006970011479144239,0.0007248811938310009,0.0008364013774973088,0.0010687350934687832,0.0012546020662459632,0.0017285628468277714,0.0018586697277717971,0.0023512172056313232,0.002722951151185683,0.003336312161350376,0.0044329273007357355,0.005213568586399891,0.004897594732678685,0.0046095009248740566,0.004089073401097954,0.0038195662905710433,0.003903206428320774,0.0040333133092648,0.004209886933403121,0.004182006887486544,0.004154126841569967,0.004423633952096877,0.004507274089846608,0.004079780052459094,0.0049719415217895566,0.005464488999649083,0.005278622026871903,0.005083461705455865,0.006430997258090418,0.009126068363359524,0.006821317900922495,0.007982986480779868,0.009293348638858986,0.01079887111835414,0.012025593138683528,0.01098473809113132,0.0111706050639085,0.010046109878606563,0.009553562400747036,0.009284055290220127,0.008865854601471471,0.008364013774973087,0.008326840380417653,0.008494120655917113,0.007332452076059739,0.007843586251196983,0.007397505516531753,0.007127998406004842,0.006830611249561354,0.007220931892393432,0.010455017218716358,0.012313686946488156
29181,0.0005204275237761033,0.0005668942669703981,0.0005483075696926801,0.0005854809642481161,0.0006040676615258341,0.0006970011479144239,0.0007248811938310009,0.0008364013774973088,0.0010687350934687832,0.0012546020662459632,0.0017285628468277714,0.0018586697277717971,0.0023512172056313232,0.002722951151185683,0.003336312161350376,0.0044329273007357355,0.005213568586399891,0.004897594732678685,0.0046095009248740566,0.004089073401097954,0.0038195662905710433,0.003903206428320774,0.0040333133092648,0.004209886933403121,0.004182006887486544,0.004154126841569967,0.004423633952096877,0.004507274089846608,0.004079780052459094,0.0049719415217895566,0.005464488999649083,0.005278622026871903,0.005083461705455865,0.006430997258090418,0.009126068363359524,0.006821317900922495,0.007982986480779868,0.009293348638858986,0.01079887111835414,0.012025593138683528,0.01098473809113132,0.0111706050639085,0.010046109878606563,0.009553562400747036,0.009284055290220127,0.008865854601471471,0.008364013774973087,0.008326840380417653,0.008494120655917113,0.007332452076059739,0.007843586251196983,0.007397505516531753,0.007127998406004842,0.006830611249561354,0.007220931892393432,0.010455017218716358,0.012313686946488156
29183,0.0005204275237761033,0.0005668942669703981,0.0005483075696926801,0.0005854809642481161,0.0006040676615258341,0.0006970011479144239,0.0007248811938310009,0.0008364013774973088,0.0010687350934687832,0.0012546020662459632,0.0017285628468277714,0.0018586697277717971,0.0023512172056313232,0.002722951151185683,0.003336312161350376,0.0044329273007357355,0.005213568586399891,0.004897594732678685,0.0046095009248740566,0.004089073401097954,0.0038195662905710433,0.003903206428320774,0.0040333133092648,0.004209886933403121,0.004182006887486544,0.004154126841569967,0.004423633952096877,0.004507274089846608,0.004079780052459094,0.0049719415217895566,0.005464488999649083,0.005278622026871903,0.005083461705455865,0.006430997258090418,0.009126068363359524,0.006821317900922495,0.007982986480779868,0.009293348638858986,0.01079887111835414,0.012025593138683528,0.01098473809113132,0.0111706050639085,0.010046109878606563,0.009553562400747036,0.009284055290220127,0.008865854601471471,0.008364013774973087,0.008326840380417653,0.008494120655917113,0.007332452076059739,0.007843586251196983,0.007397505516531753,0.007127998406004842,0.006830611249561354,0.007220931892393432,0.010455017218716358,0.012313686946488156
29185,0.0005204275237761033,0.0005668942669703981,0.0005483075696926801,0.0005854809642481161,0.0006040676615258341,0.0006970011479144239,0.0007248811938310009,0.0008364013774973088,0.0010687350934687832,0.0012546020662459632,0.0017285628468277714,0.0018586697277717971,0.0023512172056313232,0.002722951151185683,0.003336312161350376,0.0044329273007357355,0.005213568586399891,0.004897594732678685,0.0046095009248740566,0.004089073401097954,0.0038195662905710433,0.003903206428320774,0.0040333133092648,0.004209886933403121,0.004182006887486544,0.004154126841569967,0.004423633952096877,0.004507274089846608,0.004079780052459094,0.0049719415217895566,0.005464488999649083,0.005278622026871903,0.005083461705455865,0.006430997258090418,0.009126068363359524,0.006821317900922495,0.007982986480779868,0.009293348638858986,0.01079887111835414,0.012025593138683528,0.01098473809113132,0.0111706050639085,0.010046109878606563,0.009553562400747036,0.009284055290220127,0.008865854601471471,0.008364013774973087,0.008326840380417653,0.008494120655917113,0.007332452076059739,0.007843586251196983,0.007397505516531753,0.007127998406004842,0.006830611249561354,0.007220931892393432,0.010455017218716358,0.012313686946488156
29186,0.0005204275237761033,0.0005668942669703981,0.0005483075696926801,0.0005854809642481161,0.0006040676615258341,0.0006970011479144239,0.0007248811938310009,0.0008364013774973088,0.0010687350934687832,0.0012546020662459632,0.0017285628468277714,0.0018586697277717971,0.0023512172056313232,0.002722951151185683,0.003336312161350376,0.0044329273007357355,0.005213568586399891,0.004897594732678685,0.0046095009248740566,0.004089073401097954,0.0038195662905710433,0.003903206428320774,0.0040333133092648,0.004209886933403121,0.004182006887486544,0.004154126841569967,0.004423633952096877,0.004507274089846608,0.004079780052459094,0.0049719415217895566,0.005464488999649083,0.005278622026871903,0.005083461705455865,0.006430997258090418,0.009126068363359524,0.006821317900922495,0.007982986480779868,0.009293348638858986,0.01079887111835414,0.012025593138683528,0.01098473809113132,0.0111706050639085,0.010046109878606563,0.009553562400747036,0.009284055290220127,0.008865854601471471,0.008364013774973087,0.008326840380417653,0.008494120655917113,0.007332452076059739,0.007843586251196983,0.007397505516531753,0.007127998406004842,0.006830611249561354,0.007220931892393432,0.010455017218716358,0.012313686946488156
29187,0.0005204275237761033,0.0005668942669703981,0.0005483075696926801,0.0005854809642481161,0.0006040676615258341,0.0006970011479144239,0.0007248811938310009,0.0008364013774973088,0.0010687350934687832,0.0012546020662459632,0.0017285628468277714,0.0018586697277717971,0.0023512172056313232,0.002722951151185683,0.003336312161350376,0.0044329273007357355,0.005213568586399891,0.004897594732678685,0.0046095009248740566,0.004089073401097954,0.0038195662905710433,0.003903206428320774,0.0040333133092648,0.004209886933403121,0.004182006887486544,0.004154126841569967,0.004423633952096877,0.004507274089846608,0.004079780052459094,0.0049719415217895566,0.005464488999649083,0.005278622026871903,0.005083461705455865,0.006430997258090418,0.009126068363359524,0.006821317900922495,0.007982986480779868,0.009293348638858986,0.01079887111835414,0.012025593138683528,0.01098473809113132,0.0111706050639085,0.010046109878606563,0.009553562400747036,0.009284055290220127,0.008865854601471471,0.008364013774973087,0.008326840380417653,0.008494120655917113,0.007332452076059739,0.007843586251196983,0.007397505516531753,0.007127998406004842,0.006830611249561354,0.007220931892393432,0.010455017218716358,0.012313686946488156
29189,0.0005204275237761033,0.0005668942669703981,0.0005483075696926801,0.0005854809642481161,0.0006040676615258341,0.0006970011479144239,0.0007248811938310009,0.0008364013774973088,0.0010687350934687832,0.0012546020662459632,0.0017285628468277714,0.0018586697277717971,0.0023512172056313232,0.002722951151185683,0.003336312161350376,0.0044329273007357355,0.005213568586399891,0.004897594732678685,0.0046095009248740566,0.004089073401097954,0.0038195662905710433,0.003903206428320774,0.0040333133092648,0.004209886933403121,0.004182006887486544,0.004154126841569967,0.004423633952096877,0.004507274089846608,0.004079780052459094,0.0049719415217895566,0.005464488999649083,0.005278622026871903,0.005083461705455865,0.006430997258090418,0.009126068363359524,0.006821317900922495,0.007982986480779868,0.009293348638858986,0.01079887111835414,0.012025593138683528,0.01098473809113132,0.0111706050639085,0.010046109878606563,0.009553562400747036,0.009284055290220127,0.008865854601471471,0.008364013774973087,0.008326840380417653,0.008494120655917113,0.007332452076059739,0.007843586251196983,0.007397505516531753,0.007127998406004842,0.006830611249561354,0.007220931892393432,0.010455017218716358,0.012313686946488156
29195,0.0005204275237761033,0.0005668942669703981,0.0005483075696926801,0.0005854809642481161,0.0006040676615258341,0.0006970011479144239,0.0007248811938310009,0.0008364013774973088,0.0010687350934687832,0.0012546020662459632,0.0017285628468277714,0.0018586697277717971,0.0023512172056313232,0.002722951151185683,0.003336312161350376,0.0044329273007357355,0.005213568586399891,0.004897594732678685,0.0046095009248740566,0.004089073401097954,0.0038195662905710433,0.003903206428320774,0.0040333133092648,0.004209886933403121,0.004182006887486544,0.004154126841569967,0.004423633952096877,0.004507274089846608,0.004079780052459094,0.0049719415217895566,0.005464488999649083,0.005278622026871903,0.005083461705455865,0.006430997258090418,0.009126068363359524,0.006821317900922495,0.007982986480779868,0.009293348638858986,0.01079887111835414,0.012025593138683528,0.01098473809113132,0.0111706050639085,0.010046109878606563,0.009553562400747036,0.009284055290220127,0.008865854601471471,0.008364013774973087,0.008326840380417653,0.008494120655917113,0.007332452076059739,0.007843586251196983,0.007397505516531753,0.007127998406004842,0.006830611249561354,0.007220931892393432,0.010455017218716358,0.012313686946488156
29197,0.0005204275237761033,0.0005668942669703981,0.0005483075696926801,0.0005854809642481161,0.0006040676615258341,0.0006970011479144239,0.0007248811938310009,0.0008364013774973088,0.0010687350934687832,0.0012546020662459632,0.0017285628468277714,0.0018586697277717971,0.0023512172056313232,0.002722951151185683,0.003336312161350376,0.0044329273007357355,0.005213568586399891,0.004897594732678685,0.0046095009248740566,0.004089073401097954,0.0038195662905710433,0.003903206428320774,0.0040333133092648,0.004209886933403121,0.004182006887486544,0.004154126841569967,0.004423633952096877,0.004507274089846608,0.004079780052459094,0.0049719415217895566,0.005464488999649083,0.005278622026871903,0.005083461705455865,0.006430997258090418,0.009126068363359524,0.006821317900922495,0.007982986480779868,0.009293348638858986,0.01079887111835414,0.012025593138683528,0.01098473809113132,0.0111706050639085,0.010046109878606563,0.009553562400747036,0.009284055290220127,0.008865854601471471,0.008364013774973087,0.008326840380417653,0.008494120655917113,0.007332452076059739,0.007843586251196983,0.007397505516531753,0.007127998406004842,0.006830611249561354,0.007220931892393432,0.010455017218716358,0.012313686946488156
29199,0.0005204275237761033,0.0005668942669703981,0.0005483075696926801,0.0005854809642481161,0.0006040676615258341,0.0006970011479144239,0.0007248811938310009,0.0008364013774973088,0.0010687350934687832,0.0012546020662459632,0.0017285628468277714,0.0018586697277717971,0.0023512172056313232,0.002722951151185683,0.003336312161350376,0.0044329273007357355,0.005213568586399891,0.004897594732678685,0.0046095009248740566,0.004089073401097954,0.0038195662905710433,0.003903206428320774,0.0040333133092648,0.004209886933403121,0.004182006887486544,0.004154126841569967,0.004423633952096877,0.004507274089846608,0.004079780052459094,0.0049719415217895566,0.005464488999649083,0.005278622026871903,0.005083461705455865,0.006430997258090418,0.009126068363359524,0.006821317900922495,0.007982986480779868,0.009293348638858986,0.01079887111835414,0.012025593138683528,0.01098473809113132,0.0111706050639085,0.010046109878606563,0.009553562400747036,0.009284055290220127,0.008865854601471471,0.008364013774973087,0.008326840380417653,0.008494120655917113,0.007332452076059739,0.007843586251196983,0.007397505516531753,0.007127998406004842,0.006830611249561354,0.007220931892393432,0.010455017218716358,0.012313686946488156
29201,0.0005204275237761033,0.0005668942669703981,0.0005483075696926801,0.0005854809642481161,0.0006040676615258341,0.0006970011479144239,0.0007248811938310009,0.0008364013774973088,0.0010687350934687832,0.0012546020662459632,0.0017285628468277714,0.0018586697277717971,0.0023512172056313232,0.002722951151185683,0.003336312161350376,0.0044329273007357355,0.005213568586399891,0.004897594732678685,0.0046095009248740566,0.004089073401097954,0.0038195662905710433,0.003903206428320774,0.0040333133092648,0.004209886933403121,0.004182006887486544,0.004154126841569967,0.004423633952096877,0.004507274089846608,0.004079780052459094,0.0049719415217895566,0.005464488999649083,0.005278622026871903,0.005083461705455865,0.006430997258090418,0.009126068363359524,0.006821317900922495,0.007982986480779868,0.009293348638858986,0.01079887111835414,0.012025593138683528,0.01098473809113132,0.0111706050639085,0.010046109878606563,0.009553562400747036,0.009284055290220127,0.008865854601471471,0.008364013774973087,0.008326840380417653,0.008494120655917113,0.007332452076059739,0.007843586251196983,0.007397505516531753,0.007127998406004842,0.006830611249561354,0.007220931892393432,0.010455017218716358,0.012313686946488156
29203,0.0005204275237761033,0.0005668942669703981,0.0005483075696926801,0.0005854809642481161,0.0006040676615258341,0.0006970011479144239,0.0007248811938310009,0.0008364013774973088,0.0010687350934687832,0.0012546020662459632,0.0017285628468277714,0.0018586697277717971,0.0023512172056313232,0.002722951151185683,0.003336312161350376,0.0044329273007357355,0.005213568586399891,0.004897594732678685,0.0046095009248740566,0.004089073401097954,0.0038195662905710433,0.003903206428320774,0.0040333133092648,0.004209886933403121,0.004182006887486544,0.004154126841569967,0.004423633952096877,0.004507274089846608,0.004079780052459094,0.0049719415217895566,0.005464488999649083,0.005278622026871903,0.005083461705455865,0.006430997258090418,0.009126068363359524,0.006821317900922495,0.007982986480779868,0.009293348638858986,0.01079887111835414,0.012025593138683528,0.01098473809113132,0.0111706050639085,0.010046109878606563,0.009553562400747036,0.009284055290220127,0.008865854601471471,0.008364013774973087,0.008326840380417653,0.008494120655917113,0.007332452076059739,0.007843586251196983,0.007397505516531753,0.007127998406004842,0.006830611249561354,0.007220931892393432,0.010455017218716358,0.012313686946488156
29205,0.0005204275237761033,0.0005668942669703981,0.0005483075696926801,0.0005854809642481161,0.0006040676615258341,0.0006970011479144239,0.0007248811938310009,0.0008364013774973088,0.0010687350934687832,0.0012546020662459632,0.0017285628468277714,0.0018586697277717971,0.0023512172056313232,0.002722951151185683,0.003336312161350376,0.0044329273007357355,0.005213568586399891,0.004897594732678685,0.0046095009248740566,0.004089073401097954,0.0038195662905710433,0.003903206428320774,0.0040333133092648,0.004209886933403121,0.004182006887486544,0.004154126841569967,0.004423633952096877,0.004507274089846608,0.004079780052459094,0.0049719415217895566,0.005464488999649083,0.005278622026871903,0.005083461705455865,0.006430997258090418,0.009126068363359524,0.006821317900922495,0.007982986480779868,0.009293348638858986,0.01079887111835414,0.012025593138683528,0.01098473809113132,0.0111706050639085,0.010046109878606563,0.009553562400747036,0.009284055290220127,0.008865854601471471,0.008364013774973087,0.008326840380417653,0.008494120655917113,0.007332452076059739,0.007843586251196983,0.007397505516531753,0.007127998406004842,0.006830611249561354,0.007220931892393432,0.010455017218716358,0.012313686946488156
29207,0.0005204275237761033,0.0005668942669703981,0.0005483075696926801,0.0005854809642481161,0.0006040676615258341,0.0006970011479144239,0.0007248811938310009,0.0008364013774973088,0.0010687350934687832,0.0012546020662459632,0.0017285628468277714,0.0018586697277717971,0.0023512172056313232,0.002722951151185683,0.003336312161350376,0.0044329273007357355,0.005213568586399891,0.004897594732678685,0.0046095009248740566,0.004089073401097954,0.0038195662905710433,0.003903206428320774,0.0040333133092648,0.004209886933403121,0.004182006887486544,0.004154126841569967,0.004423633952096877,0.004507274089846608,0.004079780052459094,0.0049719415217895566,0.005464488999649083,0.005278622026871903,0.005083461705455865,0.006430997258090418,0.009126068363359524,0.006821317900922495,0.007982986480779868,0.009293348638858986,0.01079887111835414,0.012025593138683528,0.01098473809113132,0.0111706050639085,0.010046109878606563,0.009553562400747036,0.009284055290220127,0.008865854601471471,0.008364013774973087,0.008326840380417653,0.008494120655917113,0.007332452076059739,0.007843586251196983,0.007397505516531753,0.007127998406004842,0.006830611249561354,0.007220931892393432,0.010455017218716358,0.012313686946488156
29209,0.0005204275237761033,0.0005668942669703981,0.0005483075696926801,0.0005854809642481161,0.0006040676615258341,0.0006970011479144239,0.0007248811938310009,0.0008364013774973088,0.0010687350934687832,0.0012546020662459632,0.0017285628468277714,0.0018586697277717971,0.0023512172056313232,0.002722951151185683,0.003336312161350376,0.0044329273007357355,0.005213568586399891,0.004897594732678685,0.0046095009248740566,0.004089073401097954,0.0038195662905710433,0.003903206428320774,0.0040333133092648,0.004209886933403121,0.004182006887486544,0.004154126841569967,0.004423633952096877,0.004507274089846608,0.004079780052459094,0.0049719415217895566,0.005464488999649083,0.005278622026871903,0.005083461705455865,0.006430997258090418,0.009126068363359524,0.006821317900922495,0.007982986480779868,0.009293348638858986,0.01079887111835414,0.012025593138683528,0.01098473809113132,0.0111706050639085,0.010046109878606563,0.009553562400747036,0.009284055290220127,0.008865854601471471,0.008364013774973087,0.008326840380417653,0.008494120655917113,0.007332452076059739,0.007843586251196983,0.007397505516531753,0.007127998406004842,0.006830611249561354,0.007220931892393432,0.010455017218716358,0.012313686946488156
29211,0.0005204275237761033,0.0005668942669703981,0.0005483075696926801,0.0005854809642481161,0.0006040676615258341,0.0006970011479144239,0.0007248811938310009,0.0008364013774973088,0.0010687350934687832,0.0012546020662459632,0.0017285628468277714,0.0018586697277717971,0.0023512172056313232,0.002722951151185683,0.003336312161350376,0.0044329273007357355,0.005213568586399891,0.004897594732678685,0.0046095009248740566,0.004089073401097954,0.0038195662905710433,0.003903206428320774,0.0040333133092648,0.004209886933403121,0.004182006887486544,0.004154126841569967,0.004423633952096877,0.004507274089846608,0.004079780052459094,0.0049719415217895566,0.005464488999649083,0.005278622026871903,0.005083461705455865,0.006430997258090418,0.009126068363359524,0.006821317900922495,0.007982986480779868,0.009293348638858986,0.01079887111835414,0.012025593138683528,0.01098473809113132,0.0111706050639085,0.010046109878606563,0.009553562400747036,0.009284055290220127,0.008865854601471471,0.008364013774973087,0.008326840380417653,0.008494120655917113,0.007332452076059739,0.007843586251196983,0.007397505516531753,0.007127998406004842,0.006830611249561354,0.007220931892393432,0.010455017218716358,0.012313686946488156
29213,0.0005204275237761033,0.0005668942669703981,0.0005483075696926801,0.0005854809642481161,0.0006040676615258341,0.0006970011479144239,0.0007248811938310009,0.0008364013774973088,0.0010687350934687832,0.0012546020662459632,0.0017285628468277714,0.0018586697277717971,0.0023512172056313232,0.002722951151185683,0.003336312161350376,0.0044329273007357355,0.005213568586399891,0.004897594732678685,0.0046095009248740566,0.004089073401097954,0.0038195662905710433,0.003903206428320774,0.0040333133092648,0.004209886933403121,0.004182006887486544,0.004154126841569967,0.004423633952096877,0.004507274089846608,0.004079780052459094,0.0049719415217895566,0.005464488999649083,0.005278622026871903,0.005083461705455865,0.006430997258090418,0.009126068363359524,0.006821317900922495,0.007982986480779868,0.009293348638858986,0.01079887111835414,0.012025593138683528,0.01098473809113132,0.0111706050639085,0.010046109878606563,0.009553562400747036,0.009284055290220127,0.008865854601471471,0.008364013774973087,0.008326840380417653,0.008494120655917113,0.007332452076059739,0.007843586251196983,0.007397505516531753,0.007127998406004842,0.006830611249561354,0.007220931892393432,0.010455017218716358,0.012313686946488156
29215,0.0005204275237761033,0.0005668942669703981,0.0005483075696926801,0.0005854809642481161,0.0006040676615258341,0.0006970011479144239,0.0007248811938310009,0.0008364013774973088,0.0010687350934687832,0.0012546020662459632,0.0017285628468277714,0.0018586697277717971,0.0023512172056313232,0.002722951151185683,0.003336312161350376,0.0044329273007357355,0.005213568586399891,0.004897594732678685,0.0046095009248740566,0.004089073401097954,0.0038195662905710433,0.003903206428320774,0.0040333133092648,0.004209886933403121,0.004182006887486544,0.004154126841569967,0.004423633952096877,0.004507274089846608,0.004079780052459094,0.0049719415217895566,0.005464488999649083,0.005278622026871903,0.005083461705455865,0.006430997258090418,0.009126068363359524,0.006821317900922495,0.007982986480779868,0.009293348638858986,0.01079887111835414,0.012025593138683528,0.01098473809113132,0.0111706050639085,0.010046109878606563,0.009553562400747036,0.009284055290220127,0.008865854601471471,0.008364013774973087,0.008326840380417653,0.008494120655917113,0.007332452076059739,0.007843586251196983,0.007397505516531753,0.007127998406004842,0.006830611249561354,0.007220931892393432,0.010455017218716358,0.012313686946488156
29217,0.0005204275237761033,0.0005668942669703981,0.0005483075696926801,0.0005854809642481161,0.0006040676615258341,0.0006970011479144239,0.0007248811938310009,0.0008364013774973088,0.0010687350934687832,0.0012546020662459632,0.0017285628468277714,0.0018586697277717971,0.0023512172056313232,0.002722951151185683,0.003336312161350376,0.0044329273007357355,0.005213568586399891,0.004897594732678685,0.0046095009248740566,0.004089073401097954,0.0038195662905710433,0.003903206428320774,0.0040333133092648,0.004209886933403121,0.004182006887486544,0.004154126841569967,0.004423633952096877,0.004507274089846608,0.004079780052459094,0.0049719415217895566,0.005464488999649083,0.005278622026871903,0.005083461705455865,0.006430997258090418,0.009126068363359524,0.006821317900922495,0.007982986480779868,0.009293348638858986,0.01079887111835414,0.012025593138683528,0.01098473809113132,0.0111706050639085,0.010046109878606563,0.009553562400747036,0.009284055290220127,0.008865854601471471,0.008364013774973087,0.008326840380417653,0.008494120655917113,0.007332452076059739,0.007843586251196983,0.007397505516531753,0.007127998406004842,0.006830611249561354,0.007220931892393432,0.010455017218716358,0.012313686946488156
29219,0.0005204275237761033,0.0005668942669703981,0.0005483075696926801,0.0005854809642481161,0.0006040676615258341,0.0006970011479144239,0.0007248811938310009,0.0008364013774973088,0.0010687350934687832,0.0012546020662459632,0.0017285628468277714,0.0018586697277717971,0.0023512172056313232,0.002722951151185683,0.003336312161350376,0.0044329273007357355,0.005213568586399891,0.004897594732678685,0.0046095009248740566,0.004089073401097954,0.0038195662905710433,0.003903206428320774,0.0040333133092648,0.004209886933403121,0.004182006887486544,0.004154126841569967,0.004423633952096877,0.004507274089846608,0.004079780052459094,0.0049719415217895566,0.005464488999649083,0.005278622026871903,0.005083461705455865,0.006430997258090418,0.009126068363359524,0.006821317900922495,0.007982986480779868,0.009293348638858986,0.01079887111835414,0.012025593138683528,0.01098473809113132,0.0111706050639085,0.010046109878606563,0.009553562400747036,0.009284055290220127,0.008865854601471471,0.008364013774973087,0.008326840380417653,0.008494120655917113,0.007332452076059739,0.007843586251196983,0.007397505516531753,0.007127998406004842,0.006830611249561354,0.007220931892393432,0.010455017218716358,0.012313686946488156
29221,0.0005204275237761033,0.0005668942669703981,0.0005483075696926801,0.0005854809642481161,0.0006040676615258341,0.0006970011479144239,0.0007248811938310009,0.0008364013774973088,0.0010687350934687832,0.0012546020662459632,0.0017285628468277714,0.0018586697277717971,0.0023512172056313232,0.002722951151185683,0.003336312161350376,0.0044329273007357355,0.005213568586399891,0.004897594732678685,0.0046095009248740566,0.004089073401097954,0.0038195662905710433,0.003903206428320774,0.0040333133092648,0.004209886933403121,0.004182006887486544,0.004154126841569967,0.004423633952096877,0.004507274089846608,0.004079780052459094,0.0049719415217895566,0.005464488999649083,0.005278622026871903,0.005083461705455865,0.006430997258090418,0.009126068363359524,0.006821317900922495,0.007982986480779868,0.009293348638858986,0.01079887111835414,0.012025593138683528,0.01098473809113132,0.0111706050639085,0.010046109878606563,0.009553562400747036,0.009284055290220127,0.008865854601471471,0.008364013774973087,0.008326840380417653,0.008494120655917113,0.007332452076059739,0.007843586251196983,0.007397505516531753,0.007127998406004842,0.006830611249561354,0.007220931892393432,0.010455017218716358,0.012313686946488156
29223,0.0005204275237761033,0.0005668942669703981,0.0005483075696926801,0.0005854809642481161,0.0006040676615258341,0.0006970011479144239,0.0007248811938310009,0.0008364013774973088,0.0010687350934687832,0.0012546020662459632,0.0017285628468277714,0.0018586697277717971,0.0023512172056313232,0.002722951151185683,0.003336312161350376,0.0044329273007357355,0.005213568586399891,0.004897594732678685,0.0046095009248740566,0.004089073401097954,0.0038195662905710433,0.003903206428320774,0.0040333133092648,0.004209886933403121,0.004182006887486544,0.004154126841569967,0.004423633952096877,0.004507274089846608,0.004079780052459094,0.0049719415217895566,0.005464488999649083,0.005278622026871903,0.005083461705455865,0.006430997258090418,0.009126068363359524,0.006821317900922495,0.007982986480779868,0.009293348638858986,0.01079887111835414,0.012025593138683528,0.01098473809113132,0.0111706050639085,0.010046109878606563,0.009553562400747036,0.009284055290220127,0.008865854601471471,0.008364013774973087,0.008326840380417653,0.008494120655917113,0.007332452076059739,0.007843586251196983,0.007397505516531753,0.007127998406004842,0.006830611249561354,0.007220931892393432,0.010455017218716358,0.012313686946488156
29225,0.0005204275237761033,0.0005668942669703981,0.0005483075696926801,0.0005854809642481161,0.0006040676615258341,0.0006970011479144239,0.0007248811938310009,0.0008364013774973088,0.0010687350934687832,0.0012546020662459632,0.0017285628468277714,0.0018586697277717971,0.0023512172056313232,0.002722951151185683,0.003336312161350376,0.0044329273007357355,0.005213568586399891,0.004897594732678685,0.0046095009248740566,0.004089073401097954,0.0038195662905710433,0.003903206428320774,0.0040333133092648,0.004209886933403121,0.004182006887486544,0.004154126841569967,0.004423633952096877,0.004507274089846608,0.004079780052459094,0.0049719415217895566,0.005464488999649083,0.005278622026871903,0.005083461705455865,0.006430997258090418,0.009126068363359524,0.006821317900922495,0.007982986480779868,0.009293348638858986,0.01079887111835414,0.012025593138683528,0.01098473809113132,0.0111706050639085,0.010046109878606563,0.009553562400747036,0.009284055290220127,0.008865854601471471,0.008364013774973087,0.008326840380417653,0.008494120655917113,0.007332452076059739,0.007843586251196983,0.007397505516531753,0.007127998406004842,0.006830611249561354,0.007220931892393432,0.010455017218716358,0.012313686946488156
29227,0.0005204275237761033,0.0005668942669703981,0.0005483075696926801,0.0005854809642481161,0.0006040676615258341,0.0006970011479144239,0.0007248811938310009,0.0008364013774973088,0.0010687350934687832,0.0012546020662459632,0.0017285628468277714,0.0018586697277717971,0.0023512172056313232,0.002722951151185683,0.003336312161350376,0.0044329273007357355,0.005213568586399891,0.004897594732678685,0.0046095009248740566,0.004089073401097954,0.0038195662905710433,0.003903206428320774,0.0040333133092648,0.004209886933403121,0.004182006887486544,0.004154126841569967,0.004423633952096877,0.004507274089846608,0.004079780052459094,0.0049719415217895566,0.005464488999649083,0.005278622026871903,0.005083461705455865,0.006430997258090418,0.009126068363359524,0.006821317900922495,0.007982986480779868,0.009293348638858986,0.01079887111835414,0.012025593138683528,0.01098473809113132,0.0111706050639085,0.010046109878606563,0.009553562400747036,0.009284055290220127,0.008865854601471471,0.008364013774973087,0.008326840380417653,0.008494120655917113,0.007332452076059739,0.007843586251196983,0.007397505516531753,0.007127998406004842,0.006830611249561354,0.007220931892393432,0.010455017218716358,0.012313686946488156
29229,0.0005204275237761033,0.0005668942669703981,0.0005483075696926801,0.0005854809642481161,0.0006040676615258341,0.0006970011479144239,0.0007248811938310009,0.0008364013774973088,0.0010687350934687832,0.0012546020662459632,0.0017285628468277714,0.0018586697277717971,0.0023512172056313232,0.002722951151185683,0.003336312161350376,0.0044329273007357355,0.005213568586399891,0.004897594732678685,0.0046095009248740566,0.004089073401097954,0.0038195662905710433,0.003903206428320774,0.0040333133092648,0.004209886933403121,0.004182006887486544,0.004154126841569967,0.004423633952096877,0.004507274089846608,0.004079780052459094,0.0049719415217895566,0.005464488999649083,0.005278622026871903,0.005083461705455865,0.006430997258090418,0.009126068363359524,0.006821317900922495,0.007982986480779868,0.009293348638858986,0.01079887111835414,0.012025593138683528,0.01098473809113132,0.0111706050639085,0.010046109878606563,0.009553562400747036,0.009284055290220127,0.008865854601471471,0.008364013774973087,0.008326840380417653,0.008494120655917113,0.007332452076059739,0.007843586251196983,0.007397505516531753,0.007127998406004842,0.006830611249561354,0.007220931892393432,0.010455017218716358,0.012313686946488156
29510,0.0005204275237761033,0.0005668942669703981,0.0005483075696926801,0.0005854809642481161,0.0006040676615258341,0.0006970011479144239,0.0007248811938310009,0.0008364013774973088,0.0010687350934687832,0.0012546020662459632,0.0017285628468277714,0.0018586697277717971,0.0023512172056313232,0.002722951151185683,0.003336312161350376,0.0044329273007357355,0.005213568586399891,0.004897594732678685,0.0046095009248740566,0.004089073401097954,0.0038195662905710433,0.003903206428320774,0.0040333133092648,0.004209886933403121,0.004182006887486544,0.004154126841569967,0.004423633952096877,0.004507274089846608,0.004079780052459094,0.0049719415217895566,0.005464488999649083,0.005278622026871903,0.005083461705455865,0.006430997258090418,0.009126068363359524,0.006821317900922495,0.007982986480779868,0.009293348638858986,0.01079887111835414,0.012025593138683528,0.01098473809113132,0.0111706050639085,0.010046109878606563,0.009553562400747036,0.009284055290220127,0.008865854601471471,0.008364013774973087,0.008326840380417653,0.008494120655917113,0.007332452076059739,0.007843586251196983,0.007397505516531753,0.007127998406004842,0.006830611249561354,0.007220931892393432,0.010455017218716358,0.012313686946488156
30001,0.0005111341751372442,0.0005297208724149621,0.0005668942669703981,0.0005761876156092571,0.0006040676615258341,0.0006133610101646931,0.0007155878451921419,0.0008364013774973088,0.0010129750016356295,0.0011059084880242192,0.0014869357822174377,0.0015426958740505916,0.0018493763791329382,0.002918111472601722,0.0038846197310430557,0.004525860787124326,0.0047024344112626465,0.004869714686762109,0.0047303144571792235,0.004163420190208826,0.0040333133092648,0.003996139914709364,0.004051900006542518,0.004312113768430569,0.0040426066579036584,0.004144833492931108,0.0043399938143471465,0.004563034181679762,0.004572327530318621,0.004312113768430569,0.0044886873925688905,0.004767487851734659,0.004767487851734659,0.0054830756969268014,0.006830611249561354,0.004990528219067276,0.006579690836312162,0.008503414004555973,0.009962469740856832,0.010334203686411192,0.00907030827152637,0.010520070659188372,0.008745041069166305,0.007936519737585574,0.008048039921251882,0.007416092213809471,0.00751831904883692,0.00815026675627933,0.00750902570019806,0.006626157579506456,0.006895664690033367,0.006588984184951021,0.006403117212173841,0.006486757349923572,0.008085213315807317,0.009497802308913884,0.009116775014720664
30003,0.0005111341751372442,0.0005297208724149621,0.0005668942669703981,0.0005761876156092571,0.0006040676615258341,0.0006133610101646931,0.0007155878451921419,0.0008364013774973088,0.0010129750016356295,0.0011059084880242192,0.0014869357822174377,0.0015426958740505916,0.0018493763791329382,0.002918111472601722,0.0038846197310430557,0.004525860787124326,0.0047024344112626465,0.004869714686762109,0.0047303144571792235,0.004163420190208826,0.0040333133092648,0.003996139914709364,0.004051900006542518,0.004312113768430569,0.0040426066579036584,0.004144833492931108,0.0043399938143471465,0.004563034181679762,0.004572327530318621,0.004312113768430569,0.0044886873925688905,0.004767487851734659,0.004767487851734659,0.0054830756969268014,0.006830611249561354,0.004990528219067276,0.006579690836312162,0.008503414004555973,0.009962469740856832,0.010334203686411192,0.00907030827152637,0.010520070659188372,0.008745041069166305,0.007936519737585574,0.008048039921251882,0.007416092213809471,0.00751831904883692,0.00815026675627933,0.00750902570019806,0.006626157579506456,0.006895664690033367,0.006588984184951021,0.006403117212173841,0.006486757349923572,0.008085213315807317,0.009497802308913884,0.009116775014720664
30005,0.0005111341751372442,0.0005297208724149621,0.0005668942669703981,0.0005761876156092571,0.0006040676615258341,0.0006133610101646931,0.0007155878451921419,0.0008364013774973088,0.0010129750016356295,0.0011059084880242192,0.0014869357822174377,0.0015426958740505916,0.0018493763791329382,0.002918111472601722,0.0038846197310430557,0.004525860787124326,0.0047024344112626465,0.004869714686762109,0.0047303144571792235,0.004163420190208826,0.0040333133092648,0.003996139914709364,0.004051900006542518,0.004312113768430569,0.0040426066579036584,0.004144833492931108,0.0043399938143471465,0.004563034181679762,0.004572327530318621,0.004312113768430569,0.0044886873925688905,0.004767487851734659,0.004767487851734659,0.0054830756969268014,0.006830611249561354,0.004990528219067276,0.006579690836312162,0.008503414004555973,0.009962469740856832,0.010334203686411192,0.00907030827152637,0.010520070659188372,0.008745041069166305,0.007936519737585574,0.008048039921251882,0.007416092213809471,0.00751831904883692,0.00815026675627933,0.00750902570019806,0.006626157579506456,0.006895664690033367,0.006588984184951021,0.006403117212173841,0.006486757349923572,0.008085213315807317,0.009497802308913884,0.009116775014720664
30007,0.0005111341751372442,0.0005297208724149621,0.0005668942669703981,0.0005761876156092571,0.0006040676615258341,0.0006133610101646931,0.0007155878451921419,0.0008364013774973088,0.0010129750016356295,0.0011059084880242192,0.0014869357822174377,0.0015426958740505916,0.0018493763791329382,0.002918111472601722,0.0038846197310430557,0.004525860787124326,0.0047024344112626465,0.004869714686762109,0.0047303144571792235,0.004163420190208826,0.0040333133092648,0.003996139914709364,0.004051900006542518,0.004312113768430569,0.0040426066579036584,0.004144833492931108,0.0043399938143471465,0.004563034181679762,0.004572327530318621,0.004312113768430569,0.0044886873925688905,0.004767487851734659,0.004767487851734659,0.0054830756969268014,0.006830611249561354,0.004990528219067276,0.006579690836312162,0.008503414004555973,0.009962469740856832,0.010334203686411192,0.00907030827152637,0.010520070659188372,0.008745041069166305,0.007936519737585574,0.008048039921251882,0.007416092213809471,0.00751831904883692,0.00815026675627933,0.00750902570019806,0.006626157579506456,0.006895664690033367,0.006588984184951021,0.006403117212173841,0.006486757349923572,0.008085213315807317,0.009497802308913884,0.009116775014720664
30009,0.0005111341751372442,0.0005297208724149621,0.0005668942669703981,0.0005761876156092571,0.0006040676615258341,0.0006133610101646931,0.0007155878451921419,0.0008364013774973088,0.0010129750016356295,0.0011059084880242192,0.0014869357822174377,0.0015426958740505916,0.0018493763791329382,0.002918111472601722,0.0038846197310430557,0.004525860787124326,0.0047024344112626465,0.004869714686762109,0.0047303144571792235,0.004163420190208826,0.0040333133092648,0.003996139914709364,0.004051900006542518,0.004312113768430569,0.0040426066579036584,0.004144833492931108,0.0043399938143471465,0.004563034181679762,0.004572327530318621,0.004312113768430569,0.0044886873925688905,0.004767487851734659,0.004767487851734659,0.0054830756969268014,0.006830611249561354,0.004990528219067276,0.006579690836312162,0.008503414004555973,0.009962469740856832,0.010334203686411192,0.00907030827152637,0.010520070659188372,0.008745041069166305,0.007936519737585574,0.008048039921251882,0.007416092213809471,0.00751831904883692,0.00815026675627933,0.00750902570019806,0.006626157579506456,0.006895664690033367,0.006588984184951021,0.006403117212173841,0.006486757349923572,0.008085213315807317,0.009497802308913884,0.009116775014720664
30011,0.0005111341751372442,0.0005297208724149621,0.0005668942669703981,0.0005761876156092571,0.0006040676615258341,0.0006133610101646931,0.0007155878451921419,0.0008364013774973088,0.0010129750016356295,0.0011059084880242192,0.0014869357822174377,0.0015426958740505916,0.0018493763791329382,0.002918111472601722,0.0038846197310430557,0.004525860787124326,0.0047024344112626465,0.004869714686762109,0.0047303144571792235,0.004163420190208826,0.0040333133092648,0.003996139914709364,0.004051900006542518,0.004312113768430569,0.0040426066579036584,0.004144833492931108,0.0043399938143471465,0.004563034181679762,0.004572327530318621,0.004312113768430569,0.0044886873925688905,0.004767487851734659,0.004767487851734659,0.0054830756969268014,0.006830611249561354,0.004990528219067276,0.006579690836312162,0.008503414004555973,0.009962469740856832,0.010334203686411192,0.00907030827152637,0.010520070659188372,0.008745041069166305,0.007936519737585574,0.008048039921251882,0.007416092213809471,0.00751831904883692,0.00815026675627933,0.00750902570019806,0.006626157579506456,0.006895664690033367,0.006588984184951021,0.006403117212173841,0.006486757349923572,0.008085213315807317,0.009497802308913884,0.009116775014720664
30013,0.0005111341751372442,0.0005297208724149621,0.0005668942669703981,0.0005761876156092571,0.0006040676615258341,0.0006133610101646931,0.0007155878451921419,0.0008364013774973088,0.0010129750016356295,0.0011059084880242192,0.0014869357822174377,0.0015426958740505916,0.0018493763791329382,0.002918111472601722,0.0038846197310430557,0.004525860787124326,0.0047024344112626465,0.004869714686762109,0.0047303144571792235,0.004163420190208826,0.0040333133092648,0.003996139914709364,0.004051900006542518,0.004312113768430569,0.0040426066579036584,0.004144833492931108,0.0043399938143471465,0.004563034181679762,0.004572327530318621,0.004312113768430569,0.0044886873925688905,0.004767487851734659,0.004767487851734659,0.0054830756969268014,0.006830611249561354,0.004990528219067276,0.006579690836312162,0.008503414004555973,0.009962469740856832,0.010334203686411192,0.00907030827152637,0.010520070659188372,0.008745041069166305,0.007936519737585574,0.008048039921251882,0.007416092213809471,0.00751831904883692,0.00815026675627933,0.00750902570019806,0.006626157579506456,0.006895664690033367,0.006588984184951021,0.006403117212173841,0.006486757349923572,0.008085213315807317,0.009497802308913884,0.009116775014720664
30015,0.0005111341751372442,0.0005297208724149621,0.0005668942669703981,0.0005761876156092571,0.0006040676615258341,0.0006133610101646931,0.0007155878451921419,0.0008364013774973088,0.0010129750016356295,0.0011059084880242192,0.0014869357822174377,0.0015426958740505916,0.0018493763791329382,0.002918111472601722,0.0038846197310430557,0.004525860787124326,0.0047024344112626465,0.004869714686762109,0.0047303144571792235,0.004163420190208826,0.0040333133092648,0.003996139914709364,0.004051900006542518,0.004312113768430569,0.0040426066579036584,0.004144833492931108,0.0043399938143471465,0.004563034181679762,0.004572327530318621,0.004312113768430569,0.0044886873925688905,0.004767487851734659,0.004767487851734659,0.0054830756969268014,0.006830611249561354,0.004990528219067276,0.006579690836312162,0.008503414004555973,0.009962469740856832,0.010334203686411192,0.00907030827152637,0.010520070659188372,0.008745041069166305,0.007936519737585574,0.008048039921251882,0.007416092213809471,0.00751831904883692,0.00815026675627933,0.00750902570019806,0.006626157579506456,0.006895664690033367,0.006588984184951021,0.006403117212173841,0.006486757349923572,0.008085213315807317,0.009497802308913884,0.009116775014720664
30017,0.0005111341751372442,0.0005297208724149621,0.0005668942669703981,0.0005761876156092571,0.0006040676615258341,0.0006133610101646931,0.0007155878451921419,0.0008364013774973088,0.0010129750016356295,0.0011059084880242192,0.0014869357822174377,0.0015426958740505916,0.0018493763791329382,0.002918111472601722,0.0038846197310430557,0.004525860787124326,0.0047024344112626465,0.004869714686762109,0.0047303144571792235,0.004163420190208826,0.0040333133092648,0.003996139914709364,0.004051900006542518,0.004312113768430569,0.0040426066579036584,0.004144833492931108,0.0043399938143471465,0.004563034181679762,0.004572327530318621,0.004312113768430569,0.0044886873925688905,0.004767487851734659,0.004767487851734659,0.0054830756969268014,0.006830611249561354,0.004990528219067276,0.006579690836312162,0.008503414004555973,0.009962469740856832,0.010334203686411192,0.00907030827152637,0.010520070659188372,0.008745041069166305,0.007936519737585574,0.008048039921251882,0.007416092213809471,0.00751831904883692,0.00815026675627933,0.00750902570019806,0.006626157579506456,0.006895664690033367,0.006588984184951021,0.006403117212173841,0.006486757349923572,0.008085213315807317,0.009497802308913884,0.009116775014720664
30019,0.0005111341751372442,0.0005297208724149621,0.0005668942669703981,0.0005761876156092571,0.0006040676615258341,0.0006133610101646931,0.0007155878451921419,0.0008364013774973088,0.0010129750016356295,0.0011059084880242192,0.0014869357822174377,0.0015426958740505916,0.0018493763791329382,0.002918111472601722,0.0038846197310430557,0.004525860787124326,0.0047024344112626465,0.004869714686762109,0.0047303144571792235,0.004163420190208826,0.0040333133092648,0.003996139914709364,0.004051900006542518,0.004312113768430569,0.0040426066579036584,0.004144833492931108,0.0043399938143471465,0.004563034181679762,0.004572327530318621,0.004312113768430569,0.0044886873925688905,0.004767487851734659,0.004767487851734659,0.0054830756969268014,0.006830611249561354,0.004990528219067276,0.006579690836312162,0.008503414004555973,0.009962469740856832,0.010334203686411192,0.00907030827152637,0.010520070659188372,0.008745041069166305,0.007936519737585574,0.008048039921251882,0.007416092213809471,0.00751831904883692,0.00815026675627933,0.00750902570019806,0.006626157579506456,0.006895664690033367,0.006588984184951021,0.006403117212173841,0.006486757349923572,0.008085213315807317,0.009497802308913884,0.009116775014720664
30021,0.0005111341751372442,0.0005297208724149621,0.0005668942669703981,0.0005761876156092571,0.0006040676615258341,0.0006133610101646931,0.0007155878451921419,0.0008364013774973088,0.0010129750016356295,0.0011059084880242192,0.0014869357822174377,0.0015426958740505916,0.0018493763791329382,0.002918111472601722,0.0038846197310430557,0.004525860787124326,0.0047024344112626465,0.004869714686762109,0.0047303144571792235,0.004163420190208826,0.0040333133092648,0.003996139914709364,0.004051900006542518,0.004312113768430569,0.0040426066579036584,0.004144833492931108,0.0043399938143471465,0.004563034181679762,0.004572327530318621,0.004312113768430569,0.0044886873925688905,0.004767487851734659,0.004767487851734659,0.0054830756969268014,0.006830611249561354,0.004990528219067276,0.006579690836312162,0.008503414004555973,0.009962469740856832,0.010334203686411192,0.00907030827152637,0.010520070659188372,0.008745041069166305,0.007936519737585574,0.008048039921251882,0.007416092213809471,0.00751831904883692,0.00815026675627933,0.00750902570019806,0.006626157579506456,0.006895664690033367,0.006588984184951021,0.006403117212173841,0.006486757349923572,0.008085213315807317,0.009497802308913884,0.009116775014720664
30023,0.0005111341751372442,0.0005297208724149621,0.0005668942669703981,0.0005761876156092571,0.0006040676615258341,0.0006133610101646931,0.0007155878451921419,0.0008364013774973088,0.0010129750016356295,0.0011059084880242192,0.0014869357822174377,0.0015426958740505916,0.0018493763791329382,0.002918111472601722,0.0038846197310430557,0.004525860787124326,0.0047024344112626465,0.004869714686762109,0.0047303144571792235,0.004163420190208826,0.0040333133092648,0.003996139914709364,0.004051900006542518,0.004312113768430569,0.0040426066579036584,0.004144833492931108,0.0043399938143471465,0.004563034181679762,0.004572327530318621,0.004312113768430569,0.0044886873925688905,0.004767487851734659,0.004767487851734659,0.0054830756969268014,0.006830611249561354,0.004990528219067276,0.006579690836312162,0.008503414004555973,0.009962469740856832,0.010334203686411192,0.00907030827152637,0.010520070659188372,0.008745041069166305,0.007936519737585574,0.008048039921251882,0.007416092213809471,0.00751831904883692,0.00815026675627933,0.00750902570019806,0.006626157579506456,0.006895664690033367,0.006588984184951021,0.006403117212173841,0.006486757349923572,0.008085213315807317,0.009497802308913884,0.009116775014720664
30025,0.0005111341751372442,0.0005297208724149621,0.0005668942669703981,0.0005761876156092571,0.0006040676615258341,0.0006133610101646931,0.0007155878451921419,0.0008364013774973088,0.0010129750016356295,0.0011059084880242192,0.0014869357822174377,0.0015426958740505916,0.0018493763791329382,0.002918111472601722,0.0038846197310430557,0.004525860787124326,0.0047024344112626465,0.004869714686762109,0.0047303144571792235,0.004163420190208826,0.0040333133092648,0.003996139914709364,0.004051900006542518,0.004312113768430569,0.0040426066579036584,0.004144833492931108,0.0043399938143471465,0.004563034181679762,0.004572327530318621,0.004312113768430569,0.0044886873925688905,0.004767487851734659,0.004767487851734659,0.0054830756969268014,0.006830611249561354,0.004990528219067276,0.006579690836312162,0.008503414004555973,0.009962469740856832,0.010334203686411192,0.00907030827152637,0.010520070659188372,0.008745041069166305,0.007936519737585574,0.008048039921251882,0.007416092213809471,0.00751831904883692,0.00815026675627933,0.00750902570019806,0.006626157579506456,0.006895664690033367,0.006588984184951021,0.006403117212173841,0.006486757349923572,0.008085213315807317,0.009497802308913884,0.009116775014720664
30027,0.0005111341751372442,0.0005297208724149621,0.0005668942669703981,0.0005761876156092571,0.0006040676615258341,0.0006133610101646931,0.0007155878451921419,0.0008364013774973088,0.0010129750016356295,0.0011059084880242192,0.0014869357822174377,0.0015426958740505916,0.0018493763791329382,0.002918111472601722,0.0038846197310430557,0.004525860787124326,0.0047024344112626465,0.004869714686762109,0.0047303144571792235,0.004163420190208826,0.0040333133092648,0.003996139914709364,0.004051900006542518,0.004312113768430569,0.0040426066579036584,0.004144833492931108,0.0043399938143471465,0.004563034181679762,0.004572327530318621,0.004312113768430569,0.0044886873925688905,0.004767487851734659,0.004767487851734659,0.0054830756969268014,0.006830611249561354,0.004990528219067276,0.006579690836312162,0.008503414004555973,0.009962469740856832,0.010334203686411192,0.00907030827152637,0.010520070659188372,0.008745041069166305,0.007936519737585574,0.008048039921251882,0.007416092213809471,0.00751831904883692,0.00815026675627933,0.00750902570019806,0.006626157579506456,0.006895664690033367,0.006588984184951021,0.006403117212173841,0.006486757349923572,0.008085213315807317,0.009497802308913884,0.009116775014720664
30029,0.0005111341751372442,0.0005297208724149621,0.0005668942669703981,0.0005761876156092571,0.0006040676615258341,0.0006133610101646931,0.0007155878451921419,0.0008364013774973088,0.0010129750016356295,0.0011059084880242192,0.0014869357822174377,0.0015426958740505916,0.0018493763791329382,0.002918111472601722,0.0038846197310430557,0.004525860787124326,0.0047024344112626465,0.004869714686762109,0.0047303144571792235,0.004163420190208826,0.0040333133092648,0.003996139914709364,0.004051900006542518,0.004312113768430569,0.0040426066579036584,0.004144833492931108,0.0043399938143471465,0.004563034181679762,0.004572327530318621,0.004312113768430569,0.0044886873925688905,0.004767487851734659,0.004767487851734659,0.0054830756969268014,0.006830611249561354,0.004990528219067276,0.006579690836312162,0.008503414004555973,0.009962469740856832,0.010334203686411192,0.00907030827152637,0.010520070659188372,0.008745041069166305,0.007936519737585574,0.008048039921251882,0.007416092213809471,0.00751831904883692,0.00815026675627933,0.00750902570019806,0.006626157579506456,0.006895664690033367,0.006588984184951021,0.006403117212173841,0.006486757349923572,0.008085213315807317,0.009497802308913884,0.009116775014720664
30031,0.0005111341751372442,0.0005297208724149621,0.0005668942669703981,0.0005761876156092571,0.0006040676615258341,0.0006133610101646931,0.0007155878451921419,0.0008364013774973088,0.0010129750016356295,0.0011059084880242192,0.0014869357822174377,0.0015426958740505916,0.0018493763791329382,0.002918111472601722,0.0038846197310430557,0.004525860787124326,0.0047024344112626465,0.004869714686762109,0.0047303144571792235,0.004163420190208826,0.0040333133092648,0.003996139914709364,0.004051900006542518,0.004312113768430569,0.0040426066579036584,0.004144833492931108,0.0043399938143471465,0.004563034181679762,0.004572327530318621,0.004312113768430569,0.0044886873925688905,0.004767487851734659,0.004767487851734659,0.0054830756969268014,0.006830611249561354,0.004990528219067276,0.006579690836312162,0.008503414004555973,0.009962469740856832,0.010334203686411192,0.00907030827152637,0.010520070659188372,0.008745041069166305,0.007936519737585574,0.008048039921251882,0.007416092213809471,0.00751831904883692,0.00815026675627933,0.00750902570019806,0.006626157579506456,0.006895664690033367,0.006588984184951021,0.006403117212173841,0.006486757349923572,0.008085213315807317,0.009497802308913884,0.009116775014720664
30033,0.0005111341751372442,0.0005297208724149621,0.0005668942669703981,0.0005761876156092571,0.0006040676615258341,0.0006133610101646931,0.0007155878451921419,0.0008364013774973088,0.0010129750016356295,0.0011059084880242192,0.0014869357822174377,0.0015426958740505916,0.0018493763791329382,0.002918111472601722,0.0038846197310430557,0.004525860787124326,0.0047024344112626465,0.004869714686762109,0.0047303144571792235,0.004163420190208826,0.0040333133092648,0.003996139914709364,0.004051900006542518,0.004312113768430569,0.0040426066579036584,0.004144833492931108,0.0043399938143471465,0.004563034181679762,0.004572327530318621,0.004312113768430569,0.0044886873925688905,0.004767487851734659,0.004767487851734659,0.0054830756969268014,0.006830611249561354,0.004990528219067276,0.006579690836312162,0.008503414004555973,0.009962469740856832,0.010334203686411192,0.00907030827152637,0.010520070659188372,0.008745041069166305,0.007936519737585574,0.008048039921251882,0.007416092213809471,0.00751831904883692,0.00815026675627933,0.00750902570019806,0.006626157579506456,0.006895664690033367,0.006588984184951021,0.006403117212173841,0.006486757349923572,0.008085213315807317,0.009497802308913884,0.009116775014720664
30035,0.0005111341751372442,0.0005297208724149621,0.0005668942669703981,0.0005761876156092571,0.0006040676615258341,0.0006133610101646931,0.0007155878451921419,0.0008364013774973088,0.0010129750016356295,0.0011059084880242192,0.0014869357822174377,0.0015426958740505916,0.0018493763791329382,0.002918111472601722,0.0038846197310430557,0.004525860787124326,0.0047024344112626465,0.004869714686762109,0.0047303144571792235,0.004163420190208826,0.0040333133092648,0.003996139914709364,0.004051900006542518,0.004312113768430569,0.0040426066579036584,0.004144833492931108,0.0043399938143471465,0.004563034181679762,0.004572327530318621,0.004312113768430569,0.0044886873925688905,0.004767487851734659,0.004767487851734659,0.0054830756969268014,0.006830611249561354,0.004990528219067276,0.006579690836312162,0.008503414004555973,0.009962469740856832,0.010334203686411192,0.00907030827152637,0.010520070659188372,0.008745041069166305,0.007936519737585574,0.008048039921251882,0.007416092213809471,0.00751831904883692,0.00815026675627933,0.00750902570019806,0.006626157579506456,0.006895664690033367,0.006588984184951021,0.006403117212173841,0.006486757349923572,0.008085213315807317,0.009497802308913884,0.009116775014720664
30037,0.0005111341751372442,0.0005297208724149621,0.0005668942669703981,0.0005761876156092571,0.0006040676615258341,0.0006133610101646931,0.0007155878451921419,0.0008364013774973088,0.0010129750016356295,0.0011059084880242192,0.0014869357822174377,0.0015426958740505916,0.0018493763791329382,0.002918111472601722,0.0038846197310430557,0.004525860787124326,0.0047024344112626465,0.004869714686762109,0.0047303144571792235,0.004163420190208826,0.0040333133092648,0.003996139914709364,0.004051900006542518,0.004312113768430569,0.0040426066579036584,0.004144833492931108,0.0043399938143471465,0.004563034181679762,0.004572327530318621,0.004312113768430569,0.0044886873925688905,0.004767487851734659,0.004767487851734659,0.0054830756969268014,0.006830611249561354,0.004990528219067276,0.006579690836312162,0.008503414004555973,0.009962469740856832,0.010334203686411192,0.00907030827152637,0.010520070659188372,0.008745041069166305,0.007936519737585574,0.008048039921251882,0.007416092213809471,0.00751831904883692,0.00815026675627933,0.00750902570019806,0.006626157579506456,0.006895664690033367,0.006588984184951021,0.006403117212173841,0.006486757349923572,0.008085213315807317,0.009497802308913884,0.009116775014720664
30039,0.0005111341751372442,0.0005297208724149621,0.0005668942669703981,0.0005761876156092571,0.0006040676615258341,0.0006133610101646931,0.0007155878451921419,0.0008364013774973088,0.0010129750016356295,0.0011059084880242192,0.0014869357822174377,0.0015426958740505916,0.0018493763791329382,0.002918111472601722,0.0038846197310430557,0.004525860787124326,0.0047024344112626465,0.004869714686762109,0.0047303144571792235,0.004163420190208826,0.0040333133092648,0.003996139914709364,0.004051900006542518,0.004312113768430569,0.0040426066579036584,0.004144833492931108,0.0043399938143471465,0.004563034181679762,0.004572327530318621,0.004312113768430569,0.0044886873925688905,0.004767487851734659,0.004767487851734659,0.0054830756969268014,0.006830611249561354,0.004990528219067276,0.006579690836312162,0.008503414004555973,0.009962469740856832,0.010334203686411192,0.00907030827152637,0.010520070659188372,0.008745041069166305,0.007936519737585574,0.008048039921251882,0.007416092213809471,0.00751831904883692,0.00815026675627933,0.00750902570019806,0.006626157579506456,0.006895664690033367,0.006588984184951021,0.006403117212173841,0.006486757349923572,0.008085213315807317,0.009497802308913884,0.009116775014720664
30041,0.0005111341751372442,0.0005297208724149621,0.0005668942669703981,0.0005761876156092571,0.0006040676615258341,0.0006133610101646931,0.0007155878451921419,0.0008364013774973088,0.0010129750016356295,0.0011059084880242192,0.0014869357822174377,0.0015426958740505916,0.0018493763791329382,0.002918111472601722,0.0038846197310430557,0.004525860787124326,0.0047024344112626465,0.004869714686762109,0.0047303144571792235,0.004163420190208826,0.0040333133092648,0.003996139914709364,0.004051900006542518,0.004312113768430569,0.0040426066579036584,0.004144833492931108,0.0043399938143471465,0.004563034181679762,0.004572327530318621,0.004312113768430569,0.0044886873925688905,0.004767487851734659,0.004767487851734659,0.0054830756969268014,0.006830611249561354,0.004990528219067276,0.006579690836312162,0.008503414004555973,0.009962469740856832,0.010334203686411192,0.00907030827152637,0.010520070659188372,0.008745041069166305,0.007936519737585574,0.008048039921251882,0.007416092213809471,0.00751831904883692,0.00815026675627933,0.00750902570019806,0.006626157579506456,0.006895664690033367,0.006588984184951021,0.006403117212173841,0.006486757349923572,0.008085213315807317,0.009497802308913884,0.009116775014720664
30043,0.0005111341751372442,0.0005297208724149621,0.0005668942669703981,0.0005761876156092571,0.0006040676615258341,0.0006133610101646931,0.0007155878451921419,0.0008364013774973088,0.0010129750016356295,0.0011059084880242192,0.0014869357822174377,0.0015426958740505916,0.0018493763791329382,0.002918111472601722,0.0038846197310430557,0.004525860787124326,0.0047024344112626465,0.004869714686762109,0.0047303144571792235,0.004163420190208826,0.0040333133092648,0.003996139914709364,0.004051900006542518,0.004312113768430569,0.0040426066579036584,0.004144833492931108,0.0043399938143471465,0.004563034181679762,0.004572327530318621,0.004312113768430569,0.0044886873925688905,0.004767487851734659,0.004767487851734659,0.0054830756969268014,0.006830611249561354,0.004990528219067276,0.006579690836312162,0.008503414004555973,0.009962469740856832,0.010334203686411192,0.00907030827152637,0.010520070659188372,0.008745041069166305,0.007936519737585574,0.008048039921251882,0.007416092213809471,0.00751831904883692,0.00815026675627933,0.00750902570019806,0.006626157579506456,0.006895664690033367,0.006588984184951021,0.006403117212173841,0.006486757349923572,0.008085213315807317,0.009497802308913884,0.009116775014720664
30045,0.0005111341751372442,0.0005297208724149621,0.0005668942669703981,0.0005761876156092571,0.0006040676615258341,0.0006133610101646931,0.0007155878451921419,0.0008364013774973088,0.0010129750016356295,0.0011059084880242192,0.0014869357822174377,0.0015426958740505916,0.0018493763791329382,0.002918111472601722,0.0038846197310430557,0.004525860787124326,0.0047024344112626465,0.004869714686762109,0.0047303144571792235,0.004163420190208826,0.0040333133092648,0.003996139914709364,0.004051900006542518,0.004312113768430569,0.0040426066579036584,0.004144833492931108,0.0043399938143471465,0.004563034181679762,0.004572327530318621,0.004312113768430569,0.0044886873925688905,0.004767487851734659,0.004767487851734659,0.0054830756969268014,0.006830611249561354,0.004990528219067276,0.006579690836312162,0.008503414004555973,0.009962469740856832,0.010334203686411192,0.00907030827152637,0.010520070659188372,0.008745041069166305,0.007936519737585574,0.008048039921251882,0.007416092213809471,0.00751831904883692,0.00815026675627933,0.00750902570019806,0.006626157579506456,0.006895664690033367,0.006588984184951021,0.006403117212173841,0.006486757349923572,0.008085213315807317,0.009497802308913884,0.009116775014720664
30047,0.0005111341751372442,0.0005297208724149621,0.0005668942669703981,0.0005761876156092571,0.0006040676615258341,0.0006133610101646931,0.0007155878451921419,0.0008364013774973088,0.0010129750016356295,0.0011059084880242192,0.0014869357822174377,0.0015426958740505916,0.0018493763791329382,0.002918111472601722,0.0038846197310430557,0.004525860787124326,0.0047024344112626465,0.004869714686762109,0.0047303144571792235,0.004163420190208826,0.0040333133092648,0.003996139914709364,0.004051900006542518,0.004312113768430569,0.0040426066579036584,0.004144833492931108,0.0043399938143471465,0.004563034181679762,0.004572327530318621,0.004312113768430569,0.0044886873925688905,0.004767487851734659,0.004767487851734659,0.0054830756969268014,0.006830611249561354,0.004990528219067276,0.006579690836312162,0.008503414004555973,0.009962469740856832,0.010334203686411192,0.00907030827152637,0.010520070659188372,0.008745041069166305,0.007936519737585574,0.008048039921251882,0.007416092213809471,0.00751831904883692,0.00815026675627933,0.00750902570019806,0.006626157579506456,0.006895664690033367,0.006588984184951021,0.006403117212173841,0.006486757349923572,0.008085213315807317,0.009497802308913884,0.009116775014720664
30049,0.0005111341751372442,0.0005297208724149621,0.0005668942669703981,0.0005761876156092571,0.0006040676615258341,0.0006133610101646931,0.0007155878451921419,0.0008364013774973088,0.0010129750016356295,0.0011059084880242192,0.0014869357822174377,0.0015426958740505916,0.0018493763791329382,0.002918111472601722,0.0038846197310430557,0.004525860787124326,0.0047024344112626465,0.004869714686762109,0.0047303144571792235,0.004163420190208826,0.0040333133092648,0.003996139914709364,0.004051900006542518,0.004312113768430569,0.0040426066579036584,0.004144833492931108,0.0043399938143471465,0.004563034181679762,0.004572327530318621,0.004312113768430569,0.0044886873925688905,0.004767487851734659,0.004767487851734659,0.0054830756969268014,0.006830611249561354,0.004990528219067276,0.006579690836312162,0.008503414004555973,0.009962469740856832,0.010334203686411192,0.00907030827152637,0.010520070659188372,0.008745041069166305,0.007936519737585574,0.008048039921251882,0.007416092213809471,0.00751831904883692,0.00815026675627933,0.00750902570019806,0.006626157579506456,0.006895664690033367,0.006588984184951021,0.006403117212173841,0.006486757349923572,0.008085213315807317,0.009497802308913884,0.009116775014720664
30051,0.0005111341751372442,0.0005297208724149621,0.0005668942669703981,0.0005761876156092571,0.0006040676615258341,0.0006133610101646931,0.0007155878451921419,0.0008364013774973088,0.0010129750016356295,0.0011059084880242192,0.0014869357822174377,0.0015426958740505916,0.0018493763791329382,0.002918111472601722,0.0038846197310430557,0.004525860787124326,0.0047024344112626465,0.004869714686762109,0.0047303144571792235,0.004163420190208826,0.0040333133092648,0.003996139914709364,0.004051900006542518,0.004312113768430569,0.0040426066579036584,0.004144833492931108,0.0043399938143471465,0.004563034181679762,0.004572327530318621,0.004312113768430569,0.0044886873925688905,0.004767487851734659,0.004767487851734659,0.0054830756969268014,0.006830611249561354,0.004990528219067276,0.006579690836312162,0.008503414004555973,0.009962469740856832,0.010334203686411192,0.00907030827152637,0.010520070659188372,0.008745041069166305,0.007936519737585574,0.008048039921251882,0.007416092213809471,0.00751831904883692,0.00815026675627933,0.00750902570019806,0.006626157579506456,0.006895664690033367,0.006588984184951021,0.006403117212173841,0.006486757349923572,0.008085213315807317,0.009497802308913884,0.009116775014720664
30053,0.0005111341751372442,0.0005297208724149621,0.0005668942669703981,0.0005761876156092571,0.0006040676615258341,0.0006133610101646931,0.0007155878451921419,0.0008364013774973088,0.0010129750016356295,0.0011059084880242192,0.0014869357822174377,0.0015426958740505916,0.0018493763791329382,0.002918111472601722,0.0038846197310430557,0.004525860787124326,0.0047024344112626465,0.004869714686762109,0.0047303144571792235,0.004163420190208826,0.0040333133092648,0.003996139914709364,0.004051900006542518,0.004312113768430569,0.0040426066579036584,0.004144833492931108,0.0043399938143471465,0.004563034181679762,0.004572327530318621,0.004312113768430569,0.0044886873925688905,0.004767487851734659,0.004767487851734659,0.0054830756969268014,0.006830611249561354,0.004990528219067276,0.006579690836312162,0.008503414004555973,0.009962469740856832,0.010334203686411192,0.00907030827152637,0.010520070659188372,0.008745041069166305,0.007936519737585574,0.008048039921251882,0.007416092213809471,0.00751831904883692,0.00815026675627933,0.00750902570019806,0.006626157579506456,0.006895664690033367,0.006588984184951021,0.006403117212173841,0.006486757349923572,0.008085213315807317,0.009497802308913884,0.009116775014720664
30055,0.0005111341751372442,0.0005297208724149621,0.0005668942669703981,0.0005761876156092571,0.0006040676615258341,0.0006133610101646931,0.0007155878451921419,0.0008364013774973088,0.0010129750016356295,0.0011059084880242192,0.0014869357822174377,0.0015426958740505916,0.0018493763791329382,0.002918111472601722,0.0038846197310430557,0.004525860787124326,0.0047024344112626465,0.004869714686762109,0.0047303144571792235,0.004163420190208826,0.0040333133092648,0.003996139914709364,0.004051900006542518,0.004312113768430569,0.0040426066579036584,0.004144833492931108,0.0043399938143471465,0.004563034181679762,0.004572327530318621,0.004312113768430569,0.0044886873925688905,0.004767487851734659,0.004767487851734659,0.0054830756969268014,0.006830611249561354,0.004990528219067276,0.006579690836312162,0.008503414004555973,0.009962469740856832,0.010334203686411192,0.00907030827152637,0.010520070659188372,0.008745041069166305,0.007936519737585574,0.008048039921251882,0.007416092213809471,0.00751831904883692,0.00815026675627933,0.00750902570019806,0.006626157579506456,0.006895664690033367,0.006588984184951021,0.006403117212173841,0.006486757349923572,0.008085213315807317,0.009497802308913884,0.009116775014720664
30057,0.0005111341751372442,0.0005297208724149621,0.0005668942669703981,0.0005761876156092571,0.0006040676615258341,0.0006133610101646931,0.0007155878451921419,0.0008364013774973088,0.0010129750016356295,0.0011059084880242192,0.0014869357822174377,0.0015426958740505916,0.0018493763791329382,0.002918111472601722,0.0038846197310430557,0.004525860787124326,0.0047024344112626465,0.004869714686762109,0.0047303144571792235,0.004163420190208826,0.0040333133092648,0.003996139914709364,0.004051900006542518,0.004312113768430569,0.0040426066579036584,0.004144833492931108,0.0043399938143471465,0.004563034181679762,0.004572327530318621,0.004312113768430569,0.0044886873925688905,0.004767487851734659,0.004767487851734659,0.0054830756969268014,0.006830611249561354,0.004990528219067276,0.006579690836312162,0.008503414004555973,0.009962469740856832,0.010334203686411192,0.00907030827152637,0.010520070659188372,0.008745041069166305,0.007936519737585574,0.008048039921251882,0.007416092213809471,0.00751831904883692,0.00815026675627933,0.00750902570019806,0.006626157579506456,0.006895664690033367,0.006588984184951021,0.006403117212173841,0.006486757349923572,0.008085213315807317,0.009497802308913884,0.009116775014720664
30059,0.0005111341751372442,0.0005297208724149621,0.0005668942669703981,0.0005761876156092571,0.0006040676615258341,0.0006133610101646931,0.0007155878451921419,0.0008364013774973088,0.0010129750016356295,0.0011059084880242192,0.0014869357822174377,0.0015426958740505916,0.0018493763791329382,0.002918111472601722,0.0038846197310430557,0.004525860787124326,0.0047024344112626465,0.004869714686762109,0.0047303144571792235,0.004163420190208826,0.0040333133092648,0.003996139914709364,0.004051900006542518,0.004312113768430569,0.0040426066579036584,0.004144833492931108,0.0043399938143471465,0.004563034181679762,0.004572327530318621,0.004312113768430569,0.0044886873925688905,0.004767487851734659,0.004767487851734659,0.0054830756969268014,0.006830611249561354,0.004990528219067276,0.006579690836312162,0.008503414004555973,0.009962469740856832,0.010334203686411192,0.00907030827152637,0.010520070659188372,0.008745041069166305,0.007936519737585574,0.008048039921251882,0.007416092213809471,0.00751831904883692,0.00815026675627933,0.00750902570019806,0.006626157579506456,0.006895664690033367,0.006588984184951021,0.006403117212173841,0.006486757349923572,0.008085213315807317,0.009497802308913884,0.009116775014720664
30061,0.0005111341751372442,0.0005297208724149621,0.0005668942669703981,0.0005761876156092571,0.0006040676615258341,0.0006133610101646931,0.0007155878451921419,0.0008364013774973088,0.0010129750016356295,0.0011059084880242192,0.0014869357822174377,0.0015426958740505916,0.0018493763791329382,0.002918111472601722,0.0038846197310430557,0.004525860787124326,0.0047024344112626465,0.004869714686762109,0.0047303144571792235,0.004163420190208826,0.0040333133092648,0.003996139914709364,0.004051900006542518,0.004312113768430569,0.0040426066579036584,0.004144833492931108,0.0043399938143471465,0.004563034181679762,0.004572327530318621,0.004312113768430569,0.0044886873925688905,0.004767487851734659,0.004767487851734659,0.0054830756969268014,0.006830611249561354,0.004990528219067276,0.006579690836312162,0.008503414004555973,0.009962469740856832,0.010334203686411192,0.00907030827152637,0.010520070659188372,0.008745041069166305,0.007936519737585574,0.008048039921251882,0.007416092213809471,0.00751831904883692,0.00815026675627933,0.00750902570019806,0.006626157579506456,0.006895664690033367,0.006588984184951021,0.006403117212173841,0.006486757349923572,0.008085213315807317,0.009497802308913884,0.009116775014720664
30063,0.0005111341751372442,0.0005297208724149621,0.0005668942669703981,0.0005761876156092571,0.0006040676615258341,0.0006133610101646931,0.0007155878451921419,0.0008364013774973088,0.0010129750016356295,0.0011059084880242192,0.0014869357822174377,0.0015426958740505916,0.0018493763791329382,0.002918111472601722,0.0038846197310430557,0.004525860787124326,0.0047024344112626465,0.004869714686762109,0.0047303144571792235,0.004163420190208826,0.0040333133092648,0.003996139914709364,0.004051900006542518,0.004312113768430569,0.0040426066579036584,0.004144833492931108,0.0043399938143471465,0.004563034181679762,0.004572327530318621,0.004312113768430569,0.0044886873925688905,0.004767487851734659,0.004767487851734659,0.0054830756969268014,0.006830611249561354,0.004990528219067276,0.006579690836312162,0.008503414004555973,0.009962469740856832,0.010334203686411192,0.00907030827152637,0.010520070659188372,0.008745041069166305,0.007936519737585574,0.008048039921251882,0.007416092213809471,0.00751831904883692,0.00815026675627933,0.00750902570019806,0.006626157579506456,0.006895664690033367,0.006588984184951021,0.006403117212173841,0.006486757349923572,0.008085213315807317,0.009497802308913884,0.009116775014720664
30065,0.0005111341751372442,0.0005297208724149621,0.0005668942669703981,0.0005761876156092571,0.0006040676615258341,0.0006133610101646931,0.0007155878451921419,0.0008364013774973088,0.0010129750016356295,0.0011059084880242192,0.0014869357822174377,0.0015426958740505916,0.0018493763791329382,0.002918111472601722,0.0038846197310430557,0.004525860787124326,0.0047024344112626465,0.004869714686762109,0.0047303144571792235,0.004163420190208826,0.0040333133092648,0.003996139914709364,0.004051900006542518,0.004312113768430569,0.0040426066579036584,0.004144833492931108,0.0043399938143471465,0.004563034181679762,0.004572327530318621,0.004312113768430569,0.0044886873925688905,0.004767487851734659,0.004767487851734659,0.0054830756969268014,0.006830611249561354,0.004990528219067276,0.006579690836312162,0.008503414004555973,0.009962469740856832,0.010334203686411192,0.00907030827152637,0.010520070659188372,0.008745041069166305,0.007936519737585574,0.008048039921251882,0.007416092213809471,0.00751831904883692,0.00815026675627933,0.00750902570019806,0.006626157579506456,0.006895664690033367,0.006588984184951021,0.006403117212173841,0.006486757349923572,0.008085213315807317,0.009497802308913884,0.009116775014720664
30067,0.0005111341751372442,0.0005297208724149621,0.0005668942669703981,0.0005761876156092571,0.0006040676615258341,0.0006133610101646931,0.0007155878451921419,0.0008364013774973088,0.0010129750016356295,0.0011059084880242192,0.0014869357822174377,0.0015426958740505916,0.0018493763791329382,0.002918111472601722,0.0038846197310430557,0.004525860787124326,0.0047024344112626465,0.004869714686762109,0.0047303144571792235,0.004163420190208826,0.0040333133092648,0.003996139914709364,0.004051900006542518,0.004312113768430569,0.0040426066579036584,0.004144833492931108,0.0043399938143471465,0.004563034181679762,0.004572327530318621,0.004312113768430569,0.0044886873925688905,0.004767487851734659,0.004767487851734659,0.0054830756969268014,0.006830611249561354,0.004990528219067276,0.006579690836312162,0.008503414004555973,0.009962469740856832,0.010334203686411192,0.00907030827152637,0.010520070659188372,0.008745041069166305,0.007936519737585574,0.008048039921251882,0.007416092213809471,0.00751831904883692,0.00815026675627933,0.00750902570019806,0.006626157579506456,0.006895664690033367,0.006588984184951021,0.006403117212173841,0.006486757349923572,0.008085213315807317,0.009497802308913884,0.009116775014720664
30069,0.0005111341751372442,0.0005297208724149621,0.0005668942669703981,0.0005761876156092571,0.0006040676615258341,0.0006133610101646931,0.0007155878451921419,0.0008364013774973088,0.0010129750016356295,0.0011059084880242192,0.0014869357822174377,0.0015426958740505916,0.0018493763791329382,0.002918111472601722,0.0038846197310430557,0.004525860787124326,0.0047024344112626465,0.004869714686762109,0.0047303144571792235,0.004163420190208826,0.0040333133092648,0.003996139914709364,0.004051900006542518,0.004312113768430569,0.0040426066579036584,0.004144833492931108,0.0043399938143471465,0.004563034181679762,0.004572327530318621,0.004312113768430569,0.0044886873925688905,0.004767487851734659,0.004767487851734659,0.0054830756969268014,0.006830611249561354,0.004990528219067276,0.006579690836312162,0.008503414004555973,0.009962469740856832,0.010334203686411192,0.00907030827152637,0.010520070659188372,0.008745041069166305,0.007936519737585574,0.008048039921251882,0.007416092213809471,0.00751831904883692,0.00815026675627933,0.00750902570019806,0.006626157579506456,0.006895664690033367,0.006588984184951021,0.006403117212173841,0.006486757349923572,0.008085213315807317,0.009497802308913884,0.009116775014720664
30071,0.0005111341751372442,0.0005297208724149621,0.0005668942669703981,0.0005761876156092571,0.0006040676615258341,0.0006133610101646931,0.0007155878451921419,0.0008364013774973088,0.0010129750016356295,0.0011059084880242192,0.0014869357822174377,0.0015426958740505916,0.0018493763791329382,0.002918111472601722,0.0038846197310430557,0.004525860787124326,0.0047024344112626465,0.004869714686762109,0.0047303144571792235,0.004163420190208826,0.0040333133092648,0.003996139914709364,0.004051900006542518,0.004312113768430569,0.0040426066579036584,0.004144833492931108,0.0043399938143471465,0.004563034181679762,0.004572327530318621,0.004312113768430569,0.0044886873925688905,0.004767487851734659,0.004767487851734659,0.0054830756969268014,0.006830611249561354,0.004990528219067276,0.006579690836312162,0.008503414004555973,0.009962469740856832,0.010334203686411192,0.00907030827152637,0.010520070659188372,0.008745041069166305,0.007936519737585574,0.008048039921251882,0.007416092213809471,0.00751831904883692,0.00815026675627933,0.00750902570019806,0.006626157579506456,0.006895664690033367,0.006588984184951021,0.006403117212173841,0.006486757349923572,0.008085213315807317,0.009497802308913884,0.009116775014720664
30073,0.0005111341751372442,0.0005297208724149621,0.0005668942669703981,0.0005761876156092571,0.0006040676615258341,0.0006133610101646931,0.0007155878451921419,0.0008364013774973088,0.0010129750016356295,0.0011059084880242192,0.0014869357822174377,0.0015426958740505916,0.0018493763791329382,0.002918111472601722,0.0038846197310430557,0.004525860787124326,0.0047024344112626465,0.004869714686762109,0.0047303144571792235,0.004163420190208826,0.0040333133092648,0.003996139914709364,0.004051900006542518,0.004312113768430569,0.0040426066579036584,0.004144833492931108,0.0043399938143471465,0.004563034181679762,0.004572327530318621,0.004312113768430569,0.0044886873925688905,0.004767487851734659,0.004767487851734659,0.0054830756969268014,0.006830611249561354,0.004990528219067276,0.006579690836312162,0.008503414004555973,0.009962469740856832,0.010334203686411192,0.00907030827152637,0.010520070659188372,0.008745041069166305,0.007936519737585574,0.008048039921251882,0.007416092213809471,0.00751831904883692,0.00815026675627933,0.00750902570019806,0.006626157579506456,0.006895664690033367,0.006588984184951021,0.006403117212173841,0.006486757349923572,0.008085213315807317,0.009497802308913884,0.009116775014720664
30075,0.0005111341751372442,0.0005297208724149621,0.0005668942669703981,0.0005761876156092571,0.0006040676615258341,0.0006133610101646931,0.0007155878451921419,0.0008364013774973088,0.0010129750016356295,0.0011059084880242192,0.0014869357822174377,0.0015426958740505916,0.0018493763791329382,0.002918111472601722,0.0038846197310430557,0.004525860787124326,0.0047024344112626465,0.004869714686762109,0.0047303144571792235,0.004163420190208826,0.0040333133092648,0.003996139914709364,0.004051900006542518,0.004312113768430569,0.0040426066579036584,0.004144833492931108,0.0043399938143471465,0.004563034181679762,0.004572327530318621,0.004312113768430569,0.0044886873925688905,0.004767487851734659,0.004767487851734659,0.0054830756969268014,0.006830611249561354,0.004990528219067276,0.006579690836312162,0.008503414004555973,0.009962469740856832,0.010334203686411192,0.00907030827152637,0.010520070659188372,0.008745041069166305,0.007936519737585574,0.008048039921251882,0.007416092213809471,0.00751831904883692,0.00815026675627933,0.00750902570019806,0.006626157579506456,0.006895664690033367,0.006588984184951021,0.006403117212173841,0.006486757349923572,0.008085213315807317,0.009497802308913884,0.009116775014720664
30077,0.0005111341751372442,0.0005297208724149621,0.0005668942669703981,0.0005761876156092571,0.0006040676615258341,0.0006133610101646931,0.0007155878451921419,0.0008364013774973088,0.0010129750016356295,0.0011059084880242192,0.0014869357822174377,0.0015426958740505916,0.0018493763791329382,0.002918111472601722,0.0038846197310430557,0.004525860787124326,0.0047024344112626465,0.004869714686762109,0.0047303144571792235,0.004163420190208826,0.0040333133092648,0.003996139914709364,0.004051900006542518,0.004312113768430569,0.0040426066579036584,0.004144833492931108,0.0043399938143471465,0.004563034181679762,0.004572327530318621,0.004312113768430569,0.0044886873925688905,0.004767487851734659,0.004767487851734659,0.0054830756969268014,0.006830611249561354,0.004990528219067276,0.006579690836312162,0.008503414004555973,0.009962469740856832,0.010334203686411192,0.00907030827152637,0.010520070659188372,0.008745041069166305,0.007936519737585574,0.008048039921251882,0.007416092213809471,0.00751831904883692,0.00815026675627933,0.00750902570019806,0.006626157579506456,0.006895664690033367,0.006588984184951021,0.006403117212173841,0.006486757349923572,0.008085213315807317,0.009497802308913884,0.009116775014720664
30079,0.0005111341751372442,0.0005297208724149621,0.0005668942669703981,0.0005761876156092571,0.0006040676615258341,0.0006133610101646931,0.0007155878451921419,0.0008364013774973088,0.0010129750016356295,0.0011059084880242192,0.0014869357822174377,0.0015426958740505916,0.0018493763791329382,0.002918111472601722,0.0038846197310430557,0.004525860787124326,0.0047024344112626465,0.004869714686762109,0.0047303144571792235,0.004163420190208826,0.0040333133092648,0.003996139914709364,0.004051900006542518,0.004312113768430569,0.0040426066579036584,0.004144833492931108,0.0043399938143471465,0.004563034181679762,0.004572327530318621,0.004312113768430569,0.0044886873925688905,0.004767487851734659,0.004767487851734659,0.0054830756969268014,0.006830611249561354,0.004990528219067276,0.006579690836312162,0.008503414004555973,0.009962469740856832,0.010334203686411192,0.00907030827152637,0.010520070659188372,0.008745041069166305,0.007936519737585574,0.008048039921251882,0.007416092213809471,0.00751831904883692,0.00815026675627933,0.00750902570019806,0.006626157579506456,0.006895664690033367,0.006588984184951021,0.006403117212173841,0.006486757349923572,0.008085213315807317,0.009497802308913884,0.009116775014720664
30081,0.0005111341751372442,0.0005297208724149621,0.0005668942669703981,0.0005761876156092571,0.0006040676615258341,0.0006133610101646931,0.0007155878451921419,0.0008364013774973088,0.0010129750016356295,0.0011059084880242192,0.0014869357822174377,0.0015426958740505916,0.0018493763791329382,0.002918111472601722,0.0038846197310430557,0.004525860787124326,0.0047024344112626465,0.004869714686762109,0.0047303144571792235,0.004163420190208826,0.0040333133092648,0.003996139914709364,0.004051900006542518,0.004312113768430569,0.0040426066579036584,0.004144833492931108,0.0043399938143471465,0.004563034181679762,0.004572327530318621,0.004312113768430569,0.0044886873925688905,0.004767487851734659,0.004767487851734659,0.0054830756969268014,0.006830611249561354,0.004990528219067276,0.006579690836312162,0.008503414004555973,0.009962469740856832,0.010334203686411192,0.00907030827152637,0.010520070659188372,0.008745041069166305,0.007936519737585574,0.008048039921251882,0.007416092213809471,0.00751831904883692,0.00815026675627933,0.00750902570019806,0.006626157579506456,0.006895664690033367,0.006588984184951021,0.006403117212173841,0.006486757349923572,0.008085213315807317,0.009497802308913884,0.009116775014720664
30083,0.0005111341751372442,0.0005297208724149621,0.0005668942669703981,0.0005761876156092571,0.0006040676615258341,0.0006133610101646931,0.0007155878451921419,0.0008364013774973088,0.0010129750016356295,0.0011059084880242192,0.0014869357822174377,0.0015426958740505916,0.0018493763791329382,0.002918111472601722,0.0038846197310430557,0.004525860787124326,0.0047024344112626465,0.004869714686762109,0.0047303144571792235,0.004163420190208826,0.0040333133092648,0.003996139914709364,0.004051900006542518,0.004312113768430569,0.0040426066579036584,0.004144833492931108,0.0043399938143471465,0.004563034181679762,0.004572327530318621,0.004312113768430569,0.0044886873925688905,0.004767487851734659,0.004767487851734659,0.0054830756969268014,0.006830611249561354,0.004990528219067276,0.006579690836312162,0.008503414004555973,0.009962469740856832,0.010334203686411192,0.00907030827152637,0.010520070659188372,0.008745041069166305,0.007936519737585574,0.008048039921251882,0.007416092213809471,0.00751831904883692,0.00815026675627933,0.00750902570019806,0.006626157579506456,0.006895664690033367,0.006588984184951021,0.006403117212173841,0.006486757349923572,0.008085213315807317,0.009497802308913884,0.009116775014720664
30085,0.0005111341751372442,0.0005297208724149621,0.0005668942669703981,0.0005761876156092571,0.0006040676615258341,0.0006133610101646931,0.0007155878451921419,0.0008364013774973088,0.0010129750016356295,0.0011059084880242192,0.0014869357822174377,0.0015426958740505916,0.0018493763791329382,0.002918111472601722,0.0038846197310430557,0.004525860787124326,0.0047024344112626465,0.004869714686762109,0.0047303144571792235,0.004163420190208826,0.0040333133092648,0.003996139914709364,0.004051900006542518,0.004312113768430569,0.0040426066579036584,0.004144833492931108,0.0043399938143471465,0.004563034181679762,0.004572327530318621,0.004312113768430569,0.0044886873925688905,0.004767487851734659,0.004767487851734659,0.0054830756969268014,0.006830611249561354,0.004990528219067276,0.006579690836312162,0.008503414004555973,0.009962469740856832,0.010334203686411192,0.00907030827152637,0.010520070659188372,0.008745041069166305,0.007936519737585574,0.008048039921251882,0.007416092213809471,0.00751831904883692,0.00815026675627933,0.00750902570019806,0.006626157579506456,0.006895664690033367,0.006588984184951021,0.006403117212173841,0.006486757349923572,0.008085213315807317,0.009497802308913884,0.009116775014720664
30087,0.0005111341751372442,0.0005297208724149621,0.0005668942669703981,0.0005761876156092571,0.0006040676615258341,0.0006133610101646931,0.0007155878451921419,0.0008364013774973088,0.0010129750016356295,0.0011059084880242192,0.0014869357822174377,0.0015426958740505916,0.0018493763791329382,0.002918111472601722,0.0038846197310430557,0.004525860787124326,0.0047024344112626465,0.004869714686762109,0.0047303144571792235,0.004163420190208826,0.0040333133092648,0.003996139914709364,0.004051900006542518,0.004312113768430569,0.0040426066579036584,0.004144833492931108,0.0043399938143471465,0.004563034181679762,0.004572327530318621,0.004312113768430569,0.0044886873925688905,0.004767487851734659,0.004767487851734659,0.0054830756969268014,0.006830611249561354,0.004990528219067276,0.006579690836312162,0.008503414004555973,0.009962469740856832,0.010334203686411192,0.00907030827152637,0.010520070659188372,0.008745041069166305,0.007936519737585574,0.008048039921251882,0.007416092213809471,0.00751831904883692,0.00815026675627933,0.00750902570019806,0.006626157579506456,0.006895664690033367,0.006588984184951021,0.006403117212173841,0.006486757349923572,0.008085213315807317,0.009497802308913884,0.009116775014720664
30089,0.0005111341751372442,0.0005297208724149621,0.0005668942669703981,0.0005761876156092571,0.0006040676615258341,0.0006133610101646931,0.0007155878451921419,0.0008364013774973088,0.0010129750016356295,0.0011059084880242192,0.0014869357822174377,0.0015426958740505916,0.0018493763791329382,0.002918111472601722,0.0038846197310430557,0.004525860787124326,0.0047024344112626465,0.004869714686762109,0.0047303144571792235,0.004163420190208826,0.0040333133092648,0.003996139914709364,0.004051900006542518,0.004312113768430569,0.0040426066579036584,0.004144833492931108,0.0043399938143471465,0.004563034181679762,0.004572327530318621,0.004312113768430569,0.0044886873925688905,0.004767487851734659,0.004767487851734659,0.0054830756969268014,0.006830611249561354,0.004990528219067276,0.006579690836312162,0.008503414004555973,0.009962469740856832,0.010334203686411192,0.00907030827152637,0.010520070659188372,0.008745041069166305,0.007936519737585574,0.008048039921251882,0.007416092213809471,0.00751831904883692,0.00815026675627933,0.00750902570019806,0.006626157579506456,0.006895664690033367,0.006588984184951021,0.006403117212173841,0.006486757349923572,0.008085213315807317,0.009497802308913884,0.009116775014720664
30091,0.0005111341751372442,0.0005297208724149621,0.0005668942669703981,0.0005761876156092571,0.0006040676615258341,0.0006133610101646931,0.0007155878451921419,0.0008364013774973088,0.0010129750016356295,0.0011059084880242192,0.0014869357822174377,0.0015426958740505916,0.0018493763791329382,0.002918111472601722,0.0038846197310430557,0.004525860787124326,0.0047024344112626465,0.004869714686762109,0.0047303144571792235,0.004163420190208826,0.0040333133092648,0.003996139914709364,0.004051900006542518,0.004312113768430569,0.0040426066579036584,0.004144833492931108,0.0043399938143471465,0.004563034181679762,0.004572327530318621,0.004312113768430569,0.0044886873925688905,0.004767487851734659,0.004767487851734659,0.0054830756969268014,0.006830611249561354,0.004990528219067276,0.006579690836312162,0.008503414004555973,0.009962469740856832,0.010334203686411192,0.00907030827152637,0.010520070659188372,0.008745041069166305,0.007936519737585574,0.008048039921251882,0.007416092213809471,0.00751831904883692,0.00815026675627933,0.00750902570019806,0.006626157579506456,0.006895664690033367,0.006588984184951021,0.006403117212173841,0.006486757349923572,0.008085213315807317,0.009497802308913884,0.009116775014720664
30093,0.0005111341751372442,0.0005297208724149621,0.0005668942669703981,0.0005761876156092571,0.0006040676615258341,0.0006133610101646931,0.0007155878451921419,0.0008364013774973088,0.0010129750016356295,0.0011059084880242192,0.0014869357822174377,0.0015426958740505916,0.0018493763791329382,0.002918111472601722,0.0038846197310430557,0.004525860787124326,0.0047024344112626465,0.004869714686762109,0.0047303144571792235,0.004163420190208826,0.0040333133092648,0.003996139914709364,0.004051900006542518,0.004312113768430569,0.0040426066579036584,0.004144833492931108,0.0043399938143471465,0.004563034181679762,0.004572327530318621,0.004312113768430569,0.0044886873925688905,0.004767487851734659,0.004767487851734659,0.0054830756969268014,0.006830611249561354,0.004990528219067276,0.006579690836312162,0.008503414004555973,0.009962469740856832,0.010334203686411192,0.00907030827152637,0.010520070659188372,0.008745041069166305,0.007936519737585574,0.008048039921251882,0.007416092213809471,0.00751831904883692,0.00815026675627933,0.00750902570019806,0.006626157579506456,0.006895664690033367,0.006588984184951021,0.006403117212173841,0.006486757349923572,0.008085213315807317,0.009497802308913884,0.009116775014720664
30095,0.0005111341751372442,0.0005297208724149621,0.0005668942669703981,0.0005761876156092571,0.0006040676615258341,0.0006133610101646931,0.0007155878451921419,0.0008364013774973088,0.0010129750016356295,0.0011059084880242192,0.0014869357822174377,0.0015426958740505916,0.0018493763791329382,0.002918111472601722,0.0038846197310430557,0.004525860787124326,0.0047024344112626465,0.004869714686762109,0.0047303144571792235,0.004163420190208826,0.0040333133092648,0.003996139914709364,0.004051900006542518,0.004312113768430569,0.0040426066579036584,0.004144833492931108,0.0043399938143471465,0.004563034181679762,0.004572327530318621,0.004312113768430569,0.0044886873925688905,0.004767487851734659,0.004767487851734659,0.0054830756969268014,0.006830611249561354,0.004990528219067276,0.006579690836312162,0.008503414004555973,0.009962469740856832,0.010334203686411192,0.00907030827152637,0.010520070659188372,0.008745041069166305,0.007936519737585574,0.008048039921251882,0.007416092213809471,0.00751831904883692,0.00815026675627933,0.00750902570019806,0.006626157579506456,0.006895664690033367,0.006588984184951021,0.006403117212173841,0.006486757349923572,0.008085213315807317,0.009497802308913884,0.009116775014720664
30097,0.0005111341751372442,0.0005297208724149621,0.0005668942669703981,0.0005761876156092571,0.0006040676615258341,0.0006133610101646931,0.0007155878451921419,0.0008364013774973088,0.0010129750016356295,0.0011059084880242192,0.0014869357822174377,0.0015426958740505916,0.0018493763791329382,0.002918111472601722,0.0038846197310430557,0.004525860787124326,0.0047024344112626465,0.004869714686762109,0.0047303144571792235,0.004163420190208826,0.0040333133092648,0.003996139914709364,0.004051900006542518,0.004312113768430569,0.0040426066579036584,0.004144833492931108,0.0043399938143471465,0.004563034181679762,0.004572327530318621,0.004312113768430569,0.0044886873925688905,0.004767487851734659,0.004767487851734659,0.0054830756969268014,0.006830611249561354,0.004990528219067276,0.006579690836312162,0.008503414004555973,0.009962469740856832,0.010334203686411192,0.00907030827152637,0.010520070659188372,0.008745041069166305,0.007936519737585574,0.008048039921251882,0.007416092213809471,0.00751831904883692,0.00815026675627933,0.00750902570019806,0.006626157579506456,0.006895664690033367,0.006588984184951021,0.006403117212173841,0.006486757349923572,0.008085213315807317,0.009497802308913884,0.009116775014720664
30099,0.0005111341751372442,0.0005297208724149621,0.0005668942669703981,0.0005761876156092571,0.0006040676615258341,0.0006133610101646931,0.0007155878451921419,0.0008364013774973088,0.0010129750016356295,0.0011059084880242192,0.0014869357822174377,0.0015426958740505916,0.0018493763791329382,0.002918111472601722,0.0038846197310430557,0.004525860787124326,0.0047024344112626465,0.004869714686762109,0.0047303144571792235,0.004163420190208826,0.0040333133092648,0.003996139914709364,0.004051900006542518,0.004312113768430569,0.0040426066579036584,0.004144833492931108,0.0043399938143471465,0.004563034181679762,0.004572327530318621,0.004312113768430569,0.0044886873925688905,0.004767487851734659,0.004767487851734659,0.0054830756969268014,0.006830611249561354,0.004990528219067276,0.006579690836312162,0.008503414004555973,0.009962469740856832,0.010334203686411192,0.00907030827152637,0.010520070659188372,0.008745041069166305,0.007936519737585574,0.008048039921251882,0.007416092213809471,0.00751831904883692,0.00815026675627933,0.00750902570019806,0.006626157579506456,0.006895664690033367,0.006588984184951021,0.006403117212173841,0.006486757349923572,0.008085213315807317,0.009497802308913884,0.009116775014720664
30101,0.0005111341751372442,0.0005297208724149621,0.0005668942669703981,0.0005761876156092571,0.0006040676615258341,0.0006133610101646931,0.0007155878451921419,0.0008364013774973088,0.0010129750016356295,0.0011059084880242192,0.0014869357822174377,0.0015426958740505916,0.0018493763791329382,0.002918111472601722,0.0038846197310430557,0.004525860787124326,0.0047024344112626465,0.004869714686762109,0.0047303144571792235,0.004163420190208826,0.0040333133092648,0.003996139914709364,0.004051900006542518,0.004312113768430569,0.0040426066579036584,0.004144833492931108,0.0043399938143471465,0.004563034181679762,0.004572327530318621,0.004312113768430569,0.0044886873925688905,0.004767487851734659,0.004767487851734659,0.0054830756969268014,0.006830611249561354,0.004990528219067276,0.006579690836312162,0.008503414004555973,0.009962469740856832,0.010334203686411192,0.00907030827152637,0.010520070659188372,0.008745041069166305,0.007936519737585574,0.008048039921251882,0.007416092213809471,0.00751831904883692,0.00815026675627933,0.00750902570019806,0.006626157579506456,0.006895664690033367,0.006588984184951021,0.006403117212173841,0.006486757349923572,0.008085213315807317,0.009497802308913884,0.009116775014720664
30103,0.0005111341751372442,0.0005297208724149621,0.0005668942669703981,0.0005761876156092571,0.0006040676615258341,0.0006133610101646931,0.0007155878451921419,0.0008364013774973088,0.0010129750016356295,0.0011059084880242192,0.0014869357822174377,0.0015426958740505916,0.0018493763791329382,0.002918111472601722,0.0038846197310430557,0.004525860787124326,0.0047024344112626465,0.004869714686762109,0.0047303144571792235,0.004163420190208826,0.0040333133092648,0.003996139914709364,0.004051900006542518,0.004312113768430569,0.0040426066579036584,0.004144833492931108,0.0043399938143471465,0.004563034181679762,0.004572327530318621,0.004312113768430569,0.0044886873925688905,0.004767487851734659,0.004767487851734659,0.0054830756969268014,0.006830611249561354,0.004990528219067276,0.006579690836312162,0.008503414004555973,0.009962469740856832,0.010334203686411192,0.00907030827152637,0.010520070659188372,0.008745041069166305,0.007936519737585574,0.008048039921251882,0.007416092213809471,0.00751831904883692,0.00815026675627933,0.00750902570019806,0.006626157579506456,0.006895664690033367,0.006588984184951021,0.006403117212173841,0.006486757349923572,0.008085213315807317,0.009497802308913884,0.009116775014720664
30105,0.0005111341751372442,0.0005297208724149621,0.0005668942669703981,0.0005761876156092571,0.0006040676615258341,0.0006133610101646931,0.0007155878451921419,0.0008364013774973088,0.0010129750016356295,0.0011059084880242192,0.0014869357822174377,0.0015426958740505916,0.0018493763791329382,0.002918111472601722,0.0038846197310430557,0.004525860787124326,0.0047024344112626465,0.004869714686762109,0.0047303144571792235,0.004163420190208826,0.0040333133092648,0.003996139914709364,0.004051900006542518,0.004312113768430569,0.0040426066579036584,0.004144833492931108,0.0043399938143471465,0.004563034181679762,0.004572327530318621,0.004312113768430569,0.0044886873925688905,0.004767487851734659,0.004767487851734659,0.0054830756969268014,0.006830611249561354,0.004990528219067276,0.006579690836312162,0.008503414004555973,0.009962469740856832,0.010334203686411192,0.00907030827152637,0.010520070659188372,0.008745041069166305,0.007936519737585574,0.008048039921251882,0.007416092213809471,0.00751831904883692,0.00815026675627933,0.00750902570019806,0.006626157579506456,0.006895664690033367,0.006588984184951021,0.006403117212173841,0.006486757349923572,0.008085213315807317,0.009497802308913884,0.009116775014720664
30107,0.0005111341751372442,0.0005297208724149621,0.0005668942669703981,0.0005761876156092571,0.0006040676615258341,0.0006133610101646931,0.0007155878451921419,0.0008364013774973088,0.0010129750016356295,0.0011059084880242192,0.0014869357822174377,0.0015426958740505916,0.0018493763791329382,0.002918111472601722,0.0038846197310430557,0.004525860787124326,0.0047024344112626465,0.004869714686762109,0.0047303144571792235,0.004163420190208826,0.0040333133092648,0.003996139914709364,0.004051900006542518,0.004312113768430569,0.0040426066579036584,0.004144833492931108,0.0043399938143471465,0.004563034181679762,0.004572327530318621,0.004312113768430569,0.0044886873925688905,0.004767487851734659,0.004767487851734659,0.0054830756969268014,0.006830611249561354,0.004990528219067276,0.006579690836312162,0.008503414004555973,0.009962469740856832,0.010334203686411192,0.00907030827152637,0.010520070659188372,0.008745041069166305,0.007936519737585574,0.008048039921251882,0.007416092213809471,0.00751831904883692,0.00815026675627933,0.00750902570019806,0.006626157579506456,0.006895664690033367,0.006588984184951021,0.006403117212173841,0.006486757349923572,0.008085213315807317,0.009497802308913884,0.009116775014720664
30109,0.0005111341751372442,0.0005297208724149621,0.0005668942669703981,0.0005761876156092571,0.0006040676615258341,0.0006133610101646931,0.0007155878451921419,0.0008364013774973088,0.0010129750016356295,0.0011059084880242192,0.0014869357822174377,0.0015426958740505916,0.0018493763791329382,0.002918111472601722,0.0038846197310430557,0.004525860787124326,0.0047024344112626465,0.004869714686762109,0.0047303144571792235,0.004163420190208826,0.0040333133092648,0.003996139914709364,0.004051900006542518,0.004312113768430569,0.0040426066579036584,0.004144833492931108,0.0043399938143471465,0.004563034181679762,0.004572327530318621,0.004312113768430569,0.0044886873925688905,0.004767487851734659,0.004767487851734659,0.0054830756969268014,0.006830611249561354,0.004990528219067276,0.006579690836312162,0.008503414004555973,0.009962469740856832,0.010334203686411192,0.00907030827152637,0.010520070659188372,0.008745041069166305,0.007936519737585574,0.008048039921251882,0.007416092213809471,0.00751831904883692,0.00815026675627933,0.00750902570019806,0.006626157579506456,0.006895664690033367,0.006588984184951021,0.006403117212173841,0.006486757349923572,0.008085213315807317,0.009497802308913884,0.009116775014720664
30111,0.0005111341751372442,0.0005297208724149621,0.0005668942669703981,0.0005761876156092571,0.0006040676615258341,0.0006133610101646931,0.0007155878451921419,0.0008364013774973088,0.0010129750016356295,0.0011059084880242192,0.0014869357822174377,0.0015426958740505916,0.0018493763791329382,0.002918111472601722,0.0038846197310430557,0.004525860787124326,0.0047024344112626465,0.004869714686762109,0.0047303144571792235,0.004163420190208826,0.0040333133092648,0.003996139914709364,0.004051900006542518,0.004312113768430569,0.0040426066579036584,0.004144833492931108,0.0043399938143471465,0.004563034181679762,0.004572327530318621,0.004312113768430569,0.0044886873925688905,0.004767487851734659,0.004767487851734659,0.0054830756969268014,0.006830611249561354,0.004990528219067276,0.006579690836312162,0.008503414004555973,0.009962469740856832,0.010334203686411192,0.00907030827152637,0.010520070659188372,0.008745041069166305,0.007936519737585574,0.008048039921251882,0.007416092213809471,0.00751831904883692,0.00815026675627933,0.00750902570019806,0.006626157579506456,0.006895664690033367,0.006588984184951021,0.006403117212173841,0.006486757349923572,0.008085213315807317,0.009497802308913884,0.009116775014720664
31001,0.0004460807346652313,0.0004553740833040903,0.0004739607805818083,0.0004925474778595262,0.0005483075696926801,0.0005390142210538212,0.0007062944965532829,0.0007527612397475779,0.0009200415152470396,0.0010687350934687832,0.001291775460801399,0.0014311756903842838,0.0018586697277717971,0.0021281768382987076,0.00275083119710226,0.003243378674961786,0.0039217931255984915,0.003968259868792787,0.003912499776959633,0.0036522860150715814,0.003438538996377825,0.0034850057395721195,0.0035035924368498374,0.003587232574599568,0.0035965259232384277,0.0037080461069047355,0.003968259868792787,0.00394037982287621,0.0036801660609881584,0.004154126841569967,0.004535154135763185,0.0039496731715150685,0.00384744633648762,0.005074168356817006,0.006942131433227662,0.004748901154456942,0.0064124105608127,0.007062944965532829,0.008782214463721742,0.008940201390582343,0.00851270735319483,0.008940201390582343,0.006914251387311086,0.006579690836312162,0.006217250239396662,0.005752582807453712,0.006031383266619482,0.006756264460450482,0.005947743128869751,0.005064875008178147,0.005919863082953174,0.005836222945203444,0.005418022256454789,0.005074168356817006,0.006217250239396662,0.009581442446663615,0.009228295198386973
31003,0.0004460807346652313,0.0004553740833040903,0.0004739607805818083,0.0004925474778595262,0.0005483075696926801,0.0005390142210538212,0.0007062944965532829,0.0007527612397475779,0.0009200415152470396,0.0010687350934687832,0.001291775460801399,0.0014311756903842838,0.0018586697277717971,0.0021281768382987076,0.00275083119710226,0.003243378674961786,0.0039217931255984915,0.003968259868792787,0.003912499776959633,0.0036522860150715814,0.003438538996377825,0.0034850057395721195,0.0035035924368498374,0.003587232574599568,0.0035965259232384277,0.0037080461069047355,0.003968259868792787,0.00394037982287621,0.0036801660609881584,0.004154126841569967,0.004535154135763185,0.0039496731715150685,0.00384744633648762,0.005074168356817006,0.006942131433227662,0.004748901154456942,0.0064124105608127,0.007062944965532829,0.008782214463721742,0.008940201390582343,0.00851270735319483,0.008940201390582343,0.006914251387311086,0.006579690836312162,0.006217250239396662,0.005752582807453712,0.006031383266619482,0.006756264460450482,0.005947743128869751,0.005064875008178147,0.005919863082953174,0.005836222945203444,0.005418022256454789,0.005074168356817006,0.006217250239396662,0.009581442446663615,0.009228295198386973
31005,0.0004460807346652313,0.0004553740833040903,0.0004739607805818083,0.0004925474778595262,0.0005483075696926801,0.0005390142210538212,0.0007062944965532829,0.0007527612397475779,0.0009200415152470396,0.0010687350934687832,0.001291775460801399,0.0014311756903842838,0.0018586697277717971,0.0021281768382987076,0.00275083119710226,0.003243378674961786,0.0039217931255984915,0.003968259868792787,0.003912499776959633,0.0036522860150715814,0.003438538996377825,0.0034850057395721195,0.0035035924368498374,0.003587232574599568,0.0035965259232384277,0.0037080461069047355,0.003968259868792787,0.00394037982287621,0.0036801660609881584,0.004154126841569967,0.004535154135763185,0.0039496731715150685,0.00384744633648762,0.005074168356817006,0.006942131433227662,0.004748901154456942,0.0064124105608127,0.007062944965532829,0.008782214463721742,0.008940201390582343,0.00851270735319483,0.008940201390582343,0.006914251387311086,0.006579690836312162,0.006217250239396662,0.005752582807453712,0.006031383266619482,0.006756264460450482,0.005947743128869751,0.005064875008178147,0.005919863082953174,0.005836222945203444,0.005418022256454789,0.005074168356817006,0.006217250239396662,0.009581442446663615,0.009228295198386973
31007,0.0004460807346652313,0.0004553740833040903,0.0004739607805818083,0.0004925474778595262,0.0005483075696926801,0.0005390142210538212,0.0007062944965532829,0.0007527612397475779,0.0009200415152470396,0.0010687350934687832,0.001291775460801399,0.0014311756903842838,0.0018586697277717971,0.0021281768382987076,0.00275083119710226,0.003243378674961786,0.0039217931255984915,0.003968259868792787,0.003912499776959633,0.0036522860150715814,0.003438538996377825,0.0034850057395721195,0.0035035924368498374,0.003587232574599568,0.0035965259232384277,0.0037080461069047355,0.003968259868792787,0.00394037982287621,0.0036801660609881584,0.004154126841569967,0.004535154135763185,0.0039496731715150685,0.00384744633648762,0.005074168356817006,0.006942131433227662,0.004748901154456942,0.0064124105608127,0.007062944965532829,0.008782214463721742,0.008940201390582343,0.00851270735319483,0.008940201390582343,0.006914251387311086,0.006579690836312162,0.006217250239396662,0.005752582807453712,0.006031383266619482,0.006756264460450482,0.005947743128869751,0.005064875008178147,0.005919863082953174,0.005836222945203444,0.005418022256454789,0.005074168356817006,0.006217250239396662,0.009581442446663615,0.009228295198386973
31009,0.0004460807346652313,0.0004553740833040903,0.0004739607805818083,0.0004925474778595262,0.0005483075696926801,0.0005390142210538212,0.0007062944965532829,0.0007527612397475779,0.0009200415152470396,0.0010687350934687832,0.001291775460801399,0.0014311756903842838,0.0018586697277717971,0.0021281768382987076,0.00275083119710226,0.003243378674961786,0.0039217931255984915,0.003968259868792787,0.003912499776959633,0.0036522860150715814,0.003438538996377825,0.0034850057395721195,0.0035035924368498374,0.003587232574599568,0.0035965259232384277,0.0037080461069047355,0.003968259868792787,0.00394037982287621,0.0036801660609881584,0.004154126841569967,0.004535154135763185,0.0039496731715150685,0.00384744633648762,0.005074168356817006,0.006942131433227662,0.004748901154456942,0.0064124105608127,0.007062944965532829,0.008782214463721742,0.008940201390582343,0.00851270735319483,0.008940201390582343,0.006914251387311086,0.006579690836312162,0.006217250239396662,0.005752582807453712,0.006031383266619482,0.006756264460450482,0.005947743128869751,0.005064875008178147,0.005919863082953174,0.005836222945203444,0.005418022256454789,0.005074168356817006,0.006217250239396662,0.009581442446663615,0.009228295198386973
31011,0.0004460807346652313,0.0004553740833040903,0.0004739607805818083,0.0004925474778595262,0.0005483075696926801,0.0005390142210538212,0.0007062944965532829,0.0007527612397475779,0.0009200415152470396,0.0010687350934687832,0.001291775460801399,0.0014311756903842838,0.0018586697277717971,0.0021281768382987076,0.00275083119710226,0.003243378674961786,0.0039217931255984915,0.003968259868792787,0.003912499776959633,0.0036522860150715814,0.003438538996377825,0.0034850057395721195,0.0035035924368498374,0.003587232574599568,0.0035965259232384277,0.0037080461069047355,0.003968259868792787,0.00394037982287621,0.0036801660609881584,0.004154126841569967,0.004535154135763185,0.0039496731715150685,0.00384744633648762,0.005074168356817006,0.006942131433227662,0.004748901154456942,0.0064124105608127,0.007062944965532829,0.008782214463721742,0.008940201390582343,0.00851270735319483,0.008940201390582343,0.006914251387311086,0.006579690836312162,0.006217250239396662,0.005752582807453712,0.006031383266619482,0.006756264460450482,0.005947743128869751,0.005064875008178147,0.005919863082953174,0.005836222945203444,0.005418022256454789,0.005074168356817006,0.006217250239396662,0.009581442446663615,0.009228295198386973
31013,0.0004460807346652313,0.0004553740833040903,0.0004739607805818083,0.0004925474778595262,0.0005483075696926801,0.0005390142210538212,0.0007062944965532829,0.0007527612397475779,0.0009200415152470396,0.0010687350934687832,0.001291775460801399,0.0014311756903842838,0.0018586697277717971,0.0021281768382987076,0.00275083119710226,0.003243378674961786,0.0039217931255984915,0.003968259868792787,0.003912499776959633,0.0036522860150715814,0.003438538996377825,0.0034850057395721195,0.0035035924368498374,0.003587232574599568,0.0035965259232384277,0.0037080461069047355,0.003968259868792787,0.00394037982287621,0.0036801660609881584,0.004154126841569967,0.004535154135763185,0.0039496731715150685,0.00384744633648762,0.005074168356817006,0.006942131433227662,0.004748901154456942,0.0064124105608127,0.007062944965532829,0.008782214463721742,0.008940201390582343,0.00851270735319483,0.008940201390582343,0.006914251387311086,0.006579690836312162,0.006217250239396662,0.005752582807453712,0.006031383266619482,0.006756264460450482,0.005947743128869751,0.005064875008178147,0.005919863082953174,0.005836222945203444,0.005418022256454789,0.005074168356817006,0.006217250239396662,0.009581442446663615,0.009228295198386973
31015,0.0004460807346652313,0.0004553740833040903,0.0004739607805818083,0.0004925474778595262,0.0005483075696926801,0.0005390142210538212,0.0007062944965532829,0.0007527612397475779,0.0009200415152470396,0.0010687350934687832,0.001291775460801399,0.0014311756903842838,0.0018586697277717971,0.0021281768382987076,0.00275083119710226,0.003243378674961786,0.0039217931255984915,0.003968259868792787,0.003912499776959633,0.0036522860150715814,0.003438538996377825,0.0034850057395721195,0.0035035924368498374,0.003587232574599568,0.0035965259232384277,0.0037080461069047355,0.003968259868792787,0.00394037982287621,0.0036801660609881584,0.004154126841569967,0.004535154135763185,0.0039496731715150685,0.00384744633648762,0.005074168356817006,0.006942131433227662,0.004748901154456942,0.0064124105608127,0.007062944965532829,0.008782214463721742,0.008940201390582343,0.00851270735319483,0.008940201390582343,0.006914251387311086,0.006579690836312162,0.006217250239396662,0.005752582807453712,0.006031383266619482,0.006756264460450482,0.005947743128869751,0.005064875008178147,0.005919863082953174,0.005836222945203444,0.005418022256454789,0.005074168356817006,0.006217250239396662,0.009581442446663615,0.009228295198386973
31017,0.0004460807346652313,0.0004553740833040903,0.0004739607805818083,0.0004925474778595262,0.0005483075696926801,0.0005390142210538212,0.0007062944965532829,0.0007527612397475779,0.0009200415152470396,0.0010687350934687832,0.001291775460801399,0.0014311756903842838,0.0018586697277717971,0.0021281768382987076,0.00275083119710226,0.003243378674961786,0.0039217931255984915,0.003968259868792787,0.003912499776959633,0.0036522860150715814,0.003438538996377825,0.0034850057395721195,0.0035035924368498374,0.003587232574599568,0.0035965259232384277,0.0037080461069047355,0.003968259868792787,0.00394037982287621,0.0036801660609881584,0.004154126841569967,0.004535154135763185,0.0039496731715150685,0.00384744633648762,0.005074168356817006,0.006942131433227662,0.004748901154456942,0.0064124105608127,0.007062944965532829,0.008782214463721742,0.008940201390582343,0.00851270735319483,0.008940201390582343,0.006914251387311086,0.006579690836312162,0.006217250239396662,0.005752582807453712,0.006031383266619482,0.006756264460450482,0.005947743128869751,0.005064875008178147,0.005919863082953174,0.005836222945203444,0.005418022256454789,0.005074168356817006,0.006217250239396662,0.009581442446663615,0.009228295198386973
31019,0.0004460807346652313,0.0004553740833040903,0.0004739607805818083,0.0004925474778595262,0.0005483075696926801,0.0005390142210538212,0.0007062944965532829,0.0007527612397475779,0.0009200415152470396,0.0010687350934687832,0.001291775460801399,0.0014311756903842838,0.0018586697277717971,0.0021281768382987076,0.00275083119710226,0.003243378674961786,0.0039217931255984915,0.003968259868792787,0.003912499776959633,0.0036522860150715814,0.003438538996377825,0.0034850057395721195,0.0035035924368498374,0.003587232574599568,0.0035965259232384277,0.0037080461069047355,0.003968259868792787,0.00394037982287621,0.0036801660609881584,0.004154126841569967,0.004535154135763185,0.0039496731715150685,0.00384744633648762,0.005074168356817006,0.006942131433227662,0.004748901154456942,0.0064124105608127,0.007062944965532829,0.008782214463721742,0.008940201390582343,0.00851270735319483,0.008940201390582343,0.006914251387311086,0.006579690836312162,0.006217250239396662,0.005752582807453712,0.006031383266619482,0.006756264460450482,0.005947743128869751,0.005064875008178147,0.005919863082953174,0.005836222945203444,0.005418022256454789,0.005074168356817006,0.006217250239396662,0.009581442446663615,0.009228295198386973
31021,0.0004460807346652313,0.0004553740833040903,0.0004739607805818083,0.0004925474778595262,0.0005483075696926801,0.0005390142210538212,0.0007062944965532829,0.0007527612397475779,0.0009200415152470396,0.0010687350934687832,0.001291775460801399,0.0014311756903842838,0.0018586697277717971,0.0021281768382987076,0.00275083119710226,0.003243378674961786,0.0039217931255984915,0.003968259868792787,0.003912499776959633,0.0036522860150715814,0.003438538996377825,0.0034850057395721195,0.0035035924368498374,0.003587232574599568,0.0035965259232384277,0.0037080461069047355,0.003968259868792787,0.00394037982287621,0.0036801660609881584,0.004154126841569967,0.004535154135763185,0.0039496731715150685,0.00384744633648762,0.005074168356817006,0.006942131433227662,0.004748901154456942,0.0064124105608127,0.007062944965532829,0.008782214463721742,0.008940201390582343,0.00851270735319483,0.008940201390582343,0.006914251387311086,0.006579690836312162,0.006217250239396662,0.005752582807453712,0.006031383266619482,0.006756264460450482,0.005947743128869751,0.005064875008178147,0.005919863082953174,0.005836222945203444,0.005418022256454789,0.005074168356817006,0.006217250239396662,0.009581442446663615,0.009228295198386973
31023,0.0004460807346652313,0.0004553740833040903,0.0004739607805818083,0.0004925474778595262,0.0005483075696926801,0.0005390142210538212,0.0007062944965532829,0.0007527612397475779,0.0009200415152470396,0.0010687350934687832,0.001291775460801399,0.0014311756903842838,0.0018586697277717971,0.0021281768382987076,0.00275083119710226,0.003243378674961786,0.0039217931255984915,0.003968259868792787,0.003912499776959633,0.0036522860150715814,0.003438538996377825,0.0034850057395721195,0.0035035924368498374,0.003587232574599568,0.0035965259232384277,0.0037080461069047355,0.003968259868792787,0.00394037982287621,0.0036801660609881584,0.004154126841569967,0.004535154135763185,0.0039496731715150685,0.00384744633648762,0.005074168356817006,0.006942131433227662,0.004748901154456942,0.0064124105608127,0.007062944965532829,0.008782214463721742,0.008940201390582343,0.00851270735319483,0.008940201390582343,0.006914251387311086,0.006579690836312162,0.006217250239396662,0.005752582807453712,0.006031383266619482,0.006756264460450482,0.005947743128869751,0.005064875008178147,0.005919863082953174,0.005836222945203444,0.005418022256454789,0.005074168356817006,0.006217250239396662,0.009581442446663615,0.009228295198386973
31025,0.0004460807346652313,0.0004553740833040903,0.0004739607805818083,0.0004925474778595262,0.0005483075696926801,0.0005390142210538212,0.0007062944965532829,0.0007527612397475779,0.0009200415152470396,0.0010687350934687832,0.001291775460801399,0.0014311756903842838,0.0018586697277717971,0.0021281768382987076,0.00275083119710226,0.003243378674961786,0.0039217931255984915,0.003968259868792787,0.003912499776959633,0.0036522860150715814,0.003438538996377825,0.0034850057395721195,0.0035035924368498374,0.003587232574599568,0.0035965259232384277,0.0037080461069047355,0.003968259868792787,0.00394037982287621,0.0036801660609881584,0.004154126841569967,0.004535154135763185,0.0039496731715150685,0.00384744633648762,0.005074168356817006,0.006942131433227662,0.004748901154456942,0.0064124105608127,0.007062944965532829,0.008782214463721742,0.008940201390582343,0.00851270735319483,0.008940201390582343,0.006914251387311086,0.006579690836312162,0.006217250239396662,0.005752582807453712,0.006031383266619482,0.006756264460450482,0.005947743128869751,0.005064875008178147,0.005919863082953174,0.005836222945203444,0.005418022256454789,0.005074168356817006,0.006217250239396662,0.009581442446663615,0.009228295198386973
31027,0.0004460807346652313,0.0004553740833040903,0.0004739607805818083,0.0004925474778595262,0.0005483075696926801,0.0005390142210538212,0.0007062944965532829,0.0007527612397475779,0.0009200415152470396,0.0010687350934687832,0.001291775460801399,0.0014311756903842838,0.0018586697277717971,0.0021281768382987076,0.00275083119710226,0.003243378674961786,0.0039217931255984915,0.003968259868792787,0.003912499776959633,0.0036522860150715814,0.003438538996377825,0.0034850057395721195,0.0035035924368498374,0.003587232574599568,0.0035965259232384277,0.0037080461069047355,0.003968259868792787,0.00394037982287621,0.0036801660609881584,0.004154126841569967,0.004535154135763185,0.0039496731715150685,0.00384744633648762,0.005074168356817006,0.006942131433227662,0.004748901154456942,0.0064124105608127,0.007062944965532829,0.008782214463721742,0.008940201390582343,0.00851270735319483,0.008940201390582343,0.006914251387311086,0.006579690836312162,0.006217250239396662,0.005752582807453712,0.006031383266619482,0.006756264460450482,0.005947743128869751,0.005064875008178147,0.005919863082953174,0.005836222945203444,0.005418022256454789,0.005074168356817006,0.006217250239396662,0.009581442446663615,0.009228295198386973
31029,0.0004460807346652313,0.0004553740833040903,0.0004739607805818083,0.0004925474778595262,0.0005483075696926801,0.0005390142210538212,0.0007062944965532829,0.0007527612397475779,0.0009200415152470396,0.0010687350934687832,0.001291775460801399,0.0014311756903842838,0.0018586697277717971,0.0021281768382987076,0.00275083119710226,0.003243378674961786,0.0039217931255984915,0.003968259868792787,0.003912499776959633,0.0036522860150715814,0.003438538996377825,0.0034850057395721195,0.0035035924368498374,0.003587232574599568,0.0035965259232384277,0.0037080461069047355,0.003968259868792787,0.00394037982287621,0.0036801660609881584,0.004154126841569967,0.004535154135763185,0.0039496731715150685,0.00384744633648762,0.005074168356817006,0.006942131433227662,0.004748901154456942,0.0064124105608127,0.007062944965532829,0.008782214463721742,0.008940201390582343,0.00851270735319483,0.008940201390582343,0.006914251387311086,0.006579690836312162,0.006217250239396662,0.005752582807453712,0.006031383266619482,0.006756264460450482,0.005947743128869751,0.005064875008178147,0.005919863082953174,0.005836222945203444,0.005418022256454789,0.005074168356817006,0.006217250239396662,0.009581442446663615,0.009228295198386973
31031,0.0004460807346652313,0.0004553740833040903,0.0004739607805818083,0.0004925474778595262,0.0005483075696926801,0.0005390142210538212,0.0007062944965532829,0.0007527612397475779,0.0009200415152470396,0.0010687350934687832,0.001291775460801399,0.0014311756903842838,0.0018586697277717971,0.0021281768382987076,0.00275083119710226,0.003243378674961786,0.0039217931255984915,0.003968259868792787,0.003912499776959633,0.0036522860150715814,0.003438538996377825,0.0034850057395721195,0.0035035924368498374,0.003587232574599568,0.0035965259232384277,0.0037080461069047355,0.003968259868792787,0.00394037982287621,0.0036801660609881584,0.004154126841569967,0.004535154135763185,0.0039496731715150685,0.00384744633648762,0.005074168356817006,0.006942131433227662,0.004748901154456942,0.0064124105608127,0.007062944965532829,0.008782214463721742,0.008940201390582343,0.00851270735319483,0.008940201390582343,0.006914251387311086,0.006579690836312162,0.006217250239396662,0.005752582807453712,0.006031383266619482,0.006756264460450482,0.005947743128869751,0.005064875008178147,0.005919863082953174,0.005836222945203444,0.005418022256454789,0.005074168356817006,0.006217250239396662,0.009581442446663615,0.009228295198386973
31033,0.0004460807346652313,0.0004553740833040903,0.0004739607805818083,0.0004925474778595262,0.0005483075696926801,0.0005390142210538212,0.0007062944965532829,0.0007527612397475779,0.0009200415152470396,0.0010687350934687832,0.001291775460801399,0.0014311756903842838,0.0018586697277717971,0.0021281768382987076,0.00275083119710226,0.003243378674961786,0.0039217931255984915,0.003968259868792787,0.003912499776959633,0.0036522860150715814,0.003438538996377825,0.0034850057395721195,0.0035035924368498374,0.003587232574599568,0.0035965259232384277,0.0037080461069047355,0.003968259868792787,0.00394037982287621,0.0036801660609881584,0.004154126841569967,0.004535154135763185,0.0039496731715150685,0.00384744633648762,0.005074168356817006,0.006942131433227662,0.004748901154456942,0.0064124105608127,0.007062944965532829,0.008782214463721742,0.008940201390582343,0.00851270735319483,0.008940201390582343,0.006914251387311086,0.006579690836312162,0.006217250239396662,0.005752582807453712,0.006031383266619482,0.006756264460450482,0.005947743128869751,0.005064875008178147,0.005919863082953174,0.005836222945203444,0.005418022256454789,0.005074168356817006,0.006217250239396662,0.009581442446663615,0.009228295198386973
31035,0.0004460807346652313,0.0004553740833040903,0.0004739607805818083,0.0004925474778595262,0.0005483075696926801,0.0005390142210538212,0.0007062944965532829,0.0007527612397475779,0.0009200415152470396,0.0010687350934687832,0.001291775460801399,0.0014311756903842838,0.0018586697277717971,0.0021281768382987076,0.00275083119710226,0.003243378674961786,0.0039217931255984915,0.003968259868792787,0.003912499776959633,0.0036522860150715814,0.003438538996377825,0.0034850057395721195,0.0035035924368498374,0.003587232574599568,0.0035965259232384277,0.0037080461069047355,0.003968259868792787,0.00394037982287621,0.0036801660609881584,0.004154126841569967,0.004535154135763185,0.0039496731715150685,0.00384744633648762,0.005074168356817006,0.006942131433227662,0.004748901154456942,0.0064124105608127,0.007062944965532829,0.008782214463721742,0.008940201390582343,0.00851270735319483,0.008940201390582343,0.006914251387311086,0.006579690836312162,0.006217250239396662,0.005752582807453712,0.006031383266619482,0.006756264460450482,0.005947743128869751,0.005064875008178147,0.005919863082953174,0.005836222945203444,0.005418022256454789,0.005074168356817006,0.006217250239396662,0.009581442446663615,0.009228295198386973
31037,0.0004460807346652313,0.0004553740833040903,0.0004739607805818083,0.0004925474778595262,0.0005483075696926801,0.0005390142210538212,0.0007062944965532829,0.0007527612397475779,0.0009200415152470396,0.0010687350934687832,0.001291775460801399,0.0014311756903842838,0.0018586697277717971,0.0021281768382987076,0.00275083119710226,0.003243378674961786,0.0039217931255984915,0.003968259868792787,0.003912499776959633,0.0036522860150715814,0.003438538996377825,0.0034850057395721195,0.0035035924368498374,0.003587232574599568,0.0035965259232384277,0.0037080461069047355,0.003968259868792787,0.00394037982287621,0.0036801660609881584,0.004154126841569967,0.004535154135763185,0.0039496731715150685,0.00384744633648762,0.005074168356817006,0.006942131433227662,0.004748901154456942,0.0064124105608127,0.007062944965532829,0.008782214463721742,0.008940201390582343,0.00851270735319483,0.008940201390582343,0.006914251387311086,0.006579690836312162,0.006217250239396662,0.005752582807453712,0.006031383266619482,0.006756264460450482,0.005947743128869751,0.005064875008178147,0.005919863082953174,0.005836222945203444,0.005418022256454789,0.005074168356817006,0.006217250239396662,0.009581442446663615,0.009228295198386973
31039,0.0004460807346652313,0.0004553740833040903,0.0004739607805818083,0.0004925474778595262,0.0005483075696926801,0.0005390142210538212,0.0007062944965532829,0.0007527612397475779,0.0009200415152470396,0.0010687350934687832,0.001291775460801399,0.0014311756903842838,0.0018586697277717971,0.0021281768382987076,0.00275083119710226,0.003243378674961786,0.0039217931255984915,0.003968259868792787,0.003912499776959633,0.0036522860150715814,0.003438538996377825,0.0034850057395721195,0.0035035924368498374,0.003587232574599568,0.0035965259232384277,0.0037080461069047355,0.003968259868792787,0.00394037982287621,0.0036801660609881584,0.004154126841569967,0.004535154135763185,0.0039496731715150685,0.00384744633648762,0.005074168356817006,0.006942131433227662,0.004748901154456942,0.0064124105608127,0.007062944965532829,0.008782214463721742,0.008940201390582343,0.00851270735319483,0.008940201390582343,0.006914251387311086,0.006579690836312162,0.006217250239396662,0.005752582807453712,0.006031383266619482,0.006756264460450482,0.005947743128869751,0.005064875008178147,0.005919863082953174,0.005836222945203444,0.005418022256454789,0.005074168356817006,0.006217250239396662,0.009581442446663615,0.009228295198386973
31041,0.0004460807346652313,0.0004553740833040903,0.0004739607805818083,0.0004925474778595262,0.0005483075696926801,0.0005390142210538212,0.0007062944965532829,0.0007527612397475779,0.0009200415152470396,0.0010687350934687832,0.001291775460801399,0.0014311756903842838,0.0018586697277717971,0.0021281768382987076,0.00275083119710226,0.003243378674961786,0.0039217931255984915,0.003968259868792787,0.003912499776959633,0.0036522860150715814,0.003438538996377825,0.0034850057395721195,0.0035035924368498374,0.003587232574599568,0.0035965259232384277,0.0037080461069047355,0.003968259868792787,0.00394037982287621,0.0036801660609881584,0.004154126841569967,0.004535154135763185,0.0039496731715150685,0.00384744633648762,0.005074168356817006,0.006942131433227662,0.004748901154456942,0.0064124105608127,0.007062944965532829,0.008782214463721742,0.008940201390582343,0.00851270735319483,0.008940201390582343,0.006914251387311086,0.006579690836312162,0.006217250239396662,0.005752582807453712,0.006031383266619482,0.006756264460450482,0.005947743128869751,0.005064875008178147,0.005919863082953174,0.005836222945203444,0.005418022256454789,0.005074168356817006,0.006217250239396662,0.009581442446663615,0.009228295198386973
31043,0.0004460807346652313,0.0004553740833040903,0.0004739607805818083,0.0004925474778595262,0.0005483075696926801,0.0005390142210538212,0.0007062944965532829,0.0007527612397475779,0.0009200415152470396,0.0010687350934687832,0.001291775460801399,0.0014311756903842838,0.0018586697277717971,0.0021281768382987076,0.00275083119710226,0.003243378674961786,0.0039217931255984915,0.003968259868792787,0.003912499776959633,0.0036522860150715814,0.003438538996377825,0.0034850057395721195,0.0035035924368498374,0.003587232574599568,0.0035965259232384277,0.0037080461069047355,0.003968259868792787,0.00394037982287621,0.0036801660609881584,0.004154126841569967,0.004535154135763185,0.0039496731715150685,0.00384744633648762,0.005074168356817006,0.006942131433227662,0.004748901154456942,0.0064124105608127,0.007062944965532829,0.008782214463721742,0.008940201390582343,0.00851270735319483,0.008940201390582343,0.006914251387311086,0.006579690836312162,0.006217250239396662,0.005752582807453712,0.006031383266619482,0.006756264460450482,0.005947743128869751,0.005064875008178147,0.005919863082953174,0.005836222945203444,0.005418022256454789,0.005074168356817006,0.006217250239396662,0.009581442446663615,0.009228295198386973
31045,0.0004460807346652313,0.0004553740833040903,0.0004739607805818083,0.0004925474778595262,0.0005483075696926801,0.0005390142210538212,0.0007062944965532829,0.0007527612397475779,0.0009200415152470396,0.0010687350934687832,0.001291775460801399,0.0014311756903842838,0.0018586697277717971,0.0021281768382987076,0.00275083119710226,0.003243378674961786,0.0039217931255984915,0.003968259868792787,0.003912499776959633,0.0036522860150715814,0.003438538996377825,0.0034850057395721195,0.0035035924368498374,0.003587232574599568,0.0035965259232384277,0.0037080461069047355,0.003968259868792787,0.00394037982287621,0.0036801660609881584,0.004154126841569967,0.004535154135763185,0.0039496731715150685,0.00384744633648762,0.005074168356817006,0.006942131433227662,0.004748901154456942,0.0064124105608127,0.007062944965532829,0.008782214463721742,0.008940201390582343,0.00851270735319483,0.008940201390582343,0.006914251387311086,0.006579690836312162,0.006217250239396662,0.005752582807453712,0.006031383266619482,0.006756264460450482,0.005947743128869751,0.005064875008178147,0.005919863082953174,0.005836222945203444,0.005418022256454789,0.005074168356817006,0.006217250239396662,0.009581442446663615,0.009228295198386973
31047,0.0004460807346652313,0.0004553740833040903,0.0004739607805818083,0.0004925474778595262,0.0005483075696926801,0.0005390142210538212,0.0007062944965532829,0.0007527612397475779,0.0009200415152470396,0.0010687350934687832,0.001291775460801399,0.0014311756903842838,0.0018586697277717971,0.0021281768382987076,0.00275083119710226,0.003243378674961786,0.0039217931255984915,0.003968259868792787,0.003912499776959633,0.0036522860150715814,0.003438538996377825,0.0034850057395721195,0.0035035924368498374,0.003587232574599568,0.0035965259232384277,0.0037080461069047355,0.003968259868792787,0.00394037982287621,0.0036801660609881584,0.004154126841569967,0.004535154135763185,0.0039496731715150685,0.00384744633648762,0.005074168356817006,0.006942131433227662,0.004748901154456942,0.0064124105608127,0.007062944965532829,0.008782214463721742,0.008940201390582343,0.00851270735319483,0.008940201390582343,0.006914251387311086,0.006579690836312162,0.006217250239396662,0.005752582807453712,0.006031383266619482,0.006756264460450482,0.005947743128869751,0.005064875008178147,0.005919863082953174,0.005836222945203444,0.005418022256454789,0.005074168356817006,0.006217250239396662,0.009581442446663615,0.009228295198386973
31049,0.0004460807346652313,0.0004553740833040903,0.0004739607805818083,0.0004925474778595262,0.0005483075696926801,0.0005390142210538212,0.0007062944965532829,0.0007527612397475779,0.0009200415152470396,0.0010687350934687832,0.001291775460801399,0.0014311756903842838,0.0018586697277717971,0.0021281768382987076,0.00275083119710226,0.003243378674961786,0.0039217931255984915,0.003968259868792787,0.003912499776959633,0.0036522860150715814,0.003438538996377825,0.0034850057395721195,0.0035035924368498374,0.003587232574599568,0.0035965259232384277,0.0037080461069047355,0.003968259868792787,0.00394037982287621,0.0036801660609881584,0.004154126841569967,0.004535154135763185,0.0039496731715150685,0.00384744633648762,0.005074168356817006,0.006942131433227662,0.004748901154456942,0.0064124105608127,0.007062944965532829,0.008782214463721742,0.008940201390582343,0.00851270735319483,0.008940201390582343,0.006914251387311086,0.006579690836312162,0.006217250239396662,0.005752582807453712,0.006031383266619482,0.006756264460450482,0.005947743128869751,0.005064875008178147,0.005919863082953174,0.005836222945203444,0.005418022256454789,0.005074168356817006,0.006217250239396662,0.009581442446663615,0.009228295198386973
31051,0.0004460807346652313,0.0004553740833040903,0.0004739607805818083,0.0004925474778595262,0.0005483075696926801,0.0005390142210538212,0.0007062944965532829,0.0007527612397475779,0.0009200415152470396,0.0010687350934687832,0.001291775460801399,0.0014311756903842838,0.0018586697277717971,0.0021281768382987076,0.00275083119710226,0.003243378674961786,0.0039217931255984915,0.003968259868792787,0.003912499776959633,0.0036522860150715814,0.003438538996377825,0.0034850057395721195,0.0035035924368498374,0.003587232574599568,0.0035965259232384277,0.0037080461069047355,0.003968259868792787,0.00394037982287621,0.0036801660609881584,0.004154126841569967,0.004535154135763185,0.0039496731715150685,0.00384744633648762,0.005074168356817006,0.006942131433227662,0.004748901154456942,0.0064124105608127,0.007062944965532829,0.008782214463721742,0.008940201390582343,0.00851270735319483,0.008940201390582343,0.006914251387311086,0.006579690836312162,0.006217250239396662,0.005752582807453712,0.006031383266619482,0.006756264460450482,0.005947743128869751,0.005064875008178147,0.005919863082953174,0.005836222945203444,0.005418022256454789,0.005074168356817006,0.006217250239396662,0.009581442446663615,0.009228295198386973
31053,0.0004460807346652313,0.0004553740833040903,0.0004739607805818083,0.0004925474778595262,0.0005483075696926801,0.0005390142210538212,0.0007062944965532829,0.0007527612397475779,0.0009200415152470396,0.0010687350934687832,0.001291775460801399,0.0014311756903842838,0.0018586697277717971,0.0021281768382987076,0.00275083119710226,0.003243378674961786,0.0039217931255984915,0.003968259868792787,0.003912499776959633,0.0036522860150715814,0.003438538996377825,0.0034850057395721195,0.0035035924368498374,0.003587232574599568,0.0035965259232384277,0.0037080461069047355,0.003968259868792787,0.00394037982287621,0.0036801660609881584,0.004154126841569967,0.004535154135763185,0.0039496731715150685,0.00384744633648762,0.005074168356817006,0.006942131433227662,0.004748901154456942,0.0064124105608127,0.007062944965532829,0.008782214463721742,0.008940201390582343,0.00851270735319483,0.008940201390582343,0.006914251387311086,0.006579690836312162,0.006217250239396662,0.005752582807453712,0.006031383266619482,0.006756264460450482,0.005947743128869751,0.005064875008178147,0.005919863082953174,0.005836222945203444,0.005418022256454789,0.005074168356817006,0.006217250239396662,0.009581442446663615,0.009228295198386973
31055,0.0004460807346652313,0.0004553740833040903,0.0004739607805818083,0.0004925474778595262,0.0005483075696926801,0.0005390142210538212,0.0007062944965532829,0.0007527612397475779,0.0009200415152470396,0.0010687350934687832,0.001291775460801399,0.0014311756903842838,0.0018586697277717971,0.0021281768382987076,0.00275083119710226,0.003243378674961786,0.0039217931255984915,0.003968259868792787,0.003912499776959633,0.0036522860150715814,0.003438538996377825,0.0034850057395721195,0.0035035924368498374,0.003587232574599568,0.0035965259232384277,0.0037080461069047355,0.003968259868792787,0.00394037982287621,0.0036801660609881584,0.004154126841569967,0.004535154135763185,0.0039496731715150685,0.00384744633648762,0.005074168356817006,0.006942131433227662,0.004748901154456942,0.0064124105608127,0.007062944965532829,0.008782214463721742,0.008940201390582343,0.00851270735319483,0.008940201390582343,0.006914251387311086,0.006579690836312162,0.006217250239396662,0.005752582807453712,0.006031383266619482,0.006756264460450482,0.005947743128869751,0.005064875008178147,0.005919863082953174,0.005836222945203444,0.005418022256454789,0.005074168356817006,0.006217250239396662,0.009581442446663615,0.009228295198386973
31057,0.0004460807346652313,0.0004553740833040903,0.0004739607805818083,0.0004925474778595262,0.0005483075696926801,0.0005390142210538212,0.0007062944965532829,0.0007527612397475779,0.0009200415152470396,0.0010687350934687832,0.001291775460801399,0.0014311756903842838,0.0018586697277717971,0.0021281768382987076,0.00275083119710226,0.003243378674961786,0.0039217931255984915,0.003968259868792787,0.003912499776959633,0.0036522860150715814,0.003438538996377825,0.0034850057395721195,0.0035035924368498374,0.003587232574599568,0.0035965259232384277,0.0037080461069047355,0.003968259868792787,0.00394037982287621,0.0036801660609881584,0.004154126841569967,0.004535154135763185,0.0039496731715150685,0.00384744633648762,0.005074168356817006,0.006942131433227662,0.004748901154456942,0.0064124105608127,0.007062944965532829,0.008782214463721742,0.008940201390582343,0.00851270735319483,0.008940201390582343,0.006914251387311086,0.006579690836312162,0.006217250239396662,0.005752582807453712,0.006031383266619482,0.006756264460450482,0.005947743128869751,0.005064875008178147,0.005919863082953174,0.005836222945203444,0.005418022256454789,0.005074168356817006,0.006217250239396662,0.009581442446663615,0.009228295198386973
31059,0.0004460807346652313,0.0004553740833040903,0.0004739607805818083,0.0004925474778595262,0.0005483075696926801,0.0005390142210538212,0.0007062944965532829,0.0007527612397475779,0.0009200415152470396,0.0010687350934687832,0.001291775460801399,0.0014311756903842838,0.0018586697277717971,0.0021281768382987076,0.00275083119710226,0.003243378674961786,0.0039217931255984915,0.003968259868792787,0.003912499776959633,0.0036522860150715814,0.003438538996377825,0.0034850057395721195,0.0035035924368498374,0.003587232574599568,0.0035965259232384277,0.0037080461069047355,0.003968259868792787,0.00394037982287621,0.0036801660609881584,0.004154126841569967,0.004535154135763185,0.0039496731715150685,0.00384744633648762,0.005074168356817006,0.006942131433227662,0.004748901154456942,0.0064124105608127,0.007062944965532829,0.008782214463721742,0.008940201390582343,0.00851270735319483,0.008940201390582343,0.006914251387311086,0.006579690836312162,0.006217250239396662,0.005752582807453712,0.006031383266619482,0.006756264460450482,0.005947743128869751,0.005064875008178147,0.005919863082953174,0.005836222945203444,0.005418022256454789,0.005074168356817006,0.006217250239396662,0.009581442446663615,0.009228295198386973
31061,0.0004460807346652313,0.0004553740833040903,0.0004739607805818083,0.0004925474778595262,0.0005483075696926801,0.0005390142210538212,0.0007062944965532829,0.0007527612397475779,0.0009200415152470396,0.0010687350934687832,0.001291775460801399,0.0014311756903842838,0.0018586697277717971,0.0021281768382987076,0.00275083119710226,0.003243378674961786,0.0039217931255984915,0.003968259868792787,0.003912499776959633,0.0036522860150715814,0.003438538996377825,0.0034850057395721195,0.0035035924368498374,0.003587232574599568,0.0035965259232384277,0.0037080461069047355,0.003968259868792787,0.00394037982287621,0.0036801660609881584,0.004154126841569967,0.004535154135763185,0.0039496731715150685,0.00384744633648762,0.005074168356817006,0.006942131433227662,0.004748901154456942,0.0064124105608127,0.007062944965532829,0.008782214463721742,0.008940201390582343,0.00851270735319483,0.008940201390582343,0.006914251387311086,0.006579690836312162,0.006217250239396662,0.005752582807453712,0.006031383266619482,0.006756264460450482,0.005947743128869751,0.005064875008178147,0.005919863082953174,0.005836222945203444,0.005418022256454789,0.005074168356817006,0.006217250239396662,0.009581442446663615,0.009228295198386973
31063,0.0004460807346652313,0.0004553740833040903,0.0004739607805818083,0.0004925474778595262,0.0005483075696926801,0.0005390142210538212,0.0007062944965532829,0.0007527612397475779,0.0009200415152470396,0.0010687350934687832,0.001291775460801399,0.0014311756903842838,0.0018586697277717971,0.0021281768382987076,0.00275083119710226,0.003243378674961786,0.0039217931255984915,0.003968259868792787,0.003912499776959633,0.0036522860150715814,0.003438538996377825,0.0034850057395721195,0.0035035924368498374,0.003587232574599568,0.0035965259232384277,0.0037080461069047355,0.003968259868792787,0.00394037982287621,0.0036801660609881584,0.004154126841569967,0.004535154135763185,0.0039496731715150685,0.00384744633648762,0.005074168356817006,0.006942131433227662,0.004748901154456942,0.0064124105608127,0.007062944965532829,0.008782214463721742,0.008940201390582343,0.00851270735319483,0.008940201390582343,0.006914251387311086,0.006579690836312162,0.006217250239396662,0.005752582807453712,0.006031383266619482,0.006756264460450482,0.005947743128869751,0.005064875008178147,0.005919863082953174,0.005836222945203444,0.005418022256454789,0.005074168356817006,0.006217250239396662,0.009581442446663615,0.009228295198386973
31065,0.0004460807346652313,0.0004553740833040903,0.0004739607805818083,0.0004925474778595262,0.0005483075696926801,0.0005390142210538212,0.0007062944965532829,0.0007527612397475779,0.0009200415152470396,0.0010687350934687832,0.001291775460801399,0.0014311756903842838,0.0018586697277717971,0.0021281768382987076,0.00275083119710226,0.003243378674961786,0.0039217931255984915,0.003968259868792787,0.003912499776959633,0.0036522860150715814,0.003438538996377825,0.0034850057395721195,0.0035035924368498374,0.003587232574599568,0.0035965259232384277,0.0037080461069047355,0.003968259868792787,0.00394037982287621,0.0036801660609881584,0.004154126841569967,0.004535154135763185,0.0039496731715150685,0.00384744633648762,0.005074168356817006,0.006942131433227662,0.004748901154456942,0.0064124105608127,0.007062944965532829,0.008782214463721742,0.008940201390582343,0.00851270735319483,0.008940201390582343,0.006914251387311086,0.006579690836312162,0.006217250239396662,0.005752582807453712,0.006031383266619482,0.006756264460450482,0.005947743128869751,0.005064875008178147,0.005919863082953174,0.005836222945203444,0.005418022256454789,0.005074168356817006,0.006217250239396662,0.009581442446663615,0.009228295198386973
31067,0.0004460807346652313,0.0004553740833040903,0.0004739607805818083,0.0004925474778595262,0.0005483075696926801,0.0005390142210538212,0.0007062944965532829,0.0007527612397475779,0.0009200415152470396,0.0010687350934687832,0.001291775460801399,0.0014311756903842838,0.0018586697277717971,0.0021281768382987076,0.00275083119710226,0.003243378674961786,0.0039217931255984915,0.003968259868792787,0.003912499776959633,0.0036522860150715814,0.003438538996377825,0.0034850057395721195,0.0035035924368498374,0.003587232574599568,0.0035965259232384277,0.0037080461069047355,0.003968259868792787,0.00394037982287621,0.0036801660609881584,0.004154126841569967,0.004535154135763185,0.0039496731715150685,0.00384744633648762,0.005074168356817006,0.006942131433227662,0.004748901154456942,0.0064124105608127,0.007062944965532829,0.008782214463721742,0.008940201390582343,0.00851270735319483,0.008940201390582343,0.006914251387311086,0.006579690836312162,0.006217250239396662,0.005752582807453712,0.006031383266619482,0.006756264460450482,0.005947743128869751,0.005064875008178147,0.005919863082953174,0.005836222945203444,0.005418022256454789,0.005074168356817006,0.006217250239396662,0.009581442446663615,0.009228295198386973
31069,0.0004460807346652313,0.0004553740833040903,0.0004739607805818083,0.0004925474778595262,0.0005483075696926801,0.0005390142210538212,0.0007062944965532829,0.0007527612397475779,0.0009200415152470396,0.0010687350934687832,0.001291775460801399,0.0014311756903842838,0.0018586697277717971,0.0021281768382987076,0.00275083119710226,0.003243378674961786,0.0039217931255984915,0.003968259868792787,0.003912499776959633,0.0036522860150715814,0.003438538996377825,0.0034850057395721195,0.0035035924368498374,0.003587232574599568,0.0035965259232384277,0.0037080461069047355,0.003968259868792787,0.00394037982287621,0.0036801660609881584,0.004154126841569967,0.004535154135763185,0.0039496731715150685,0.00384744633648762,0.005074168356817006,0.006942131433227662,0.004748901154456942,0.0064124105608127,0.007062944965532829,0.008782214463721742,0.008940201390582343,0.00851270735319483,0.008940201390582343,0.006914251387311086,0.006579690836312162,0.006217250239396662,0.005752582807453712,0.006031383266619482,0.006756264460450482,0.005947743128869751,0.005064875008178147,0.005919863082953174,0.005836222945203444,0.005418022256454789,0.005074168356817006,0.006217250239396662,0.009581442446663615,0.009228295198386973
31071,0.0004460807346652313,0.0004553740833040903,0.0004739607805818083,0.0004925474778595262,0.0005483075696926801,0.0005390142210538212,0.0007062944965532829,0.0007527612397475779,0.0009200415152470396,0.0010687350934687832,0.001291775460801399,0.0014311756903842838,0.0018586697277717971,0.0021281768382987076,0.00275083119710226,0.003243378674961786,0.0039217931255984915,0.003968259868792787,0.003912499776959633,0.0036522860150715814,0.003438538996377825,0.0034850057395721195,0.0035035924368498374,0.003587232574599568,0.0035965259232384277,0.0037080461069047355,0.003968259868792787,0.00394037982287621,0.0036801660609881584,0.004154126841569967,0.004535154135763185,0.0039496731715150685,0.00384744633648762,0.005074168356817006,0.006942131433227662,0.004748901154456942,0.0064124105608127,0.007062944965532829,0.008782214463721742,0.008940201390582343,0.00851270735319483,0.008940201390582343,0.006914251387311086,0.006579690836312162,0.006217250239396662,0.005752582807453712,0.006031383266619482,0.006756264460450482,0.005947743128869751,0.005064875008178147,0.005919863082953174,0.005836222945203444,0.005418022256454789,0.005074168356817006,0.006217250239396662,0.009581442446663615,0.009228295198386973
31073,0.0004460807346652313,0.0004553740833040903,0.0004739607805818083,0.0004925474778595262,0.0005483075696926801,0.0005390142210538212,0.0007062944965532829,0.0007527612397475779,0.0009200415152470396,0.0010687350934687832,0.001291775460801399,0.0014311756903842838,0.0018586697277717971,0.0021281768382987076,0.00275083119710226,0.003243378674961786,0.0039217931255984915,0.003968259868792787,0.003912499776959633,0.0036522860150715814,0.003438538996377825,0.0034850057395721195,0.0035035924368498374,0.003587232574599568,0.0035965259232384277,0.0037080461069047355,0.003968259868792787,0.00394037982287621,0.0036801660609881584,0.004154126841569967,0.004535154135763185,0.0039496731715150685,0.00384744633648762,0.005074168356817006,0.006942131433227662,0.004748901154456942,0.0064124105608127,0.007062944965532829,0.008782214463721742,0.008940201390582343,0.00851270735319483,0.008940201390582343,0.006914251387311086,0.006579690836312162,0.006217250239396662,0.005752582807453712,0.006031383266619482,0.006756264460450482,0.005947743128869751,0.005064875008178147,0.005919863082953174,0.005836222945203444,0.005418022256454789,0.005074168356817006,0.006217250239396662,0.009581442446663615,0.009228295198386973
31075,0.0004460807346652313,0.0004553740833040903,0.0004739607805818083,0.0004925474778595262,0.0005483075696926801,0.0005390142210538212,0.0007062944965532829,0.0007527612397475779,0.0009200415152470396,0.0010687350934687832,0.001291775460801399,0.0014311756903842838,0.0018586697277717971,0.0021281768382987076,0.00275083119710226,0.003243378674961786,0.0039217931255984915,0.003968259868792787,0.003912499776959633,0.0036522860150715814,0.003438538996377825,0.0034850057395721195,0.0035035924368498374,0.003587232574599568,0.0035965259232384277,0.0037080461069047355,0.003968259868792787,0.00394037982287621,0.0036801660609881584,0.004154126841569967,0.004535154135763185,0.0039496731715150685,0.00384744633648762,0.005074168356817006,0.006942131433227662,0.004748901154456942,0.0064124105608127,0.007062944965532829,0.008782214463721742,0.008940201390582343,0.00851270735319483,0.008940201390582343,0.006914251387311086,0.006579690836312162,0.006217250239396662,0.005752582807453712,0.006031383266619482,0.006756264460450482,0.005947743128869751,0.005064875008178147,0.005919863082953174,0.005836222945203444,0.005418022256454789,0.005074168356817006,0.006217250239396662,0.009581442446663615,0.009228295198386973
31077,0.0004460807346652313,0.0004553740833040903,0.0004739607805818083,0.0004925474778595262,0.0005483075696926801,0.0005390142210538212,0.0007062944965532829,0.0007527612397475779,0.0009200415152470396,0.0010687350934687832,0.001291775460801399,0.0014311756903842838,0.0018586697277717971,0.0021281768382987076,0.00275083119710226,0.003243378674961786,0.0039217931255984915,0.003968259868792787,0.003912499776959633,0.0036522860150715814,0.003438538996377825,0.0034850057395721195,0.0035035924368498374,0.003587232574599568,0.0035965259232384277,0.0037080461069047355,0.003968259868792787,0.00394037982287621,0.0036801660609881584,0.004154126841569967,0.004535154135763185,0.0039496731715150685,0.00384744633648762,0.005074168356817006,0.006942131433227662,0.004748901154456942,0.0064124105608127,0.007062944965532829,0.008782214463721742,0.008940201390582343,0.00851270735319483,0.008940201390582343,0.006914251387311086,0.006579690836312162,0.006217250239396662,0.005752582807453712,0.006031383266619482,0.006756264460450482,0.005947743128869751,0.005064875008178147,0.005919863082953174,0.005836222945203444,0.005418022256454789,0.005074168356817006,0.006217250239396662,0.009581442446663615,0.009228295198386973
31079,0.0004460807346652313,0.0004553740833040903,0.0004739607805818083,0.0004925474778595262,0.0005483075696926801,0.0005390142210538212,0.0007062944965532829,0.0007527612397475779,0.0009200415152470396,0.0010687350934687832,0.001291775460801399,0.0014311756903842838,0.0018586697277717971,0.0021281768382987076,0.00275083119710226,0.003243378674961786,0.0039217931255984915,0.003968259868792787,0.003912499776959633,0.0036522860150715814,0.003438538996377825,0.0034850057395721195,0.0035035924368498374,0.003587232574599568,0.0035965259232384277,0.0037080461069047355,0.003968259868792787,0.00394037982287621,0.0036801660609881584,0.004154126841569967,0.004535154135763185,0.0039496731715150685,0.00384744633648762,0.005074168356817006,0.006942131433227662,0.004748901154456942,0.0064124105608127,0.007062944965532829,0.008782214463721742,0.008940201390582343,0.00851270735319483,0.008940201390582343,0.006914251387311086,0.006579690836312162,0.006217250239396662,0.005752582807453712,0.006031383266619482,0.006756264460450482,0.005947743128869751,0.005064875008178147,0.005919863082953174,0.005836222945203444,0.005418022256454789,0.005074168356817006,0.006217250239396662,0.009581442446663615,0.009228295198386973
31081,0.0004460807346652313,0.0004553740833040903,0.0004739607805818083,0.0004925474778595262,0.0005483075696926801,0.0005390142210538212,0.0007062944965532829,0.0007527612397475779,0.0009200415152470396,0.0010687350934687832,0.001291775460801399,0.0014311756903842838,0.0018586697277717971,0.0021281768382987076,0.00275083119710226,0.003243378674961786,0.0039217931255984915,0.003968259868792787,0.003912499776959633,0.0036522860150715814,0.003438538996377825,0.0034850057395721195,0.0035035924368498374,0.003587232574599568,0.0035965259232384277,0.0037080461069047355,0.003968259868792787,0.00394037982287621,0.0036801660609881584,0.004154126841569967,0.004535154135763185,0.0039496731715150685,0.00384744633648762,0.005074168356817006,0.006942131433227662,0.004748901154456942,0.0064124105608127,0.007062944965532829,0.008782214463721742,0.008940201390582343,0.00851270735319483,0.008940201390582343,0.006914251387311086,0.006579690836312162,0.006217250239396662,0.005752582807453712,0.006031383266619482,0.006756264460450482,0.005947743128869751,0.005064875008178147,0.005919863082953174,0.005836222945203444,0.005418022256454789,0.005074168356817006,0.006217250239396662,0.009581442446663615,0.009228295198386973
31083,0.0004460807346652313,0.0004553740833040903,0.0004739607805818083,0.0004925474778595262,0.0005483075696926801,0.0005390142210538212,0.0007062944965532829,0.0007527612397475779,0.0009200415152470396,0.0010687350934687832,0.001291775460801399,0.0014311756903842838,0.0018586697277717971,0.0021281768382987076,0.00275083119710226,0.003243378674961786,0.0039217931255984915,0.003968259868792787,0.003912499776959633,0.0036522860150715814,0.003438538996377825,0.0034850057395721195,0.0035035924368498374,0.003587232574599568,0.0035965259232384277,0.0037080461069047355,0.003968259868792787,0.00394037982287621,0.0036801660609881584,0.004154126841569967,0.004535154135763185,0.0039496731715150685,0.00384744633648762,0.005074168356817006,0.006942131433227662,0.004748901154456942,0.0064124105608127,0.007062944965532829,0.008782214463721742,0.008940201390582343,0.00851270735319483,0.008940201390582343,0.006914251387311086,0.006579690836312162,0.006217250239396662,0.005752582807453712,0.006031383266619482,0.006756264460450482,0.005947743128869751,0.005064875008178147,0.005919863082953174,0.005836222945203444,0.005418022256454789,0.005074168356817006,0.006217250239396662,0.009581442446663615,0.009228295198386973
31085,0.0004460807346652313,0.0004553740833040903,0.0004739607805818083,0.0004925474778595262,0.0005483075696926801,0.0005390142210538212,0.0007062944965532829,0.0007527612397475779,0.0009200415152470396,0.0010687350934687832,0.001291775460801399,0.0014311756903842838,0.0018586697277717971,0.0021281768382987076,0.00275083119710226,0.003243378674961786,0.0039217931255984915,0.003968259868792787,0.003912499776959633,0.0036522860150715814,0.003438538996377825,0.0034850057395721195,0.0035035924368498374,0.003587232574599568,0.0035965259232384277,0.0037080461069047355,0.003968259868792787,0.00394037982287621,0.0036801660609881584,0.004154126841569967,0.004535154135763185,0.0039496731715150685,0.00384744633648762,0.005074168356817006,0.006942131433227662,0.004748901154456942,0.0064124105608127,0.007062944965532829,0.008782214463721742,0.008940201390582343,0.00851270735319483,0.008940201390582343,0.006914251387311086,0.006579690836312162,0.006217250239396662,0.005752582807453712,0.006031383266619482,0.006756264460450482,0.005947743128869751,0.005064875008178147,0.005919863082953174,0.005836222945203444,0.005418022256454789,0.005074168356817006,0.006217250239396662,0.009581442446663615,0.009228295198386973
31087,0.0004460807346652313,0.0004553740833040903,0.0004739607805818083,0.0004925474778595262,0.0005483075696926801,0.0005390142210538212,0.0007062944965532829,0.0007527612397475779,0.0009200415152470396,0.0010687350934687832,0.001291775460801399,0.0014311756903842838,0.0018586697277717971,0.0021281768382987076,0.00275083119710226,0.003243378674961786,0.0039217931255984915,0.003968259868792787,0.003912499776959633,0.0036522860150715814,0.003438538996377825,0.0034850057395721195,0.0035035924368498374,0.003587232574599568,0.0035965259232384277,0.0037080461069047355,0.003968259868792787,0.00394037982287621,0.0036801660609881584,0.004154126841569967,0.004535154135763185,0.0039496731715150685,0.00384744633648762,0.005074168356817006,0.006942131433227662,0.004748901154456942,0.0064124105608127,0.007062944965532829,0.008782214463721742,0.008940201390582343,0.00851270735319483,0.008940201390582343,0.006914251387311086,0.006579690836312162,0.006217250239396662,0.005752582807453712,0.006031383266619482,0.006756264460450482,0.005947743128869751,0.005064875008178147,0.005919863082953174,0.005836222945203444,0.005418022256454789,0.005074168356817006,0.006217250239396662,0.009581442446663615,0.009228295198386973
31089,0.0004460807346652313,0.0004553740833040903,0.0004739607805818083,0.0004925474778595262,0.0005483075696926801,0.0005390142210538212,0.0007062944965532829,0.0007527612397475779,0.0009200415152470396,0.0010687350934687832,0.001291775460801399,0.0014311756903842838,0.0018586697277717971,0.0021281768382987076,0.00275083119710226,0.003243378674961786,0.0039217931255984915,0.003968259868792787,0.003912499776959633,0.0036522860150715814,0.003438538996377825,0.0034850057395721195,0.0035035924368498374,0.003587232574599568,0.0035965259232384277,0.0037080461069047355,0.003968259868792787,0.00394037982287621,0.0036801660609881584,0.004154126841569967,0.004535154135763185,0.0039496731715150685,0.00384744633648762,0.005074168356817006,0.006942131433227662,0.004748901154456942,0.0064124105608127,0.007062944965532829,0.008782214463721742,0.008940201390582343,0.00851270735319483,0.008940201390582343,0.006914251387311086,0.006579690836312162,0.006217250239396662,0.005752582807453712,0.006031383266619482,0.006756264460450482,0.005947743128869751,0.005064875008178147,0.005919863082953174,0.005836222945203444,0.005418022256454789,0.005074168356817006,0.006217250239396662,0.009581442446663615,0.009228295198386973
31091,0.0004460807346652313,0.0004553740833040903,0.0004739607805818083,0.0004925474778595262,0.0005483075696926801,0.0005390142210538212,0.0007062944965532829,0.0007527612397475779,0.0009200415152470396,0.0010687350934687832,0.001291775460801399,0.0014311756903842838,0.0018586697277717971,0.0021281768382987076,0.00275083119710226,0.003243378674961786,0.0039217931255984915,0.003968259868792787,0.003912499776959633,0.0036522860150715814,0.003438538996377825,0.0034850057395721195,0.0035035924368498374,0.003587232574599568,0.0035965259232384277,0.0037080461069047355,0.003968259868792787,0.00394037982287621,0.0036801660609881584,0.004154126841569967,0.004535154135763185,0.0039496731715150685,0.00384744633648762,0.005074168356817006,0.006942131433227662,0.004748901154456942,0.0064124105608127,0.007062944965532829,0.008782214463721742,0.008940201390582343,0.00851270735319483,0.008940201390582343,0.006914251387311086,0.006579690836312162,0.006217250239396662,0.005752582807453712,0.006031383266619482,0.006756264460450482,0.005947743128869751,0.005064875008178147,0.005919863082953174,0.005836222945203444,0.005418022256454789,0.005074168356817006,0.006217250239396662,0.009581442446663615,0.009228295198386973
31093,0.0004460807346652313,0.0004553740833040903,0.0004739607805818083,0.0004925474778595262,0.0005483075696926801,0.0005390142210538212,0.0007062944965532829,0.0007527612397475779,0.0009200415152470396,0.0010687350934687832,0.001291775460801399,0.0014311756903842838,0.0018586697277717971,0.0021281768382987076,0.00275083119710226,0.003243378674961786,0.0039217931255984915,0.003968259868792787,0.003912499776959633,0.0036522860150715814,0.003438538996377825,0.0034850057395721195,0.0035035924368498374,0.003587232574599568,0.0035965259232384277,0.0037080461069047355,0.003968259868792787,0.00394037982287621,0.0036801660609881584,0.004154126841569967,0.004535154135763185,0.0039496731715150685,0.00384744633648762,0.005074168356817006,0.006942131433227662,0.004748901154456942,0.0064124105608127,0.007062944965532829,0.008782214463721742,0.008940201390582343,0.00851270735319483,0.008940201390582343,0.006914251387311086,0.006579690836312162,0.006217250239396662,0.005752582807453712,0.006031383266619482,0.006756264460450482,0.005947743128869751,0.005064875008178147,0.005919863082953174,0.005836222945203444,0.005418022256454789,0.005074168356817006,0.006217250239396662,0.009581442446663615,0.009228295198386973
31095,0.0004460807346652313,0.0004553740833040903,0.0004739607805818083,0.0004925474778595262,0.0005483075696926801,0.0005390142210538212,0.0007062944965532829,0.0007527612397475779,0.0009200415152470396,0.0010687350934687832,0.001291775460801399,0.0014311756903842838,0.0018586697277717971,0.0021281768382987076,0.00275083119710226,0.003243378674961786,0.0039217931255984915,0.003968259868792787,0.003912499776959633,0.0036522860150715814,0.003438538996377825,0.0034850057395721195,0.0035035924368498374,0.003587232574599568,0.0035965259232384277,0.0037080461069047355,0.003968259868792787,0.00394037982287621,0.0036801660609881584,0.004154126841569967,0.004535154135763185,0.0039496731715150685,0.00384744633648762,0.005074168356817006,0.006942131433227662,0.004748901154456942,0.0064124105608127,0.007062944965532829,0.008782214463721742,0.008940201390582343,0.00851270735319483,0.008940201390582343,0.006914251387311086,0.006579690836312162,0.006217250239396662,0.005752582807453712,0.006031383266619482,0.006756264460450482,0.005947743128869751,0.005064875008178147,0.005919863082953174,0.005836222945203444,0.005418022256454789,0.005074168356817006,0.006217250239396662,0.009581442446663615,0.009228295198386973
31097,0.0004460807346652313,0.0004553740833040903,0.0004739607805818083,0.0004925474778595262,0.0005483075696926801,0.0005390142210538212,0.0007062944965532829,0.0007527612397475779,0.0009200415152470396,0.0010687350934687832,0.001291775460801399,0.0014311756903842838,0.0018586697277717971,0.0021281768382987076,0.00275083119710226,0.003243378674961786,0.0039217931255984915,0.003968259868792787,0.003912499776959633,0.0036522860150715814,0.003438538996377825,0.0034850057395721195,0.0035035924368498374,0.003587232574599568,0.0035965259232384277,0.0037080461069047355,0.003968259868792787,0.00394037982287621,0.0036801660609881584,0.004154126841569967,0.004535154135763185,0.0039496731715150685,0.00384744633648762,0.005074168356817006,0.006942131433227662,0.004748901154456942,0.0064124105608127,0.007062944965532829,0.008782214463721742,0.008940201390582343,0.00851270735319483,0.008940201390582343,0.006914251387311086,0.006579690836312162,0.006217250239396662,0.005752582807453712,0.006031383266619482,0.006756264460450482,0.005947743128869751,0.005064875008178147,0.005919863082953174,0.005836222945203444,0.005418022256454789,0.005074168356817006,0.006217250239396662,0.009581442446663615,0.009228295198386973
31099,0.0004460807346652313,0.0004553740833040903,0.0004739607805818083,0.0004925474778595262,0.0005483075696926801,0.0005390142210538212,0.0007062944965532829,0.0007527612397475779,0.0009200415152470396,0.0010687350934687832,0.001291775460801399,0.0014311756903842838,0.0018586697277717971,0.0021281768382987076,0.00275083119710226,0.003243378674961786,0.0039217931255984915,0.003968259868792787,0.003912499776959633,0.0036522860150715814,0.003438538996377825,0.0034850057395721195,0.0035035924368498374,0.003587232574599568,0.0035965259232384277,0.0037080461069047355,0.003968259868792787,0.00394037982287621,0.0036801660609881584,0.004154126841569967,0.004535154135763185,0.0039496731715150685,0.00384744633648762,0.005074168356817006,0.006942131433227662,0.004748901154456942,0.0064124105608127,0.007062944965532829,0.008782214463721742,0.008940201390582343,0.00851270735319483,0.008940201390582343,0.006914251387311086,0.006579690836312162,0.006217250239396662,0.005752582807453712,0.006031383266619482,0.006756264460450482,0.005947743128869751,0.005064875008178147,0.005919863082953174,0.005836222945203444,0.005418022256454789,0.005074168356817006,0.006217250239396662,0.009581442446663615,0.009228295198386973
31101,0.0004460807346652313,0.0004553740833040903,0.0004739607805818083,0.0004925474778595262,0.0005483075696926801,0.0005390142210538212,0.0007062944965532829,0.0007527612397475779,0.0009200415152470396,0.0010687350934687832,0.001291775460801399,0.0014311756903842838,0.0018586697277717971,0.0021281768382987076,0.00275083119710226,0.003243378674961786,0.0039217931255984915,0.003968259868792787,0.003912499776959633,0.0036522860150715814,0.003438538996377825,0.0034850057395721195,0.0035035924368498374,0.003587232574599568,0.0035965259232384277,0.0037080461069047355,0.003968259868792787,0.00394037982287621,0.0036801660609881584,0.004154126841569967,0.004535154135763185,0.0039496731715150685,0.00384744633648762,0.005074168356817006,0.006942131433227662,0.004748901154456942,0.0064124105608127,0.007062944965532829,0.008782214463721742,0.008940201390582343,0.00851270735319483,0.008940201390582343,0.006914251387311086,0.006579690836312162,0.006217250239396662,0.005752582807453712,0.006031383266619482,0.006756264460450482,0.005947743128869751,0.005064875008178147,0.005919863082953174,0.005836222945203444,0.005418022256454789,0.005074168356817006,0.006217250239396662,0.009581442446663615,0.009228295198386973
31103,0.0004460807346652313,0.0004553740833040903,0.0004739607805818083,0.0004925474778595262,0.0005483075696926801,0.0005390142210538212,0.0007062944965532829,0.0007527612397475779,0.0009200415152470396,0.0010687350934687832,0.001291775460801399,0.0014311756903842838,0.0018586697277717971,0.0021281768382987076,0.00275083119710226,0.003243378674961786,0.0039217931255984915,0.003968259868792787,0.003912499776959633,0.0036522860150715814,0.003438538996377825,0.0034850057395721195,0.0035035924368498374,0.003587232574599568,0.0035965259232384277,0.0037080461069047355,0.003968259868792787,0.00394037982287621,0.0036801660609881584,0.004154126841569967,0.004535154135763185,0.0039496731715150685,0.00384744633648762,0.005074168356817006,0.006942131433227662,0.004748901154456942,0.0064124105608127,0.007062944965532829,0.008782214463721742,0.008940201390582343,0.00851270735319483,0.008940201390582343,0.006914251387311086,0.006579690836312162,0.006217250239396662,0.005752582807453712,0.006031383266619482,0.006756264460450482,0.005947743128869751,0.005064875008178147,0.005919863082953174,0.005836222945203444,0.005418022256454789,0.005074168356817006,0.006217250239396662,0.009581442446663615,0.009228295198386973
31105,0.0004460807346652313,0.0004553740833040903,0.0004739607805818083,0.0004925474778595262,0.0005483075696926801,0.0005390142210538212,0.0007062944965532829,0.0007527612397475779,0.0009200415152470396,0.0010687350934687832,0.001291775460801399,0.0014311756903842838,0.0018586697277717971,0.0021281768382987076,0.00275083119710226,0.003243378674961786,0.0039217931255984915,0.003968259868792787,0.003912499776959633,0.0036522860150715814,0.003438538996377825,0.0034850057395721195,0.0035035924368498374,0.003587232574599568,0.0035965259232384277,0.0037080461069047355,0.003968259868792787,0.00394037982287621,0.0036801660609881584,0.004154126841569967,0.004535154135763185,0.0039496731715150685,0.00384744633648762,0.005074168356817006,0.006942131433227662,0.004748901154456942,0.0064124105608127,0.007062944965532829,0.008782214463721742,0.008940201390582343,0.00851270735319483,0.008940201390582343,0.006914251387311086,0.006579690836312162,0.006217250239396662,0.005752582807453712,0.006031383266619482,0.006756264460450482,0.005947743128869751,0.005064875008178147,0.005919863082953174,0.005836222945203444,0.005418022256454789,0.005074168356817006,0.006217250239396662,0.009581442446663615,0.009228295198386973
31107,0.0004460807346652313,0.0004553740833040903,0.0004739607805818083,0.0004925474778595262,0.0005483075696926801,0.0005390142210538212,0.0007062944965532829,0.0007527612397475779,0.0009200415152470396,0.0010687350934687832,0.001291775460801399,0.0014311756903842838,0.0018586697277717971,0.0021281768382987076,0.00275083119710226,0.003243378674961786,0.0039217931255984915,0.003968259868792787,0.003912499776959633,0.0036522860150715814,0.003438538996377825,0.0034850057395721195,0.0035035924368498374,0.003587232574599568,0.0035965259232384277,0.0037080461069047355,0.003968259868792787,0.00394037982287621,0.0036801660609881584,0.004154126841569967,0.004535154135763185,0.0039496731715150685,0.00384744633648762,0.005074168356817006,0.006942131433227662,0.004748901154456942,0.0064124105608127,0.007062944965532829,0.008782214463721742,0.008940201390582343,0.00851270735319483,0.008940201390582343,0.006914251387311086,0.006579690836312162,0.006217250239396662,0.005752582807453712,0.006031383266619482,0.006756264460450482,0.005947743128869751,0.005064875008178147,0.005919863082953174,0.005836222945203444,0.005418022256454789,0.005074168356817006,0.006217250239396662,0.009581442446663615,0.009228295198386973
31109,0.0004460807346652313,0.0004553740833040903,0.0004739607805818083,0.0004925474778595262,0.0005483075696926801,0.0005390142210538212,0.0007062944965532829,0.0007527612397475779,0.0009200415152470396,0.0010687350934687832,0.001291775460801399,0.0014311756903842838,0.0018586697277717971,0.0021281768382987076,0.00275083119710226,0.003243378674961786,0.0039217931255984915,0.003968259868792787,0.003912499776959633,0.0036522860150715814,0.003438538996377825,0.0034850057395721195,0.0035035924368498374,0.003587232574599568,0.0035965259232384277,0.0037080461069047355,0.003968259868792787,0.00394037982287621,0.0036801660609881584,0.004154126841569967,0.004535154135763185,0.0039496731715150685,0.00384744633648762,0.005074168356817006,0.006942131433227662,0.004748901154456942,0.0064124105608127,0.007062944965532829,0.008782214463721742,0.008940201390582343,0.00851270735319483,0.008940201390582343,0.006914251387311086,0.006579690836312162,0.006217250239396662,0.005752582807453712,0.006031383266619482,0.006756264460450482,0.005947743128869751,0.005064875008178147,0.005919863082953174,0.005836222945203444,0.005418022256454789,0.005074168356817006,0.006217250239396662,0.009581442446663615,0.009228295198386973
31111,0.0004460807346652313,0.0004553740833040903,0.0004739607805818083,0.0004925474778595262,0.0005483075696926801,0.0005390142210538212,0.0007062944965532829,0.0007527612397475779,0.0009200415152470396,0.0010687350934687832,0.001291775460801399,0.0014311756903842838,0.0018586697277717971,0.0021281768382987076,0.00275083119710226,0.003243378674961786,0.0039217931255984915,0.003968259868792787,0.003912499776959633,0.0036522860150715814,0.003438538996377825,0.0034850057395721195,0.0035035924368498374,0.003587232574599568,0.0035965259232384277,0.0037080461069047355,0.003968259868792787,0.00394037982287621,0.0036801660609881584,0.004154126841569967,0.004535154135763185,0.0039496731715150685,0.00384744633648762,0.005074168356817006,0.006942131433227662,0.004748901154456942,0.0064124105608127,0.007062944965532829,0.008782214463721742,0.008940201390582343,0.00851270735319483,0.008940201390582343,0.006914251387311086,0.006579690836312162,0.006217250239396662,0.005752582807453712,0.006031383266619482,0.006756264460450482,0.005947743128869751,0.005064875008178147,0.005919863082953174,0.005836222945203444,0.005418022256454789,0.005074168356817006,0.006217250239396662,0.009581442446663615,0.009228295198386973
31113,0.0004460807346652313,0.0004553740833040903,0.0004739607805818083,0.0004925474778595262,0.0005483075696926801,0.0005390142210538212,0.0007062944965532829,0.0007527612397475779,0.0009200415152470396,0.0010687350934687832,0.001291775460801399,0.0014311756903842838,0.0018586697277717971,0.0021281768382987076,0.00275083119710226,0.003243378674961786,0.0039217931255984915,0.003968259868792787,0.003912499776959633,0.0036522860150715814,0.003438538996377825,0.0034850057395721195,0.0035035924368498374,0.003587232574599568,0.0035965259232384277,0.0037080461069047355,0.003968259868792787,0.00394037982287621,0.0036801660609881584,0.004154126841569967,0.004535154135763185,0.0039496731715150685,0.00384744633648762,0.005074168356817006,0.006942131433227662,0.004748901154456942,0.0064124105608127,0.007062944965532829,0.008782214463721742,0.008940201390582343,0.00851270735319483,0.008940201390582343,0.006914251387311086,0.006579690836312162,0.006217250239396662,0.005752582807453712,0.006031383266619482,0.006756264460450482,0.005947743128869751,0.005064875008178147,0.005919863082953174,0.005836222945203444,0.005418022256454789,0.005074168356817006,0.006217250239396662,0.009581442446663615,0.009228295198386973
31115,0.0004460807346652313,0.0004553740833040903,0.0004739607805818083,0.0004925474778595262,0.0005483075696926801,0.0005390142210538212,0.0007062944965532829,0.0007527612397475779,0.0009200415152470396,0.0010687350934687832,0.001291775460801399,0.0014311756903842838,0.0018586697277717971,0.0021281768382987076,0.00275083119710226,0.003243378674961786,0.0039217931255984915,0.003968259868792787,0.003912499776959633,0.0036522860150715814,0.003438538996377825,0.0034850057395721195,0.0035035924368498374,0.003587232574599568,0.0035965259232384277,0.0037080461069047355,0.003968259868792787,0.00394037982287621,0.0036801660609881584,0.004154126841569967,0.004535154135763185,0.0039496731715150685,0.00384744633648762,0.005074168356817006,0.006942131433227662,0.004748901154456942,0.0064124105608127,0.007062944965532829,0.008782214463721742,0.008940201390582343,0.00851270735319483,0.008940201390582343,0.006914251387311086,0.006579690836312162,0.006217250239396662,0.005752582807453712,0.006031383266619482,0.006756264460450482,0.005947743128869751,0.005064875008178147,0.005919863082953174,0.005836222945203444,0.005418022256454789,0.005074168356817006,0.006217250239396662,0.009581442446663615,0.009228295198386973
31117,0.0004460807346652313,0.0004553740833040903,0.0004739607805818083,0.0004925474778595262,0.0005483075696926801,0.0005390142210538212,0.0007062944965532829,0.0007527612397475779,0.0009200415152470396,0.0010687350934687832,0.001291775460801399,0.0014311756903842838,0.0018586697277717971,0.0021281768382987076,0.00275083119710226,0.003243378674961786,0.0039217931255984915,0.003968259868792787,0.003912499776959633,0.0036522860150715814,0.003438538996377825,0.0034850057395721195,0.0035035924368498374,0.003587232574599568,0.0035965259232384277,0.0037080461069047355,0.003968259868792787,0.00394037982287621,0.0036801660609881584,0.004154126841569967,0.004535154135763185,0.0039496731715150685,0.00384744633648762,0.005074168356817006,0.006942131433227662,0.004748901154456942,0.0064124105608127,0.007062944965532829,0.008782214463721742,0.008940201390582343,0.00851270735319483,0.008940201390582343,0.006914251387311086,0.006579690836312162,0.006217250239396662,0.005752582807453712,0.006031383266619482,0.006756264460450482,0.005947743128869751,0.005064875008178147,0.005919863082953174,0.005836222945203444,0.005418022256454789,0.005074168356817006,0.006217250239396662,0.009581442446663615,0.009228295198386973
31119,0.0004460807346652313,0.0004553740833040903,0.0004739607805818083,0.0004925474778595262,0.0005483075696926801,0.0005390142210538212,0.0007062944965532829,0.0007527612397475779,0.0009200415152470396,0.0010687350934687832,0.001291775460801399,0.0014311756903842838,0.0018586697277717971,0.0021281768382987076,0.00275083119710226,0.003243378674961786,0.0039217931255984915,0.003968259868792787,0.003912499776959633,0.0036522860150715814,0.003438538996377825,0.0034850057395721195,0.0035035924368498374,0.003587232574599568,0.0035965259232384277,0.0037080461069047355,0.003968259868792787,0.00394037982287621,0.0036801660609881584,0.004154126841569967,0.004535154135763185,0.0039496731715150685,0.00384744633648762,0.005074168356817006,0.006942131433227662,0.004748901154456942,0.0064124105608127,0.007062944965532829,0.008782214463721742,0.008940201390582343,0.00851270735319483,0.008940201390582343,0.006914251387311086,0.006579690836312162,0.006217250239396662,0.005752582807453712,0.006031383266619482,0.006756264460450482,0.005947743128869751,0.005064875008178147,0.005919863082953174,0.005836222945203444,0.005418022256454789,0.005074168356817006,0.006217250239396662,0.009581442446663615,0.009228295198386973
31121,0.0004460807346652313,0.0004553740833040903,0.0004739607805818083,0.0004925474778595262,0.0005483075696926801,0.0005390142210538212,0.0007062944965532829,0.0007527612397475779,0.0009200415152470396,0.0010687350934687832,0.001291775460801399,0.0014311756903842838,0.0018586697277717971,0.0021281768382987076,0.00275083119710226,0.003243378674961786,0.0039217931255984915,0.003968259868792787,0.003912499776959633,0.0036522860150715814,0.003438538996377825,0.0034850057395721195,0.0035035924368498374,0.003587232574599568,0.0035965259232384277,0.0037080461069047355,0.003968259868792787,0.00394037982287621,0.0036801660609881584,0.004154126841569967,0.004535154135763185,0.0039496731715150685,0.00384744633648762,0.005074168356817006,0.006942131433227662,0.004748901154456942,0.0064124105608127,0.007062944965532829,0.008782214463721742,0.008940201390582343,0.00851270735319483,0.008940201390582343,0.006914251387311086,0.006579690836312162,0.006217250239396662,0.005752582807453712,0.006031383266619482,0.006756264460450482,0.005947743128869751,0.005064875008178147,0.005919863082953174,0.005836222945203444,0.005418022256454789,0.005074168356817006,0.006217250239396662,0.009581442446663615,0.009228295198386973
31123,0.0004460807346652313,0.0004553740833040903,0.0004739607805818083,0.0004925474778595262,0.0005483075696926801,0.0005390142210538212,0.0007062944965532829,0.0007527612397475779,0.0009200415152470396,0.0010687350934687832,0.001291775460801399,0.0014311756903842838,0.0018586697277717971,0.0021281768382987076,0.00275083119710226,0.003243378674961786,0.0039217931255984915,0.003968259868792787,0.003912499776959633,0.0036522860150715814,0.003438538996377825,0.0034850057395721195,0.0035035924368498374,0.003587232574599568,0.0035965259232384277,0.0037080461069047355,0.003968259868792787,0.00394037982287621,0.0036801660609881584,0.004154126841569967,0.004535154135763185,0.0039496731715150685,0.00384744633648762,0.005074168356817006,0.006942131433227662,0.004748901154456942,0.0064124105608127,0.007062944965532829,0.008782214463721742,0.008940201390582343,0.00851270735319483,0.008940201390582343,0.006914251387311086,0.006579690836312162,0.006217250239396662,0.005752582807453712,0.006031383266619482,0.006756264460450482,0.005947743128869751,0.005064875008178147,0.005919863082953174,0.005836222945203444,0.005418022256454789,0.005074168356817006,0.006217250239396662,0.009581442446663615,0.009228295198386973
31125,0.0004460807346652313,0.0004553740833040903,0.0004739607805818083,0.0004925474778595262,0.0005483075696926801,0.0005390142210538212,0.0007062944965532829,0.0007527612397475779,0.0009200415152470396,0.0010687350934687832,0.001291775460801399,0.0014311756903842838,0.0018586697277717971,0.0021281768382987076,0.00275083119710226,0.003243378674961786,0.0039217931255984915,0.003968259868792787,0.003912499776959633,0.0036522860150715814,0.003438538996377825,0.0034850057395721195,0.0035035924368498374,0.003587232574599568,0.0035965259232384277,0.0037080461069047355,0.003968259868792787,0.00394037982287621,0.0036801660609881584,0.004154126841569967,0.004535154135763185,0.0039496731715150685,0.00384744633648762,0.005074168356817006,0.006942131433227662,0.004748901154456942,0.0064124105608127,0.007062944965532829,0.008782214463721742,0.008940201390582343,0.00851270735319483,0.008940201390582343,0.006914251387311086,0.006579690836312162,0.006217250239396662,0.005752582807453712,0.006031383266619482,0.006756264460450482,0.005947743128869751,0.005064875008178147,0.005919863082953174,0.005836222945203444,0.005418022256454789,0.005074168356817006,0.006217250239396662,0.009581442446663615,0.009228295198386973
31127,0.0004460807346652313,0.0004553740833040903,0.0004739607805818083,0.0004925474778595262,0.0005483075696926801,0.0005390142210538212,0.0007062944965532829,0.0007527612397475779,0.0009200415152470396,0.0010687350934687832,0.001291775460801399,0.0014311756903842838,0.0018586697277717971,0.0021281768382987076,0.00275083119710226,0.003243378674961786,0.0039217931255984915,0.003968259868792787,0.003912499776959633,0.0036522860150715814,0.003438538996377825,0.0034850057395721195,0.0035035924368498374,0.003587232574599568,0.0035965259232384277,0.0037080461069047355,0.003968259868792787,0.00394037982287621,0.0036801660609881584,0.004154126841569967,0.004535154135763185,0.0039496731715150685,0.00384744633648762,0.005074168356817006,0.006942131433227662,0.004748901154456942,0.0064124105608127,0.007062944965532829,0.008782214463721742,0.008940201390582343,0.00851270735319483,0.008940201390582343,0.006914251387311086,0.006579690836312162,0.006217250239396662,0.005752582807453712,0.006031383266619482,0.006756264460450482,0.005947743128869751,0.005064875008178147,0.005919863082953174,0.005836222945203444,0.005418022256454789,0.005074168356817006,0.006217250239396662,0.009581442446663615,0.009228295198386973
31129,0.0004460807346652313,0.0004553740833040903,0.0004739607805818083,0.0004925474778595262,0.0005483075696926801,0.0005390142210538212,0.0007062944965532829,0.0007527612397475779,0.0009200415152470396,0.0010687350934687832,0.001291775460801399,0.0014311756903842838,0.0018586697277717971,0.0021281768382987076,0.00275083119710226,0.003243378674961786,0.0039217931255984915,0.003968259868792787,0.003912499776959633,0.0036522860150715814,0.003438538996377825,0.0034850057395721195,0.0035035924368498374,0.003587232574599568,0.0035965259232384277,0.0037080461069047355,0.003968259868792787,0.00394037982287621,0.0036801660609881584,0.004154126841569967,0.004535154135763185,0.0039496731715150685,0.00384744633648762,0.005074168356817006,0.006942131433227662,0.004748901154456942,0.0064124105608127,0.007062944965532829,0.008782214463721742,0.008940201390582343,0.00851270735319483,0.008940201390582343,0.006914251387311086,0.006579690836312162,0.006217250239396662,0.005752582807453712,0.006031383266619482,0.006756264460450482,0.005947743128869751,0.005064875008178147,0.005919863082953174,0.005836222945203444,0.005418022256454789,0.005074168356817006,0.006217250239396662,0.009581442446663615,0.009228295198386973
31131,0.0004460807346652313,0.0004553740833040903,0.0004739607805818083,0.0004925474778595262,0.0005483075696926801,0.0005390142210538212,0.0007062944965532829,0.0007527612397475779,0.0009200415152470396,0.0010687350934687832,0.001291775460801399,0.0014311756903842838,0.0018586697277717971,0.0021281768382987076,0.00275083119710226,0.003243378674961786,0.0039217931255984915,0.003968259868792787,0.003912499776959633,0.0036522860150715814,0.003438538996377825,0.0034850057395721195,0.0035035924368498374,0.003587232574599568,0.0035965259232384277,0.0037080461069047355,0.003968259868792787,0.00394037982287621,0.0036801660609881584,0.004154126841569967,0.004535154135763185,0.0039496731715150685,0.00384744633648762,0.005074168356817006,0.006942131433227662,0.004748901154456942,0.0064124105608127,0.007062944965532829,0.008782214463721742,0.008940201390582343,0.00851270735319483,0.008940201390582343,0.006914251387311086,0.006579690836312162,0.006217250239396662,0.005752582807453712,0.006031383266619482,0.006756264460450482,0.005947743128869751,0.005064875008178147,0.005919863082953174,0.005836222945203444,0.005418022256454789,0.005074168356817006,0.006217250239396662,0.009581442446663615,0.009228295198386973
31133,0.0004460807346652313,0.0004553740833040903,0.0004739607805818083,0.0004925474778595262,0.0005483075696926801,0.0005390142210538212,0.0007062944965532829,0.0007527612397475779,0.0009200415152470396,0.0010687350934687832,0.001291775460801399,0.0014311756903842838,0.0018586697277717971,0.0021281768382987076,0.00275083119710226,0.003243378674961786,0.0039217931255984915,0.003968259868792787,0.003912499776959633,0.0036522860150715814,0.003438538996377825,0.0034850057395721195,0.0035035924368498374,0.003587232574599568,0.0035965259232384277,0.0037080461069047355,0.003968259868792787,0.00394037982287621,0.0036801660609881584,0.004154126841569967,0.004535154135763185,0.0039496731715150685,0.00384744633648762,0.005074168356817006,0.006942131433227662,0.004748901154456942,0.0064124105608127,0.007062944965532829,0.008782214463721742,0.008940201390582343,0.00851270735319483,0.008940201390582343,0.006914251387311086,0.006579690836312162,0.006217250239396662,0.005752582807453712,0.006031383266619482,0.006756264460450482,0.005947743128869751,0.005064875008178147,0.005919863082953174,0.005836222945203444,0.005418022256454789,0.005074168356817006,0.006217250239396662,0.009581442446663615,0.009228295198386973
31135,0.0004460807346652313,0.0004553740833040903,0.0004739607805818083,0.0004925474778595262,0.0005483075696926801,0.0005390142210538212,0.0007062944965532829,0.0007527612397475779,0.0009200415152470396,0.0010687350934687832,0.001291775460801399,0.0014311756903842838,0.0018586697277717971,0.0021281768382987076,0.00275083119710226,0.003243378674961786,0.0039217931255984915,0.003968259868792787,0.003912499776959633,0.0036522860150715814,0.003438538996377825,0.0034850057395721195,0.0035035924368498374,0.003587232574599568,0.0035965259232384277,0.0037080461069047355,0.003968259868792787,0.00394037982287621,0.0036801660609881584,0.004154126841569967,0.004535154135763185,0.0039496731715150685,0.00384744633648762,0.005074168356817006,0.006942131433227662,0.004748901154456942,0.0064124105608127,0.007062944965532829,0.008782214463721742,0.008940201390582343,0.00851270735319483,0.008940201390582343,0.006914251387311086,0.006579690836312162,0.006217250239396662,0.005752582807453712,0.006031383266619482,0.006756264460450482,0.005947743128869751,0.005064875008178147,0.005919863082953174,0.005836222945203444,0.005418022256454789,0.005074168356817006,0.006217250239396662,0.009581442446663615,0.009228295198386973
31137,0.0004460807346652313,0.0004553740833040903,0.0004739607805818083,0.0004925474778595262,0.0005483075696926801,0.0005390142210538212,0.0007062944965532829,0.0007527612397475779,0.0009200415152470396,0.0010687350934687832,0.001291775460801399,0.0014311756903842838,0.0018586697277717971,0.0021281768382987076,0.00275083119710226,0.003243378674961786,0.0039217931255984915,0.003968259868792787,0.003912499776959633,0.0036522860150715814,0.003438538996377825,0.0034850057395721195,0.0035035924368498374,0.003587232574599568,0.0035965259232384277,0.0037080461069047355,0.003968259868792787,0.00394037982287621,0.0036801660609881584,0.004154126841569967,0.004535154135763185,0.0039496731715150685,0.00384744633648762,0.005074168356817006,0.006942131433227662,0.004748901154456942,0.0064124105608127,0.007062944965532829,0.008782214463721742,0.008940201390582343,0.00851270735319483,0.008940201390582343,0.006914251387311086,0.006579690836312162,0.006217250239396662,0.005752582807453712,0.006031383266619482,0.006756264460450482,0.005947743128869751,0.005064875008178147,0.005919863082953174,0.005836222945203444,0.005418022256454789,0.005074168356817006,0.006217250239396662,0.009581442446663615,0.009228295198386973
31139,0.0004460807346652313,0.0004553740833040903,0.0004739607805818083,0.0004925474778595262,0.0005483075696926801,0.0005390142210538212,0.0007062944965532829,0.0007527612397475779,0.0009200415152470396,0.0010687350934687832,0.001291775460801399,0.0014311756903842838,0.0018586697277717971,0.0021281768382987076,0.00275083119710226,0.003243378674961786,0.0039217931255984915,0.003968259868792787,0.003912499776959633,0.0036522860150715814,0.003438538996377825,0.0034850057395721195,0.0035035924368498374,0.003587232574599568,0.0035965259232384277,0.0037080461069047355,0.003968259868792787,0.00394037982287621,0.0036801660609881584,0.004154126841569967,0.004535154135763185,0.0039496731715150685,0.00384744633648762,0.005074168356817006,0.006942131433227662,0.004748901154456942,0.0064124105608127,0.007062944965532829,0.008782214463721742,0.008940201390582343,0.00851270735319483,0.008940201390582343,0.006914251387311086,0.006579690836312162,0.006217250239396662,0.005752582807453712,0.006031383266619482,0.006756264460450482,0.005947743128869751,0.005064875008178147,0.005919863082953174,0.005836222945203444,0.005418022256454789,0.005074168356817006,0.006217250239396662,0.009581442446663615,0.009228295198386973
31141,0.0004460807346652313,0.0004553740833040903,0.0004739607805818083,0.0004925474778595262,0.0005483075696926801,0.0005390142210538212,0.0007062944965532829,0.0007527612397475779,0.0009200415152470396,0.0010687350934687832,0.001291775460801399,0.0014311756903842838,0.0018586697277717971,0.0021281768382987076,0.00275083119710226,0.003243378674961786,0.0039217931255984915,0.003968259868792787,0.003912499776959633,0.0036522860150715814,0.003438538996377825,0.0034850057395721195,0.0035035924368498374,0.003587232574599568,0.0035965259232384277,0.0037080461069047355,0.003968259868792787,0.00394037982287621,0.0036801660609881584,0.004154126841569967,0.004535154135763185,0.0039496731715150685,0.00384744633648762,0.005074168356817006,0.006942131433227662,0.004748901154456942,0.0064124105608127,0.007062944965532829,0.008782214463721742,0.008940201390582343,0.00851270735319483,0.008940201390582343,0.006914251387311086,0.006579690836312162,0.006217250239396662,0.005752582807453712,0.006031383266619482,0.006756264460450482,0.005947743128869751,0.005064875008178147,0.005919863082953174,0.005836222945203444,0.005418022256454789,0.005074168356817006,0.006217250239396662,0.009581442446663615,0.009228295198386973
31143,0.0004460807346652313,0.0004553740833040903,0.0004739607805818083,0.0004925474778595262,0.0005483075696926801,0.0005390142210538212,0.0007062944965532829,0.0007527612397475779,0.0009200415152470396,0.0010687350934687832,0.001291775460801399,0.0014311756903842838,0.0018586697277717971,0.0021281768382987076,0.00275083119710226,0.003243378674961786,0.0039217931255984915,0.003968259868792787,0.003912499776959633,0.0036522860150715814,0.003438538996377825,0.0034850057395721195,0.0035035924368498374,0.003587232574599568,0.0035965259232384277,0.0037080461069047355,0.003968259868792787,0.00394037982287621,0.0036801660609881584,0.004154126841569967,0.004535154135763185,0.0039496731715150685,0.00384744633648762,0.005074168356817006,0.006942131433227662,0.004748901154456942,0.0064124105608127,0.007062944965532829,0.008782214463721742,0.008940201390582343,0.00851270735319483,0.008940201390582343,0.006914251387311086,0.006579690836312162,0.006217250239396662,0.005752582807453712,0.006031383266619482,0.006756264460450482,0.005947743128869751,0.005064875008178147,0.005919863082953174,0.005836222945203444,0.005418022256454789,0.005074168356817006,0.006217250239396662,0.009581442446663615,0.009228295198386973
31145,0.0004460807346652313,0.0004553740833040903,0.0004739607805818083,0.0004925474778595262,0.0005483075696926801,0.0005390142210538212,0.0007062944965532829,0.0007527612397475779,0.0009200415152470396,0.0010687350934687832,0.001291775460801399,0.0014311756903842838,0.0018586697277717971,0.0021281768382987076,0.00275083119710226,0.003243378674961786,0.0039217931255984915,0.003968259868792787,0.003912499776959633,0.0036522860150715814,0.003438538996377825,0.0034850057395721195,0.0035035924368498374,0.003587232574599568,0.0035965259232384277,0.0037080461069047355,0.003968259868792787,0.00394037982287621,0.0036801660609881584,0.004154126841569967,0.004535154135763185,0.0039496731715150685,0.00384744633648762,0.005074168356817006,0.006942131433227662,0.004748901154456942,0.0064124105608127,0.007062944965532829,0.008782214463721742,0.008940201390582343,0.00851270735319483,0.008940201390582343,0.006914251387311086,0.006579690836312162,0.006217250239396662,0.005752582807453712,0.006031383266619482,0.006756264460450482,0.005947743128869751,0.005064875008178147,0.005919863082953174,0.005836222945203444,0.005418022256454789,0.005074168356817006,0.006217250239396662,0.009581442446663615,0.009228295198386973
31147,0.0004460807346652313,0.0004553740833040903,0.0004739607805818083,0.0004925474778595262,0.0005483075696926801,0.0005390142210538212,0.0007062944965532829,0.0007527612397475779,0.0009200415152470396,0.0010687350934687832,0.001291775460801399,0.0014311756903842838,0.0018586697277717971,0.0021281768382987076,0.00275083119710226,0.003243378674961786,0.0039217931255984915,0.003968259868792787,0.003912499776959633,0.0036522860150715814,0.003438538996377825,0.0034850057395721195,0.0035035924368498374,0.003587232574599568,0.0035965259232384277,0.0037080461069047355,0.003968259868792787,0.00394037982287621,0.0036801660609881584,0.004154126841569967,0.004535154135763185,0.0039496731715150685,0.00384744633648762,0.005074168356817006,0.006942131433227662,0.004748901154456942,0.0064124105608127,0.007062944965532829,0.008782214463721742,0.008940201390582343,0.00851270735319483,0.008940201390582343,0.006914251387311086,0.006579690836312162,0.006217250239396662,0.005752582807453712,0.006031383266619482,0.006756264460450482,0.005947743128869751,0.005064875008178147,0.005919863082953174,0.005836222945203444,0.005418022256454789,0.005074168356817006,0.006217250239396662,0.009581442446663615,0.009228295198386973
31149,0.0004460807346652313,0.0004553740833040903,0.0004739607805818083,0.0004925474778595262,0.0005483075696926801,0.0005390142210538212,0.0007062944965532829,0.0007527612397475779,0.0009200415152470396,0.0010687350934687832,0.001291775460801399,0.0014311756903842838,0.0018586697277717971,0.0021281768382987076,0.00275083119710226,0.003243378674961786,0.0039217931255984915,0.003968259868792787,0.003912499776959633,0.0036522860150715814,0.003438538996377825,0.0034850057395721195,0.0035035924368498374,0.003587232574599568,0.0035965259232384277,0.0037080461069047355,0.003968259868792787,0.00394037982287621,0.0036801660609881584,0.004154126841569967,0.004535154135763185,0.0039496731715150685,0.00384744633648762,0.005074168356817006,0.006942131433227662,0.004748901154456942,0.0064124105608127,0.007062944965532829,0.008782214463721742,0.008940201390582343,0.00851270735319483,0.008940201390582343,0.006914251387311086,0.006579690836312162,0.006217250239396662,0.005752582807453712,0.006031383266619482,0.006756264460450482,0.005947743128869751,0.005064875008178147,0.005919863082953174,0.005836222945203444,0.005418022256454789,0.005074168356817006,0.006217250239396662,0.009581442446663615,0.009228295198386973
31151,0.0004460807346652313,0.0004553740833040903,0.0004739607805818083,0.0004925474778595262,0.0005483075696926801,0.0005390142210538212,0.0007062944965532829,0.0007527612397475779,0.0009200415152470396,0.0010687350934687832,0.001291775460801399,0.0014311756903842838,0.0018586697277717971,0.0021281768382987076,0.00275083119710226,0.003243378674961786,0.0039217931255984915,0.003968259868792787,0.003912499776959633,0.0036522860150715814,0.003438538996377825,0.0034850057395721195,0.0035035924368498374,0.003587232574599568,0.0035965259232384277,0.0037080461069047355,0.003968259868792787,0.00394037982287621,0.0036801660609881584,0.004154126841569967,0.004535154135763185,0.0039496731715150685,0.00384744633648762,0.005074168356817006,0.006942131433227662,0.004748901154456942,0.0064124105608127,0.007062944965532829,0.008782214463721742,0.008940201390582343,0.00851270735319483,0.008940201390582343,0.006914251387311086,0.006579690836312162,0.006217250239396662,0.005752582807453712,0.006031383266619482,0.006756264460450482,0.005947743128869751,0.005064875008178147,0.005919863082953174,0.005836222945203444,0.005418022256454789,0.005074168356817006,0.006217250239396662,0.009581442446663615,0.009228295198386973
31153,0.0004460807346652313,0.0004553740833040903,0.0004739607805818083,0.0004925474778595262,0.0005483075696926801,0.0005390142210538212,0.0007062944965532829,0.0007527612397475779,0.0009200415152470396,0.0010687350934687832,0.001291775460801399,0.0014311756903842838,0.0018586697277717971,0.0021281768382987076,0.00275083119710226,0.003243378674961786,0.0039217931255984915,0.003968259868792787,0.003912499776959633,0.0036522860150715814,0.003438538996377825,0.0034850057395721195,0.0035035924368498374,0.003587232574599568,0.0035965259232384277,0.0037080461069047355,0.003968259868792787,0.00394037982287621,0.0036801660609881584,0.004154126841569967,0.004535154135763185,0.0039496731715150685,0.00384744633648762,0.005074168356817006,0.006942131433227662,0.004748901154456942,0.0064124105608127,0.007062944965532829,0.008782214463721742,0.008940201390582343,0.00851270735319483,0.008940201390582343,0.006914251387311086,0.006579690836312162,0.006217250239396662,0.005752582807453712,0.006031383266619482,0.006756264460450482,0.005947743128869751,0.005064875008178147,0.005919863082953174,0.005836222945203444,0.005418022256454789,0.005074168356817006,0.006217250239396662,0.009581442446663615,0.009228295198386973
31155,0.0004460807346652313,0.0004553740833040903,0.0004739607805818083,0.0004925474778595262,0.0005483075696926801,0.0005390142210538212,0.0007062944965532829,0.0007527612397475779,0.0009200415152470396,0.0010687350934687832,0.001291775460801399,0.0014311756903842838,0.0018586697277717971,0.0021281768382987076,0.00275083119710226,0.003243378674961786,0.0039217931255984915,0.003968259868792787,0.003912499776959633,0.0036522860150715814,0.003438538996377825,0.0034850057395721195,0.0035035924368498374,0.003587232574599568,0.0035965259232384277,0.0037080461069047355,0.003968259868792787,0.00394037982287621,0.0036801660609881584,0.004154126841569967,0.004535154135763185,0.0039496731715150685,0.00384744633648762,0.005074168356817006,0.006942131433227662,0.004748901154456942,0.0064124105608127,0.007062944965532829,0.008782214463721742,0.008940201390582343,0.00851270735319483,0.008940201390582343,0.006914251387311086,0.006579690836312162,0.006217250239396662,0.005752582807453712,0.006031383266619482,0.006756264460450482,0.005947743128869751,0.005064875008178147,0.005919863082953174,0.005836222945203444,0.005418022256454789,0.005074168356817006,0.006217250239396662,0.009581442446663615,0.009228295198386973
31157,0.0004460807346652313,0.0004553740833040903,0.0004739607805818083,0.0004925474778595262,0.0005483075696926801,0.0005390142210538212,0.0007062944965532829,0.0007527612397475779,0.0009200415152470396,0.0010687350934687832,0.001291775460801399,0.0014311756903842838,0.0018586697277717971,0.0021281768382987076,0.00275083119710226,0.003243378674961786,0.0039217931255984915,0.003968259868792787,0.003912499776959633,0.0036522860150715814,0.003438538996377825,0.0034850057395721195,0.0035035924368498374,0.003587232574599568,0.0035965259232384277,0.0037080461069047355,0.003968259868792787,0.00394037982287621,0.0036801660609881584,0.004154126841569967,0.004535154135763185,0.0039496731715150685,0.00384744633648762,0.005074168356817006,0.006942131433227662,0.004748901154456942,0.0064124105608127,0.007062944965532829,0.008782214463721742,0.008940201390582343,0.00851270735319483,0.008940201390582343,0.006914251387311086,0.006579690836312162,0.006217250239396662,0.005752582807453712,0.006031383266619482,0.006756264460450482,0.005947743128869751,0.005064875008178147,0.005919863082953174,0.005836222945203444,0.005418022256454789,0.005074168356817006,0.006217250239396662,0.009581442446663615,0.009228295198386973
31159,0.0004460807346652313,0.0004553740833040903,0.0004739607805818083,0.0004925474778595262,0.0005483075696926801,0.0005390142210538212,0.0007062944965532829,0.0007527612397475779,0.0009200415152470396,0.0010687350934687832,0.001291775460801399,0.0014311756903842838,0.0018586697277717971,0.0021281768382987076,0.00275083119710226,0.003243378674961786,0.0039217931255984915,0.003968259868792787,0.003912499776959633,0.0036522860150715814,0.003438538996377825,0.0034850057395721195,0.0035035924368498374,0.003587232574599568,0.0035965259232384277,0.0037080461069047355,0.003968259868792787,0.00394037982287621,0.0036801660609881584,0.004154126841569967,0.004535154135763185,0.0039496731715150685,0.00384744633648762,0.005074168356817006,0.006942131433227662,0.004748901154456942,0.0064124105608127,0.007062944965532829,0.008782214463721742,0.008940201390582343,0.00851270735319483,0.008940201390582343,0.006914251387311086,0.006579690836312162,0.006217250239396662,0.005752582807453712,0.006031383266619482,0.006756264460450482,0.005947743128869751,0.005064875008178147,0.005919863082953174,0.005836222945203444,0.005418022256454789,0.005074168356817006,0.006217250239396662,0.009581442446663615,0.009228295198386973
31161,0.0004460807346652313,0.0004553740833040903,0.0004739607805818083,0.0004925474778595262,0.0005483075696926801,0.0005390142210538212,0.0007062944965532829,0.0007527612397475779,0.0009200415152470396,0.0010687350934687832,0.001291775460801399,0.0014311756903842838,0.0018586697277717971,0.0021281768382987076,0.00275083119710226,0.003243378674961786,0.0039217931255984915,0.003968259868792787,0.003912499776959633,0.0036522860150715814,0.003438538996377825,0.0034850057395721195,0.0035035924368498374,0.003587232574599568,0.0035965259232384277,0.0037080461069047355,0.003968259868792787,0.00394037982287621,0.0036801660609881584,0.004154126841569967,0.004535154135763185,0.0039496731715150685,0.00384744633648762,0.005074168356817006,0.006942131433227662,0.004748901154456942,0.0064124105608127,0.007062944965532829,0.008782214463721742,0.008940201390582343,0.00851270735319483,0.008940201390582343,0.006914251387311086,0.006579690836312162,0.006217250239396662,0.005752582807453712,0.006031383266619482,0.006756264460450482,0.005947743128869751,0.005064875008178147,0.005919863082953174,0.005836222945203444,0.005418022256454789,0.005074168356817006,0.006217250239396662,0.009581442446663615,0.009228295198386973
31163,0.0004460807346652313,0.0004553740833040903,0.0004739607805818083,0.0004925474778595262,0.0005483075696926801,0.0005390142210538212,0.0007062944965532829,0.0007527612397475779,0.0009200415152470396,0.0010687350934687832,0.001291775460801399,0.0014311756903842838,0.0018586697277717971,0.0021281768382987076,0.00275083119710226,0.003243378674961786,0.0039217931255984915,0.003968259868792787,0.003912499776959633,0.0036522860150715814,0.003438538996377825,0.0034850057395721195,0.0035035924368498374,0.003587232574599568,0.0035965259232384277,0.0037080461069047355,0.003968259868792787,0.00394037982287621,0.0036801660609881584,0.004154126841569967,0.004535154135763185,0.0039496731715150685,0.00384744633648762,0.005074168356817006,0.006942131433227662,0.004748901154456942,0.0064124105608127,0.007062944965532829,0.008782214463721742,0.008940201390582343,0.00851270735319483,0.008940201390582343,0.006914251387311086,0.006579690836312162,0.006217250239396662,0.005752582807453712,0.006031383266619482,0.006756264460450482,0.005947743128869751,0.005064875008178147,0.005919863082953174,0.005836222945203444,0.005418022256454789,0.005074168356817006,0.006217250239396662,0.009581442446663615,0.009228295198386973
31165,0.0004460807346652313,0.0004553740833040903,0.0004739607805818083,0.0004925474778595262,0.0005483075696926801,0.0005390142210538212,0.0007062944965532829,0.0007527612397475779,0.0009200415152470396,0.0010687350934687832,0.001291775460801399,0.0014311756903842838,0.0018586697277717971,0.0021281768382987076,0.00275083119710226,0.003243378674961786,0.0039217931255984915,0.003968259868792787,0.003912499776959633,0.0036522860150715814,0.003438538996377825,0.0034850057395721195,0.0035035924368498374,0.003587232574599568,0.0035965259232384277,0.0037080461069047355,0.003968259868792787,0.00394037982287621,0.0036801660609881584,0.004154126841569967,0.004535154135763185,0.0039496731715150685,0.00384744633648762,0.005074168356817006,0.006942131433227662,0.004748901154456942,0.0064124105608127,0.007062944965532829,0.008782214463721742,0.008940201390582343,0.00851270735319483,0.008940201390582343,0.006914251387311086,0.006579690836312162,0.006217250239396662,0.005752582807453712,0.006031383266619482,0.006756264460450482,0.005947743128869751,0.005064875008178147,0.005919863082953174,0.005836222945203444,0.005418022256454789,0.005074168356817006,0.006217250239396662,0.009581442446663615,0.009228295198386973
31167,0.0004460807346652313,0.0004553740833040903,0.0004739607805818083,0.0004925474778595262,0.0005483075696926801,0.0005390142210538212,0.0007062944965532829,0.0007527612397475779,0.0009200415152470396,0.0010687350934687832,0.001291775460801399,0.0014311756903842838,0.0018586697277717971,0.0021281768382987076,0.00275083119710226,0.003243378674961786,0.0039217931255984915,0.003968259868792787,0.003912499776959633,0.0036522860150715814,0.003438538996377825,0.0034850057395721195,0.0035035924368498374,0.003587232574599568,0.0035965259232384277,0.0037080461069047355,0.003968259868792787,0.00394037982287621,0.0036801660609881584,0.004154126841569967,0.004535154135763185,0.0039496731715150685,0.00384744633648762,0.005074168356817006,0.006942131433227662,0.004748901154456942,0.0064124105608127,0.007062944965532829,0.008782214463721742,0.008940201390582343,0.00851270735319483,0.008940201390582343,0.006914251387311086,0.006579690836312162,0.006217250239396662,0.005752582807453712,0.006031383266619482,0.006756264460450482,0.005947743128869751,0.005064875008178147,0.005919863082953174,0.005836222945203444,0.005418022256454789,0.005074168356817006,0.006217250239396662,0.009581442446663615,0.009228295198386973
31169,0.0004460807346652313,0.0004553740833040903,0.0004739607805818083,0.0004925474778595262,0.0005483075696926801,0.0005390142210538212,0.0007062944965532829,0.0007527612397475779,0.0009200415152470396,0.0010687350934687832,0.001291775460801399,0.0014311756903842838,0.0018586697277717971,0.0021281768382987076,0.00275083119710226,0.003243378674961786,0.0039217931255984915,0.003968259868792787,0.003912499776959633,0.0036522860150715814,0.003438538996377825,0.0034850057395721195,0.0035035924368498374,0.003587232574599568,0.0035965259232384277,0.0037080461069047355,0.003968259868792787,0.00394037982287621,0.0036801660609881584,0.004154126841569967,0.004535154135763185,0.0039496731715150685,0.00384744633648762,0.005074168356817006,0.006942131433227662,0.004748901154456942,0.0064124105608127,0.007062944965532829,0.008782214463721742,0.008940201390582343,0.00851270735319483,0.008940201390582343,0.006914251387311086,0.006579690836312162,0.006217250239396662,0.005752582807453712,0.006031383266619482,0.006756264460450482,0.005947743128869751,0.005064875008178147,0.005919863082953174,0.005836222945203444,0.005418022256454789,0.005074168356817006,0.006217250239396662,0.009581442446663615,0.009228295198386973
31171,0.0004460807346652313,0.0004553740833040903,0.0004739607805818083,0.0004925474778595262,0.0005483075696926801,0.0005390142210538212,0.0007062944965532829,0.0007527612397475779,0.0009200415152470396,0.0010687350934687832,0.001291775460801399,0.0014311756903842838,0.0018586697277717971,0.0021281768382987076,0.00275083119710226,0.003243378674961786,0.0039217931255984915,0.003968259868792787,0.003912499776959633,0.0036522860150715814,0.003438538996377825,0.0034850057395721195,0.0035035924368498374,0.003587232574599568,0.0035965259232384277,0.0037080461069047355,0.003968259868792787,0.00394037982287621,0.0036801660609881584,0.004154126841569967,0.004535154135763185,0.0039496731715150685,0.00384744633648762,0.005074168356817006,0.006942131433227662,0.004748901154456942,0.0064124105608127,0.007062944965532829,0.008782214463721742,0.008940201390582343,0.00851270735319483,0.008940201390582343,0.006914251387311086,0.006579690836312162,0.006217250239396662,0.005752582807453712,0.006031383266619482,0.006756264460450482,0.005947743128869751,0.005064875008178147,0.005919863082953174,0.005836222945203444,0.005418022256454789,0.005074168356817006,0.006217250239396662,0.009581442446663615,0.009228295198386973
31173,0.0004460807346652313,0.0004553740833040903,0.0004739607805818083,0.0004925474778595262,0.0005483075696926801,0.0005390142210538212,0.0007062944965532829,0.0007527612397475779,0.0009200415152470396,0.0010687350934687832,0.001291775460801399,0.0014311756903842838,0.0018586697277717971,0.0021281768382987076,0.00275083119710226,0.003243378674961786,0.0039217931255984915,0.003968259868792787,0.003912499776959633,0.0036522860150715814,0.003438538996377825,0.0034850057395721195,0.0035035924368498374,0.003587232574599568,0.0035965259232384277,0.0037080461069047355,0.003968259868792787,0.00394037982287621,0.0036801660609881584,0.004154126841569967,0.004535154135763185,0.0039496731715150685,0.00384744633648762,0.005074168356817006,0.006942131433227662,0.004748901154456942,0.0064124105608127,0.007062944965532829,0.008782214463721742,0.008940201390582343,0.00851270735319483,0.008940201390582343,0.006914251387311086,0.006579690836312162,0.006217250239396662,0.005752582807453712,0.006031383266619482,0.006756264460450482,0.005947743128869751,0.005064875008178147,0.005919863082953174,0.005836222945203444,0.005418022256454789,0.005074168356817006,0.006217250239396662,0.009581442446663615,0.009228295198386973
31175,0.0004460807346652313,0.0004553740833040903,0.0004739607805818083,0.0004925474778595262,0.0005483075696926801,0.0005390142210538212,0.0007062944965532829,0.0007527612397475779,0.0009200415152470396,0.0010687350934687832,0.001291775460801399,0.0014311756903842838,0.0018586697277717971,0.0021281768382987076,0.00275083119710226,0.003243378674961786,0.0039217931255984915,0.003968259868792787,0.003912499776959633,0.0036522860150715814,0.003438538996377825,0.0034850057395721195,0.0035035924368498374,0.003587232574599568,0.0035965259232384277,0.0037080461069047355,0.003968259868792787,0.00394037982287621,0.0036801660609881584,0.004154126841569967,0.004535154135763185,0.0039496731715150685,0.00384744633648762,0.005074168356817006,0.006942131433227662,0.004748901154456942,0.0064124105608127,0.007062944965532829,0.008782214463721742,0.008940201390582343,0.00851270735319483,0.008940201390582343,0.006914251387311086,0.006579690836312162,0.006217250239396662,0.005752582807453712,0.006031383266619482,0.006756264460450482,0.005947743128869751,0.005064875008178147,0.005919863082953174,0.005836222945203444,0.005418022256454789,0.005074168356817006,0.006217250239396662,0.009581442446663615,0.009228295198386973
31177,0.0004460807346652313,0.0004553740833040903,0.0004739607805818083,0.0004925474778595262,0.0005483075696926801,0.0005390142210538212,0.0007062944965532829,0.0007527612397475779,0.0009200415152470396,0.0010687350934687832,0.001291775460801399,0.0014311756903842838,0.0018586697277717971,0.0021281768382987076,0.00275083119710226,0.003243378674961786,0.0039217931255984915,0.003968259868792787,0.003912499776959633,0.0036522860150715814,0.003438538996377825,0.0034850057395721195,0.0035035924368498374,0.003587232574599568,0.0035965259232384277,0.0037080461069047355,0.003968259868792787,0.00394037982287621,0.0036801660609881584,0.004154126841569967,0.004535154135763185,0.0039496731715150685,0.00384744633648762,0.005074168356817006,0.006942131433227662,0.004748901154456942,0.0064124105608127,0.007062944965532829,0.008782214463721742,0.008940201390582343,0.00851270735319483,0.008940201390582343,0.006914251387311086,0.006579690836312162,0.006217250239396662,0.005752582807453712,0.006031383266619482,0.006756264460450482,0.005947743128869751,0.005064875008178147,0.005919863082953174,0.005836222945203444,0.005418022256454789,0.005074168356817006,0.006217250239396662,0.009581442446663615,0.009228295198386973
31179,0.0004460807346652313,0.0004553740833040903,0.0004739607805818083,0.0004925474778595262,0.0005483075696926801,0.0005390142210538212,0.0007062944965532829,0.0007527612397475779,0.0009200415152470396,0.0010687350934687832,0.001291775460801399,0.0014311756903842838,0.0018586697277717971,0.0021281768382987076,0.00275083119710226,0.003243378674961786,0.0039217931255984915,0.003968259868792787,0.003912499776959633,0.0036522860150715814,0.003438538996377825,0.0034850057395721195,0.0035035924368498374,0.003587232574599568,0.0035965259232384277,0.0037080461069047355,0.003968259868792787,0.00394037982287621,0.0036801660609881584,0.004154126841569967,0.004535154135763185,0.0039496731715150685,0.00384744633648762,0.005074168356817006,0.006942131433227662,0.004748901154456942,0.0064124105608127,0.007062944965532829,0.008782214463721742,0.008940201390582343,0.00851270735319483,0.008940201390582343,0.006914251387311086,0.006579690836312162,0.006217250239396662,0.005752582807453712,0.006031383266619482,0.006756264460450482,0.005947743128869751,0.005064875008178147,0.005919863082953174,0.005836222945203444,0.005418022256454789,0.005074168356817006,0.006217250239396662,0.009581442446663615,0.009228295198386973
31181,0.0004460807346652313,0.0004553740833040903,0.0004739607805818083,0.0004925474778595262,0.0005483075696926801,0.0005390142210538212,0.0007062944965532829,0.0007527612397475779,0.0009200415152470396,0.0010687350934687832,0.001291775460801399,0.0014311756903842838,0.0018586697277717971,0.0021281768382987076,0.00275083119710226,0.003243378674961786,0.0039217931255984915,0.003968259868792787,0.003912499776959633,0.0036522860150715814,0.003438538996377825,0.0034850057395721195,0.0035035924368498374,0.003587232574599568,0.0035965259232384277,0.0037080461069047355,0.003968259868792787,0.00394037982287621,0.0036801660609881584,0.004154126841569967,0.004535154135763185,0.0039496731715150685,0.00384744633648762,0.005074168356817006,0.006942131433227662,0.004748901154456942,0.0064124105608127,0.007062944965532829,0.008782214463721742,0.008940201390582343,0.00851270735319483,0.008940201390582343,0.006914251387311086,0.006579690836312162,0.006217250239396662,0.005752582807453712,0.006031383266619482,0.006756264460450482,0.005947743128869751,0.005064875008178147,0.005919863082953174,0.005836222945203444,0.005418022256454789,0.005074168356817006,0.006217250239396662,0.009581442446663615,0.009228295198386973
31183,0.0004460807346652313,0.0004553740833040903,0.0004739607805818083,0.0004925474778595262,0.0005483075696926801,0.0005390142210538212,0.0007062944965532829,0.0007527612397475779,0.0009200415152470396,0.0010687350934687832,0.001291775460801399,0.0014311756903842838,0.0018586697277717971,0.0021281768382987076,0.00275083119710226,0.003243378674961786,0.0039217931255984915,0.003968259868792787,0.003912499776959633,0.0036522860150715814,0.003438538996377825,0.0034850057395721195,0.0035035924368498374,0.003587232574599568,0.0035965259232384277,0.0037080461069047355,0.003968259868792787,0.00394037982287621,0.0036801660609881584,0.004154126841569967,0.004535154135763185,0.0039496731715150685,0.00384744633648762,0.005074168356817006,0.006942131433227662,0.004748901154456942,0.0064124105608127,0.007062944965532829,0.008782214463721742,0.008940201390582343,0.00851270735319483,0.008940201390582343,0.006914251387311086,0.006579690836312162,0.006217250239396662,0.005752582807453712,0.006031383266619482,0.006756264460450482,0.005947743128869751,0.005064875008178147,0.005919863082953174,0.005836222945203444,0.005418022256454789,0.005074168356817006,0.006217250239396662,0.009581442446663615,0.009228295198386973
31185,0.0004460807346652313,0.0004553740833040903,0.0004739607805818083,0.0004925474778595262,0.0005483075696926801,0.0005390142210538212,0.0007062944965532829,0.0007527612397475779,0.0009200415152470396,0.0010687350934687832,0.001291775460801399,0.0014311756903842838,0.0018586697277717971,0.0021281768382987076,0.00275083119710226,0.003243378674961786,0.0039217931255984915,0.003968259868792787,0.003912499776959633,0.0036522860150715814,0.003438538996377825,0.0034850057395721195,0.0035035924368498374,0.003587232574599568,0.0035965259232384277,0.0037080461069047355,0.003968259868792787,0.00394037982287621,0.0036801660609881584,0.004154126841569967,0.004535154135763185,0.0039496731715150685,0.00384744633648762,0.005074168356817006,0.006942131433227662,0.004748901154456942,0.0064124105608127,0.007062944965532829,0.008782214463721742,0.008940201390582343,0.00851270735319483,0.008940201390582343,0.006914251387311086,0.006579690836312162,0.006217250239396662,0.005752582807453712,0.006031383266619482,0.006756264460450482,0.005947743128869751,0.005064875008178147,0.005919863082953174,0.005836222945203444,0.005418022256454789,0.005074168356817006,0.006217250239396662,0.009581442446663615,0.009228295198386973
32001,0.0007248811938310009,0.0007248811938310009,0.0006970011479144239,0.0007062944965532829,0.0007155878451921419,0.0007434678911087189,0.0008085213315807317,0.0009850949557190525,0.0014404690390231428,0.0016449227090780405,0.002044536700548977,0.0022304036733261563,0.002602137618880516,0.0035965259232384277,0.004256353676597415,0.005148515145927878,0.005603889229231968,0.005706116064259417,0.0056875293669816996,0.004563034181679762,0.003986846566070505,0.004293527071152851,0.00412624679565339,0.0040704867038202355,0.0040333133092648,0.004024019960625941,0.004089073401097954,0.004981234870428416,0.005018408264983853,0.004563034181679762,0.004721021108540365,0.005836222945203444,0.005594595880593109,0.005148515145927878,0.0074346789110871885,0.0071651718005602775,0.0067748511577282,0.007787826159363831,0.009655789235774486,0.01126353855029709,0.01117989841254736,0.010417843824160923,0.010148336713634012,0.009079601620165228,0.007499732351559201,0.006904958038672226,0.0061429034502857895,0.007629839232503228,0.008048039921251882,0.006356650468979546,0.00530650207278848,0.005891983037036597,0.006031383266619482,0.006737677763172765,0.006096436707091494,0.008726454371888587,0.01281552777298654
32003,0.0007248811938310009,0.0007248811938310009,0.0006970011479144239,0.0007062944965532829,0.0007155878451921419,0.0007434678911087189,0.0008085213315807317,0.0009850949557190525,0.0014404690390231428,0.0016449227090780405,0.002044536700548977,0.0022304036733261563,0.002602137618880516,0.0035965259232384277,0.004256353676597415,0.005148515145927878,0.005603889229231968,0.005706116064259417,0.0056875293669816996,0.004563034181679762,0.003986846566070505,0.004293527071152851,0.00412624679565339,0.0040704867038202355,0.0040333133092648,0.004024019960625941,0.004089073401097954,0.004981234870428416,0.005018408264983853,0.004563034181679762,0.004721021108540365,0.005836222945203444,0.005594595880593109,0.005148515145927878,0.0074346789110871885,0.0071651718005602775,0.0067748511577282,0.007787826159363831,0.009655789235774486,0.01126353855029709,0.01117989841254736,0.010417843824160923,0.010148336713634012,0.009079601620165228,0.007499732351559201,0.006904958038672226,0.0061429034502857895,0.007629839232503228,0.008048039921251882,0.006356650468979546,0.00530650207278848,0.005891983037036597,0.006031383266619482,0.006737677763172765,0.006096436707091494,0.008726454371888587,0.01281552777298654
32005,0.0007248811938310009,0.0007248811938310009,0.0006970011479144239,0.0007062944965532829,0.0007155878451921419,0.0007434678911087189,0.0008085213315807317,0.0009850949557190525,0.0014404690390231428,0.0016449227090780405,0.002044536700548977,0.0022304036733261563,0.002602137618880516,0.0035965259232384277,0.004256353676597415,0.005148515145927878,0.005603889229231968,0.005706116064259417,0.0056875293669816996,0.004563034181679762,0.003986846566070505,0.004293527071152851,0.00412624679565339,0.0040704867038202355,0.0040333133092648,0.004024019960625941,0.004089073401097954,0.004981234870428416,0.005018408264983853,0.004563034181679762,0.004721021108540365,0.005836222945203444,0.005594595880593109,0.005148515145927878,0.0074346789110871885,0.0071651718005602775,0.0067748511577282,0.007787826159363831,0.009655789235774486,0.01126353855029709,0.01117989841254736,0.010417843824160923,0.010148336713634012,0.009079601620165228,0.007499732351559201,0.006904958038672226,0.0061429034502857895,0.007629839232503228,0.008048039921251882,0.006356650468979546,0.00530650207278848,0.005891983037036597,0.006031383266619482,0.006737677763172765,0.006096436707091494,0.008726454371888587,0.01281552777298654
32007,0.0007248811938310009,0.0007248811938310009,0.0006970011479144239,0.0007062944965532829,0.0007155878451921419,0.0007434678911087189,0.0008085213315807317,0.0009850949557190525,0.0014404690390231428,0.0016449227090780405,0.002044536700548977,0.0022304036733261563,0.002602137618880516,0.0035965259232384277,0.004256353676597415,0.005148515145927878,0.005603889229231968,0.005706116064259417,0.0056875293669816996,0.004563034181679762,0.003986846566070505,0.004293527071152851,0.00412624679565339,0.0040704867038202355,0.0040333133092648,0.004024019960625941,0.004089073401097954,0.004981234870428416,0.005018408264983853,0.004563034181679762,0.004721021108540365,0.005836222945203444,0.005594595880593109,0.005148515145927878,0.0074346789110871885,0.0071651718005602775,0.0067748511577282,0.007787826159363831,0.009655789235774486,0.01126353855029709,0.01117989841254736,0.010417843824160923,0.010148336713634012,0.009079601620165228,0.007499732351559201,0.006904958038672226,0.0061429034502857895,0.007629839232503228,0.008048039921251882,0.006356650468979546,0.00530650207278848,0.005891983037036597,0.006031383266619482,0.006737677763172765,0.006096436707091494,0.008726454371888587,0.01281552777298654
32009,0.0007248811938310009,0.0007248811938310009,0.0006970011479144239,0.0007062944965532829,0.0007155878451921419,0.0007434678911087189,0.0008085213315807317,0.0009850949557190525,0.0014404690390231428,0.0016449227090780405,0.002044536700548977,0.0022304036733261563,0.002602137618880516,0.0035965259232384277,0.004256353676597415,0.005148515145927878,0.005603889229231968,0.005706116064259417,0.0056875293669816996,0.004563034181679762,0.003986846566070505,0.004293527071152851,0.00412624679565339,0.0040704867038202355,0.0040333133092648,0.004024019960625941,0.004089073401097954,0.004981234870428416,0.005018408264983853,0.004563034181679762,0.004721021108540365,0.005836222945203444,0.005594595880593109,0.005148515145927878,0.0074346789110871885,0.0071651718005602775,0.0067748511577282,0.007787826159363831,0.009655789235774486,0.01126353855029709,0.01117989841254736,0.010417843824160923,0.010148336713634012,0.009079601620165228,0.007499732351559201,0.006904958038672226,0.0061429034502857895,0.007629839232503228,0.008048039921251882,0.006356650468979546,0.00530650207278848,0.005891983037036597,0.006031383266619482,0.006737677763172765,0.006096436707091494,0.008726454371888587,0.01281552777298654
32011,0.0007248811938310009,0.0007248811938310009,0.0006970011479144239,0.0007062944965532829,0.0007155878451921419,0.0007434678911087189,0.0008085213315807317,0.0009850949557190525,0.0014404690390231428,0.0016449227090780405,0.002044536700548977,0.0022304036733261563,0.002602137618880516,0.0035965259232384277,0.004256353676597415,0.005148515145927878,0.005603889229231968,0.005706116064259417,0.0056875293669816996,0.004563034181679762,0.003986846566070505,0.004293527071152851,0.00412624679565339,0.0040704867038202355,0.0040333133092648,0.004024019960625941,0.004089073401097954,0.004981234870428416,0.005018408264983853,0.004563034181679762,0.004721021108540365,0.005836222945203444,0.005594595880593109,0.005148515145927878,0.0074346789110871885,0.0071651718005602775,0.0067748511577282,0.007787826159363831,0.009655789235774486,0.01126353855029709,0.01117989841254736,0.010417843824160923,0.010148336713634012,0.009079601620165228,0.007499732351559201,0.006904958038672226,0.0061429034502857895,0.007629839232503228,0.008048039921251882,0.006356650468979546,0.00530650207278848,0.005891983037036597,0.006031383266619482,0.006737677763172765,0.006096436707091494,0.008726454371888587,0.01281552777298654
32013,0.0007248811938310009,0.0007248811938310009,0.0006970011479144239,0.0007062944965532829,0.0007155878451921419,0.0007434678911087189,0.0008085213315807317,0.0009850949557190525,0.0014404690390231428,0.0016449227090780405,0.002044536700548977,0.0022304036733261563,0.002602137618880516,0.0035965259232384277,0.004256353676597415,0.005148515145927878,0.005603889229231968,0.005706116064259417,0.0056875293669816996,0.004563034181679762,0.003986846566070505,0.004293527071152851,0.00412624679565339,0.0040704867038202355,0.0040333133092648,0.004024019960625941,0.004089073401097954,0.004981234870428416,0.005018408264983853,0.004563034181679762,0.004721021108540365,0.005836222945203444,0.005594595880593109,0.005148515145927878,0.0074346789110871885,0.0071651718005602775,0.0067748511577282,0.007787826159363831,0.009655789235774486,0.01126353855029709,0.01117989841254736,0.010417843824160923,0.010148336713634012,0.009079601620165228,0.007499732351559201,0.006904958038672226,0.0061429034502857895,0.007629839232503228,0.008048039921251882,0.006356650468979546,0.00530650207278848,0.005891983037036597,0.006031383266619482,0.006737677763172765,0.006096436707091494,0.008726454371888587,0.01281552777298654
32015,0.0007248811938310009,0.0007248811938310009,0.0006970011479144239,0.0007062944965532829,0.0007155878451921419,0.0007434678911087189,0.0008085213315807317,0.0009850949557190525,0.0014404690390231428,0.0016449227090780405,0.002044536700548977,0.0022304036733261563,0.002602137618880516,0.0035965259232384277,0.004256353676597415,0.005148515145927878,0.005603889229231968,0.005706116064259417,0.0056875293669816996,0.004563034181679762,0.003986846566070505,0.004293527071152851,0.00412624679565339,0.0040704867038202355,0.0040333133092648,0.004024019960625941,0.004089073401097954,0.004981234870428416,0.005018408264983853,0.004563034181679762,0.004721021108540365,0.005836222945203444,0.005594595880593109,0.005148515145927878,0.0074346789110871885,0.0071651718005602775,0.0067748511577282,0.007787826159363831,0.009655789235774486,0.01126353855029709,0.01117989841254736,0.010417843824160923,0.010148336713634012,0.009079601620165228,0.007499732351559201,0.006904958038672226,0.0061429034502857895,0.007629839232503228,0.008048039921251882,0.006356650468979546,0.00530650207278848,0.005891983037036597,0.006031383266619482,0.006737677763172765,0.006096436707091494,0.008726454371888587,0.01281552777298654
32017,0.0007248811938310009,0.0007248811938310009,0.0006970011479144239,0.0007062944965532829,0.0007155878451921419,0.0007434678911087189,0.0008085213315807317,0.0009850949557190525,0.0014404690390231428,0.0016449227090780405,0.002044536700548977,0.0022304036733261563,0.002602137618880516,0.0035965259232384277,0.004256353676597415,0.005148515145927878,0.005603889229231968,0.005706116064259417,0.0056875293669816996,0.004563034181679762,0.003986846566070505,0.004293527071152851,0.00412624679565339,0.0040704867038202355,0.0040333133092648,0.004024019960625941,0.004089073401097954,0.004981234870428416,0.005018408264983853,0.004563034181679762,0.004721021108540365,0.005836222945203444,0.005594595880593109,0.005148515145927878,0.0074346789110871885,0.0071651718005602775,0.0067748511577282,0.007787826159363831,0.009655789235774486,0.01126353855029709,0.01117989841254736,0.010417843824160923,0.010148336713634012,0.009079601620165228,0.007499732351559201,0.006904958038672226,0.0061429034502857895,0.007629839232503228,0.008048039921251882,0.006356650468979546,0.00530650207278848,0.005891983037036597,0.006031383266619482,0.006737677763172765,0.006096436707091494,0.008726454371888587,0.01281552777298654
32019,0.0007248811938310009,0.0007248811938310009,0.0006970011479144239,0.0007062944965532829,0.0007155878451921419,0.0007434678911087189,0.0008085213315807317,0.0009850949557190525,0.0014404690390231428,0.0016449227090780405,0.002044536700548977,0.0022304036733261563,0.002602137618880516,0.0035965259232384277,0.004256353676597415,0.005148515145927878,0.005603889229231968,0.005706116064259417,0.0056875293669816996,0.004563034181679762,0.003986846566070505,0.004293527071152851,0.00412624679565339,0.0040704867038202355,0.0040333133092648,0.004024019960625941,0.004089073401097954,0.004981234870428416,0.005018408264983853,0.004563034181679762,0.004721021108540365,0.005836222945203444,0.005594595880593109,0.005148515145927878,0.0074346789110871885,0.0071651718005602775,0.0067748511577282,0.007787826159363831,0.009655789235774486,0.01126353855029709,0.01117989841254736,0.010417843824160923,0.010148336713634012,0.009079601620165228,0.007499732351559201,0.006904958038672226,0.0061429034502857895,0.007629839232503228,0.008048039921251882,0.006356650468979546,0.00530650207278848,0.005891983037036597,0.006031383266619482,0.006737677763172765,0.006096436707091494,0.008726454371888587,0.01281552777298654
32021,0.0007248811938310009,0.0007248811938310009,0.0006970011479144239,0.0007062944965532829,0.0007155878451921419,0.0007434678911087189,0.0008085213315807317,0.0009850949557190525,0.0014404690390231428,0.0016449227090780405,0.002044536700548977,0.0022304036733261563,0.002602137618880516,0.0035965259232384277,0.004256353676597415,0.005148515145927878,0.005603889229231968,0.005706116064259417,0.0056875293669816996,0.004563034181679762,0.003986846566070505,0.004293527071152851,0.00412624679565339,0.0040704867038202355,0.0040333133092648,0.004024019960625941,0.004089073401097954,0.004981234870428416,0.005018408264983853,0.004563034181679762,0.004721021108540365,0.005836222945203444,0.005594595880593109,0.005148515145927878,0.0074346789110871885,0.0071651718005602775,0.0067748511577282,0.007787826159363831,0.009655789235774486,0.01126353855029709,0.01117989841254736,0.010417843824160923,0.010148336713634012,0.009079601620165228,0.007499732351559201,0.006904958038672226,0.0061429034502857895,0.007629839232503228,0.008048039921251882,0.006356650468979546,0.00530650207278848,0.005891983037036597,0.006031383266619482,0.006737677763172765,0.006096436707091494,0.008726454371888587,0.01281552777298654
32023,0.0007248811938310009,0.0007248811938310009,0.0006970011479144239,0.0007062944965532829,0.0007155878451921419,0.0007434678911087189,0.0008085213315807317,0.0009850949557190525,0.0014404690390231428,0.0016449227090780405,0.002044536700548977,0.0022304036733261563,0.002602137618880516,0.0035965259232384277,0.004256353676597415,0.005148515145927878,0.005603889229231968,0.005706116064259417,0.0056875293669816996,0.004563034181679762,0.003986846566070505,0.004293527071152851,0.00412624679565339,0.0040704867038202355,0.0040333133092648,0.004024019960625941,0.004089073401097954,0.004981234870428416,0.005018408264983853,0.004563034181679762,0.004721021108540365,0.005836222945203444,0.005594595880593109,0.005148515145927878,0.0074346789110871885,0.0071651718005602775,0.0067748511577282,0.007787826159363831,0.009655789235774486,0.01126353855029709,0.01117989841254736,0.010417843824160923,0.010148336713634012,0.009079601620165228,0.007499732351559201,0.006904958038672226,0.0061429034502857895,0.007629839232503228,0.008048039921251882,0.006356650468979546,0.00530650207278848,0.005891983037036597,0.006031383266619482,0.006737677763172765,0.006096436707091494,0.008726454371888587,0.01281552777298654
32027,0.0007248811938310009,0.0007248811938310009,0.0006970011479144239,0.0007062944965532829,0.0007155878451921419,0.0007434678911087189,0.0008085213315807317,0.0009850949557190525,0.0014404690390231428,0.0016449227090780405,0.002044536700548977,0.0022304036733261563,0.002602137618880516,0.0035965259232384277,0.004256353676597415,0.005148515145927878,0.005603889229231968,0.005706116064259417,0.0056875293669816996,0.004563034181679762,0.003986846566070505,0.004293527071152851,0.00412624679565339,0.0040704867038202355,0.0040333133092648,0.004024019960625941,0.004089073401097954,0.004981234870428416,0.005018408264983853,0.004563034181679762,0.004721021108540365,0.005836222945203444,0.005594595880593109,0.005148515145927878,0.0074346789110871885,0.0071651718005602775,0.0067748511577282,0.007787826159363831,0.009655789235774486,0.01126353855029709,0.01117989841254736,0.010417843824160923,0.010148336713634012,0.009079601620165228,0.007499732351559201,0.006904958038672226,0.0061429034502857895,0.007629839232503228,0.008048039921251882,0.006356650468979546,0.00530650207278848,0.005891983037036597,0.006031383266619482,0.006737677763172765,0.006096436707091494,0.008726454371888587,0.01281552777298654
32029,0.0007248811938310009,0.0007248811938310009,0.0006970011479144239,0.0007062944965532829,0.0007155878451921419,0.0007434678911087189,0.0008085213315807317,0.0009850949557190525,0.0014404690390231428,0.0016449227090780405,0.002044536700548977,0.0022304036733261563,0.002602137618880516,0.0035965259232384277,0.004256353676597415,0.005148515145927878,0.005603889229231968,0.005706116064259417,0.0056875293669816996,0.004563034181679762,0.003986846566070505,0.004293527071152851,0.00412624679565339,0.0040704867038202355,0.0040333133092648,0.004024019960625941,0.004089073401097954,0.004981234870428416,0.005018408264983853,0.004563034181679762,0.004721021108540365,0.005836222945203444,0.005594595880593109,0.005148515145927878,0.0074346789110871885,0.0071651718005602775,0.0067748511577282,0.007787826159363831,0.009655789235774486,0.01126353855029709,0.01117989841254736,0.010417843824160923,0.010148336713634012,0.009079601620165228,0.007499732351559201,0.006904958038672226,0.0061429034502857895,0.007629839232503228,0.008048039921251882,0.006356650468979546,0.00530650207278848,0.005891983037036597,0.006031383266619482,0.006737677763172765,0.006096436707091494,0.008726454371888587,0.01281552777298654
32031,0.0007248811938310009,0.0007248811938310009,0.0006970011479144239,0.0007062944965532829,0.0007155878451921419,0.0007434678911087189,0.0008085213315807317,0.0009850949557190525,0.0014404690390231428,0.0016449227090780405,0.002044536700548977,0.0022304036733261563,0.002602137618880516,0.0035965259232384277,0.004256353676597415,0.005148515145927878,0.005603889229231968,0.005706116064259417,0.0056875293669816996,0.004563034181679762,0.003986846566070505,0.004293527071152851,0.00412624679565339,0.0040704867038202355,0.0040333133092648,0.004024019960625941,0.004089073401097954,0.004981234870428416,0.005018408264983853,0.004563034181679762,0.004721021108540365,0.005836222945203444,0.005594595880593109,0.005148515145927878,0.0074346789110871885,0.0071651718005602775,0.0067748511577282,0.007787826159363831,0.009655789235774486,0.01126353855029709,0.01117989841254736,0.010417843824160923,0.010148336713634012,0.009079601620165228,0.007499732351559201,0.006904958038672226,0.0061429034502857895,0.007629839232503228,0.008048039921251882,0.006356650468979546,0.00530650207278848,0.005891983037036597,0.006031383266619482,0.006737677763172765,0.006096436707091494,0.008726454371888587,0.01281552777298654
32033,0.0007248811938310009,0.0007248811938310009,0.0006970011479144239,0.0007062944965532829,0.0007155878451921419,0.0007434678911087189,0.0008085213315807317,0.0009850949557190525,0.0014404690390231428,0.0016449227090780405,0.002044536700548977,0.0022304036733261563,0.002602137618880516,0.0035965259232384277,0.004256353676597415,0.005148515145927878,0.005603889229231968,0.005706116064259417,0.0056875293669816996,0.004563034181679762,0.003986846566070505,0.004293527071152851,0.00412624679565339,0.0040704867038202355,0.0040333133092648,0.004024019960625941,0.004089073401097954,0.004981234870428416,0.005018408264983853,0.004563034181679762,0.004721021108540365,0.005836222945203444,0.005594595880593109,0.005148515145927878,0.0074346789110871885,0.0071651718005602775,0.0067748511577282,0.007787826159363831,0.009655789235774486,0.01126353855029709,0.01117989841254736,0.010417843824160923,0.010148336713634012,0.009079601620165228,0.007499732351559201,0.006904958038672226,0.0061429034502857895,0.007629839232503228,0.008048039921251882,0.006356650468979546,0.00530650207278848,0.005891983037036597,0.006031383266619482,0.006737677763172765,0.006096436707091494,0.008726454371888587,0.01281552777298654
32510,0.0007248811938310009,0.0007248811938310009,0.0006970011479144239,0.0007062944965532829,0.0007155878451921419,0.0007434678911087189,0.0008085213315807317,0.0009850949557190525,0.0014404690390231428,0.0016449227090780405,0.002044536700548977,0.0022304036733261563,0.002602137618880516,0.0035965259232384277,0.004256353676597415,0.005148515145927878,0.005603889229231968,0.005706116064259417,0.0056875293669816996,0.004563034181679762,0.003986846566070505,0.004293527071152851,0.00412624679565339,0.0040704867038202355,0.0040333133092648,0.004024019960625941,0.004089073401097954,0.004981234870428416,0.005018408264983853,0.004563034181679762,0.004721021108540365,0.005836222945203444,0.005594595880593109,0.005148515145927878,0.0074346789110871885,0.0071651718005602775,0.0067748511577282,0.007787826159363831,0.009655789235774486,0.01126353855029709,0.01117989841254736,0.010417843824160923,0.010148336713634012,0.009079601620165228,0.007499732351559201,0.006904958038672226,0.0061429034502857895,0.007629839232503228,0.008048039921251882,0.006356650468979546,0.00530650207278848,0.005891983037036597,0.006031383266619482,0.006737677763172765,0.006096436707091494,0.008726454371888587,0.01281552777298654
33001,,,,,,,,,,,0.002044536700548977,,,0.0038381529878487607,0.004748901154456942,0.005641062623787404,0.006254423633952098,0.0061707834962023665,0.005845516293842302,0.006068556661174918,0.00539943555917707,0.005260035329594186,0.005789756202009148,0.006254423633952098,0.0059012763856754556,0.006263716982590956,0.006347357120340688,0.006663330974061892,0.005984916523425187,0.006263716982590956,0.007090825011449406,0.006672624322700752,0.006375237166257265,0.007917933040307855,0.010362083732327769,0.007908639691668997,0.009544269052108178,0.012118526625072117,0.01272259428659795,0.013967903004205055,0.014330343601120555,0.014135183279704517,0.013354541994040361,0.01182113946862863,0.010650177540132397,0.011105551623436486,0.01127283189893595,0.013902849563733043,0.012666834194764798,0.010557244053743807,0.010882511256103873,0.01182113946862863,0.011598099101296014,0.010492190613271795,0.011709619284962322,0.015092398189506992,
33003,,,,,,,,,,,0.002044536700548977,,,0.0038381529878487607,0.004748901154456942,0.005641062623787404,0.006254423633952098,0.0061707834962023665,0.005845516293842302,0.006068556661174918,0.00539943555917707,0.005260035329594186,0.005789756202009148,0.006254423633952098,0.0059012763856754556,0.006263716982590956,0.006347357120340688,0.006663330974061892,0.005984916523425187,0.006263716982590956,0.007090825011449406,0.006672624322700752,0.006375237166257265,0.007917933040307855,0.010362083732327769,0.007908639691668997,0.009544269052108178,0.012118526625072117,0.01272259428659795,0.013967903004205055,0.014330343601120555,0.014135183279704517,0.013354541994040361,0.01182113946862863,0.010650177540132397,0.011105551623436486,0.01127283189893595,0.013902849563733043,0.012666834194764798,0.010557244053743807,0.010882511256103873,0.01182113946862863,0.011598099101296014,0.010492190613271795,0.011709619284962322,0.015092398189506992,
33005,,,,,,,,,,,0.002044536700548977,,,0.0038381529878487607,0.004748901154456942,0.005641062623787404,0.006254423633952098,0.0061707834962023665,0.005845516293842302,0.006068556661174918,0.00539943555917707,0.005260035329594186,0.005789756202009148,0.006254423633952098,0.0059012763856754556,0.006263716982590956,0.006347357120340688,0.006663330974061892,0.005984916523425187,0.006263716982590956,0.007090825011449406,0.006672624322700752,0.006375237166257265,0.007917933040307855,0.010362083732327769,0.007908639691668997,0.009544269052108178,0.012118526625072117,0.01272259428659795,0.013967903004205055,0.014330343601120555,0.014135183279704517,0.013354541994040361,0.01182113946862863,0.010650177540132397,0.011105551623436486,0.01127283189893595,0.013902849563733043,0.012666834194764798,0.010557244053743807,0.010882511256103873,0.01182113946862863,0.011598099101296014,0.010492190613271795,0.011709619284962322,0.015092398189506992,
33007,,,,,,,,,,,0.002044536700548977,,,0.0038381529878487607,0.004748901154456942,0.005641062623787404,0.006254423633952098,0.0061707834962023665,0.005845516293842302,0.006068556661174918,0.00539943555917707,0.005260035329594186,0.005789756202009148,0.006254423633952098,0.0059012763856754556,0.006263716982590956,0.006347357120340688,0.006663330974061892,0.005984916523425187,0.006263716982590956,0.007090825011449406,0.006672624322700752,0.006375237166257265,0.007917933040307855,0.010362083732327769,0.007908639691668997,0.009544269052108178,0.012118526625072117,0.01272259428659795,0.013967903004205055,0.014330343601120555,0.014135183279704517,0.013354541994040361,0.01182113946862863,0.010650177540132397,0.011105551623436486,0.01127283189893595,0.013902849563733043,0.012666834194764798,0.010557244053743807,0.010882511256103873,0.01182113946862863,0.011598099101296014,0.010492190613271795,0.011709619284962322,0.015092398189506992,
33009,,,,,,,,,,,0.002044536700548977,,,0.0038381529878487607,0.004748901154456942,0.005641062623787404,0.006254423633952098,0.0061707834962023665,0.005845516293842302,0.006068556661174918,0.00539943555917707,0.005260035329594186,0.005789756202009148,0.006254423633952098,0.0059012763856754556,0.006263716982590956,0.006347357120340688,0.006663330974061892,0.005984916523425187,0.006263716982590956,0.007090825011449406,0.006672624322700752,0.006375237166257265,0.007917933040307855,0.010362083732327769,0.007908639691668997,0.009544269052108178,0.012118526625072117,0.01272259428659795,0.013967903004205055,0.014330343601120555,0.014135183279704517,0.013354541994040361,0.01182113946862863,0.010650177540132397,0.011105551623436486,0.01127283189893595,0.013902849563733043,0.012666834194764798,0.010557244053743807,0.010882511256103873,0.01182113946862863,0.011598099101296014,0.010492190613271795,0.011709619284962322,0.015092398189506992,
33011,,,,,,,,,,,0.002044536700548977,,,0.0038381529878487607,0.004748901154456942,0.005641062623787404,0.006254423633952098,0.0061707834962023665,0.005845516293842302,0.006068556661174918,0.00539943555917707,0.005260035329594186,0.005789756202009148,0.006254423633952098,0.0059012763856754556,0.006263716982590956,0.006347357120340688,0.006663330974061892,0.005984916523425187,0.006263716982590956,0.007090825011449406,0.006672624322700752,0.006375237166257265,0.007917933040307855,0.010362083732327769,0.007908639691668997,0.009544269052108178,0.012118526625072117,0.01272259428659795,0.013967903004205055,0.014330343601120555,0.014135183279704517,0.013354541994040361,0.01182113946862863,0.010650177540132397,0.011105551623436486,0.01127283189893595,0.013902849563733043,0.012666834194764798,0.010557244053743807,0.010882511256103873,0.01182113946862863,0.011598099101296014,0.010492190613271795,0.011709619284962322,0.015092398189506992,
33013,,,,,,,,,,,0.002044536700548977,,,0.0038381529878487607,0.004748901154456942,0.005641062623787404,0.006254423633952098,0.0061707834962023665,0.005845516293842302,0.006068556661174918,0.00539943555917707,0.005260035329594186,0.005789756202009148,0.006254423633952098,0.0059012763856754556,0.006263716982590956,0.006347357120340688,0.006663330974061892,0.005984916523425187,0.006263716982590956,0.007090825011449406,0.006672624322700752,0.006375237166257265,0.007917933040307855,0.010362083732327769,0.007908639691668997,0.009544269052108178,0.012118526625072117,0.01272259428659795,0.013967903004205055,0.014330343601120555,0.014135183279704517,0.013354541994040361,0.01182113946862863,0.010650177540132397,0.011105551623436486,0.01127283189893595,0.013902849563733043,0.012666834194764798,0.010557244053743807,0.010882511256103873,0.01182113946862863,0.011598099101296014,0.010492190613271795,0.011709619284962322,0.015092398189506992,
33015,,,,,,,,,,,0.002044536700548977,,,0.0038381529878487607,0.004748901154456942,0.005641062623787404,0.006254423633952098,0.0061707834962023665,0.005845516293842302,0.006068556661174918,0.00539943555917707,0.005260035329594186,0.005789756202009148,0.006254423633952098,0.0059012763856754556,0.006263716982590956,0.006347357120340688,0.006663330974061892,0.005984916523425187,0.006263716982590956,0.007090825011449406,0.006672624322700752,0.006375237166257265,0.007917933040307855,0.010362083732327769,0.007908639691668997,0.009544269052108178,0.012118526625072117,0.01272259428659795,0.013967903004205055,0.014330343601120555,0.014135183279704517,0.013354541994040361,0.01182113946862863,0.010650177540132397,0.011105551623436486,0.01127283189893595,0.013902849563733043,0.012666834194764798,0.010557244053743807,0.010882511256103873,0.01182113946862863,0.011598099101296014,0.010492190613271795,0.011709619284962322,0.015092398189506992,
33017,,,,,,,,,,,0.002044536700548977,,,0.0038381529878487607,0.004748901154456942,0.005641062623787404,0.006254423633952098,0.0061707834962023665,0.005845516293842302,0.006068556661174918,0.00539943555917707,0.005260035329594186,0.005789756202009148,0.006254423633952098,0.0059012763856754556,0.006263716982590956,0.006347357120340688,0.006663330974061892,0.005984916523425187,0.006263716982590956,0.007090825011449406,0.006672624322700752,0.006375237166257265,0.007917933040307855,0.010362083732327769,0.007908639691668997,0.009544269052108178,0.012118526625072117,0.01272259428659795,0.013967903004205055,0.014330343601120555,0.014135183279704517,0.013354541994040361,0.01182113946862863,0.010650177540132397,0.011105551623436486,0.01127283189893595,0.013902849563733043,0.012666834194764798,0.010557244053743807,0.010882511256103873,0.01182113946862863,0.011598099101296014,0.010492190613271795,0.011709619284962322,0.015092398189506992,
33019,,,,,,,,,,,0.002044536700548977,,,0.0038381529878487607,0.004748901154456942,0.005641062623787404,0.006254423633952098,0.0061707834962023665,0.005845516293842302,0.006068556661174918,0.00539943555917707,0.005260035329594186,0.005789756202009148,0.006254423633952098,0.0059012763856754556,0.006263716982590956,0.006347357120340688,0.006663330974061892,0.005984916523425187,0.006263716982590956,0.007090825011449406,0.006672624322700752,0.006375237166257265,0.007917933040307855,0.010362083732327769,0.007908639691668997,0.009544269052108178,0.012118526625072117,0.01272259428659795,0.013967903004205055,0.014330343601120555,0.014135183279704517,0.013354541994040361,0.01182113946862863,0.010650177540132397,0.011105551623436486,0.01127283189893595,0.013902849563733043,0.012666834194764798,0.010557244053743807,0.010882511256103873,0.01182113946862863,0.011598099101296014,0.010492190613271795,0.011709619284962322,0.015092398189506992,
34001,0.0013103621580791169,0.001273188763523681,0.0012824821121625398,0.0013196555067179758,0.0013568289012734118,0.0013847089471899889,0.0014404690390231428,0.0017285628468277714,0.002165350232854144,0.002574257572963939,0.0028809380780462856,0.003131858491295478,0.0037080461069047355,0.004274940373875133,0.005092755054094724,0.005910569734314315,0.006217250239396662,0.006068556661174918,0.006161490147563507,0.005882689688397738,0.005148515145927878,0.004869714686762109,0.004925474778595262,0.004832541292206673,0.004841834640845532,0.005148515145927878,0.005204275237761032,0.005603889229231968,0.005352968815982776,0.005706116064259417,0.005464488999649083,0.003438538996377825,0.0037080461069047355,0.00550166239420452,0.007351038773337457,0.005817636247925724,0.008122386710362754,0.010194803456828308,0.010213390154106026,0.012062766533238964,0.011244951853019372,0.012434500478793324,0.009479215611636164,0.009395575473886433,0.008837974555554896,0.007899346343030137,0.008875147950110332,0.009367695427969858,0.007899346343030137,0.007369625470615176,0.008494120655917113,0.008373307123611945,0.008410480518167382,0.008168853453557048,0.009423455519803012,0.012155700019627553,
34003,0.0013103621580791169,0.001273188763523681,0.0012824821121625398,0.0013196555067179758,0.0013568289012734118,0.0013847089471899889,0.0014404690390231428,0.0017285628468277714,0.002165350232854144,0.002574257572963939,0.0028809380780462856,0.003131858491295478,0.0037080461069047355,0.004274940373875133,0.005092755054094724,0.005910569734314315,0.006217250239396662,0.006068556661174918,0.006161490147563507,0.005882689688397738,0.005148515145927878,0.004869714686762109,0.004925474778595262,0.004832541292206673,0.004841834640845532,0.005148515145927878,0.005204275237761032,0.005603889229231968,0.005352968815982776,0.005706116064259417,0.005464488999649083,0.003438538996377825,0.0037080461069047355,0.00550166239420452,0.007351038773337457,0.005817636247925724,0.008122386710362754,0.010194803456828308,0.010213390154106026,0.012062766533238964,0.011244951853019372,0.012434500478793324,0.009479215611636164,0.009395575473886433,0.008837974555554896,0.007899346343030137,0.008875147950110332,0.009367695427969858,0.007899346343030137,0.007369625470615176,0.008494120655917113,0.008373307123611945,0.008410480518167382,0.008168853453557048,0.009423455519803012,0.012155700019627553,
34005,0.0013103621580791169,0.001273188763523681,0.0012824821121625398,0.0013196555067179758,0.0013568289012734118,0.0013847089471899889,0.0014404690390231428,0.0017285628468277714,0.002165350232854144,0.002574257572963939,0.0028809380780462856,0.003131858491295478,0.0037080461069047355,0.004274940373875133,0.005092755054094724,0.005910569734314315,0.006217250239396662,0.006068556661174918,0.006161490147563507,0.005882689688397738,0.005148515145927878,0.004869714686762109,0.004925474778595262,0.004832541292206673,0.004841834640845532,0.005148515145927878,0.005204275237761032,0.005603889229231968,0.005352968815982776,0.005706116064259417,0.005464488999649083,0.003438538996377825,0.0037080461069047355,0.00550166239420452,0.007351038773337457,0.005817636247925724,0.008122386710362754,0.010194803456828308,0.010213390154106026,0.012062766533238964,0.011244951853019372,0.012434500478793324,0.009479215611636164,0.009395575473886433,0.008837974555554896,0.007899346343030137,0.008875147950110332,0.009367695427969858,0.007899346343030137,0.007369625470615176,0.008494120655917113,0.008373307123611945,0.008410480518167382,0.008168853453557048,0.009423455519803012,0.012155700019627553,
34007,0.0013103621580791169,0.001273188763523681,0.0012824821121625398,0.0013196555067179758,0.0013568289012734118,0.0013847089471899889,0.0014404690390231428,0.0017285628468277714,0.002165350232854144,0.002574257572963939,0.0028809380780462856,0.003131858491295478,0.0037080461069047355,0.004274940373875133,0.005092755054094724,0.005910569734314315,0.006217250239396662,0.006068556661174918,0.006161490147563507,0.005882689688397738,0.005148515145927878,0.004869714686762109,0.004925474778595262,0.004832541292206673,0.004841834640845532,0.005148515145927878,0.005204275237761032,0.005603889229231968,0.005352968815982776,0.005706116064259417,0.005464488999649083,0.003438538996377825,0.0037080461069047355,0.00550166239420452,0.007351038773337457,0.005817636247925724,0.008122386710362754,0.010194803456828308,0.010213390154106026,0.012062766533238964,0.011244951853019372,0.012434500478793324,0.009479215611636164,0.009395575473886433,0.008837974555554896,0.007899346343030137,0.008875147950110332,0.009367695427969858,0.007899346343030137,0.007369625470615176,0.008494120655917113,0.008373307123611945,0.008410480518167382,0.008168853453557048,0.009423455519803012,0.012155700019627553,
34009,0.0013103621580791169,0.001273188763523681,0.0012824821121625398,0.0013196555067179758,0.0013568289012734118,0.0013847089471899889,0.0014404690390231428,0.0017285628468277714,0.002165350232854144,0.002574257572963939,0.0028809380780462856,0.003131858491295478,0.0037080461069047355,0.004274940373875133,0.005092755054094724,0.005910569734314315,0.006217250239396662,0.006068556661174918,0.006161490147563507,0.005882689688397738,0.005148515145927878,0.004869714686762109,0.004925474778595262,0.004832541292206673,0.004841834640845532,0.005148515145927878,0.005204275237761032,0.005603889229231968,0.005352968815982776,0.005706116064259417,0.005464488999649083,0.003438538996377825,0.0037080461069047355,0.00550166239420452,0.007351038773337457,0.005817636247925724,0.008122386710362754,0.010194803456828308,0.010213390154106026,0.012062766533238964,0.011244951853019372,0.012434500478793324,0.009479215611636164,0.009395575473886433,0.008837974555554896,0.007899346343030137,0.008875147950110332,0.009367695427969858,0.007899346343030137,0.007369625470615176,0.008494120655917113,0.008373307123611945,0.008410480518167382,0.008168853453557048,0.009423455519803012,0.012155700019627553,
34011,0.0013103621580791169,0.001273188763523681,0.0012824821121625398,0.0013196555067179758,0.0013568289012734118,0.0013847089471899889,0.0014404690390231428,0.0017285628468277714,0.002165350232854144,0.002574257572963939,0.0028809380780462856,0.003131858491295478,0.0037080461069047355,0.004274940373875133,0.005092755054094724,0.005910569734314315,0.006217250239396662,0.006068556661174918,0.006161490147563507,0.005882689688397738,0.005148515145927878,0.004869714686762109,0.004925474778595262,0.004832541292206673,0.004841834640845532,0.005148515145927878,0.005204275237761032,0.005603889229231968,0.005352968815982776,0.005706116064259417,0.005464488999649083,0.003438538996377825,0.0037080461069047355,0.00550166239420452,0.007351038773337457,0.005817636247925724,0.008122386710362754,0.010194803456828308,0.010213390154106026,0.012062766533238964,0.011244951853019372,0.012434500478793324,0.009479215611636164,0.009395575473886433,0.008837974555554896,0.007899346343030137,0.008875147950110332,0.009367695427969858,0.007899346343030137,0.007369625470615176,0.008494120655917113,0.008373307123611945,0.008410480518167382,0.008168853453557048,0.009423455519803012,0.012155700019627553,
34013,0.0013103621580791169,0.001273188763523681,0.0012824821121625398,0.0013196555067179758,0.0013568289012734118,0.0013847089471899889,0.0014404690390231428,0.0017285628468277714,0.002165350232854144,0.002574257572963939,0.0028809380780462856,0.003131858491295478,0.0037080461069047355,0.004274940373875133,0.005092755054094724,0.005910569734314315,0.006217250239396662,0.006068556661174918,0.006161490147563507,0.005882689688397738,0.005148515145927878,0.004869714686762109,0.004925474778595262,0.004832541292206673,0.004841834640845532,0.005148515145927878,0.005204275237761032,0.005603889229231968,0.005352968815982776,0.005706116064259417,0.005464488999649083,0.003438538996377825,0.0037080461069047355,0.00550166239420452,0.007351038773337457,0.005817636247925724,0.008122386710362754,0.010194803456828308,0.010213390154106026,0.012062766533238964,0.011244951853019372,0.012434500478793324,0.009479215611636164,0.009395575473886433,0.008837974555554896,0.007899346343030137,0.008875147950110332,0.009367695427969858,0.007899346343030137,0.007369625470615176,0.008494120655917113,0.008373307123611945,0.008410480518167382,0.008168853453557048,0.009423455519803012,0.012155700019627553,
34015,0.0013103621580791169,0.001273188763523681,0.0012824821121625398,0.0013196555067179758,0.0013568289012734118,0.0013847089471899889,0.0014404690390231428,0.0017285628468277714,0.002165350232854144,0.002574257572963939,0.0028809380780462856,0.003131858491295478,0.0037080461069047355,0.004274940373875133,0.005092755054094724,0.005910569734314315,0.006217250239396662,0.006068556661174918,0.006161490147563507,0.005882689688397738,0.005148515145927878,0.004869714686762109,0.004925474778595262,0.004832541292206673,0.004841834640845532,0.005148515145927878,0.005204275237761032,0.005603889229231968,0.005352968815982776,0.005706116064259417,0.005464488999649083,0.003438538996377825,0.0037080461069047355,0.00550166239420452,0.007351038773337457,0.005817636247925724,0.008122386710362754,0.010194803456828308,0.010213390154106026,0.012062766533238964,0.011244951853019372,0.012434500478793324,0.009479215611636164,0.009395575473886433,0.008837974555554896,0.007899346343030137,0.008875147950110332,0.009367695427969858,0.007899346343030137,0.007369625470615176,0.008494120655917113,0.008373307123611945,0.008410480518167382,0.008168853453557048,0.009423455519803012,0.012155700019627553,
34017,0.0013103621580791169,0.001273188763523681,0.0012824821121625398,0.0013196555067179758,0.0013568289012734118,0.0013847089471899889,0.0014404690390231428,0.0017285628468277714,0.002165350232854144,0.002574257572963939,0.0028809380780462856,0.003131858491295478,0.0037080461069047355,0.004274940373875133,0.005092755054094724,0.005910569734314315,0.006217250239396662,0.006068556661174918,0.006161490147563507,0.005882689688397738,0.005148515145927878,0.004869714686762109,0.004925474778595262,0.004832541292206673,0.004841834640845532,0.005148515145927878,0.005204275237761032,0.005603889229231968,0.005352968815982776,0.005706116064259417,0.005464488999649083,0.003438538996377825,0.0037080461069047355,0.00550166239420452,0.007351038773337457,0.005817636247925724,0.008122386710362754,0.010194803456828308,0.010213390154106026,0.012062766533238964,0.011244951853019372,0.012434500478793324,0.009479215611636164,0.009395575473886433,0.008837974555554896,0.007899346343030137,0.008875147950110332,0.009367695427969858,0.007899346343030137,0.007369625470615176,0.008494120655917113,0.008373307123611945,0.008410480518167382,0.008168853453557048,0.009423455519803012,0.012155700019627553,
34019,0.0013103621580791169,0.001273188763523681,0.0012824821121625398,0.0013196555067179758,0.0013568289012734118,0.0013847089471899889,0.0014404690390231428,0.0017285628468277714,0.002165350232854144,0.002574257572963939,0.0028809380780462856,0.003131858491295478,0.0037080461069047355,0.004274940373875133,0.005092755054094724,0.005910569734314315,0.006217250239396662,0.006068556661174918,0.006161490147563507,0.005882689688397738,0.005148515145927878,0.004869714686762109,0.004925474778595262,0.004832541292206673,0.004841834640845532,0.005148515145927878,0.005204275237761032,0.005603889229231968,0.005352968815982776,0.005706116064259417,0.005464488999649083,0.003438538996377825,0.0037080461069047355,0.00550166239420452,0.007351038773337457,0.005817636247925724,0.008122386710362754,0.010194803456828308,0.010213390154106026,0.012062766533238964,0.011244951853019372,0.012434500478793324,0.009479215611636164,0.009395575473886433,0.008837974555554896,0.007899346343030137,0.008875147950110332,0.009367695427969858,0.007899346343030137,0.007369625470615176,0.008494120655917113,0.008373307123611945,0.008410480518167382,0.008168853453557048,0.009423455519803012,0.012155700019627553,
34021,0.0013103621580791169,0.001273188763523681,0.0012824821121625398,0.0013196555067179758,0.0013568289012734118,0.0013847089471899889,0.0014404690390231428,0.0017285628468277714,0.002165350232854144,0.002574257572963939,0.0028809380780462856,0.003131858491295478,0.0037080461069047355,0.004274940373875133,0.005092755054094724,0.005910569734314315,0.006217250239396662,0.006068556661174918,0.006161490147563507,0.005882689688397738,0.005148515145927878,0.004869714686762109,0.004925474778595262,0.004832541292206673,0.004841834640845532,0.005148515145927878,0.005204275237761032,0.005603889229231968,0.005352968815982776,0.005706116064259417,0.005464488999649083,0.003438538996377825,0.0037080461069047355,0.00550166239420452,0.007351038773337457,0.005817636247925724,0.008122386710362754,0.010194803456828308,0.010213390154106026,0.012062766533238964,0.011244951853019372,0.012434500478793324,0.009479215611636164,0.009395575473886433,0.008837974555554896,0.007899346343030137,0.008875147950110332,0.009367695427969858,0.007899346343030137,0.007369625470615176,0.008494120655917113,0.008373307123611945,0.008410480518167382,0.008168853453557048,0.009423455519803012,0.012155700019627553,
34023,0.0013103621580791169,0.001273188763523681,0.0012824821121625398,0.0013196555067179758,0.0013568289012734118,0.0013847089471899889,0.0014404690390231428,0.0017285628468277714,0.002165350232854144,0.002574257572963939,0.0028809380780462856,0.003131858491295478,0.0037080461069047355,0.004274940373875133,0.005092755054094724,0.005910569734314315,0.006217250239396662,0.006068556661174918,0.006161490147563507,0.005882689688397738,0.005148515145927878,0.004869714686762109,0.004925474778595262,0.004832541292206673,0.004841834640845532,0.005148515145927878,0.005204275237761032,0.005603889229231968,0.005352968815982776,0.005706116064259417,0.005464488999649083,0.003438538996377825,0.0037080461069047355,0.00550166239420452,0.007351038773337457,0.005817636247925724,0.008122386710362754,0.010194803456828308,0.010213390154106026,0.012062766533238964,0.011244951853019372,0.012434500478793324,0.009479215611636164,0.009395575473886433,0.008837974555554896,0.007899346343030137,0.008875147950110332,0.009367695427969858,0.007899346343030137,0.007369625470615176,0.008494120655917113,0.008373307123611945,0.008410480518167382,0.008168853453557048,0.009423455519803012,0.012155700019627553,
34025,0.0013103621580791169,0.001273188763523681,0.0012824821121625398,0.0013196555067179758,0.0013568289012734118,0.0013847089471899889,0.0014404690390231428,0.0017285628468277714,0.002165350232854144,0.002574257572963939,0.0028809380780462856,0.003131858491295478,0.0037080461069047355,0.004274940373875133,0.005092755054094724,0.005910569734314315,0.006217250239396662,0.006068556661174918,0.006161490147563507,0.005882689688397738,0.005148515145927878,0.004869714686762109,0.004925474778595262,0.004832541292206673,0.004841834640845532,0.005148515145927878,0.005204275237761032,0.005603889229231968,0.005352968815982776,0.005706116064259417,0.005464488999649083,0.003438538996377825,0.0037080461069047355,0.00550166239420452,0.007351038773337457,0.005817636247925724,0.008122386710362754,0.010194803456828308,0.010213390154106026,0.012062766533238964,0.011244951853019372,0.012434500478793324,0.009479215611636164,0.009395575473886433,0.008837974555554896,0.007899346343030137,0.008875147950110332,0.009367695427969858,0.007899346343030137,0.007369625470615176,0.008494120655917113,0.008373307123611945,0.008410480518167382,0.008168853453557048,0.009423455519803012,0.012155700019627553,
34027,0.0013103621580791169,0.001273188763523681,0.0012824821121625398,0.0013196555067179758,0.0013568289012734118,0.0013847089471899889,0.0014404690390231428,0.0017285628468277714,0.002165350232854144,0.002574257572963939,0.0028809380780462856,0.003131858491295478,0.0037080461069047355,0.004274940373875133,0.005092755054094724,0.005910569734314315,0.006217250239396662,0.006068556661174918,0.006161490147563507,0.005882689688397738,0.005148515145927878,0.004869714686762109,0.004925474778595262,0.004832541292206673,0.004841834640845532,0.005148515145927878,0.005204275237761032,0.005603889229231968,0.005352968815982776,0.005706116064259417,0.005464488999649083,0.003438538996377825,0.0037080461069047355,0.00550166239420452,0.007351038773337457,0.005817636247925724,0.008122386710362754,0.010194803456828308,0.010213390154106026,0.012062766533238964,0.011244951853019372,0.012434500478793324,0.009479215611636164,0.009395575473886433,0.008837974555554896,0.007899346343030137,0.008875147950110332,0.009367695427969858,0.007899346343030137,0.007369625470615176,0.008494120655917113,0.008373307123611945,0.008410480518167382,0.008168853453557048,0.009423455519803012,0.012155700019627553,
34029,0.0013103621580791169,0.001273188763523681,0.0012824821121625398,0.0013196555067179758,0.0013568289012734118,0.0013847089471899889,0.0014404690390231428,0.0017285628468277714,0.002165350232854144,0.002574257572963939,0.0028809380780462856,0.003131858491295478,0.0037080461069047355,0.004274940373875133,0.005092755054094724,0.005910569734314315,0.006217250239396662,0.006068556661174918,0.006161490147563507,0.005882689688397738,0.005148515145927878,0.004869714686762109,0.004925474778595262,0.004832541292206673,0.004841834640845532,0.005148515145927878,0.005204275237761032,0.005603889229231968,0.005352968815982776,0.005706116064259417,0.005464488999649083,0.003438538996377825,0.0037080461069047355,0.00550166239420452,0.007351038773337457,0.005817636247925724,0.008122386710362754,0.010194803456828308,0.010213390154106026,0.012062766533238964,0.011244951853019372,0.012434500478793324,0.009479215611636164,0.009395575473886433,0.008837974555554896,0.007899346343030137,0.008875147950110332,0.009367695427969858,0.007899346343030137,0.007369625470615176,0.008494120655917113,0.008373307123611945,0.008410480518167382,0.008168853453557048,0.009423455519803012,0.012155700019627553,
34031,0.0013103621580791169,0.001273188763523681,0.0012824821121625398,0.0013196555067179758,0.0013568289012734118,0.0013847089471899889,0.0014404690390231428,0.0017285628468277714,0.002165350232854144,0.002574257572963939,0.0028809380780462856,0.003131858491295478,0.0037080461069047355,0.004274940373875133,0.005092755054094724,0.005910569734314315,0.006217250239396662,0.006068556661174918,0.006161490147563507,0.005882689688397738,0.005148515145927878,0.004869714686762109,0.004925474778595262,0.004832541292206673,0.004841834640845532,0.005148515145927878,0.005204275237761032,0.005603889229231968,0.005352968815982776,0.005706116064259417,0.005464488999649083,0.003438538996377825,0.0037080461069047355,0.00550166239420452,0.007351038773337457,0.005817636247925724,0.008122386710362754,0.010194803456828308,0.010213390154106026,0.012062766533238964,0.011244951853019372,0.012434500478793324,0.009479215611636164,0.009395575473886433,0.008837974555554896,0.007899346343030137,0.008875147950110332,0.009367695427969858,0.007899346343030137,0.007369625470615176,0.008494120655917113,0.008373307123611945,0.008410480518167382,0.008168853453557048,0.009423455519803012,0.012155700019627553,
34033,0.0013103621580791169,0.001273188763523681,0.0012824821121625398,0.0013196555067179758,0.0013568289012734118,0.0013847089471899889,0.0014404690390231428,0.0017285628468277714,0.002165350232854144,0.002574257572963939,0.0028809380780462856,0.003131858491295478,0.0037080461069047355,0.004274940373875133,0.005092755054094724,0.005910569734314315,0.006217250239396662,0.006068556661174918,0.006161490147563507,0.005882689688397738,0.005148515145927878,0.004869714686762109,0.004925474778595262,0.004832541292206673,0.004841834640845532,0.005148515145927878,0.005204275237761032,0.005603889229231968,0.005352968815982776,0.005706116064259417,0.005464488999649083,0.003438538996377825,0.0037080461069047355,0.00550166239420452,0.007351038773337457,0.005817636247925724,0.008122386710362754,0.010194803456828308,0.010213390154106026,0.012062766533238964,0.011244951853019372,0.012434500478793324,0.009479215611636164,0.009395575473886433,0.008837974555554896,0.007899346343030137,0.008875147950110332,0.009367695427969858,0.007899346343030137,0.007369625470615176,0.008494120655917113,0.008373307123611945,0.008410480518167382,0.008168853453557048,0.009423455519803012,0.012155700019627553,
34035,0.0013103621580791169,0.001273188763523681,0.0012824821121625398,0.0013196555067179758,0.0013568289012734118,0.0013847089471899889,0.0014404690390231428,0.0017285628468277714,0.002165350232854144,0.002574257572963939,0.0028809380780462856,0.003131858491295478,0.0037080461069047355,0.004274940373875133,0.005092755054094724,0.005910569734314315,0.006217250239396662,0.006068556661174918,0.006161490147563507,0.005882689688397738,0.005148515145927878,0.004869714686762109,0.004925474778595262,0.004832541292206673,0.004841834640845532,0.005148515145927878,0.005204275237761032,0.005603889229231968,0.005352968815982776,0.005706116064259417,0.005464488999649083,0.003438538996377825,0.0037080461069047355,0.00550166239420452,0.007351038773337457,0.005817636247925724,0.008122386710362754,0.010194803456828308,0.010213390154106026,0.012062766533238964,0.011244951853019372,0.012434500478793324,0.009479215611636164,0.009395575473886433,0.008837974555554896,0.007899346343030137,0.008875147950110332,0.009367695427969858,0.007899346343030137,0.007369625470615176,0.008494120655917113,0.008373307123611945,0.008410480518167382,0.008168853453557048,0.009423455519803012,0.012155700019627553,
34037,0.0013103621580791169,0.001273188763523681,0.0012824821121625398,0.0013196555067179758,0.0013568289012734118,0.0013847089471899889,0.0014404690390231428,0.0017285628468277714,0.002165350232854144,0.002574257572963939,0.0028809380780462856,0.003131858491295478,0.0037080461069047355,0.004274940373875133,0.005092755054094724,0.005910569734314315,0.006217250239396662,0.006068556661174918,0.006161490147563507,0.005882689688397738,0.005148515145927878,0.004869714686762109,0.004925474778595262,0.004832541292206673,0.004841834640845532,0.005148515145927878,0.005204275237761032,0.005603889229231968,0.005352968815982776,0.005706116064259417,0.005464488999649083,0.003438538996377825,0.0037080461069047355,0.00550166239420452,0.007351038773337457,0.005817636247925724,0.008122386710362754,0.010194803456828308,0.010213390154106026,0.012062766533238964,0.011244951853019372,0.012434500478793324,0.009479215611636164,0.009395575473886433,0.008837974555554896,0.007899346343030137,0.008875147950110332,0.009367695427969858,0.007899346343030137,0.007369625470615176,0.008494120655917113,0.008373307123611945,0.008410480518167382,0.008168853453557048,0.009423455519803012,0.012155700019627553,
34039,0.0013103621580791169,0.001273188763523681,0.0012824821121625398,0.0013196555067179758,0.0013568289012734118,0.0013847089471899889,0.0014404690390231428,0.0017285628468277714,0.002165350232854144,0.002574257572963939,0.0028809380780462856,0.003131858491295478,0.0037080461069047355,0.004274940373875133,0.005092755054094724,0.005910569734314315,0.006217250239396662,0.006068556661174918,0.006161490147563507,0.005882689688397738,0.005148515145927878,0.004869714686762109,0.004925474778595262,0.004832541292206673,0.004841834640845532,0.005148515145927878,0.005204275237761032,0.005603889229231968,0.005352968815982776,0.005706116064259417,0.005464488999649083,0.003438538996377825,0.0037080461069047355,0.00550166239420452,0.007351038773337457,0.005817636247925724,0.008122386710362754,0.010194803456828308,0.010213390154106026,0.012062766533238964,0.011244951853019372,0.012434500478793324,0.009479215611636164,0.009395575473886433,0.008837974555554896,0.007899346343030137,0.008875147950110332,0.009367695427969858,0.007899346343030137,0.007369625470615176,0.008494120655917113,0.008373307123611945,0.008410480518167382,0.008168853453557048,0.009423455519803012,0.012155700019627553,
34041,0.0013103621580791169,0.001273188763523681,0.0012824821121625398,0.0013196555067179758,0.0013568289012734118,0.0013847089471899889,0.0014404690390231428,0.0017285628468277714,0.002165350232854144,0.002574257572963939,0.0028809380780462856,0.003131858491295478,0.0037080461069047355,0.004274940373875133,0.005092755054094724,0.005910569734314315,0.006217250239396662,0.006068556661174918,0.006161490147563507,0.005882689688397738,0.005148515145927878,0.004869714686762109,0.004925474778595262,0.004832541292206673,0.004841834640845532,0.005148515145927878,0.005204275237761032,0.005603889229231968,0.005352968815982776,0.005706116064259417,0.005464488999649083,0.003438538996377825,0.0037080461069047355,0.00550166239420452,0.007351038773337457,0.005817636247925724,0.008122386710362754,0.010194803456828308,0.010213390154106026,0.012062766533238964,0.011244951853019372,0.012434500478793324,0.009479215611636164,0.009395575473886433,0.008837974555554896,0.007899346343030137,0.008875147950110332,0.009367695427969858,0.007899346343030137,0.007369625470615176,0.008494120655917113,0.008373307123611945,0.008410480518167382,0.008168853453557048,0.009423455519803012,0.012155700019627553,
35001,0.0004553740833040903,0.0004367873860263723,0.0004367873860263723,0.0004460807346652313,0.0004646674319429493,0.0004925474778595262,0.0004832541292206673,0.000669121101997847,0.0007434678911087189,0.0009943883043579116,0.0015612825713283095,0.0018586697277717971,0.0021374701869375664,0.002722951151185683,0.003150445188573196,0.00411695344701453,0.0044608073466523126,0.0046095009248740566,0.00539943555917707,0.004061193355181377,0.0036894594096270176,0.003076098399462324,0.003457125693655543,0.00411695344701453,0.0038567396851264795,0.003122565142656619,0.004005433263348223,0.0040983667497368126,0.0034757123909332607,0.0031132717940177603,0.0040983667497368126,0.00375451285009903,0.0035128857854886965,0.004553740833040903,0.005566715834676533,0.004414340603458018,0.006403117212173841,0.00742538556244833,0.008652107582777716,0.00989741630038482,0.009330522033414421,0.009655789235774486,0.006988598176421956,0.006942131433227662,0.006486757349923572,0.00586410299112002,0.006291597028507533,0.0073138653787820215,0.005873396339758879,0.005278622026871903,0.006124316753008071,0.0051763951918444556,0.004237766979319697,0.004423633952096877,0.006812024552283636,0.00960932249258019,0.00797369313214101
35003,0.0004553740833040903,0.0004367873860263723,0.0004367873860263723,0.0004460807346652313,0.0004646674319429493,0.0004925474778595262,0.0004832541292206673,0.000669121101997847,0.0007434678911087189,0.0009943883043579116,0.0015612825713283095,0.0018586697277717971,0.0021374701869375664,0.002722951151185683,0.003150445188573196,0.00411695344701453,0.0044608073466523126,0.0046095009248740566,0.00539943555917707,0.004061193355181377,0.0036894594096270176,0.003076098399462324,0.003457125693655543,0.00411695344701453,0.0038567396851264795,0.003122565142656619,0.004005433263348223,0.0040983667497368126,0.0034757123909332607,0.0031132717940177603,0.0040983667497368126,0.00375451285009903,0.0035128857854886965,0.004553740833040903,0.005566715834676533,0.004414340603458018,0.006403117212173841,0.00742538556244833,0.008652107582777716,0.00989741630038482,0.009330522033414421,0.009655789235774486,0.006988598176421956,0.006942131433227662,0.006486757349923572,0.00586410299112002,0.006291597028507533,0.0073138653787820215,0.005873396339758879,0.005278622026871903,0.006124316753008071,0.0051763951918444556,0.004237766979319697,0.004423633952096877,0.006812024552283636,0.00960932249258019,0.00797369313214101
35005,0.0004553740833040903,0.0004367873860263723,0.0004367873860263723,0.0004460807346652313,0.0004646674319429493,0.0004925474778595262,0.0004832541292206673,0.000669121101997847,0.0007434678911087189,0.0009943883043579116,0.0015612825713283095,0.0018586697277717971,0.0021374701869375664,0.002722951151185683,0.003150445188573196,0.00411695344701453,0.0044608073466523126,0.0046095009248740566,0.00539943555917707,0.004061193355181377,0.0036894594096270176,0.003076098399462324,0.003457125693655543,0.00411695344701453,0.0038567396851264795,0.003122565142656619,0.004005433263348223,0.0040983667497368126,0.0034757123909332607,0.0031132717940177603,0.0040983667497368126,0.00375451285009903,0.0035128857854886965,0.004553740833040903,0.005566715834676533,0.004414340603458018,0.006403117212173841,0.00742538556244833,0.008652107582777716,0.00989741630038482,0.009330522033414421,0.009655789235774486,0.006988598176421956,0.006942131433227662,0.006486757349923572,0.00586410299112002,0.006291597028507533,0.0073138653787820215,0.005873396339758879,0.005278622026871903,0.006124316753008071,0.0051763951918444556,0.004237766979319697,0.004423633952096877,0.006812024552283636,0.00960932249258019,0.00797369313214101
35006,0.0004553740833040903,0.0004367873860263723,0.0004367873860263723,0.0004460807346652313,0.0004646674319429493,0.0004925474778595262,0.0004832541292206673,0.000669121101997847,0.0007434678911087189,0.0009943883043579116,0.0015612825713283095,0.0018586697277717971,0.0021374701869375664,0.002722951151185683,0.003150445188573196,0.00411695344701453,0.0044608073466523126,0.0046095009248740566,0.00539943555917707,0.004061193355181377,0.0036894594096270176,0.003076098399462324,0.003457125693655543,0.00411695344701453,0.0038567396851264795,0.003122565142656619,0.004005433263348223,0.0040983667497368126,0.0034757123909332607,0.0031132717940177603,0.0040983667497368126,0.00375451285009903,0.0035128857854886965,0.004553740833040903,0.005566715834676533,0.004414340603458018,0.006403117212173841,0.00742538556244833,0.008652107582777716,0.00989741630038482,0.009330522033414421,0.009655789235774486,0.006988598176421956,0.006942131433227662,0.006486757349923572,0.00586410299112002,0.006291597028507533,0.0073138653787820215,0.005873396339758879,0.005278622026871903,0.006124316753008071,0.0051763951918444556,0.004237766979319697,0.004423633952096877,0.006812024552283636,0.00960932249258019,0.00797369313214101
35007,0.0004553740833040903,0.0004367873860263723,0.0004367873860263723,0.0004460807346652313,0.0004646674319429493,0.0004925474778595262,0.0004832541292206673,0.000669121101997847,0.0007434678911087189,0.0009943883043579116,0.0015612825713283095,0.0018586697277717971,0.0021374701869375664,0.002722951151185683,0.003150445188573196,0.00411695344701453,0.0044608073466523126,0.0046095009248740566,0.00539943555917707,0.004061193355181377,0.0036894594096270176,0.003076098399462324,0.003457125693655543,0.00411695344701453,0.0038567396851264795,0.003122565142656619,0.004005433263348223,0.0040983667497368126,0.0034757123909332607,0.0031132717940177603,0.0040983667497368126,0.00375451285009903,0.0035128857854886965,0.004553740833040903,0.005566715834676533,0.004414340603458018,0.006403117212173841,0.00742538556244833,0.008652107582777716,0.00989741630038482,0.009330522033414421,0.009655789235774486,0.006988598176421956,0.006942131433227662,0.006486757349923572,0.00586410299112002,0.006291597028507533,0.0073138653787820215,0.005873396339758879,0.005278622026871903,0.006124316753008071,0.0051763951918444556,0.004237766979319697,0.004423633952096877,0.006812024552283636,0.00960932249258019,0.00797369313214101
35009,0.0004553740833040903,0.0004367873860263723,0.0004367873860263723,0.0004460807346652313,0.0004646674319429493,0.0004925474778595262,0.0004832541292206673,0.000669121101997847,0.0007434678911087189,0.0009943883043579116,0.0015612825713283095,0.0018586697277717971,0.0021374701869375664,0.002722951151185683,0.003150445188573196,0.00411695344701453,0.0044608073466523126,0.0046095009248740566,0.00539943555917707,0.004061193355181377,0.0036894594096270176,0.003076098399462324,0.003457125693655543,0.00411695344701453,0.0038567396851264795,0.003122565142656619,0.004005433263348223,0.0040983667497368126,0.0034757123909332607,0.0031132717940177603,0.0040983667497368126,0.00375451285009903,0.0035128857854886965,0.004553740833040903,0.005566715834676533,0.004414340603458018,0.006403117212173841,0.00742538556244833,0.008652107582777716,0.00989741630038482,0.009330522033414421,0.009655789235774486,0.006988598176421956,0.006942131433227662,0.006486757349923572,0.00586410299112002,0.006291597028507533,0.0073138653787820215,0.005873396339758879,0.005278622026871903,0.006124316753008071,0.0051763951918444556,0.004237766979319697,0.004423633952096877,0.006812024552283636,0.00960932249258019,0.00797369313214101
35011,0.0004553740833040903,0.0004367873860263723,0.0004367873860263723,0.0004460807346652313,0.0004646674319429493,0.0004925474778595262,0.0004832541292206673,0.000669121101997847,0.0007434678911087189,0.0009943883043579116,0.0015612825713283095,0.0018586697277717971,0.0021374701869375664,0.002722951151185683,0.003150445188573196,0.00411695344701453,0.0044608073466523126,0.0046095009248740566,0.00539943555917707,0.004061193355181377,0.0036894594096270176,0.003076098399462324,0.003457125693655543,0.00411695344701453,0.0038567396851264795,0.003122565142656619,0.004005433263348223,0.0040983667497368126,0.0034757123909332607,0.0031132717940177603,0.0040983667497368126,0.00375451285009903,0.0035128857854886965,0.004553740833040903,0.005566715834676533,0.004414340603458018,0.006403117212173841,0.00742538556244833,0.008652107582777716,0.00989741630038482,0.009330522033414421,0.009655789235774486,0.006988598176421956,0.006942131433227662,0.006486757349923572,0.00586410299112002,0.006291597028507533,0.0073138653787820215,0.005873396339758879,0.005278622026871903,0.006124316753008071,0.0051763951918444556,0.004237766979319697,0.004423633952096877,0.006812024552283636,0.00960932249258019,0.00797369313214101
35013,0.0004553740833040903,0.0004367873860263723,0.0004367873860263723,0.0004460807346652313,0.0004646674319429493,0.0004925474778595262,0.0004832541292206673,0.000669121101997847,0.0007434678911087189,0.0009943883043579116,0.0015612825713283095,0.0018586697277717971,0.0021374701869375664,0.002722951151185683,0.003150445188573196,0.00411695344701453,0.0044608073466523126,0.0046095009248740566,0.00539943555917707,0.004061193355181377,0.0036894594096270176,0.003076098399462324,0.003457125693655543,0.00411695344701453,0.0038567396851264795,0.003122565142656619,0.004005433263348223,0.0040983667497368126,0.0034757123909332607,0.0031132717940177603,0.0040983667497368126,0.00375451285009903,0.0035128857854886965,0.004553740833040903,0.005566715834676533,0.004414340603458018,0.006403117212173841,0.00742538556244833,0.008652107582777716,0.00989741630038482,0.009330522033414421,0.009655789235774486,0.006988598176421956,0.006942131433227662,0.006486757349923572,0.00586410299112002,0.006291597028507533,0.0073138653787820215,0.005873396339758879,0.005278622026871903,0.006124316753008071,0.0051763951918444556,0.004237766979319697,0.004423633952096877,0.006812024552283636,0.00960932249258019,0.00797369313214101
35015,0.0004553740833040903,0.0004367873860263723,0.0004367873860263723,0.0004460807346652313,0.0004646674319429493,0.0004925474778595262,0.0004832541292206673,0.000669121101997847,0.0007434678911087189,0.0009943883043579116,0.0015612825713283095,0.0018586697277717971,0.0021374701869375664,0.002722951151185683,0.003150445188573196,0.00411695344701453,0.0044608073466523126,0.0046095009248740566,0.00539943555917707,0.004061193355181377,0.0036894594096270176,0.003076098399462324,0.003457125693655543,0.00411695344701453,0.0038567396851264795,0.003122565142656619,0.004005433263348223,0.0040983667497368126,0.0034757123909332607,0.0031132717940177603,0.0040983667497368126,0.00375451285009903,0.0035128857854886965,0.004553740833040903,0.005566715834676533,0.004414340603458018,0.006403117212173841,0.00742538556244833,0.008652107582777716,0.00989741630038482,0.009330522033414421,0.009655789235774486,0.006988598176421956,0.006942131433227662,0.006486757349923572,0.00586410299112002,0.006291597028507533,0.0073138653787820215,0.005873396339758879,0.005278622026871903,0.006124316753008071,0.0051763951918444556,0.004237766979319697,0.004423633952096877,0.006812024552283636,0.00960932249258019,0.00797369313214101
35017,0.0004553740833040903,0.0004367873860263723,0.0004367873860263723,0.0004460807346652313,0.0004646674319429493,0.0004925474778595262,0.0004832541292206673,0.000669121101997847,0.0007434678911087189,0.0009943883043579116,0.0015612825713283095,0.0018586697277717971,0.0021374701869375664,0.002722951151185683,0.003150445188573196,0.00411695344701453,0.0044608073466523126,0.0046095009248740566,0.00539943555917707,0.004061193355181377,0.0036894594096270176,0.003076098399462324,0.003457125693655543,0.00411695344701453,0.0038567396851264795,0.003122565142656619,0.004005433263348223,0.0040983667497368126,0.0034757123909332607,0.0031132717940177603,0.0040983667497368126,0.00375451285009903,0.0035128857854886965,0.004553740833040903,0.005566715834676533,0.004414340603458018,0.006403117212173841,0.00742538556244833,0.008652107582777716,0.00989741630038482,0.009330522033414421,0.009655789235774486,0.006988598176421956,0.006942131433227662,0.006486757349923572,0.00586410299112002,0.006291597028507533,0.0073138653787820215,0.005873396339758879,0.005278622026871903,0.006124316753008071,0.0051763951918444556,0.004237766979319697,0.004423633952096877,0.006812024552283636,0.00960932249258019,0.00797369313214101
35019,0.0004553740833040903,0.0004367873860263723,0.0004367873860263723,0.0004460807346652313,0.0004646674319429493,0.0004925474778595262,0.0004832541292206673,0.000669121101997847,0.0007434678911087189,0.0009943883043579116,0.0015612825713283095,0.0018586697277717971,0.0021374701869375664,0.002722951151185683,0.003150445188573196,0.00411695344701453,0.0044608073466523126,0.0046095009248740566,0.00539943555917707,0.004061193355181377,0.0036894594096270176,0.003076098399462324,0.003457125693655543,0.00411695344701453,0.0038567396851264795,0.003122565142656619,0.004005433263348223,0.0040983667497368126,0.0034757123909332607,0.0031132717940177603,0.0040983667497368126,0.00375451285009903,0.0035128857854886965,0.004553740833040903,0.005566715834676533,0.004414340603458018,0.006403117212173841,0.00742538556244833,0.008652107582777716,0.00989741630038482,0.009330522033414421,0.009655789235774486,0.006988598176421956,0.006942131433227662,0.006486757349923572,0.00586410299112002,0.006291597028507533,0.0073138653787820215,0.005873396339758879,0.005278622026871903,0.006124316753008071,0.0051763951918444556,0.004237766979319697,0.004423633952096877,0.006812024552283636,0.00960932249258019,0.00797369313214101
35021,0.0004553740833040903,0.0004367873860263723,0.0004367873860263723,0.0004460807346652313,0.0004646674319429493,0.0004925474778595262,0.0004832541292206673,0.000669121101997847,0.0007434678911087189,0.0009943883043579116,0.0015612825713283095,0.0018586697277717971,0.0021374701869375664,0.002722951151185683,0.003150445188573196,0.00411695344701453,0.0044608073466523126,0.0046095009248740566,0.00539943555917707,0.004061193355181377,0.0036894594096270176,0.003076098399462324,0.003457125693655543,0.00411695344701453,0.0038567396851264795,0.003122565142656619,0.004005433263348223,0.0040983667497368126,0.0034757123909332607,0.0031132717940177603,0.0040983667497368126,0.00375451285009903,0.0035128857854886965,0.004553740833040903,0.005566715834676533,0.004414340603458018,0.006403117212173841,0.00742538556244833,0.008652107582777716,0.00989741630038482,0.009330522033414421,0.009655789235774486,0.006988598176421956,0.006942131433227662,0.006486757349923572,0.00586410299112002,0.006291597028507533,0.0073138653787820215,0.005873396339758879,0.005278622026871903,0.006124316753008071,0.0051763951918444556,0.004237766979319697,0.004423633952096877,0.006812024552283636,0.00960932249258019,0.00797369313214101
35023,0.0004553740833040903,0.0004367873860263723,0.0004367873860263723,0.0004460807346652313,0.0004646674319429493,0.0004925474778595262,0.0004832541292206673,0.000669121101997847,0.0007434678911087189,0.0009943883043579116,0.0015612825713283095,0.0018586697277717971,0.0021374701869375664,0.002722951151185683,0.003150445188573196,0.00411695344701453,0.0044608073466523126,0.0046095009248740566,0.00539943555917707,0.004061193355181377,0.0036894594096270176,0.003076098399462324,0.003457125693655543,0.00411695344701453,0.0038567396851264795,0.003122565142656619,0.004005433263348223,0.0040983667497368126,0.0034757123909332607,0.0031132717940177603,0.0040983667497368126,0.00375451285009903,0.0035128857854886965,0.004553740833040903,0.005566715834676533,0.004414340603458018,0.006403117212173841,0.00742538556244833,0.008652107582777716,0.00989741630038482,0.009330522033414421,0.009655789235774486,0.006988598176421956,0.006942131433227662,0.006486757349923572,0.00586410299112002,0.006291597028507533,0.0073138653787820215,0.005873396339758879,0.005278622026871903,0.006124316753008071,0.0051763951918444556,0.004237766979319697,0.004423633952096877,0.006812024552283636,0.00960932249258019,0.00797369313214101
35025,0.0004553740833040903,0.0004367873860263723,0.0004367873860263723,0.0004460807346652313,0.0004646674319429493,0.0004925474778595262,0.0004832541292206673,0.000669121101997847,0.0007434678911087189,0.0009943883043579116,0.0015612825713283095,0.0018586697277717971,0.0021374701869375664,0.002722951151185683,0.003150445188573196,0.00411695344701453,0.0044608073466523126,0.0046095009248740566,0.00539943555917707,0.004061193355181377,0.0036894594096270176,0.003076098399462324,0.003457125693655543,0.00411695344701453,0.0038567396851264795,0.003122565142656619,0.004005433263348223,0.0040983667497368126,0.0034757123909332607,0.0031132717940177603,0.0040983667497368126,0.00375451285009903,0.0035128857854886965,0.004553740833040903,0.005566715834676533,0.004414340603458018,0.006403117212173841,0.00742538556244833,0.008652107582777716,0.00989741630038482,0.009330522033414421,0.009655789235774486,0.006988598176421956,0.006942131433227662,0.006486757349923572,0.00586410299112002,0.006291597028507533,0.0073138653787820215,0.005873396339758879,0.005278622026871903,0.006124316753008071,0.0051763951918444556,0.004237766979319697,0.004423633952096877,0.006812024552283636,0.00960932249258019,0.00797369313214101
35027,0.0004553740833040903,0.0004367873860263723,0.0004367873860263723,0.0004460807346652313,0.0004646674319429493,0.0004925474778595262,0.0004832541292206673,0.000669121101997847,0.0007434678911087189,0.0009943883043579116,0.0015612825713283095,0.0018586697277717971,0.0021374701869375664,0.002722951151185683,0.003150445188573196,0.00411695344701453,0.0044608073466523126,0.0046095009248740566,0.00539943555917707,0.004061193355181377,0.0036894594096270176,0.003076098399462324,0.003457125693655543,0.00411695344701453,0.0038567396851264795,0.003122565142656619,0.004005433263348223,0.0040983667497368126,0.0034757123909332607,0.0031132717940177603,0.0040983667497368126,0.00375451285009903,0.0035128857854886965,0.004553740833040903,0.005566715834676533,0.004414340603458018,0.006403117212173841,0.00742538556244833,0.008652107582777716,0.00989741630038482,0.009330522033414421,0.009655789235774486,0.006988598176421956,0.006942131433227662,0.006486757349923572,0.00586410299112002,0.006291597028507533,0.0073138653787820215,0.005873396339758879,0.005278622026871903,0.006124316753008071,0.0051763951918444556,0.004237766979319697,0.004423633952096877,0.006812024552283636,0.00960932249258019,0.00797369313214101
35028,0.0004553740833040903,0.0004367873860263723,0.0004367873860263723,0.0004460807346652313,0.0004646674319429493,0.0004925474778595262,0.0004832541292206673,0.000669121101997847,0.0007434678911087189,0.0009943883043579116,0.0015612825713283095,0.0018586697277717971,0.0021374701869375664,0.002722951151185683,0.003150445188573196,0.00411695344701453,0.0044608073466523126,0.0046095009248740566,0.00539943555917707,0.004061193355181377,0.0036894594096270176,0.003076098399462324,0.003457125693655543,0.00411695344701453,0.0038567396851264795,0.003122565142656619,0.004005433263348223,0.0040983667497368126,0.0034757123909332607,0.0031132717940177603,0.0040983667497368126,0.00375451285009903,0.0035128857854886965,0.004553740833040903,0.005566715834676533,0.004414340603458018,0.006403117212173841,0.00742538556244833,0.008652107582777716,0.00989741630038482,0.009330522033414421,0.009655789235774486,0.006988598176421956,0.006942131433227662,0.006486757349923572,0.00586410299112002,0.006291597028507533,0.0073138653787820215,0.005873396339758879,0.005278622026871903,0.006124316753008071,0.0051763951918444556,0.004237766979319697,0.004423633952096877,0.006812024552283636,0.00960932249258019,0.00797369313214101
35029,0.0004553740833040903,0.0004367873860263723,0.0004367873860263723,0.0004460807346652313,0.0004646674319429493,0.0004925474778595262,0.0004832541292206673,0.000669121101997847,0.0007434678911087189,0.0009943883043579116,0.0015612825713283095,0.0018586697277717971,0.0021374701869375664,0.002722951151185683,0.003150445188573196,0.00411695344701453,0.0044608073466523126,0.0046095009248740566,0.00539943555917707,0.004061193355181377,0.0036894594096270176,0.003076098399462324,0.003457125693655543,0.00411695344701453,0.0038567396851264795,0.003122565142656619,0.004005433263348223,0.0040983667497368126,0.0034757123909332607,0.0031132717940177603,0.0040983667497368126,0.00375451285009903,0.0035128857854886965,0.004553740833040903,0.005566715834676533,0.004414340603458018,0.006403117212173841,0.00742538556244833,0.008652107582777716,0.00989741630038482,0.009330522033414421,0.009655789235774486,0.006988598176421956,0.006942131433227662,0.006486757349923572,0.00586410299112002,0.006291597028507533,0.0073138653787820215,0.005873396339758879,0.005278622026871903,0.006124316753008071,0.0051763951918444556,0.004237766979319697,0.004423633952096877,0.006812024552283636,0.00960932249258019,0.00797369313214101
35031,0.0004553740833040903,0.0004367873860263723,0.0004367873860263723,0.0004460807346652313,0.0004646674319429493,0.0004925474778595262,0.0004832541292206673,0.000669121101997847,0.0007434678911087189,0.0009943883043579116,0.0015612825713283095,0.0018586697277717971,0.0021374701869375664,0.002722951151185683,0.003150445188573196,0.00411695344701453,0.0044608073466523126,0.0046095009248740566,0.00539943555917707,0.004061193355181377,0.0036894594096270176,0.003076098399462324,0.003457125693655543,0.00411695344701453,0.0038567396851264795,0.003122565142656619,0.004005433263348223,0.0040983667497368126,0.0034757123909332607,0.0031132717940177603,0.0040983667497368126,0.00375451285009903,0.0035128857854886965,0.004553740833040903,0.005566715834676533,0.004414340603458018,0.006403117212173841,0.00742538556244833,0.008652107582777716,0.00989741630038482,0.009330522033414421,0.009655789235774486,0.006988598176421956,0.006942131433227662,0.006486757349923572,0.00586410299112002,0.006291597028507533,0.0073138653787820215,0.005873396339758879,0.005278622026871903,0.006124316753008071,0.0051763951918444556,0.004237766979319697,0.004423633952096877,0.006812024552283636,0.00960932249258019,0.00797369313214101
35033,0.0004553740833040903,0.0004367873860263723,0.0004367873860263723,0.0004460807346652313,0.0004646674319429493,0.0004925474778595262,0.0004832541292206673,0.000669121101997847,0.0007434678911087189,0.0009943883043579116,0.0015612825713283095,0.0018586697277717971,0.0021374701869375664,0.002722951151185683,0.003150445188573196,0.00411695344701453,0.0044608073466523126,0.0046095009248740566,0.00539943555917707,0.004061193355181377,0.0036894594096270176,0.003076098399462324,0.003457125693655543,0.00411695344701453,0.0038567396851264795,0.003122565142656619,0.004005433263348223,0.0040983667497368126,0.0034757123909332607,0.0031132717940177603,0.0040983667497368126,0.00375451285009903,0.0035128857854886965,0.004553740833040903,0.005566715834676533,0.004414340603458018,0.006403117212173841,0.00742538556244833,0.008652107582777716,0.00989741630038482,0.009330522033414421,0.009655789235774486,0.006988598176421956,0.006942131433227662,0.006486757349923572,0.00586410299112002,0.006291597028507533,0.0073138653787820215,0.005873396339758879,0.005278622026871903,0.006124316753008071,0.0051763951918444556,0.004237766979319697,0.004423633952096877,0.006812024552283636,0.00960932249258019,0.00797369313214101
35035,0.0004553740833040903,0.0004367873860263723,0.0004367873860263723,0.0004460807346652313,0.0004646674319429493,0.0004925474778595262,0.0004832541292206673,0.000669121101997847,0.0007434678911087189,0.0009943883043579116,0.0015612825713283095,0.0018586697277717971,0.0021374701869375664,0.002722951151185683,0.003150445188573196,0.00411695344701453,0.0044608073466523126,0.0046095009248740566,0.00539943555917707,0.004061193355181377,0.0036894594096270176,0.003076098399462324,0.003457125693655543,0.00411695344701453,0.0038567396851264795,0.003122565142656619,0.004005433263348223,0.0040983667497368126,0.0034757123909332607,0.0031132717940177603,0.0040983667497368126,0.00375451285009903,0.0035128857854886965,0.004553740833040903,0.005566715834676533,0.004414340603458018,0.006403117212173841,0.00742538556244833,0.008652107582777716,0.00989741630038482,0.009330522033414421,0.009655789235774486,0.006988598176421956,0.006942131433227662,0.006486757349923572,0.00586410299112002,0.006291597028507533,0.0073138653787820215,0.005873396339758879,0.005278622026871903,0.006124316753008071,0.0051763951918444556,0.004237766979319697,0.004423633952096877,0.006812024552283636,0.00960932249258019,0.00797369313214101
35037,0.0004553740833040903,0.0004367873860263723,0.0004367873860263723,0.0004460807346652313,0.0004646674319429493,0.0004925474778595262,0.0004832541292206673,0.000669121101997847,0.0007434678911087189,0.0009943883043579116,0.0015612825713283095,0.0018586697277717971,0.0021374701869375664,0.002722951151185683,0.003150445188573196,0.00411695344701453,0.0044608073466523126,0.0046095009248740566,0.00539943555917707,0.004061193355181377,0.0036894594096270176,0.003076098399462324,0.003457125693655543,0.00411695344701453,0.0038567396851264795,0.003122565142656619,0.004005433263348223,0.0040983667497368126,0.0034757123909332607,0.0031132717940177603,0.0040983667497368126,0.00375451285009903,0.0035128857854886965,0.004553740833040903,0.005566715834676533,0.004414340603458018,0.006403117212173841,0.00742538556244833,0.008652107582777716,0.00989741630038482,0.009330522033414421,0.009655789235774486,0.006988598176421956,0.006942131433227662,0.006486757349923572,0.00586410299112002,0.006291597028507533,0.0073138653787820215,0.005873396339758879,0.005278622026871903,0.006124316753008071,0.0051763951918444556,0.004237766979319697,0.004423633952096877,0.006812024552283636,0.00960932249258019,0.00797369313214101
35039,0.0004553740833040903,0.0004367873860263723,0.0004367873860263723,0.0004460807346652313,0.0004646674319429493,0.0004925474778595262,0.0004832541292206673,0.000669121101997847,0.0007434678911087189,0.0009943883043579116,0.0015612825713283095,0.0018586697277717971,0.0021374701869375664,0.002722951151185683,0.003150445188573196,0.00411695344701453,0.0044608073466523126,0.0046095009248740566,0.00539943555917707,0.004061193355181377,0.0036894594096270176,0.003076098399462324,0.003457125693655543,0.00411695344701453,0.0038567396851264795,0.003122565142656619,0.004005433263348223,0.0040983667497368126,0.0034757123909332607,0.0031132717940177603,0.0040983667497368126,0.00375451285009903,0.0035128857854886965,0.004553740833040903,0.005566715834676533,0.004414340603458018,0.006403117212173841,0.00742538556244833,0.008652107582777716,0.00989741630038482,0.009330522033414421,0.009655789235774486,0.006988598176421956,0.006942131433227662,0.006486757349923572,0.00586410299112002,0.006291597028507533,0.0073138653787820215,0.005873396339758879,0.005278622026871903,0.006124316753008071,0.0051763951918444556,0.004237766979319697,0.004423633952096877,0.006812024552283636,0.00960932249258019,0.00797369313214101
35041,0.0004553740833040903,0.0004367873860263723,0.0004367873860263723,0.0004460807346652313,0.0004646674319429493,0.0004925474778595262,0.0004832541292206673,0.000669121101997847,0.0007434678911087189,0.0009943883043579116,0.0015612825713283095,0.0018586697277717971,0.0021374701869375664,0.002722951151185683,0.003150445188573196,0.00411695344701453,0.0044608073466523126,0.0046095009248740566,0.00539943555917707,0.004061193355181377,0.0036894594096270176,0.003076098399462324,0.003457125693655543,0.00411695344701453,0.0038567396851264795,0.003122565142656619,0.004005433263348223,0.0040983667497368126,0.0034757123909332607,0.0031132717940177603,0.0040983667497368126,0.00375451285009903,0.0035128857854886965,0.004553740833040903,0.005566715834676533,0.004414340603458018,0.006403117212173841,0.00742538556244833,0.008652107582777716,0.00989741630038482,0.009330522033414421,0.009655789235774486,0.006988598176421956,0.006942131433227662,0.006486757349923572,0.00586410299112002,0.006291597028507533,0.0073138653787820215,0.005873396339758879,0.005278622026871903,0.006124316753008071,0.0051763951918444556,0.004237766979319697,0.004423633952096877,0.006812024552283636,0.00960932249258019,0.00797369313214101
35043,0.0004553740833040903,0.0004367873860263723,0.0004367873860263723,0.0004460807346652313,0.0004646674319429493,0.0004925474778595262,0.0004832541292206673,0.000669121101997847,0.0007434678911087189,0.0009943883043579116,0.0015612825713283095,0.0018586697277717971,0.0021374701869375664,0.002722951151185683,0.003150445188573196,0.00411695344701453,0.0044608073466523126,0.0046095009248740566,0.00539943555917707,0.004061193355181377,0.0036894594096270176,0.003076098399462324,0.003457125693655543,0.00411695344701453,0.0038567396851264795,0.003122565142656619,0.004005433263348223,0.0040983667497368126,0.0034757123909332607,0.0031132717940177603,0.0040983667497368126,0.00375451285009903,0.0035128857854886965,0.004553740833040903,0.005566715834676533,0.004414340603458018,0.006403117212173841,0.00742538556244833,0.008652107582777716,0.00989741630038482,0.009330522033414421,0.009655789235774486,0.006988598176421956,0.006942131433227662,0.006486757349923572,0.00586410299112002,0.006291597028507533,0.0073138653787820215,0.005873396339758879,0.005278622026871903,0.006124316753008071,0.0051763951918444556,0.004237766979319697,0.004423633952096877,0.006812024552283636,0.00960932249258019,0.00797369313214101
35045,0.0004553740833040903,0.0004367873860263723,0.0004367873860263723,0.0004460807346652313,0.0004646674319429493,0.0004925474778595262,0.0004832541292206673,0.000669121101997847,0.0007434678911087189,0.0009943883043579116,0.0015612825713283095,0.0018586697277717971,0.0021374701869375664,0.002722951151185683,0.003150445188573196,0.00411695344701453,0.0044608073466523126,0.0046095009248740566,0.00539943555917707,0.004061193355181377,0.0036894594096270176,0.003076098399462324,0.003457125693655543,0.00411695344701453,0.0038567396851264795,0.003122565142656619,0.004005433263348223,0.0040983667497368126,0.0034757123909332607,0.0031132717940177603,0.0040983667497368126,0.00375451285009903,0.0035128857854886965,0.004553740833040903,0.005566715834676533,0.004414340603458018,0.006403117212173841,0.00742538556244833,0.008652107582777716,0.00989741630038482,0.009330522033414421,0.009655789235774486,0.006988598176421956,0.006942131433227662,0.006486757349923572,0.00586410299112002,0.006291597028507533,0.0073138653787820215,0.005873396339758879,0.005278622026871903,0.006124316753008071,0.0051763951918444556,0.004237766979319697,0.004423633952096877,0.006812024552283636,0.00960932249258019,0.00797369313214101
35047,0.0004553740833040903,0.0004367873860263723,0.0004367873860263723,0.0004460807346652313,0.0004646674319429493,0.0004925474778595262,0.0004832541292206673,0.000669121101997847,0.0007434678911087189,0.0009943883043579116,0.0015612825713283095,0.0018586697277717971,0.0021374701869375664,0.002722951151185683,0.003150445188573196,0.00411695344701453,0.0044608073466523126,0.0046095009248740566,0.00539943555917707,0.004061193355181377,0.0036894594096270176,0.003076098399462324,0.003457125693655543,0.00411695344701453,0.0038567396851264795,0.003122565142656619,0.004005433263348223,0.0040983667497368126,0.0034757123909332607,0.0031132717940177603,0.0040983667497368126,0.00375451285009903,0.0035128857854886965,0.004553740833040903,0.005566715834676533,0.004414340603458018,0.006403117212173841,0.00742538556244833,0.008652107582777716,0.00989741630038482,0.009330522033414421,0.009655789235774486,0.006988598176421956,0.006942131433227662,0.006486757349923572,0.00586410299112002,0.006291597028507533,0.0073138653787820215,0.005873396339758879,0.005278622026871903,0.006124316753008071,0.0051763951918444556,0.004237766979319697,0.004423633952096877,0.006812024552283636,0.00960932249258019,0.00797369313214101
35049,0.0004553740833040903,0.0004367873860263723,0.0004367873860263723,0.0004460807346652313,0.0004646674319429493,0.0004925474778595262,0.0004832541292206673,0.000669121101997847,0.0007434678911087189,0.0009943883043579116,0.0015612825713283095,0.0018586697277717971,0.0021374701869375664,0.002722951151185683,0.003150445188573196,0.00411695344701453,0.0044608073466523126,0.0046095009248740566,0.00539943555917707,0.004061193355181377,0.0036894594096270176,0.003076098399462324,0.003457125693655543,0.00411695344701453,0.0038567396851264795,0.003122565142656619,0.004005433263348223,0.0040983667497368126,0.0034757123909332607,0.0031132717940177603,0.0040983667497368126,0.00375451285009903,0.0035128857854886965,0.004553740833040903,0.005566715834676533,0.004414340603458018,0.006403117212173841,0.00742538556244833,0.008652107582777716,0.00989741630038482,0.009330522033414421,0.009655789235774486,0.006988598176421956,0.006942131433227662,0.006486757349923572,0.00586410299112002,0.006291597028507533,0.0073138653787820215,0.005873396339758879,0.005278622026871903,0.006124316753008071,0.0051763951918444556,0.004237766979319697,0.004423633952096877,0.006812024552283636,0.00960932249258019,0.00797369313214101
35051,0.0004553740833040903,0.0004367873860263723,0.0004367873860263723,0.0004460807346652313,0.0004646674319429493,0.0004925474778595262,0.0004832541292206673,0.000669121101997847,0.0007434678911087189,0.0009943883043579116,0.0015612825713283095,0.0018586697277717971,0.0021374701869375664,0.002722951151185683,0.003150445188573196,0.00411695344701453,0.0044608073466523126,0.0046095009248740566,0.00539943555917707,0.004061193355181377,0.0036894594096270176,0.003076098399462324,0.003457125693655543,0.00411695344701453,0.0038567396851264795,0.003122565142656619,0.004005433263348223,0.0040983667497368126,0.0034757123909332607,0.0031132717940177603,0.0040983667497368126,0.00375451285009903,0.0035128857854886965,0.004553740833040903,0.005566715834676533,0.004414340603458018,0.006403117212173841,0.00742538556244833,0.008652107582777716,0.00989741630038482,0.009330522033414421,0.009655789235774486,0.006988598176421956,0.006942131433227662,0.006486757349923572,0.00586410299112002,0.006291597028507533,0.0073138653787820215,0.005873396339758879,0.005278622026871903,0.006124316753008071,0.0051763951918444556,0.004237766979319697,0.004423633952096877,0.006812024552283636,0.00960932249258019,0.00797369313214101
35053,0.0004553740833040903,0.0004367873860263723,0.0004367873860263723,0.0004460807346652313,0.0004646674319429493,0.0004925474778595262,0.0004832541292206673,0.000669121101997847,0.0007434678911087189,0.0009943883043579116,0.0015612825713283095,0.0018586697277717971,0.0021374701869375664,0.002722951151185683,0.003150445188573196,0.00411695344701453,0.0044608073466523126,0.0046095009248740566,0.00539943555917707,0.004061193355181377,0.0036894594096270176,0.003076098399462324,0.003457125693655543,0.00411695344701453,0.0038567396851264795,0.003122565142656619,0.004005433263348223,0.0040983667497368126,0.0034757123909332607,0.0031132717940177603,0.0040983667497368126,0.00375451285009903,0.0035128857854886965,0.004553740833040903,0.005566715834676533,0.004414340603458018,0.006403117212173841,0.00742538556244833,0.008652107582777716,0.00989741630038482,0.009330522033414421,0.009655789235774486,0.006988598176421956,0.006942131433227662,0.006486757349923572,0.00586410299112002,0.006291597028507533,0.0073138653787820215,0.005873396339758879,0.005278622026871903,0.006124316753008071,0.0051763951918444556,0.004237766979319697,0.004423633952096877,0.006812024552283636,0.00960932249258019,0.00797369313214101
35055,0.0004553740833040903,0.0004367873860263723,0.0004367873860263723,0.0004460807346652313,0.0004646674319429493,0.0004925474778595262,0.0004832541292206673,0.000669121101997847,0.0007434678911087189,0.0009943883043579116,0.0015612825713283095,0.0018586697277717971,0.0021374701869375664,0.002722951151185683,0.003150445188573196,0.00411695344701453,0.0044608073466523126,0.0046095009248740566,0.00539943555917707,0.004061193355181377,0.0036894594096270176,0.003076098399462324,0.003457125693655543,0.00411695344701453,0.0038567396851264795,0.003122565142656619,0.004005433263348223,0.0040983667497368126,0.0034757123909332607,0.0031132717940177603,0.0040983667497368126,0.00375451285009903,0.0035128857854886965,0.004553740833040903,0.005566715834676533,0.004414340603458018,0.006403117212173841,0.00742538556244833,0.008652107582777716,0.00989741630038482,0.009330522033414421,0.009655789235774486,0.006988598176421956,0.006942131433227662,0.006486757349923572,0.00586410299112002,0.006291597028507533,0.0073138653787820215,0.005873396339758879,0.005278622026871903,0.006124316753008071,0.0051763951918444556,0.004237766979319697,0.004423633952096877,0.006812024552283636,0.00960932249258019,0.00797369313214101
35057,0.0004553740833040903,0.0004367873860263723,0.0004367873860263723,0.0004460807346652313,0.0004646674319429493,0.0004925474778595262,0.0004832541292206673,0.000669121101997847,0.0007434678911087189,0.0009943883043579116,0.0015612825713283095,0.0018586697277717971,0.0021374701869375664,0.002722951151185683,0.003150445188573196,0.00411695344701453,0.0044608073466523126,0.0046095009248740566,0.00539943555917707,0.004061193355181377,0.0036894594096270176,0.003076098399462324,0.003457125693655543,0.00411695344701453,0.0038567396851264795,0.003122565142656619,0.004005433263348223,0.0040983667497368126,0.0034757123909332607,0.0031132717940177603,0.0040983667497368126,0.00375451285009903,0.0035128857854886965,0.004553740833040903,0.005566715834676533,0.004414340603458018,0.006403117212173841,0.00742538556244833,0.008652107582777716,0.00989741630038482,0.009330522033414421,0.009655789235774486,0.006988598176421956,0.006942131433227662,0.006486757349923572,0.00586410299112002,0.006291597028507533,0.0073138653787820215,0.005873396339758879,0.005278622026871903,0.006124316753008071,0.0051763951918444556,0.004237766979319697,0.004423633952096877,0.006812024552283636,0.00960932249258019,0.00797369313214101
35059,0.0004553740833040903,0.0004367873860263723,0.0004367873860263723,0.0004460807346652313,0.0004646674319429493,0.0004925474778595262,0.0004832541292206673,0.000669121101997847,0.0007434678911087189,0.0009943883043579116,0.0015612825713283095,0.0018586697277717971,0.0021374701869375664,0.002722951151185683,0.003150445188573196,0.00411695344701453,0.0044608073466523126,0.0046095009248740566,0.00539943555917707,0.004061193355181377,0.0036894594096270176,0.003076098399462324,0.003457125693655543,0.00411695344701453,0.0038567396851264795,0.003122565142656619,0.004005433263348223,0.0040983667497368126,0.0034757123909332607,0.0031132717940177603,0.0040983667497368126,0.00375451285009903,0.0035128857854886965,0.004553740833040903,0.005566715834676533,0.004414340603458018,0.006403117212173841,0.00742538556244833,0.008652107582777716,0.00989741630038482,0.009330522033414421,0.009655789235774486,0.006988598176421956,0.006942131433227662,0.006486757349923572,0.00586410299112002,0.006291597028507533,0.0073138653787820215,0.005873396339758879,0.005278622026871903,0.006124316753008071,0.0051763951918444556,0.004237766979319697,0.004423633952096877,0.006812024552283636,0.00960932249258019,0.00797369313214101
35061,0.0004553740833040903,0.0004367873860263723,0.0004367873860263723,0.0004460807346652313,0.0004646674319429493,0.0004925474778595262,0.0004832541292206673,0.000669121101997847,0.0007434678911087189,0.0009943883043579116,0.0015612825713283095,0.0018586697277717971,0.0021374701869375664,0.002722951151185683,0.003150445188573196,0.00411695344701453,0.0044608073466523126,0.0046095009248740566,0.00539943555917707,0.004061193355181377,0.0036894594096270176,0.003076098399462324,0.003457125693655543,0.00411695344701453,0.0038567396851264795,0.003122565142656619,0.004005433263348223,0.0040983667497368126,0.0034757123909332607,0.0031132717940177603,0.0040983667497368126,0.00375451285009903,0.0035128857854886965,0.004553740833040903,0.005566715834676533,0.004414340603458018,0.006403117212173841,0.00742538556244833,0.008652107582777716,0.00989741630038482,0.009330522033414421,0.009655789235774486,0.006988598176421956,0.006942131433227662,0.006486757349923572,0.00586410299112002,0.006291597028507533,0.0073138653787820215,0.005873396339758879,0.005278622026871903,0.006124316753008071,0.0051763951918444556,0.004237766979319697,0.004423633952096877,0.006812024552283636,0.00960932249258019,0.00797369313214101
36001,0.0011337885339407962,0.0011059084880242192,0.0011059084880242192,0.0011059084880242192,0.0011802552771350912,0.0012081353230516683,0.001273188763523681,0.0014776424335785788,0.0018586697277717971,0.0021839369301318618,0.002648604362074811,0.0028344713348519906,0.0032526720236006447,0.003968259868792787,0.004395753906180301,0.005092755054094724,0.006022089917980623,0.005808342899286866,0.005678236018342841,0.0053622621646216345,0.004804661246290095,0.005009114916344993,0.00522286193503875,0.005194981889122173,0.005083461705455865,0.005343675467343917,0.005724702761537135,0.0060499699638971996,0.005668942669703981,0.006393823863534982,0.006031383266619482,0.005650355972426263,0.004786074549012378,0.007220931892393432,0.008930908041943485,0.005966329826147468,0.007992279829418728,0.009395575473886433,0.010966151393853603,0.011068378228881052,0.01098473809113132,0.011951246349572654,0.009962469740856832,0.010111163319078577,0.008661400931416575,0.0072859853328654444,0.0074346789110871885,0.007722772718891818,0.006375237166257265,0.005752582807453712,0.006384530514896123,0.006839904598200213,0.006700504368617329,0.006393823863534982,0.007351038773337457,0.009581442446663615,0.009033134876970935
36003,0.0011337885339407962,0.0011059084880242192,0.0011059084880242192,0.0011059084880242192,0.0011802552771350912,0.0012081353230516683,0.001273188763523681,0.0014776424335785788,0.0018586697277717971,0.0021839369301318618,0.002648604362074811,0.0028344713348519906,0.0032526720236006447,0.003968259868792787,0.004395753906180301,0.005092755054094724,0.006022089917980623,0.005808342899286866,0.005678236018342841,0.0053622621646216345,0.004804661246290095,0.005009114916344993,0.00522286193503875,0.005194981889122173,0.005083461705455865,0.005343675467343917,0.005724702761537135,0.0060499699638971996,0.005668942669703981,0.006393823863534982,0.006031383266619482,0.005650355972426263,0.004786074549012378,0.007220931892393432,0.008930908041943485,0.005966329826147468,0.007992279829418728,0.009395575473886433,0.010966151393853603,0.011068378228881052,0.01098473809113132,0.011951246349572654,0.009962469740856832,0.010111163319078577,0.008661400931416575,0.0072859853328654444,0.0074346789110871885,0.007722772718891818,0.006375237166257265,0.005752582807453712,0.006384530514896123,0.006839904598200213,0.006700504368617329,0.006393823863534982,0.007351038773337457,0.009581442446663615,0.009033134876970935
36005,0.0011337885339407962,0.0011059084880242192,0.0011059084880242192,0.0011059084880242192,0.0011802552771350912,0.0012081353230516683,0.001273188763523681,0.0014776424335785788,0.0018586697277717971,0.0021839369301318618,0.002648604362074811,0.0028344713348519906,0.0032526720236006447,0.003968259868792787,0.004395753906180301,0.005092755054094724,0.006022089917980623,0.005808342899286866,0.005678236018342841,0.0053622621646216345,0.004804661246290095,0.005009114916344993,0.00522286193503875,0.005194981889122173,0.005083461705455865,0.005343675467343917,0.005724702761537135,0.0060499699638971996,0.005668942669703981,0.006393823863534982,0.006031383266619482,0.005650355972426263,0.004786074549012378,0.007220931892393432,0.008930908041943485,0.005966329826147468,0.007992279829418728,0.009395575473886433,0.010966151393853603,0.011068378228881052,0.01098473809113132,0.011951246349572654,0.009962469740856832,0.010111163319078577,0.008661400931416575,0.0072859853328654444,0.0074346789110871885,0.007722772718891818,0.006375237166257265,0.005752582807453712,0.006384530514896123,0.006839904598200213,0.006700504368617329,0.006393823863534982,0.007351038773337457,0.009581442446663615,0.009033134876970935
36007,0.0011337885339407962,0.0011059084880242192,0.0011059084880242192,0.0011059084880242192,0.0011802552771350912,0.0012081353230516683,0.001273188763523681,0.0014776424335785788,0.0018586697277717971,0.0021839369301318618,0.002648604362074811,0.0028344713348519906,0.0032526720236006447,0.003968259868792787,0.004395753906180301,0.005092755054094724,0.006022089917980623,0.005808342899286866,0.005678236018342841,0.0053622621646216345,0.004804661246290095,0.005009114916344993,0.00522286193503875,0.005194981889122173,0.005083461705455865,0.005343675467343917,0.005724702761537135,0.0060499699638971996,0.005668942669703981,0.006393823863534982,0.006031383266619482,0.005650355972426263,0.004786074549012378,0.007220931892393432,0.008930908041943485,0.005966329826147468,0.007992279829418728,0.009395575473886433,0.010966151393853603,0.011068378228881052,0.01098473809113132,0.011951246349572654,0.009962469740856832,0.010111163319078577,0.008661400931416575,0.0072859853328654444,0.0074346789110871885,0.007722772718891818,0.006375237166257265,0.005752582807453712,0.006384530514896123,0.006839904598200213,0.006700504368617329,0.006393823863534982,0.007351038773337457,0.009581442446663615,0.009033134876970935
36009,0.0011337885339407962,0.0011059084880242192,0.0011059084880242192,0.0011059084880242192,0.0011802552771350912,0.0012081353230516683,0.001273188763523681,0.0014776424335785788,0.0018586697277717971,0.0021839369301318618,0.002648604362074811,0.0028344713348519906,0.0032526720236006447,0.003968259868792787,0.004395753906180301,0.005092755054094724,0.006022089917980623,0.005808342899286866,0.005678236018342841,0.0053622621646216345,0.004804661246290095,0.005009114916344993,0.00522286193503875,0.005194981889122173,0.005083461705455865,0.005343675467343917,0.005724702761537135,0.0060499699638971996,0.005668942669703981,0.006393823863534982,0.006031383266619482,0.005650355972426263,0.004786074549012378,0.007220931892393432,0.008930908041943485,0.005966329826147468,0.007992279829418728,0.009395575473886433,0.010966151393853603,0.011068378228881052,0.01098473809113132,0.011951246349572654,0.009962469740856832,0.010111163319078577,0.008661400931416575,0.0072859853328654444,0.0074346789110871885,0.007722772718891818,0.006375237166257265,0.005752582807453712,0.006384530514896123,0.006839904598200213,0.006700504368617329,0.006393823863534982,0.007351038773337457,0.009581442446663615,0.009033134876970935
36011,0.0011337885339407962,0.0011059084880242192,0.0011059084880242192,0.0011059084880242192,0.0011802552771350912,0.0012081353230516683,0.001273188763523681,0.0014776424335785788,0.0018586697277717971,0.0021839369301318618,0.002648604362074811,0.0028344713348519906,0.0032526720236006447,0.003968259868792787,0.004395753906180301,0.005092755054094724,0.006022089917980623,0.005808342899286866,0.005678236018342841,0.0053622621646216345,0.004804661246290095,0.005009114916344993,0.00522286193503875,0.005194981889122173,0.005083461705455865,0.005343675467343917,0.005724702761537135,0.0060499699638971996,0.005668942669703981,0.006393823863534982,0.006031383266619482,0.005650355972426263,0.004786074549012378,0.007220931892393432,0.008930908041943485,0.005966329826147468,0.007992279829418728,0.009395575473886433,0.010966151393853603,0.011068378228881052,0.01098473809113132,0.011951246349572654,0.009962469740856832,0.010111163319078577,0.008661400931416575,0.0072859853328654444,0.0074346789110871885,0.007722772718891818,0.006375237166257265,0.005752582807453712,0.006384530514896123,0.006839904598200213,0.006700504368617329,0.006393823863534982,0.007351038773337457,0.009581442446663615,0.009033134876970935
36013,0.0011337885339407962,0.0011059084880242192,0.0011059084880242192,0.0011059084880242192,0.0011802552771350912,0.0012081353230516683,0.001273188763523681,0.0014776424335785788,0.0018586697277717971,0.0021839369301318618,0.002648604362074811,0.0028344713348519906,0.0032526720236006447,0.003968259868792787,0.004395753906180301,0.005092755054094724,0.006022089917980623,0.005808342899286866,0.005678236018342841,0.0053622621646216345,0.004804661246290095,0.005009114916344993,0.00522286193503875,0.005194981889122173,0.005083461705455865,0.005343675467343917,0.005724702761537135,0.0060499699638971996,0.005668942669703981,0.006393823863534982,0.006031383266619482,0.005650355972426263,0.004786074549012378,0.007220931892393432,0.008930908041943485,0.005966329826147468,0.007992279829418728,0.009395575473886433,0.010966151393853603,0.011068378228881052,0.01098473809113132,0.011951246349572654,0.009962469740856832,0.010111163319078577,0.008661400931416575,0.0072859853328654444,0.0074346789110871885,0.007722772718891818,0.006375237166257265,0.005752582807453712,0.006384530514896123,0.006839904598200213,0.006700504368617329,0.006393823863534982,0.007351038773337457,0.009581442446663615,0.009033134876970935
36015,0.0011337885339407962,0.0011059084880242192,0.0011059084880242192,0.0011059084880242192,0.0011802552771350912,0.0012081353230516683,0.001273188763523681,0.0014776424335785788,0.0018586697277717971,0.0021839369301318618,0.002648604362074811,0.0028344713348519906,0.0032526720236006447,0.003968259868792787,0.004395753906180301,0.005092755054094724,0.006022089917980623,0.005808342899286866,0.005678236018342841,0.0053622621646216345,0.004804661246290095,0.005009114916344993,0.00522286193503875,0.005194981889122173,0.005083461705455865,0.005343675467343917,0.005724702761537135,0.0060499699638971996,0.005668942669703981,0.006393823863534982,0.006031383266619482,0.005650355972426263,0.004786074549012378,0.007220931892393432,0.008930908041943485,0.005966329826147468,0.007992279829418728,0.009395575473886433,0.010966151393853603,0.011068378228881052,0.01098473809113132,0.011951246349572654,0.009962469740856832,0.010111163319078577,0.008661400931416575,0.0072859853328654444,0.0074346789110871885,0.007722772718891818,0.006375237166257265,0.005752582807453712,0.006384530514896123,0.006839904598200213,0.006700504368617329,0.006393823863534982,0.007351038773337457,0.009581442446663615,0.009033134876970935
36017,0.0011337885339407962,0.0011059084880242192,0.0011059084880242192,0.0011059084880242192,0.0011802552771350912,0.0012081353230516683,0.001273188763523681,0.0014776424335785788,0.0018586697277717971,0.0021839369301318618,0.002648604362074811,0.0028344713348519906,0.0032526720236006447,0.003968259868792787,0.004395753906180301,0.005092755054094724,0.006022089917980623,0.005808342899286866,0.005678236018342841,0.0053622621646216345,0.004804661246290095,0.005009114916344993,0.00522286193503875,0.005194981889122173,0.005083461705455865,0.005343675467343917,0.005724702761537135,0.0060499699638971996,0.005668942669703981,0.006393823863534982,0.006031383266619482,0.005650355972426263,0.004786074549012378,0.007220931892393432,0.008930908041943485,0.005966329826147468,0.007992279829418728,0.009395575473886433,0.010966151393853603,0.011068378228881052,0.01098473809113132,0.011951246349572654,0.009962469740856832,0.010111163319078577,0.008661400931416575,0.0072859853328654444,0.0074346789110871885,0.007722772718891818,0.006375237166257265,0.005752582807453712,0.006384530514896123,0.006839904598200213,0.006700504368617329,0.006393823863534982,0.007351038773337457,0.009581442446663615,0.009033134876970935
36019,0.0011337885339407962,0.0011059084880242192,0.0011059084880242192,0.0011059084880242192,0.0011802552771350912,0.0012081353230516683,0.001273188763523681,0.0014776424335785788,0.0018586697277717971,0.0021839369301318618,0.002648604362074811,0.0028344713348519906,0.0032526720236006447,0.003968259868792787,0.004395753906180301,0.005092755054094724,0.006022089917980623,0.005808342899286866,0.005678236018342841,0.0053622621646216345,0.004804661246290095,0.005009114916344993,0.00522286193503875,0.005194981889122173,0.005083461705455865,0.005343675467343917,0.005724702761537135,0.0060499699638971996,0.005668942669703981,0.006393823863534982,0.006031383266619482,0.005650355972426263,0.004786074549012378,0.007220931892393432,0.008930908041943485,0.005966329826147468,0.007992279829418728,0.009395575473886433,0.010966151393853603,0.011068378228881052,0.01098473809113132,0.011951246349572654,0.009962469740856832,0.010111163319078577,0.008661400931416575,0.0072859853328654444,0.0074346789110871885,0.007722772718891818,0.006375237166257265,0.005752582807453712,0.006384530514896123,0.006839904598200213,0.006700504368617329,0.006393823863534982,0.007351038773337457,0.009581442446663615,0.009033134876970935
36021,0.0011337885339407962,0.0011059084880242192,0.0011059084880242192,0.0011059084880242192,0.0011802552771350912,0.0012081353230516683,0.001273188763523681,0.0014776424335785788,0.0018586697277717971,0.0021839369301318618,0.002648604362074811,0.0028344713348519906,0.0032526720236006447,0.003968259868792787,0.004395753906180301,0.005092755054094724,0.006022089917980623,0.005808342899286866,0.005678236018342841,0.0053622621646216345,0.004804661246290095,0.005009114916344993,0.00522286193503875,0.005194981889122173,0.005083461705455865,0.005343675467343917,0.005724702761537135,0.0060499699638971996,0.005668942669703981,0.006393823863534982,0.006031383266619482,0.005650355972426263,0.004786074549012378,0.007220931892393432,0.008930908041943485,0.005966329826147468,0.007992279829418728,0.009395575473886433,0.010966151393853603,0.011068378228881052,0.01098473809113132,0.011951246349572654,0.009962469740856832,0.010111163319078577,0.008661400931416575,0.0072859853328654444,0.0074346789110871885,0.007722772718891818,0.006375237166257265,0.005752582807453712,0.006384530514896123,0.006839904598200213,0.006700504368617329,0.006393823863534982,0.007351038773337457,0.009581442446663615,0.009033134876970935
36023,0.0011337885339407962,0.0011059084880242192,0.0011059084880242192,0.0011059084880242192,0.0011802552771350912,0.0012081353230516683,0.001273188763523681,0.0014776424335785788,0.0018586697277717971,0.0021839369301318618,0.002648604362074811,0.0028344713348519906,0.0032526720236006447,0.003968259868792787,0.004395753906180301,0.005092755054094724,0.006022089917980623,0.005808342899286866,0.005678236018342841,0.0053622621646216345,0.004804661246290095,0.005009114916344993,0.00522286193503875,0.005194981889122173,0.005083461705455865,0.005343675467343917,0.005724702761537135,0.0060499699638971996,0.005668942669703981,0.006393823863534982,0.006031383266619482,0.005650355972426263,0.004786074549012378,0.007220931892393432,0.008930908041943485,0.005966329826147468,0.007992279829418728,0.009395575473886433,0.010966151393853603,0.011068378228881052,0.01098473809113132,0.011951246349572654,0.009962469740856832,0.010111163319078577,0.008661400931416575,0.0072859853328654444,0.0074346789110871885,0.007722772718891818,0.006375237166257265,0.005752582807453712,0.006384530514896123,0.006839904598200213,0.006700504368617329,0.006393823863534982,0.007351038773337457,0.009581442446663615,0.009033134876970935
36025,0.0011337885339407962,0.0011059084880242192,0.0011059084880242192,0.0011059084880242192,0.0011802552771350912,0.0012081353230516683,0.001273188763523681,0.0014776424335785788,0.0018586697277717971,0.0021839369301318618,0.002648604362074811,0.0028344713348519906,0.0032526720236006447,0.003968259868792787,0.004395753906180301,0.005092755054094724,0.006022089917980623,0.005808342899286866,0.005678236018342841,0.0053622621646216345,0.004804661246290095,0.005009114916344993,0.00522286193503875,0.005194981889122173,0.005083461705455865,0.005343675467343917,0.005724702761537135,0.0060499699638971996,0.005668942669703981,0.006393823863534982,0.006031383266619482,0.005650355972426263,0.004786074549012378,0.007220931892393432,0.008930908041943485,0.005966329826147468,0.007992279829418728,0.009395575473886433,0.010966151393853603,0.011068378228881052,0.01098473809113132,0.011951246349572654,0.009962469740856832,0.010111163319078577,0.008661400931416575,0.0072859853328654444,0.0074346789110871885,0.007722772718891818,0.006375237166257265,0.005752582807453712,0.006384530514896123,0.006839904598200213,0.006700504368617329,0.006393823863534982,0.007351038773337457,0.009581442446663615,0.009033134876970935
36027,0.0011337885339407962,0.0011059084880242192,0.0011059084880242192,0.0011059084880242192,0.0011802552771350912,0.0012081353230516683,0.001273188763523681,0.0014776424335785788,0.0018586697277717971,0.0021839369301318618,0.002648604362074811,0.0028344713348519906,0.0032526720236006447,0.003968259868792787,0.004395753906180301,0.005092755054094724,0.006022089917980623,0.005808342899286866,0.005678236018342841,0.0053622621646216345,0.004804661246290095,0.005009114916344993,0.00522286193503875,0.005194981889122173,0.005083461705455865,0.005343675467343917,0.005724702761537135,0.0060499699638971996,0.005668942669703981,0.006393823863534982,0.006031383266619482,0.005650355972426263,0.004786074549012378,0.007220931892393432,0.008930908041943485,0.005966329826147468,0.007992279829418728,0.009395575473886433,0.010966151393853603,0.011068378228881052,0.01098473809113132,0.011951246349572654,0.009962469740856832,0.010111163319078577,0.008661400931416575,0.0072859853328654444,0.0074346789110871885,0.007722772718891818,0.006375237166257265,0.005752582807453712,0.006384530514896123,0.006839904598200213,0.006700504368617329,0.006393823863534982,0.007351038773337457,0.009581442446663615,0.009033134876970935
36029,0.0011337885339407962,0.0011059084880242192,0.0011059084880242192,0.0011059084880242192,0.0011802552771350912,0.0012081353230516683,0.001273188763523681,0.0014776424335785788,0.0018586697277717971,0.0021839369301318618,0.002648604362074811,0.0028344713348519906,0.0032526720236006447,0.003968259868792787,0.004395753906180301,0.005092755054094724,0.006022089917980623,0.005808342899286866,0.005678236018342841,0.0053622621646216345,0.004804661246290095,0.005009114916344993,0.00522286193503875,0.005194981889122173,0.005083461705455865,0.005343675467343917,0.005724702761537135,0.0060499699638971996,0.005668942669703981,0.006393823863534982,0.006031383266619482,0.005650355972426263,0.004786074549012378,0.007220931892393432,0.008930908041943485,0.005966329826147468,0.007992279829418728,0.009395575473886433,0.010966151393853603,0.011068378228881052,0.01098473809113132,0.011951246349572654,0.009962469740856832,0.010111163319078577,0.008661400931416575,0.0072859853328654444,0.0074346789110871885,0.007722772718891818,0.006375237166257265,0.005752582807453712,0.006384530514896123,0.006839904598200213,0.006700504368617329,0.006393823863534982,0.007351038773337457,0.009581442446663615,0.009033134876970935
36031,0.0011337885339407962,0.0011059084880242192,0.0011059084880242192,0.0011059084880242192,0.0011802552771350912,0.0012081353230516683,0.001273188763523681,0.0014776424335785788,0.0018586697277717971,0.0021839369301318618,0.002648604362074811,0.0028344713348519906,0.0032526720236006447,0.003968259868792787,0.004395753906180301,0.005092755054094724,0.006022089917980623,0.005808342899286866,0.005678236018342841,0.0053622621646216345,0.004804661246290095,0.005009114916344993,0.00522286193503875,0.005194981889122173,0.005083461705455865,0.005343675467343917,0.005724702761537135,0.0060499699638971996,0.005668942669703981,0.006393823863534982,0.006031383266619482,0.005650355972426263,0.004786074549012378,0.007220931892393432,0.008930908041943485,0.005966329826147468,0.007992279829418728,0.009395575473886433,0.010966151393853603,0.011068378228881052,0.01098473809113132,0.011951246349572654,0.009962469740856832,0.010111163319078577,0.008661400931416575,0.0072859853328654444,0.0074346789110871885,0.007722772718891818,0.006375237166257265,0.005752582807453712,0.006384530514896123,0.006839904598200213,0.006700504368617329,0.006393823863534982,0.007351038773337457,0.009581442446663615,0.009033134876970935
36033,0.0011337885339407962,0.0011059084880242192,0.0011059084880242192,0.0011059084880242192,0.0011802552771350912,0.0012081353230516683,0.001273188763523681,0.0014776424335785788,0.0018586697277717971,0.0021839369301318618,0.002648604362074811,0.0028344713348519906,0.0032526720236006447,0.003968259868792787,0.004395753906180301,0.005092755054094724,0.006022089917980623,0.005808342899286866,0.005678236018342841,0.0053622621646216345,0.004804661246290095,0.005009114916344993,0.00522286193503875,0.005194981889122173,0.005083461705455865,0.005343675467343917,0.005724702761537135,0.0060499699638971996,0.005668942669703981,0.006393823863534982,0.006031383266619482,0.005650355972426263,0.004786074549012378,0.007220931892393432,0.008930908041943485,0.005966329826147468,0.007992279829418728,0.009395575473886433,0.010966151393853603,0.011068378228881052,0.01098473809113132,0.011951246349572654,0.009962469740856832,0.010111163319078577,0.008661400931416575,0.0072859853328654444,0.0074346789110871885,0.007722772718891818,0.006375237166257265,0.005752582807453712,0.006384530514896123,0.006839904598200213,0.006700504368617329,0.006393823863534982,0.007351038773337457,0.009581442446663615,0.009033134876970935
36035,0.0011337885339407962,0.0011059084880242192,0.0011059084880242192,0.0011059084880242192,0.0011802552771350912,0.0012081353230516683,0.001273188763523681,0.0014776424335785788,0.0018586697277717971,0.0021839369301318618,0.002648604362074811,0.0028344713348519906,0.0032526720236006447,0.003968259868792787,0.004395753906180301,0.005092755054094724,0.006022089917980623,0.005808342899286866,0.005678236018342841,0.0053622621646216345,0.004804661246290095,0.005009114916344993,0.00522286193503875,0.005194981889122173,0.005083461705455865,0.005343675467343917,0.005724702761537135,0.0060499699638971996,0.005668942669703981,0.006393823863534982,0.006031383266619482,0.005650355972426263,0.004786074549012378,0.007220931892393432,0.008930908041943485,0.005966329826147468,0.007992279829418728,0.009395575473886433,0.010966151393853603,0.011068378228881052,0.01098473809113132,0.011951246349572654,0.009962469740856832,0.010111163319078577,0.008661400931416575,0.0072859853328654444,0.0074346789110871885,0.007722772718891818,0.006375237166257265,0.005752582807453712,0.006384530514896123,0.006839904598200213,0.006700504368617329,0.006393823863534982,0.007351038773337457,0.009581442446663615,0.009033134876970935
36037,0.0011337885339407962,0.0011059084880242192,0.0011059084880242192,0.0011059084880242192,0.0011802552771350912,0.0012081353230516683,0.001273188763523681,0.0014776424335785788,0.0018586697277717971,0.0021839369301318618,0.002648604362074811,0.0028344713348519906,0.0032526720236006447,0.003968259868792787,0.004395753906180301,0.005092755054094724,0.006022089917980623,0.005808342899286866,0.005678236018342841,0.0053622621646216345,0.004804661246290095,0.005009114916344993,0.00522286193503875,0.005194981889122173,0.005083461705455865,0.005343675467343917,0.005724702761537135,0.0060499699638971996,0.005668942669703981,0.006393823863534982,0.006031383266619482,0.005650355972426263,0.004786074549012378,0.007220931892393432,0.008930908041943485,0.005966329826147468,0.007992279829418728,0.009395575473886433,0.010966151393853603,0.011068378228881052,0.01098473809113132,0.011951246349572654,0.009962469740856832,0.010111163319078577,0.008661400931416575,0.0072859853328654444,0.0074346789110871885,0.007722772718891818,0.006375237166257265,0.005752582807453712,0.006384530514896123,0.006839904598200213,0.006700504368617329,0.006393823863534982,0.007351038773337457,0.009581442446663615,0.009033134876970935
36039,0.0011337885339407962,0.0011059084880242192,0.0011059084880242192,0.0011059084880242192,0.0011802552771350912,0.0012081353230516683,0.001273188763523681,0.0014776424335785788,0.0018586697277717971,0.0021839369301318618,0.002648604362074811,0.0028344713348519906,0.0032526720236006447,0.003968259868792787,0.004395753906180301,0.005092755054094724,0.006022089917980623,0.005808342899286866,0.005678236018342841,0.0053622621646216345,0.004804661246290095,0.005009114916344993,0.00522286193503875,0.005194981889122173,0.005083461705455865,0.005343675467343917,0.005724702761537135,0.0060499699638971996,0.005668942669703981,0.006393823863534982,0.006031383266619482,0.005650355972426263,0.004786074549012378,0.007220931892393432,0.008930908041943485,0.005966329826147468,0.007992279829418728,0.009395575473886433,0.010966151393853603,0.011068378228881052,0.01098473809113132,0.011951246349572654,0.009962469740856832,0.010111163319078577,0.008661400931416575,0.0072859853328654444,0.0074346789110871885,0.007722772718891818,0.006375237166257265,0.005752582807453712,0.006384530514896123,0.006839904598200213,0.006700504368617329,0.006393823863534982,0.007351038773337457,0.009581442446663615,0.009033134876970935
36041,0.0011337885339407962,0.0011059084880242192,0.0011059084880242192,0.0011059084880242192,0.0011802552771350912,0.0012081353230516683,0.001273188763523681,0.0014776424335785788,0.0018586697277717971,0.0021839369301318618,0.002648604362074811,0.0028344713348519906,0.0032526720236006447,0.003968259868792787,0.004395753906180301,0.005092755054094724,0.006022089917980623,0.005808342899286866,0.005678236018342841,0.0053622621646216345,0.004804661246290095,0.005009114916344993,0.00522286193503875,0.005194981889122173,0.005083461705455865,0.005343675467343917,0.005724702761537135,0.0060499699638971996,0.005668942669703981,0.006393823863534982,0.006031383266619482,0.005650355972426263,0.004786074549012378,0.007220931892393432,0.008930908041943485,0.005966329826147468,0.007992279829418728,0.009395575473886433,0.010966151393853603,0.011068378228881052,0.01098473809113132,0.011951246349572654,0.009962469740856832,0.010111163319078577,0.008661400931416575,0.0072859853328654444,0.0074346789110871885,0.007722772718891818,0.006375237166257265,0.005752582807453712,0.006384530514896123,0.006839904598200213,0.006700504368617329,0.006393823863534982,0.007351038773337457,0.009581442446663615,0.009033134876970935
36043,0.0011337885339407962,0.0011059084880242192,0.0011059084880242192,0.0011059084880242192,0.0011802552771350912,0.0012081353230516683,0.001273188763523681,0.0014776424335785788,0.0018586697277717971,0.0021839369301318618,0.002648604362074811,0.0028344713348519906,0.0032526720236006447,0.003968259868792787,0.004395753906180301,0.005092755054094724,0.006022089917980623,0.005808342899286866,0.005678236018342841,0.0053622621646216345,0.004804661246290095,0.005009114916344993,0.00522286193503875,0.005194981889122173,0.005083461705455865,0.005343675467343917,0.005724702761537135,0.0060499699638971996,0.005668942669703981,0.006393823863534982,0.006031383266619482,0.005650355972426263,0.004786074549012378,0.007220931892393432,0.008930908041943485,0.005966329826147468,0.007992279829418728,0.009395575473886433,0.010966151393853603,0.011068378228881052,0.01098473809113132,0.011951246349572654,0.009962469740856832,0.010111163319078577,0.008661400931416575,0.0072859853328654444,0.0074346789110871885,0.007722772718891818,0.006375237166257265,0.005752582807453712,0.006384530514896123,0.006839904598200213,0.006700504368617329,0.006393823863534982,0.007351038773337457,0.009581442446663615,0.009033134876970935
36045,0.0011337885339407962,0.0011059084880242192,0.0011059084880242192,0.0011059084880242192,0.0011802552771350912,0.0012081353230516683,0.001273188763523681,0.0014776424335785788,0.0018586697277717971,0.0021839369301318618,0.002648604362074811,0.0028344713348519906,0.0032526720236006447,0.003968259868792787,0.004395753906180301,0.005092755054094724,0.006022089917980623,0.005808342899286866,0.005678236018342841,0.0053622621646216345,0.004804661246290095,0.005009114916344993,0.00522286193503875,0.005194981889122173,0.005083461705455865,0.005343675467343917,0.005724702761537135,0.0060499699638971996,0.005668942669703981,0.006393823863534982,0.006031383266619482,0.005650355972426263,0.004786074549012378,0.007220931892393432,0.008930908041943485,0.005966329826147468,0.007992279829418728,0.009395575473886433,0.010966151393853603,0.011068378228881052,0.01098473809113132,0.011951246349572654,0.009962469740856832,0.010111163319078577,0.008661400931416575,0.0072859853328654444,0.0074346789110871885,0.007722772718891818,0.006375237166257265,0.005752582807453712,0.006384530514896123,0.006839904598200213,0.006700504368617329,0.006393823863534982,0.007351038773337457,0.009581442446663615,0.009033134876970935
36047,0.0011337885339407962,0.0011059084880242192,0.0011059084880242192,0.0011059084880242192,0.0011802552771350912,0.0012081353230516683,0.001273188763523681,0.0014776424335785788,0.0018586697277717971,0.0021839369301318618,0.002648604362074811,0.0028344713348519906,0.0032526720236006447,0.003968259868792787,0.004395753906180301,0.005092755054094724,0.006022089917980623,0.005808342899286866,0.005678236018342841,0.0053622621646216345,0.004804661246290095,0.005009114916344993,0.00522286193503875,0.005194981889122173,0.005083461705455865,0.005343675467343917,0.005724702761537135,0.0060499699638971996,0.005668942669703981,0.006393823863534982,0.006031383266619482,0.005650355972426263,0.004786074549012378,0.007220931892393432,0.008930908041943485,0.005966329826147468,0.007992279829418728,0.009395575473886433,0.010966151393853603,0.011068378228881052,0.01098473809113132,0.011951246349572654,0.009962469740856832,0.010111163319078577,0.008661400931416575,0.0072859853328654444,0.0074346789110871885,0.007722772718891818,0.006375237166257265,0.005752582807453712,0.006384530514896123,0.006839904598200213,0.006700504368617329,0.006393823863534982,0.007351038773337457,0.009581442446663615,0.009033134876970935
36049,0.0011337885339407962,0.0011059084880242192,0.0011059084880242192,0.0011059084880242192,0.0011802552771350912,0.0012081353230516683,0.001273188763523681,0.0014776424335785788,0.0018586697277717971,0.0021839369301318618,0.002648604362074811,0.0028344713348519906,0.0032526720236006447,0.003968259868792787,0.004395753906180301,0.005092755054094724,0.006022089917980623,0.005808342899286866,0.005678236018342841,0.0053622621646216345,0.004804661246290095,0.005009114916344993,0.00522286193503875,0.005194981889122173,0.005083461705455865,0.005343675467343917,0.005724702761537135,0.0060499699638971996,0.005668942669703981,0.006393823863534982,0.006031383266619482,0.005650355972426263,0.004786074549012378,0.007220931892393432,0.008930908041943485,0.005966329826147468,0.007992279829418728,0.009395575473886433,0.010966151393853603,0.011068378228881052,0.01098473809113132,0.011951246349572654,0.009962469740856832,0.010111163319078577,0.008661400931416575,0.0072859853328654444,0.0074346789110871885,0.007722772718891818,0.006375237166257265,0.005752582807453712,0.006384530514896123,0.006839904598200213,0.006700504368617329,0.006393823863534982,0.007351038773337457,0.009581442446663615,0.009033134876970935
36051,0.0011337885339407962,0.0011059084880242192,0.0011059084880242192,0.0011059084880242192,0.0011802552771350912,0.0012081353230516683,0.001273188763523681,0.0014776424335785788,0.0018586697277717971,0.0021839369301318618,0.002648604362074811,0.0028344713348519906,0.0032526720236006447,0.003968259868792787,0.004395753906180301,0.005092755054094724,0.006022089917980623,0.005808342899286866,0.005678236018342841,0.0053622621646216345,0.004804661246290095,0.005009114916344993,0.00522286193503875,0.005194981889122173,0.005083461705455865,0.005343675467343917,0.005724702761537135,0.0060499699638971996,0.005668942669703981,0.006393823863534982,0.006031383266619482,0.005650355972426263,0.004786074549012378,0.007220931892393432,0.008930908041943485,0.005966329826147468,0.007992279829418728,0.009395575473886433,0.010966151393853603,0.011068378228881052,0.01098473809113132,0.011951246349572654,0.009962469740856832,0.010111163319078577,0.008661400931416575,0.0072859853328654444,0.0074346789110871885,0.007722772718891818,0.006375237166257265,0.005752582807453712,0.006384530514896123,0.006839904598200213,0.006700504368617329,0.006393823863534982,0.007351038773337457,0.009581442446663615,0.009033134876970935
36053,0.0011337885339407962,0.0011059084880242192,0.0011059084880242192,0.0011059084880242192,0.0011802552771350912,0.0012081353230516683,0.001273188763523681,0.0014776424335785788,0.0018586697277717971,0.0021839369301318618,0.002648604362074811,0.0028344713348519906,0.0032526720236006447,0.003968259868792787,0.004395753906180301,0.005092755054094724,0.006022089917980623,0.005808342899286866,0.005678236018342841,0.0053622621646216345,0.004804661246290095,0.005009114916344993,0.00522286193503875,0.005194981889122173,0.005083461705455865,0.005343675467343917,0.005724702761537135,0.0060499699638971996,0.005668942669703981,0.006393823863534982,0.006031383266619482,0.005650355972426263,0.004786074549012378,0.007220931892393432,0.008930908041943485,0.005966329826147468,0.007992279829418728,0.009395575473886433,0.010966151393853603,0.011068378228881052,0.01098473809113132,0.011951246349572654,0.009962469740856832,0.010111163319078577,0.008661400931416575,0.0072859853328654444,0.0074346789110871885,0.007722772718891818,0.006375237166257265,0.005752582807453712,0.006384530514896123,0.006839904598200213,0.006700504368617329,0.006393823863534982,0.007351038773337457,0.009581442446663615,0.009033134876970935
36055,0.0011337885339407962,0.0011059084880242192,0.0011059084880242192,0.0011059084880242192,0.0011802552771350912,0.0012081353230516683,0.001273188763523681,0.0014776424335785788,0.0018586697277717971,0.0021839369301318618,0.002648604362074811,0.0028344713348519906,0.0032526720236006447,0.003968259868792787,0.004395753906180301,0.005092755054094724,0.006022089917980623,0.005808342899286866,0.005678236018342841,0.0053622621646216345,0.004804661246290095,0.005009114916344993,0.00522286193503875,0.005194981889122173,0.005083461705455865,0.005343675467343917,0.005724702761537135,0.0060499699638971996,0.005668942669703981,0.006393823863534982,0.006031383266619482,0.005650355972426263,0.004786074549012378,0.007220931892393432,0.008930908041943485,0.005966329826147468,0.007992279829418728,0.009395575473886433,0.010966151393853603,0.011068378228881052,0.01098473809113132,0.011951246349572654,0.009962469740856832,0.010111163319078577,0.008661400931416575,0.0072859853328654444,0.0074346789110871885,0.007722772718891818,0.006375237166257265,0.005752582807453712,0.006384530514896123,0.006839904598200213,0.006700504368617329,0.006393823863534982,0.007351038773337457,0.009581442446663615,0.009033134876970935
36057,0.0011337885339407962,0.0011059084880242192,0.0011059084880242192,0.0011059084880242192,0.0011802552771350912,0.0012081353230516683,0.001273188763523681,0.0014776424335785788,0.0018586697277717971,0.0021839369301318618,0.002648604362074811,0.0028344713348519906,0.0032526720236006447,0.003968259868792787,0.004395753906180301,0.005092755054094724,0.006022089917980623,0.005808342899286866,0.005678236018342841,0.0053622621646216345,0.004804661246290095,0.005009114916344993,0.00522286193503875,0.005194981889122173,0.005083461705455865,0.005343675467343917,0.005724702761537135,0.0060499699638971996,0.005668942669703981,0.006393823863534982,0.006031383266619482,0.005650355972426263,0.004786074549012378,0.007220931892393432,0.008930908041943485,0.005966329826147468,0.007992279829418728,0.009395575473886433,0.010966151393853603,0.011068378228881052,0.01098473809113132,0.011951246349572654,0.009962469740856832,0.010111163319078577,0.008661400931416575,0.0072859853328654444,0.0074346789110871885,0.007722772718891818,0.006375237166257265,0.005752582807453712,0.006384530514896123,0.006839904598200213,0.006700504368617329,0.006393823863534982,0.007351038773337457,0.009581442446663615,0.009033134876970935
36059,0.0011337885339407962,0.0011059084880242192,0.0011059084880242192,0.0011059084880242192,0.0011802552771350912,0.0012081353230516683,0.001273188763523681,0.0014776424335785788,0.0018586697277717971,0.0021839369301318618,0.002648604362074811,0.0028344713348519906,0.0032526720236006447,0.003968259868792787,0.004395753906180301,0.005092755054094724,0.006022089917980623,0.005808342899286866,0.005678236018342841,0.0053622621646216345,0.004804661246290095,0.005009114916344993,0.00522286193503875,0.005194981889122173,0.005083461705455865,0.005343675467343917,0.005724702761537135,0.0060499699638971996,0.005668942669703981,0.006393823863534982,0.006031383266619482,0.005650355972426263,0.004786074549012378,0.007220931892393432,0.008930908041943485,0.005966329826147468,0.007992279829418728,0.009395575473886433,0.010966151393853603,0.011068378228881052,0.01098473809113132,0.011951246349572654,0.009962469740856832,0.010111163319078577,0.008661400931416575,0.0072859853328654444,0.0074346789110871885,0.007722772718891818,0.006375237166257265,0.005752582807453712,0.006384530514896123,0.006839904598200213,0.006700504368617329,0.006393823863534982,0.007351038773337457,0.009581442446663615,0.009033134876970935
36061,0.0011337885339407962,0.0011059084880242192,0.0011059084880242192,0.0011059084880242192,0.0011802552771350912,0.0012081353230516683,0.001273188763523681,0.0014776424335785788,0.0018586697277717971,0.0021839369301318618,0.002648604362074811,0.0028344713348519906,0.0032526720236006447,0.003968259868792787,0.004395753906180301,0.005092755054094724,0.006022089917980623,0.005808342899286866,0.005678236018342841,0.0053622621646216345,0.004804661246290095,0.005009114916344993,0.00522286193503875,0.005194981889122173,0.005083461705455865,0.005343675467343917,0.005724702761537135,0.0060499699638971996,0.005668942669703981,0.006393823863534982,0.006031383266619482,0.005650355972426263,0.004786074549012378,0.007220931892393432,0.008930908041943485,0.005966329826147468,0.007992279829418728,0.009395575473886433,0.010966151393853603,0.011068378228881052,0.01098473809113132,0.011951246349572654,0.009962469740856832,0.010111163319078577,0.008661400931416575,0.0072859853328654444,0.0074346789110871885,0.007722772718891818,0.006375237166257265,0.005752582807453712,0.006384530514896123,0.006839904598200213,0.006700504368617329,0.006393823863534982,0.007351038773337457,0.009581442446663615,0.009033134876970935
36063,0.0011337885339407962,0.0011059084880242192,0.0011059084880242192,0.0011059084880242192,0.0011802552771350912,0.0012081353230516683,0.001273188763523681,0.0014776424335785788,0.0018586697277717971,0.0021839369301318618,0.002648604362074811,0.0028344713348519906,0.0032526720236006447,0.003968259868792787,0.004395753906180301,0.005092755054094724,0.006022089917980623,0.005808342899286866,0.005678236018342841,0.0053622621646216345,0.004804661246290095,0.005009114916344993,0.00522286193503875,0.005194981889122173,0.005083461705455865,0.005343675467343917,0.005724702761537135,0.0060499699638971996,0.005668942669703981,0.006393823863534982,0.006031383266619482,0.005650355972426263,0.004786074549012378,0.007220931892393432,0.008930908041943485,0.005966329826147468,0.007992279829418728,0.009395575473886433,0.010966151393853603,0.011068378228881052,0.01098473809113132,0.011951246349572654,0.009962469740856832,0.010111163319078577,0.008661400931416575,0.0072859853328654444,0.0074346789110871885,0.007722772718891818,0.006375237166257265,0.005752582807453712,0.006384530514896123,0.006839904598200213,0.006700504368617329,0.006393823863534982,0.007351038773337457,0.009581442446663615,0.009033134876970935
36065,0.0011337885339407962,0.0011059084880242192,0.0011059084880242192,0.0011059084880242192,0.0011802552771350912,0.0012081353230516683,0.001273188763523681,0.0014776424335785788,0.0018586697277717971,0.0021839369301318618,0.002648604362074811,0.0028344713348519906,0.0032526720236006447,0.003968259868792787,0.004395753906180301,0.005092755054094724,0.006022089917980623,0.005808342899286866,0.005678236018342841,0.0053622621646216345,0.004804661246290095,0.005009114916344993,0.00522286193503875,0.005194981889122173,0.005083461705455865,0.005343675467343917,0.005724702761537135,0.0060499699638971996,0.005668942669703981,0.006393823863534982,0.006031383266619482,0.005650355972426263,0.004786074549012378,0.007220931892393432,0.008930908041943485,0.005966329826147468,0.007992279829418728,0.009395575473886433,0.010966151393853603,0.011068378228881052,0.01098473809113132,0.011951246349572654,0.009962469740856832,0.010111163319078577,0.008661400931416575,0.0072859853328654444,0.0074346789110871885,0.007722772718891818,0.006375237166257265,0.005752582807453712,0.006384530514896123,0.006839904598200213,0.006700504368617329,0.006393823863534982,0.007351038773337457,0.009581442446663615,0.009033134876970935
36067,0.0011337885339407962,0.0011059084880242192,0.0011059084880242192,0.0011059084880242192,0.0011802552771350912,0.0012081353230516683,0.001273188763523681,0.0014776424335785788,0.0018586697277717971,0.0021839369301318618,0.002648604362074811,0.0028344713348519906,0.0032526720236006447,0.003968259868792787,0.004395753906180301,0.005092755054094724,0.006022089917980623,0.005808342899286866,0.005678236018342841,0.0053622621646216345,0.004804661246290095,0.005009114916344993,0.00522286193503875,0.005194981889122173,0.005083461705455865,0.005343675467343917,0.005724702761537135,0.0060499699638971996,0.005668942669703981,0.006393823863534982,0.006031383266619482,0.005650355972426263,0.004786074549012378,0.007220931892393432,0.008930908041943485,0.005966329826147468,0.007992279829418728,0.009395575473886433,0.010966151393853603,0.011068378228881052,0.01098473809113132,0.011951246349572654,0.009962469740856832,0.010111163319078577,0.008661400931416575,0.0072859853328654444,0.0074346789110871885,0.007722772718891818,0.006375237166257265,0.005752582807453712,0.006384530514896123,0.006839904598200213,0.006700504368617329,0.006393823863534982,0.007351038773337457,0.009581442446663615,0.009033134876970935
36069,0.0011337885339407962,0.0011059084880242192,0.0011059084880242192,0.0011059084880242192,0.0011802552771350912,0.0012081353230516683,0.001273188763523681,0.0014776424335785788,0.0018586697277717971,0.0021839369301318618,0.002648604362074811,0.0028344713348519906,0.0032526720236006447,0.003968259868792787,0.004395753906180301,0.005092755054094724,0.006022089917980623,0.005808342899286866,0.005678236018342841,0.0053622621646216345,0.004804661246290095,0.005009114916344993,0.00522286193503875,0.005194981889122173,0.005083461705455865,0.005343675467343917,0.005724702761537135,0.0060499699638971996,0.005668942669703981,0.006393823863534982,0.006031383266619482,0.005650355972426263,0.004786074549012378,0.007220931892393432,0.008930908041943485,0.005966329826147468,0.007992279829418728,0.009395575473886433,0.010966151393853603,0.011068378228881052,0.01098473809113132,0.011951246349572654,0.009962469740856832,0.010111163319078577,0.008661400931416575,0.0072859853328654444,0.0074346789110871885,0.007722772718891818,0.006375237166257265,0.005752582807453712,0.006384530514896123,0.006839904598200213,0.006700504368617329,0.006393823863534982,0.007351038773337457,0.009581442446663615,0.009033134876970935
36071,0.0011337885339407962,0.0011059084880242192,0.0011059084880242192,0.0011059084880242192,0.0011802552771350912,0.0012081353230516683,0.001273188763523681,0.0014776424335785788,0.0018586697277717971,0.0021839369301318618,0.002648604362074811,0.0028344713348519906,0.0032526720236006447,0.003968259868792787,0.004395753906180301,0.005092755054094724,0.006022089917980623,0.005808342899286866,0.005678236018342841,0.0053622621646216345,0.004804661246290095,0.005009114916344993,0.00522286193503875,0.005194981889122173,0.005083461705455865,0.005343675467343917,0.005724702761537135,0.0060499699638971996,0.005668942669703981,0.006393823863534982,0.006031383266619482,0.005650355972426263,0.004786074549012378,0.007220931892393432,0.008930908041943485,0.005966329826147468,0.007992279829418728,0.009395575473886433,0.010966151393853603,0.011068378228881052,0.01098473809113132,0.011951246349572654,0.009962469740856832,0.010111163319078577,0.008661400931416575,0.0072859853328654444,0.0074346789110871885,0.007722772718891818,0.006375237166257265,0.005752582807453712,0.006384530514896123,0.006839904598200213,0.006700504368617329,0.006393823863534982,0.007351038773337457,0.009581442446663615,0.009033134876970935
36073,0.0011337885339407962,0.0011059084880242192,0.0011059084880242192,0.0011059084880242192,0.0011802552771350912,0.0012081353230516683,0.001273188763523681,0.0014776424335785788,0.0018586697277717971,0.0021839369301318618,0.002648604362074811,0.0028344713348519906,0.0032526720236006447,0.003968259868792787,0.004395753906180301,0.005092755054094724,0.006022089917980623,0.005808342899286866,0.005678236018342841,0.0053622621646216345,0.004804661246290095,0.005009114916344993,0.00522286193503875,0.005194981889122173,0.005083461705455865,0.005343675467343917,0.005724702761537135,0.0060499699638971996,0.005668942669703981,0.006393823863534982,0.006031383266619482,0.005650355972426263,0.004786074549012378,0.007220931892393432,0.008930908041943485,0.005966329826147468,0.007992279829418728,0.009395575473886433,0.010966151393853603,0.011068378228881052,0.01098473809113132,0.011951246349572654,0.009962469740856832,0.010111163319078577,0.008661400931416575,0.0072859853328654444,0.0074346789110871885,0.007722772718891818,0.006375237166257265,0.005752582807453712,0.006384530514896123,0.006839904598200213,0.006700504368617329,0.006393823863534982,0.007351038773337457,0.009581442446663615,0.009033134876970935
36075,0.0011337885339407962,0.0011059084880242192,0.0011059084880242192,0.0011059084880242192,0.0011802552771350912,0.0012081353230516683,0.001273188763523681,0.0014776424335785788,0.0018586697277717971,0.0021839369301318618,0.002648604362074811,0.0028344713348519906,0.0032526720236006447,0.003968259868792787,0.004395753906180301,0.005092755054094724,0.006022089917980623,0.005808342899286866,0.005678236018342841,0.0053622621646216345,0.004804661246290095,0.005009114916344993,0.00522286193503875,0.005194981889122173,0.005083461705455865,0.005343675467343917,0.005724702761537135,0.0060499699638971996,0.005668942669703981,0.006393823863534982,0.006031383266619482,0.005650355972426263,0.004786074549012378,0.007220931892393432,0.008930908041943485,0.005966329826147468,0.007992279829418728,0.009395575473886433,0.010966151393853603,0.011068378228881052,0.01098473809113132,0.011951246349572654,0.009962469740856832,0.010111163319078577,0.008661400931416575,0.0072859853328654444,0.0074346789110871885,0.007722772718891818,0.006375237166257265,0.005752582807453712,0.006384530514896123,0.006839904598200213,0.006700504368617329,0.006393823863534982,0.007351038773337457,0.009581442446663615,0.009033134876970935
36077,0.0011337885339407962,0.0011059084880242192,0.0011059084880242192,0.0011059084880242192,0.0011802552771350912,0.0012081353230516683,0.001273188763523681,0.0014776424335785788,0.0018586697277717971,0.0021839369301318618,0.002648604362074811,0.0028344713348519906,0.0032526720236006447,0.003968259868792787,0.004395753906180301,0.005092755054094724,0.006022089917980623,0.005808342899286866,0.005678236018342841,0.0053622621646216345,0.004804661246290095,0.005009114916344993,0.00522286193503875,0.005194981889122173,0.005083461705455865,0.005343675467343917,0.005724702761537135,0.0060499699638971996,0.005668942669703981,0.006393823863534982,0.006031383266619482,0.005650355972426263,0.004786074549012378,0.007220931892393432,0.008930908041943485,0.005966329826147468,0.007992279829418728,0.009395575473886433,0.010966151393853603,0.011068378228881052,0.01098473809113132,0.011951246349572654,0.009962469740856832,0.010111163319078577,0.008661400931416575,0.0072859853328654444,0.0074346789110871885,0.007722772718891818,0.006375237166257265,0.005752582807453712,0.006384530514896123,0.006839904598200213,0.006700504368617329,0.006393823863534982,0.007351038773337457,0.009581442446663615,0.009033134876970935
36079,0.0011337885339407962,0.0011059084880242192,0.0011059084880242192,0.0011059084880242192,0.0011802552771350912,0.0012081353230516683,0.001273188763523681,0.0014776424335785788,0.0018586697277717971,0.0021839369301318618,0.002648604362074811,0.0028344713348519906,0.0032526720236006447,0.003968259868792787,0.004395753906180301,0.005092755054094724,0.006022089917980623,0.005808342899286866,0.005678236018342841,0.0053622621646216345,0.004804661246290095,0.005009114916344993,0.00522286193503875,0.005194981889122173,0.005083461705455865,0.005343675467343917,0.005724702761537135,0.0060499699638971996,0.005668942669703981,0.006393823863534982,0.006031383266619482,0.005650355972426263,0.004786074549012378,0.007220931892393432,0.008930908041943485,0.005966329826147468,0.007992279829418728,0.009395575473886433,0.010966151393853603,0.011068378228881052,0.01098473809113132,0.011951246349572654,0.009962469740856832,0.010111163319078577,0.008661400931416575,0.0072859853328654444,0.0074346789110871885,0.007722772718891818,0.006375237166257265,0.005752582807453712,0.006384530514896123,0.006839904598200213,0.006700504368617329,0.006393823863534982,0.007351038773337457,0.009581442446663615,0.009033134876970935
36081,0.0011337885339407962,0.0011059084880242192,0.0011059084880242192,0.0011059084880242192,0.0011802552771350912,0.0012081353230516683,0.001273188763523681,0.0014776424335785788,0.0018586697277717971,0.0021839369301318618,0.002648604362074811,0.0028344713348519906,0.0032526720236006447,0.003968259868792787,0.004395753906180301,0.005092755054094724,0.006022089917980623,0.005808342899286866,0.005678236018342841,0.0053622621646216345,0.004804661246290095,0.005009114916344993,0.00522286193503875,0.005194981889122173,0.005083461705455865,0.005343675467343917,0.005724702761537135,0.0060499699638971996,0.005668942669703981,0.006393823863534982,0.006031383266619482,0.005650355972426263,0.004786074549012378,0.007220931892393432,0.008930908041943485,0.005966329826147468,0.007992279829418728,0.009395575473886433,0.010966151393853603,0.011068378228881052,0.01098473809113132,0.011951246349572654,0.009962469740856832,0.010111163319078577,0.008661400931416575,0.0072859853328654444,0.0074346789110871885,0.007722772718891818,0.006375237166257265,0.005752582807453712,0.006384530514896123,0.006839904598200213,0.006700504368617329,0.006393823863534982,0.007351038773337457,0.009581442446663615,0.009033134876970935
36083,0.0011337885339407962,0.0011059084880242192,0.0011059084880242192,0.0011059084880242192,0.0011802552771350912,0.0012081353230516683,0.001273188763523681,0.0014776424335785788,0.0018586697277717971,0.0021839369301318618,0.002648604362074811,0.0028344713348519906,0.0032526720236006447,0.003968259868792787,0.004395753906180301,0.005092755054094724,0.006022089917980623,0.005808342899286866,0.005678236018342841,0.0053622621646216345,0.004804661246290095,0.005009114916344993,0.00522286193503875,0.005194981889122173,0.005083461705455865,0.005343675467343917,0.005724702761537135,0.0060499699638971996,0.005668942669703981,0.006393823863534982,0.006031383266619482,0.005650355972426263,0.004786074549012378,0.007220931892393432,0.008930908041943485,0.005966329826147468,0.007992279829418728,0.009395575473886433,0.010966151393853603,0.011068378228881052,0.01098473809113132,0.011951246349572654,0.009962469740856832,0.010111163319078577,0.008661400931416575,0.0072859853328654444,0.0074346789110871885,0.007722772718891818,0.006375237166257265,0.005752582807453712,0.006384530514896123,0.006839904598200213,0.006700504368617329,0.006393823863534982,0.007351038773337457,0.009581442446663615,0.009033134876970935
36085,0.0011337885339407962,0.0011059084880242192,0.0011059084880242192,0.0011059084880242192,0.0011802552771350912,0.0012081353230516683,0.001273188763523681,0.0014776424335785788,0.0018586697277717971,0.0021839369301318618,0.002648604362074811,0.0028344713348519906,0.0032526720236006447,0.003968259868792787,0.004395753906180301,0.005092755054094724,0.006022089917980623,0.005808342899286866,0.005678236018342841,0.0053622621646216345,0.004804661246290095,0.005009114916344993,0.00522286193503875,0.005194981889122173,0.005083461705455865,0.005343675467343917,0.005724702761537135,0.0060499699638971996,0.005668942669703981,0.006393823863534982,0.006031383266619482,0.005650355972426263,0.004786074549012378,0.007220931892393432,0.008930908041943485,0.005966329826147468,0.007992279829418728,0.009395575473886433,0.010966151393853603,0.011068378228881052,0.01098473809113132,0.011951246349572654,0.009962469740856832,0.010111163319078577,0.008661400931416575,0.0072859853328654444,0.0074346789110871885,0.007722772718891818,0.006375237166257265,0.005752582807453712,0.006384530514896123,0.006839904598200213,0.006700504368617329,0.006393823863534982,0.007351038773337457,0.009581442446663615,0.009033134876970935
36087,0.0011337885339407962,0.0011059084880242192,0.0011059084880242192,0.0011059084880242192,0.0011802552771350912,0.0012081353230516683,0.001273188763523681,0.0014776424335785788,0.0018586697277717971,0.0021839369301318618,0.002648604362074811,0.0028344713348519906,0.0032526720236006447,0.003968259868792787,0.004395753906180301,0.005092755054094724,0.006022089917980623,0.005808342899286866,0.005678236018342841,0.0053622621646216345,0.004804661246290095,0.005009114916344993,0.00522286193503875,0.005194981889122173,0.005083461705455865,0.005343675467343917,0.005724702761537135,0.0060499699638971996,0.005668942669703981,0.006393823863534982,0.006031383266619482,0.005650355972426263,0.004786074549012378,0.007220931892393432,0.008930908041943485,0.005966329826147468,0.007992279829418728,0.009395575473886433,0.010966151393853603,0.011068378228881052,0.01098473809113132,0.011951246349572654,0.009962469740856832,0.010111163319078577,0.008661400931416575,0.0072859853328654444,0.0074346789110871885,0.007722772718891818,0.006375237166257265,0.005752582807453712,0.006384530514896123,0.006839904598200213,0.006700504368617329,0.006393823863534982,0.007351038773337457,0.009581442446663615,0.009033134876970935
36089,0.0011337885339407962,0.0011059084880242192,0.0011059084880242192,0.0011059084880242192,0.0011802552771350912,0.0012081353230516683,0.001273188763523681,0.0014776424335785788,0.0018586697277717971,0.0021839369301318618,0.002648604362074811,0.0028344713348519906,0.0032526720236006447,0.003968259868792787,0.004395753906180301,0.005092755054094724,0.006022089917980623,0.005808342899286866,0.005678236018342841,0.0053622621646216345,0.004804661246290095,0.005009114916344993,0.00522286193503875,0.005194981889122173,0.005083461705455865,0.005343675467343917,0.005724702761537135,0.0060499699638971996,0.005668942669703981,0.006393823863534982,0.006031383266619482,0.005650355972426263,0.004786074549012378,0.007220931892393432,0.008930908041943485,0.005966329826147468,0.007992279829418728,0.009395575473886433,0.010966151393853603,0.011068378228881052,0.01098473809113132,0.011951246349572654,0.009962469740856832,0.010111163319078577,0.008661400931416575,0.0072859853328654444,0.0074346789110871885,0.007722772718891818,0.006375237166257265,0.005752582807453712,0.006384530514896123,0.006839904598200213,0.006700504368617329,0.006393823863534982,0.007351038773337457,0.009581442446663615,0.009033134876970935
36091,0.0011337885339407962,0.0011059084880242192,0.0011059084880242192,0.0011059084880242192,0.0011802552771350912,0.0012081353230516683,0.001273188763523681,0.0014776424335785788,0.0018586697277717971,0.0021839369301318618,0.002648604362074811,0.0028344713348519906,0.0032526720236006447,0.003968259868792787,0.004395753906180301,0.005092755054094724,0.006022089917980623,0.005808342899286866,0.005678236018342841,0.0053622621646216345,0.004804661246290095,0.005009114916344993,0.00522286193503875,0.005194981889122173,0.005083461705455865,0.005343675467343917,0.005724702761537135,0.0060499699638971996,0.005668942669703981,0.006393823863534982,0.006031383266619482,0.005650355972426263,0.004786074549012378,0.007220931892393432,0.008930908041943485,0.005966329826147468,0.007992279829418728,0.009395575473886433,0.010966151393853603,0.011068378228881052,0.01098473809113132,0.011951246349572654,0.009962469740856832,0.010111163319078577,0.008661400931416575,0.0072859853328654444,0.0074346789110871885,0.007722772718891818,0.006375237166257265,0.005752582807453712,0.006384530514896123,0.006839904598200213,0.006700504368617329,0.006393823863534982,0.007351038773337457,0.009581442446663615,0.009033134876970935
36093,0.0011337885339407962,0.0011059084880242192,0.0011059084880242192,0.0011059084880242192,0.0011802552771350912,0.0012081353230516683,0.001273188763523681,0.0014776424335785788,0.0018586697277717971,0.0021839369301318618,0.002648604362074811,0.0028344713348519906,0.0032526720236006447,0.003968259868792787,0.004395753906180301,0.005092755054094724,0.006022089917980623,0.005808342899286866,0.005678236018342841,0.0053622621646216345,0.004804661246290095,0.005009114916344993,0.00522286193503875,0.005194981889122173,0.005083461705455865,0.005343675467343917,0.005724702761537135,0.0060499699638971996,0.005668942669703981,0.006393823863534982,0.006031383266619482,0.005650355972426263,0.004786074549012378,0.007220931892393432,0.008930908041943485,0.005966329826147468,0.007992279829418728,0.009395575473886433,0.010966151393853603,0.011068378228881052,0.01098473809113132,0.011951246349572654,0.009962469740856832,0.010111163319078577,0.008661400931416575,0.0072859853328654444,0.0074346789110871885,0.007722772718891818,0.006375237166257265,0.005752582807453712,0.006384530514896123,0.006839904598200213,0.006700504368617329,0.006393823863534982,0.007351038773337457,0.009581442446663615,0.009033134876970935
36095,0.0011337885339407962,0.0011059084880242192,0.0011059084880242192,0.0011059084880242192,0.0011802552771350912,0.0012081353230516683,0.001273188763523681,0.0014776424335785788,0.0018586697277717971,0.0021839369301318618,0.002648604362074811,0.0028344713348519906,0.0032526720236006447,0.003968259868792787,0.004395753906180301,0.005092755054094724,0.006022089917980623,0.005808342899286866,0.005678236018342841,0.0053622621646216345,0.004804661246290095,0.005009114916344993,0.00522286193503875,0.005194981889122173,0.005083461705455865,0.005343675467343917,0.005724702761537135,0.0060499699638971996,0.005668942669703981,0.006393823863534982,0.006031383266619482,0.005650355972426263,0.004786074549012378,0.007220931892393432,0.008930908041943485,0.005966329826147468,0.007992279829418728,0.009395575473886433,0.010966151393853603,0.011068378228881052,0.01098473809113132,0.011951246349572654,0.009962469740856832,0.010111163319078577,0.008661400931416575,0.0072859853328654444,0.0074346789110871885,0.007722772718891818,0.006375237166257265,0.005752582807453712,0.006384530514896123,0.006839904598200213,0.006700504368617329,0.006393823863534982,0.007351038773337457,0.009581442446663615,0.009033134876970935
36097,0.0011337885339407962,0.0011059084880242192,0.0011059084880242192,0.0011059084880242192,0.0011802552771350912,0.0012081353230516683,0.001273188763523681,0.0014776424335785788,0.0018586697277717971,0.0021839369301318618,0.002648604362074811,0.0028344713348519906,0.0032526720236006447,0.003968259868792787,0.004395753906180301,0.005092755054094724,0.006022089917980623,0.005808342899286866,0.005678236018342841,0.0053622621646216345,0.004804661246290095,0.005009114916344993,0.00522286193503875,0.005194981889122173,0.005083461705455865,0.005343675467343917,0.005724702761537135,0.0060499699638971996,0.005668942669703981,0.006393823863534982,0.006031383266619482,0.005650355972426263,0.004786074549012378,0.007220931892393432,0.008930908041943485,0.005966329826147468,0.007992279829418728,0.009395575473886433,0.010966151393853603,0.011068378228881052,0.01098473809113132,0.011951246349572654,0.009962469740856832,0.010111163319078577,0.008661400931416575,0.0072859853328654444,0.0074346789110871885,0.007722772718891818,0.006375237166257265,0.005752582807453712,0.006384530514896123,0.006839904598200213,0.006700504368617329,0.006393823863534982,0.007351038773337457,0.009581442446663615,0.009033134876970935
36099,0.0011337885339407962,0.0011059084880242192,0.0011059084880242192,0.0011059084880242192,0.0011802552771350912,0.0012081353230516683,0.001273188763523681,0.0014776424335785788,0.0018586697277717971,0.0021839369301318618,0.002648604362074811,0.0028344713348519906,0.0032526720236006447,0.003968259868792787,0.004395753906180301,0.005092755054094724,0.006022089917980623,0.005808342899286866,0.005678236018342841,0.0053622621646216345,0.004804661246290095,0.005009114916344993,0.00522286193503875,0.005194981889122173,0.005083461705455865,0.005343675467343917,0.005724702761537135,0.0060499699638971996,0.005668942669703981,0.006393823863534982,0.006031383266619482,0.005650355972426263,0.004786074549012378,0.007220931892393432,0.008930908041943485,0.005966329826147468,0.007992279829418728,0.009395575473886433,0.010966151393853603,0.011068378228881052,0.01098473809113132,0.011951246349572654,0.009962469740856832,0.010111163319078577,0.008661400931416575,0.0072859853328654444,0.0074346789110871885,0.007722772718891818,0.006375237166257265,0.005752582807453712,0.006384530514896123,0.006839904598200213,0.006700504368617329,0.006393823863534982,0.007351038773337457,0.009581442446663615,0.009033134876970935
36101,0.0011337885339407962,0.0011059084880242192,0.0011059084880242192,0.0011059084880242192,0.0011802552771350912,0.0012081353230516683,0.001273188763523681,0.0014776424335785788,0.0018586697277717971,0.0021839369301318618,0.002648604362074811,0.0028344713348519906,0.0032526720236006447,0.003968259868792787,0.004395753906180301,0.005092755054094724,0.006022089917980623,0.005808342899286866,0.005678236018342841,0.0053622621646216345,0.004804661246290095,0.005009114916344993,0.00522286193503875,0.005194981889122173,0.005083461705455865,0.005343675467343917,0.005724702761537135,0.0060499699638971996,0.005668942669703981,0.006393823863534982,0.006031383266619482,0.005650355972426263,0.004786074549012378,0.007220931892393432,0.008930908041943485,0.005966329826147468,0.007992279829418728,0.009395575473886433,0.010966151393853603,0.011068378228881052,0.01098473809113132,0.011951246349572654,0.009962469740856832,0.010111163319078577,0.008661400931416575,0.0072859853328654444,0.0074346789110871885,0.007722772718891818,0.006375237166257265,0.005752582807453712,0.006384530514896123,0.006839904598200213,0.006700504368617329,0.006393823863534982,0.007351038773337457,0.009581442446663615,0.009033134876970935
36103,0.0011337885339407962,0.0011059084880242192,0.0011059084880242192,0.0011059084880242192,0.0011802552771350912,0.0012081353230516683,0.001273188763523681,0.0014776424335785788,0.0018586697277717971,0.0021839369301318618,0.002648604362074811,0.0028344713348519906,0.0032526720236006447,0.003968259868792787,0.004395753906180301,0.005092755054094724,0.006022089917980623,0.005808342899286866,0.005678236018342841,0.0053622621646216345,0.004804661246290095,0.005009114916344993,0.00522286193503875,0.005194981889122173,0.005083461705455865,0.005343675467343917,0.005724702761537135,0.0060499699638971996,0.005668942669703981,0.006393823863534982,0.006031383266619482,0.005650355972426263,0.004786074549012378,0.007220931892393432,0.008930908041943485,0.005966329826147468,0.007992279829418728,0.009395575473886433,0.010966151393853603,0.011068378228881052,0.01098473809113132,0.011951246349572654,0.009962469740856832,0.010111163319078577,0.008661400931416575,0.0072859853328654444,0.0074346789110871885,0.007722772718891818,0.006375237166257265,0.005752582807453712,0.006384530514896123,0.006839904598200213,0.006700504368617329,0.006393823863534982,0.007351038773337457,0.009581442446663615,0.009033134876970935
36105,0.0011337885339407962,0.0011059084880242192,0.0011059084880242192,0.0011059084880242192,0.0011802552771350912,0.0012081353230516683,0.001273188763523681,0.0014776424335785788,0.0018586697277717971,0.0021839369301318618,0.002648604362074811,0.0028344713348519906,0.0032526720236006447,0.003968259868792787,0.004395753906180301,0.005092755054094724,0.006022089917980623,0.005808342899286866,0.005678236018342841,0.0053622621646216345,0.004804661246290095,0.005009114916344993,0.00522286193503875,0.005194981889122173,0.005083461705455865,0.005343675467343917,0.005724702761537135,0.0060499699638971996,0.005668942669703981,0.006393823863534982,0.006031383266619482,0.005650355972426263,0.004786074549012378,0.007220931892393432,0.008930908041943485,0.005966329826147468,0.007992279829418728,0.009395575473886433,0.010966151393853603,0.011068378228881052,0.01098473809113132,0.011951246349572654,0.009962469740856832,0.010111163319078577,0.008661400931416575,0.0072859853328654444,0.0074346789110871885,0.007722772718891818,0.006375237166257265,0.005752582807453712,0.006384530514896123,0.006839904598200213,0.006700504368617329,0.006393823863534982,0.007351038773337457,0.009581442446663615,0.009033134876970935
36107,0.0011337885339407962,0.0011059084880242192,0.0011059084880242192,0.0011059084880242192,0.0011802552771350912,0.0012081353230516683,0.001273188763523681,0.0014776424335785788,0.0018586697277717971,0.0021839369301318618,0.002648604362074811,0.0028344713348519906,0.0032526720236006447,0.003968259868792787,0.004395753906180301,0.005092755054094724,0.006022089917980623,0.005808342899286866,0.005678236018342841,0.0053622621646216345,0.004804661246290095,0.005009114916344993,0.00522286193503875,0.005194981889122173,0.005083461705455865,0.005343675467343917,0.005724702761537135,0.0060499699638971996,0.005668942669703981,0.006393823863534982,0.006031383266619482,0.005650355972426263,0.004786074549012378,0.007220931892393432,0.008930908041943485,0.005966329826147468,0.007992279829418728,0.009395575473886433,0.010966151393853603,0.011068378228881052,0.01098473809113132,0.011951246349572654,0.009962469740856832,0.010111163319078577,0.008661400931416575,0.0072859853328654444,0.0074346789110871885,0.007722772718891818,0.006375237166257265,0.005752582807453712,0.006384530514896123,0.006839904598200213,0.006700504368617329,0.006393823863534982,0.007351038773337457,0.009581442446663615,0.009033134876970935
36109,0.0011337885339407962,0.0011059084880242192,0.0011059084880242192,0.0011059084880242192,0.0011802552771350912,0.0012081353230516683,0.001273188763523681,0.0014776424335785788,0.0018586697277717971,0.0021839369301318618,0.002648604362074811,0.0028344713348519906,0.0032526720236006447,0.003968259868792787,0.004395753906180301,0.005092755054094724,0.006022089917980623,0.005808342899286866,0.005678236018342841,0.0053622621646216345,0.004804661246290095,0.005009114916344993,0.00522286193503875,0.005194981889122173,0.005083461705455865,0.005343675467343917,0.005724702761537135,0.0060499699638971996,0.005668942669703981,0.006393823863534982,0.006031383266619482,0.005650355972426263,0.004786074549012378,0.007220931892393432,0.008930908041943485,0.005966329826147468,0.007992279829418728,0.009395575473886433,0.010966151393853603,0.011068378228881052,0.01098473809113132,0.011951246349572654,0.009962469740856832,0.010111163319078577,0.008661400931416575,0.0072859853328654444,0.0074346789110871885,0.007722772718891818,0.006375237166257265,0.005752582807453712,0.006384530514896123,0.006839904598200213,0.006700504368617329,0.006393823863534982,0.007351038773337457,0.009581442446663615,0.009033134876970935
36111,0.0011337885339407962,0.0011059084880242192,0.0011059084880242192,0.0011059084880242192,0.0011802552771350912,0.0012081353230516683,0.001273188763523681,0.0014776424335785788,0.0018586697277717971,0.0021839369301318618,0.002648604362074811,0.0028344713348519906,0.0032526720236006447,0.003968259868792787,0.004395753906180301,0.005092755054094724,0.006022089917980623,0.005808342899286866,0.005678236018342841,0.0053622621646216345,0.004804661246290095,0.005009114916344993,0.00522286193503875,0.005194981889122173,0.005083461705455865,0.005343675467343917,0.005724702761537135,0.0060499699638971996,0.005668942669703981,0.006393823863534982,0.006031383266619482,0.005650355972426263,0.004786074549012378,0.007220931892393432,0.008930908041943485,0.005966329826147468,0.007992279829418728,0.009395575473886433,0.010966151393853603,0.011068378228881052,0.01098473809113132,0.011951246349572654,0.009962469740856832,0.010111163319078577,0.008661400931416575,0.0072859853328654444,0.0074346789110871885,0.007722772718891818,0.006375237166257265,0.005752582807453712,0.006384530514896123,0.006839904598200213,0.006700504368617329,0.006393823863534982,0.007351038773337457,0.009581442446663615,0.009033134876970935
36113,0.0011337885339407962,0.0011059084880242192,0.0011059084880242192,0.0011059084880242192,0.0011802552771350912,0.0012081353230516683,0.001273188763523681,0.0014776424335785788,0.0018586697277717971,0.0021839369301318618,0.002648604362074811,0.0028344713348519906,0.0032526720236006447,0.003968259868792787,0.004395753906180301,0.005092755054094724,0.006022089917980623,0.005808342899286866,0.005678236018342841,0.0053622621646216345,0.004804661246290095,0.005009114916344993,0.00522286193503875,0.005194981889122173,0.005083461705455865,0.005343675467343917,0.005724702761537135,0.0060499699638971996,0.005668942669703981,0.006393823863534982,0.006031383266619482,0.005650355972426263,0.004786074549012378,0.007220931892393432,0.008930908041943485,0.005966329826147468,0.007992279829418728,0.009395575473886433,0.010966151393853603,0.011068378228881052,0.01098473809113132,0.011951246349572654,0.009962469740856832,0.010111163319078577,0.008661400931416575,0.0072859853328654444,0.0074346789110871885,0.007722772718891818,0.006375237166257265,0.005752582807453712,0.006384530514896123,0.006839904598200213,0.006700504368617329,0.006393823863534982,0.007351038773337457,0.009581442446663615,0.009033134876970935
36115,0.0011337885339407962,0.0011059084880242192,0.0011059084880242192,0.0011059084880242192,0.0011802552771350912,0.0012081353230516683,0.001273188763523681,0.0014776424335785788,0.0018586697277717971,0.0021839369301318618,0.002648604362074811,0.0028344713348519906,0.0032526720236006447,0.003968259868792787,0.004395753906180301,0.005092755054094724,0.006022089917980623,0.005808342899286866,0.005678236018342841,0.0053622621646216345,0.004804661246290095,0.005009114916344993,0.00522286193503875,0.005194981889122173,0.005083461705455865,0.005343675467343917,0.005724702761537135,0.0060499699638971996,0.005668942669703981,0.006393823863534982,0.006031383266619482,0.005650355972426263,0.004786074549012378,0.007220931892393432,0.008930908041943485,0.005966329826147468,0.007992279829418728,0.009395575473886433,0.010966151393853603,0.011068378228881052,0.01098473809113132,0.011951246349572654,0.009962469740856832,0.010111163319078577,0.008661400931416575,0.0072859853328654444,0.0074346789110871885,0.007722772718891818,0.006375237166257265,0.005752582807453712,0.006384530514896123,0.006839904598200213,0.006700504368617329,0.006393823863534982,0.007351038773337457,0.009581442446663615,0.009033134876970935
36117,0.0011337885339407962,0.0011059084880242192,0.0011059084880242192,0.0011059084880242192,0.0011802552771350912,0.0012081353230516683,0.001273188763523681,0.0014776424335785788,0.0018586697277717971,0.0021839369301318618,0.002648604362074811,0.0028344713348519906,0.0032526720236006447,0.003968259868792787,0.004395753906180301,0.005092755054094724,0.006022089917980623,0.005808342899286866,0.005678236018342841,0.0053622621646216345,0.004804661246290095,0.005009114916344993,0.00522286193503875,0.005194981889122173,0.005083461705455865,0.005343675467343917,0.005724702761537135,0.0060499699638971996,0.005668942669703981,0.006393823863534982,0.006031383266619482,0.005650355972426263,0.004786074549012378,0.007220931892393432,0.008930908041943485,0.005966329826147468,0.007992279829418728,0.009395575473886433,0.010966151393853603,0.011068378228881052,0.01098473809113132,0.011951246349572654,0.009962469740856832,0.010111163319078577,0.008661400931416575,0.0072859853328654444,0.0074346789110871885,0.007722772718891818,0.006375237166257265,0.005752582807453712,0.006384530514896123,0.006839904598200213,0.006700504368617329,0.006393823863534982,0.007351038773337457,0.009581442446663615,0.009033134876970935
36119,0.0011337885339407962,0.0011059084880242192,0.0011059084880242192,0.0011059084880242192,0.0011802552771350912,0.0012081353230516683,0.001273188763523681,0.0014776424335785788,0.0018586697277717971,0.0021839369301318618,0.002648604362074811,0.0028344713348519906,0.0032526720236006447,0.003968259868792787,0.004395753906180301,0.005092755054094724,0.006022089917980623,0.005808342899286866,0.005678236018342841,0.0053622621646216345,0.004804661246290095,0.005009114916344993,0.00522286193503875,0.005194981889122173,0.005083461705455865,0.005343675467343917,0.005724702761537135,0.0060499699638971996,0.005668942669703981,0.006393823863534982,0.006031383266619482,0.005650355972426263,0.004786074549012378,0.007220931892393432,0.008930908041943485,0.005966329826147468,0.007992279829418728,0.009395575473886433,0.010966151393853603,0.011068378228881052,0.01098473809113132,0.011951246349572654,0.009962469740856832,0.010111163319078577,0.008661400931416575,0.0072859853328654444,0.0074346789110871885,0.007722772718891818,0.006375237166257265,0.005752582807453712,0.006384530514896123,0.006839904598200213,0.006700504368617329,0.006393823863534982,0.007351038773337457,0.009581442446663615,0.009033134876970935
36121,0.0011337885339407962,0.0011059084880242192,0.0011059084880242192,0.0011059084880242192,0.0011802552771350912,0.0012081353230516683,0.001273188763523681,0.0014776424335785788,0.0018586697277717971,0.0021839369301318618,0.002648604362074811,0.0028344713348519906,0.0032526720236006447,0.003968259868792787,0.004395753906180301,0.005092755054094724,0.006022089917980623,0.005808342899286866,0.005678236018342841,0.0053622621646216345,0.004804661246290095,0.005009114916344993,0.00522286193503875,0.005194981889122173,0.005083461705455865,0.005343675467343917,0.005724702761537135,0.0060499699638971996,0.005668942669703981,0.006393823863534982,0.006031383266619482,0.005650355972426263,0.004786074549012378,0.007220931892393432,0.008930908041943485,0.005966329826147468,0.007992279829418728,0.009395575473886433,0.010966151393853603,0.011068378228881052,0.01098473809113132,0.011951246349572654,0.009962469740856832,0.010111163319078577,0.008661400931416575,0.0072859853328654444,0.0074346789110871885,0.007722772718891818,0.006375237166257265,0.005752582807453712,0.006384530514896123,0.006839904598200213,0.006700504368617329,0.006393823863534982,0.007351038773337457,0.009581442446663615,0.009033134876970935
36123,0.0011337885339407962,0.0011059084880242192,0.0011059084880242192,0.0011059084880242192,0.0011802552771350912,0.0012081353230516683,0.001273188763523681,0.0014776424335785788,0.0018586697277717971,0.0021839369301318618,0.002648604362074811,0.0028344713348519906,0.0032526720236006447,0.003968259868792787,0.004395753906180301,0.005092755054094724,0.006022089917980623,0.005808342899286866,0.005678236018342841,0.0053622621646216345,0.004804661246290095,0.005009114916344993,0.00522286193503875,0.005194981889122173,0.005083461705455865,0.005343675467343917,0.005724702761537135,0.0060499699638971996,0.005668942669703981,0.006393823863534982,0.006031383266619482,0.005650355972426263,0.004786074549012378,0.007220931892393432,0.008930908041943485,0.005966329826147468,0.007992279829418728,0.009395575473886433,0.010966151393853603,0.011068378228881052,0.01098473809113132,0.011951246349572654,0.009962469740856832,0.010111163319078577,0.008661400931416575,0.0072859853328654444,0.0074346789110871885,0.007722772718891818,0.006375237166257265,0.005752582807453712,0.006384530514896123,0.006839904598200213,0.006700504368617329,0.006393823863534982,0.007351038773337457,0.009581442446663615,0.009033134876970935
37001,0.0008456947261361677,0.0008364013774973088,0.0008735747720527446,0.0008921614693304626,0.0009107481666081806,0.0009943883043579116,0.0010594417448299242,0.0011895486257739501,0.0016170426631614634,0.0018958431223272331,0.0028344713348519906,0.002592844270241657,0.0028716447294074264,0.0034478323450166837,0.004386460557541441,0.004869714686762109,0.00558530253195425,0.005641062623787404,0.005427315605093647,0.005167101843205596,0.004841834640845532,0.004590914227596339,0.004776781200373518,0.00430282041979171,0.004209886933403121,0.004451513998013454,0.005120635100011301,0.005167101843205596,0.004869714686762109,0.005743289458814853,0.0065053440472012895,0.006161490147563507,0.005780462853370289,0.0070722383141716885,0.009423455519803012,0.006737677763172765,0.009098188317442945,0.009711549327607639,0.012016299790044668,0.013066448186235735,0.011867606211822925,0.0131872617185409,0.010808164466993,0.009460628914358447,0.008958788087860062,0.008010866526696445,0.008187440150834767,0.008475533958639394,0.007685599324336381,0.0071651718005602775,0.008289666985862216,0.00788075964575242,0.008140973407640471,0.008373307123611945,0.009172535106553819,0.011477285568990846,0.010529364007827231
37003,0.0008456947261361677,0.0008364013774973088,0.0008735747720527446,0.0008921614693304626,0.0009107481666081806,0.0009943883043579116,0.0010594417448299242,0.0011895486257739501,0.0016170426631614634,0.0018958431223272331,0.0028344713348519906,0.002592844270241657,0.0028716447294074264,0.0034478323450166837,0.004386460557541441,0.004869714686762109,0.00558530253195425,0.005641062623787404,0.005427315605093647,0.005167101843205596,0.004841834640845532,0.004590914227596339,0.004776781200373518,0.00430282041979171,0.004209886933403121,0.004451513998013454,0.005120635100011301,0.005167101843205596,0.004869714686762109,0.005743289458814853,0.0065053440472012895,0.006161490147563507,0.005780462853370289,0.0070722383141716885,0.009423455519803012,0.006737677763172765,0.009098188317442945,0.009711549327607639,0.012016299790044668,0.013066448186235735,0.011867606211822925,0.0131872617185409,0.010808164466993,0.009460628914358447,0.008958788087860062,0.008010866526696445,0.008187440150834767,0.008475533958639394,0.007685599324336381,0.0071651718005602775,0.008289666985862216,0.00788075964575242,0.008140973407640471,0.008373307123611945,0.009172535106553819,0.011477285568990846,0.010529364007827231
37005,0.0008456947261361677,0.0008364013774973088,0.0008735747720527446,0.0008921614693304626,0.0009107481666081806,0.0009943883043579116,0.0010594417448299242,0.0011895486257739501,0.0016170426631614634,0.0018958431223272331,0.0028344713348519906,0.002592844270241657,0.0028716447294074264,0.0034478323450166837,0.004386460557541441,0.004869714686762109,0.00558530253195425,0.005641062623787404,0.005427315605093647,0.005167101843205596,0.004841834640845532,0.004590914227596339,0.004776781200373518,0.00430282041979171,0.004209886933403121,0.004451513998013454,0.005120635100011301,0.005167101843205596,0.004869714686762109,0.005743289458814853,0.0065053440472012895,0.006161490147563507,0.005780462853370289,0.0070722383141716885,0.009423455519803012,0.006737677763172765,0.009098188317442945,0.009711549327607639,0.012016299790044668,0.013066448186235735,0.011867606211822925,0.0131872617185409,0.010808164466993,0.009460628914358447,0.008958788087860062,0.008010866526696445,0.008187440150834767,0.008475533958639394,0.007685599324336381,0.0071651718005602775,0.008289666985862216,0.00788075964575242,0.008140973407640471,0.008373307123611945,0.009172535106553819,0.011477285568990846,0.010529364007827231
37007,0.0008456947261361677,0.0008364013774973088,0.0008735747720527446,0.0008921614693304626,0.0009107481666081806,0.0009943883043579116,0.0010594417448299242,0.0011895486257739501,0.0016170426631614634,0.0018958431223272331,0.0028344713348519906,0.002592844270241657,0.0028716447294074264,0.0034478323450166837,0.004386460557541441,0.004869714686762109,0.00558530253195425,0.005641062623787404,0.005427315605093647,0.005167101843205596,0.004841834640845532,0.004590914227596339,0.004776781200373518,0.00430282041979171,0.004209886933403121,0.004451513998013454,0.005120635100011301,0.005167101843205596,0.004869714686762109,0.005743289458814853,0.0065053440472012895,0.006161490147563507,0.005780462853370289,0.0070722383141716885,0.009423455519803012,0.006737677763172765,0.009098188317442945,0.009711549327607639,0.012016299790044668,0.013066448186235735,0.011867606211822925,0.0131872617185409,0.010808164466993,0.009460628914358447,0.008958788087860062,0.008010866526696445,0.008187440150834767,0.008475533958639394,0.007685599324336381,0.0071651718005602775,0.008289666985862216,0.00788075964575242,0.008140973407640471,0.008373307123611945,0.009172535106553819,0.011477285568990846,0.010529364007827231
37009,0.0008456947261361677,0.0008364013774973088,0.0008735747720527446,0.0008921614693304626,0.0009107481666081806,0.0009943883043579116,0.0010594417448299242,0.0011895486257739501,0.0016170426631614634,0.0018958431223272331,0.0028344713348519906,0.002592844270241657,0.0028716447294074264,0.0034478323450166837,0.004386460557541441,0.004869714686762109,0.00558530253195425,0.005641062623787404,0.005427315605093647,0.005167101843205596,0.004841834640845532,0.004590914227596339,0.004776781200373518,0.00430282041979171,0.004209886933403121,0.004451513998013454,0.005120635100011301,0.005167101843205596,0.004869714686762109,0.005743289458814853,0.0065053440472012895,0.006161490147563507,0.005780462853370289,0.0070722383141716885,0.009423455519803012,0.006737677763172765,0.009098188317442945,0.009711549327607639,0.012016299790044668,0.013066448186235735,0.011867606211822925,0.0131872617185409,0.010808164466993,0.009460628914358447,0.008958788087860062,0.008010866526696445,0.008187440150834767,0.008475533958639394,0.007685599324336381,0.0071651718005602775,0.008289666985862216,0.00788075964575242,0.008140973407640471,0.008373307123611945,0.009172535106553819,0.011477285568990846,0.010529364007827231
37011,0.0008456947261361677,0.0008364013774973088,0.0008735747720527446,0.0008921614693304626,0.0009107481666081806,0.0009943883043579116,0.0010594417448299242,0.0011895486257739501,0.0016170426631614634,0.0018958431223272331,0.0028344713348519906,0.002592844270241657,0.0028716447294074264,0.0034478323450166837,0.004386460557541441,0.004869714686762109,0.00558530253195425,0.005641062623787404,0.005427315605093647,0.005167101843205596,0.004841834640845532,0.004590914227596339,0.004776781200373518,0.00430282041979171,0.004209886933403121,0.004451513998013454,0.005120635100011301,0.005167101843205596,0.004869714686762109,0.005743289458814853,0.0065053440472012895,0.006161490147563507,0.005780462853370289,0.0070722383141716885,0.009423455519803012,0.006737677763172765,0.009098188317442945,0.009711549327607639,0.012016299790044668,0.013066448186235735,0.011867606211822925,0.0131872617185409,0.010808164466993,0.009460628914358447,0.008958788087860062,0.008010866526696445,0.008187440150834767,0.008475533958639394,0.007685599324336381,0.0071651718005602775,0.008289666985862216,0.00788075964575242,0.008140973407640471,0.008373307123611945,0.009172535106553819,0.011477285568990846,0.010529364007827231
37013,0.0008456947261361677,0.0008364013774973088,0.0008735747720527446,0.0008921614693304626,0.0009107481666081806,0.0009943883043579116,0.0010594417448299242,0.0011895486257739501,0.0016170426631614634,0.0018958431223272331,0.0028344713348519906,0.002592844270241657,0.0028716447294074264,0.0034478323450166837,0.004386460557541441,0.004869714686762109,0.00558530253195425,0.005641062623787404,0.005427315605093647,0.005167101843205596,0.004841834640845532,0.004590914227596339,0.004776781200373518,0.00430282041979171,0.004209886933403121,0.004451513998013454,0.005120635100011301,0.005167101843205596,0.004869714686762109,0.005743289458814853,0.0065053440472012895,0.006161490147563507,0.005780462853370289,0.0070722383141716885,0.009423455519803012,0.006737677763172765,0.009098188317442945,0.009711549327607639,0.012016299790044668,0.013066448186235735,0.011867606211822925,0.0131872617185409,0.010808164466993,0.009460628914358447,0.008958788087860062,0.008010866526696445,0.008187440150834767,0.008475533958639394,0.007685599324336381,0.0071651718005602775,0.008289666985862216,0.00788075964575242,0.008140973407640471,0.008373307123611945,0.009172535106553819,0.011477285568990846,0.010529364007827231
37015,0.0008456947261361677,0.0008364013774973088,0.0008735747720527446,0.0008921614693304626,0.0009107481666081806,0.0009943883043579116,0.0010594417448299242,0.0011895486257739501,0.0016170426631614634,0.0018958431223272331,0.0028344713348519906,0.002592844270241657,0.0028716447294074264,0.0034478323450166837,0.004386460557541441,0.004869714686762109,0.00558530253195425,0.005641062623787404,0.005427315605093647,0.005167101843205596,0.004841834640845532,0.004590914227596339,0.004776781200373518,0.00430282041979171,0.004209886933403121,0.004451513998013454,0.005120635100011301,0.005167101843205596,0.004869714686762109,0.005743289458814853,0.0065053440472012895,0.006161490147563507,0.005780462853370289,0.0070722383141716885,0.009423455519803012,0.006737677763172765,0.009098188317442945,0.009711549327607639,0.012016299790044668,0.013066448186235735,0.011867606211822925,0.0131872617185409,0.010808164466993,0.009460628914358447,0.008958788087860062,0.008010866526696445,0.008187440150834767,0.008475533958639394,0.007685599324336381,0.0071651718005602775,0.008289666985862216,0.00788075964575242,0.008140973407640471,0.008373307123611945,0.009172535106553819,0.011477285568990846,0.010529364007827231
37017,0.0008456947261361677,0.0008364013774973088,0.0008735747720527446,0.0008921614693304626,0.0009107481666081806,0.0009943883043579116,0.0010594417448299242,0.0011895486257739501,0.0016170426631614634,0.0018958431223272331,0.0028344713348519906,0.002592844270241657,0.0028716447294074264,0.0034478323450166837,0.004386460557541441,0.004869714686762109,0.00558530253195425,0.005641062623787404,0.005427315605093647,0.005167101843205596,0.004841834640845532,0.004590914227596339,0.004776781200373518,0.00430282041979171,0.004209886933403121,0.004451513998013454,0.005120635100011301,0.005167101843205596,0.004869714686762109,0.005743289458814853,0.0065053440472012895,0.006161490147563507,0.005780462853370289,0.0070722383141716885,0.009423455519803012,0.006737677763172765,0.009098188317442945,0.009711549327607639,0.012016299790044668,0.013066448186235735,0.011867606211822925,0.0131872617185409,0.010808164466993,0.009460628914358447,0.008958788087860062,0.008010866526696445,0.008187440150834767,0.008475533958639394,0.007685599324336381,0.0071651718005602775,0.008289666985862216,0.00788075964575242,0.008140973407640471,0.008373307123611945,0.009172535106553819,0.011477285568990846,0.010529364007827231
37019,0.0008456947261361677,0.0008364013774973088,0.0008735747720527446,0.0008921614693304626,0.0009107481666081806,0.0009943883043579116,0.0010594417448299242,0.0011895486257739501,0.0016170426631614634,0.0018958431223272331,0.0028344713348519906,0.002592844270241657,0.0028716447294074264,0.0034478323450166837,0.004386460557541441,0.004869714686762109,0.00558530253195425,0.005641062623787404,0.005427315605093647,0.005167101843205596,0.004841834640845532,0.004590914227596339,0.004776781200373518,0.00430282041979171,0.004209886933403121,0.004451513998013454,0.005120635100011301,0.005167101843205596,0.004869714686762109,0.005743289458814853,0.0065053440472012895,0.006161490147563507,0.005780462853370289,0.0070722383141716885,0.009423455519803012,0.006737677763172765,0.009098188317442945,0.009711549327607639,0.012016299790044668,0.013066448186235735,0.011867606211822925,0.0131872617185409,0.010808164466993,0.009460628914358447,0.008958788087860062,0.008010866526696445,0.008187440150834767,0.008475533958639394,0.007685599324336381,0.0071651718005602775,0.008289666985862216,0.00788075964575242,0.008140973407640471,0.008373307123611945,0.009172535106553819,0.011477285568990846,0.010529364007827231
37021,0.0008456947261361677,0.0008364013774973088,0.0008735747720527446,0.0008921614693304626,0.0009107481666081806,0.0009943883043579116,0.0010594417448299242,0.0011895486257739501,0.0016170426631614634,0.0018958431223272331,0.0028344713348519906,0.002592844270241657,0.0028716447294074264,0.0034478323450166837,0.004386460557541441,0.004869714686762109,0.00558530253195425,0.005641062623787404,0.005427315605093647,0.005167101843205596,0.004841834640845532,0.004590914227596339,0.004776781200373518,0.00430282041979171,0.004209886933403121,0.004451513998013454,0.005120635100011301,0.005167101843205596,0.004869714686762109,0.005743289458814853,0.0065053440472012895,0.006161490147563507,0.005780462853370289,0.0070722383141716885,0.009423455519803012,0.006737677763172765,0.009098188317442945,0.009711549327607639,0.012016299790044668,0.013066448186235735,0.011867606211822925,0.0131872617185409,0.010808164466993,0.009460628914358447,0.008958788087860062,0.008010866526696445,0.008187440150834767,0.008475533958639394,0.007685599324336381,0.0071651718005602775,0.008289666985862216,0.00788075964575242,0.008140973407640471,0.008373307123611945,0.009172535106553819,0.011477285568990846,0.010529364007827231
37023,0.0008456947261361677,0.0008364013774973088,0.0008735747720527446,0.0008921614693304626,0.0009107481666081806,0.0009943883043579116,0.0010594417448299242,0.0011895486257739501,0.0016170426631614634,0.0018958431223272331,0.0028344713348519906,0.002592844270241657,0.0028716447294074264,0.0034478323450166837,0.004386460557541441,0.004869714686762109,0.00558530253195425,0.005641062623787404,0.005427315605093647,0.005167101843205596,0.004841834640845532,0.004590914227596339,0.004776781200373518,0.00430282041979171,0.004209886933403121,0.004451513998013454,0.005120635100011301,0.005167101843205596,0.004869714686762109,0.005743289458814853,0.0065053440472012895,0.006161490147563507,0.005780462853370289,0.0070722383141716885,0.009423455519803012,0.006737677763172765,0.009098188317442945,0.009711549327607639,0.012016299790044668,0.013066448186235735,0.011867606211822925,0.0131872617185409,0.010808164466993,0.009460628914358447,0.008958788087860062,0.008010866526696445,0.008187440150834767,0.008475533958639394,0.007685599324336381,0.0071651718005602775,0.008289666985862216,0.00788075964575242,0.008140973407640471,0.008373307123611945,0.009172535106553819,0.011477285568990846,0.010529364007827231
37025,0.0008456947261361677,0.0008364013774973088,0.0008735747720527446,0.0008921614693304626,0.0009107481666081806,0.0009943883043579116,0.0010594417448299242,0.0011895486257739501,0.0016170426631614634,0.0018958431223272331,0.0028344713348519906,0.002592844270241657,0.0028716447294074264,0.0034478323450166837,0.004386460557541441,0.004869714686762109,0.00558530253195425,0.005641062623787404,0.005427315605093647,0.005167101843205596,0.004841834640845532,0.004590914227596339,0.004776781200373518,0.00430282041979171,0.004209886933403121,0.004451513998013454,0.005120635100011301,0.005167101843205596,0.004869714686762109,0.005743289458814853,0.0065053440472012895,0.006161490147563507,0.005780462853370289,0.0070722383141716885,0.009423455519803012,0.006737677763172765,0.009098188317442945,0.009711549327607639,0.012016299790044668,0.013066448186235735,0.011867606211822925,0.0131872617185409,0.010808164466993,0.009460628914358447,0.008958788087860062,0.008010866526696445,0.008187440150834767,0.008475533958639394,0.007685599324336381,0.0071651718005602775,0.008289666985862216,0.00788075964575242,0.008140973407640471,0.008373307123611945,0.009172535106553819,0.011477285568990846,0.010529364007827231
37027,0.0008456947261361677,0.0008364013774973088,0.0008735747720527446,0.0008921614693304626,0.0009107481666081806,0.0009943883043579116,0.0010594417448299242,0.0011895486257739501,0.0016170426631614634,0.0018958431223272331,0.0028344713348519906,0.002592844270241657,0.0028716447294074264,0.0034478323450166837,0.004386460557541441,0.004869714686762109,0.00558530253195425,0.005641062623787404,0.005427315605093647,0.005167101843205596,0.004841834640845532,0.004590914227596339,0.004776781200373518,0.00430282041979171,0.004209886933403121,0.004451513998013454,0.005120635100011301,0.005167101843205596,0.004869714686762109,0.005743289458814853,0.0065053440472012895,0.006161490147563507,0.005780462853370289,0.0070722383141716885,0.009423455519803012,0.006737677763172765,0.009098188317442945,0.009711549327607639,0.012016299790044668,0.013066448186235735,0.011867606211822925,0.0131872617185409,0.010808164466993,0.009460628914358447,0.008958788087860062,0.008010866526696445,0.008187440150834767,0.008475533958639394,0.007685599324336381,0.0071651718005602775,0.008289666985862216,0.00788075964575242,0.008140973407640471,0.008373307123611945,0.009172535106553819,0.011477285568990846,0.010529364007827231
37029,0.0008456947261361677,0.0008364013774973088,0.0008735747720527446,0.0008921614693304626,0.0009107481666081806,0.0009943883043579116,0.0010594417448299242,0.0011895486257739501,0.0016170426631614634,0.0018958431223272331,0.0028344713348519906,0.002592844270241657,0.0028716447294074264,0.0034478323450166837,0.004386460557541441,0.004869714686762109,0.00558530253195425,0.005641062623787404,0.005427315605093647,0.005167101843205596,0.004841834640845532,0.004590914227596339,0.004776781200373518,0.00430282041979171,0.004209886933403121,0.004451513998013454,0.005120635100011301,0.005167101843205596,0.004869714686762109,0.005743289458814853,0.0065053440472012895,0.006161490147563507,0.005780462853370289,0.0070722383141716885,0.009423455519803012,0.006737677763172765,0.009098188317442945,0.009711549327607639,0.012016299790044668,0.013066448186235735,0.011867606211822925,0.0131872617185409,0.010808164466993,0.009460628914358447,0.008958788087860062,0.008010866526696445,0.008187440150834767,0.008475533958639394,0.007685599324336381,0.0071651718005602775,0.008289666985862216,0.00788075964575242,0.008140973407640471,0.008373307123611945,0.009172535106553819,0.011477285568990846,0.010529364007827231
37031,0.0008456947261361677,0.0008364013774973088,0.0008735747720527446,0.0008921614693304626,0.0009107481666081806,0.0009943883043579116,0.0010594417448299242,0.0011895486257739501,0.0016170426631614634,0.0018958431223272331,0.0028344713348519906,0.002592844270241657,0.0028716447294074264,0.0034478323450166837,0.004386460557541441,0.004869714686762109,0.00558530253195425,0.005641062623787404,0.005427315605093647,0.005167101843205596,0.004841834640845532,0.004590914227596339,0.004776781200373518,0.00430282041979171,0.004209886933403121,0.004451513998013454,0.005120635100011301,0.005167101843205596,0.004869714686762109,0.005743289458814853,0.0065053440472012895,0.006161490147563507,0.005780462853370289,0.0070722383141716885,0.009423455519803012,0.006737677763172765,0.009098188317442945,0.009711549327607639,0.012016299790044668,0.013066448186235735,0.011867606211822925,0.0131872617185409,0.010808164466993,0.009460628914358447,0.008958788087860062,0.008010866526696445,0.008187440150834767,0.008475533958639394,0.007685599324336381,0.0071651718005602775,0.008289666985862216,0.00788075964575242,0.008140973407640471,0.008373307123611945,0.009172535106553819,0.011477285568990846,0.010529364007827231
37033,0.0008456947261361677,0.0008364013774973088,0.0008735747720527446,0.0008921614693304626,0.0009107481666081806,0.0009943883043579116,0.0010594417448299242,0.0011895486257739501,0.0016170426631614634,0.0018958431223272331,0.0028344713348519906,0.002592844270241657,0.0028716447294074264,0.0034478323450166837,0.004386460557541441,0.004869714686762109,0.00558530253195425,0.005641062623787404,0.005427315605093647,0.005167101843205596,0.004841834640845532,0.004590914227596339,0.004776781200373518,0.00430282041979171,0.004209886933403121,0.004451513998013454,0.005120635100011301,0.005167101843205596,0.004869714686762109,0.005743289458814853,0.0065053440472012895,0.006161490147563507,0.005780462853370289,0.0070722383141716885,0.009423455519803012,0.006737677763172765,0.009098188317442945,0.009711549327607639,0.012016299790044668,0.013066448186235735,0.011867606211822925,0.0131872617185409,0.010808164466993,0.009460628914358447,0.008958788087860062,0.008010866526696445,0.008187440150834767,0.008475533958639394,0.007685599324336381,0.0071651718005602775,0.008289666985862216,0.00788075964575242,0.008140973407640471,0.008373307123611945,0.009172535106553819,0.011477285568990846,0.010529364007827231
37035,0.0008456947261361677,0.0008364013774973088,0.0008735747720527446,0.0008921614693304626,0.0009107481666081806,0.0009943883043579116,0.0010594417448299242,0.0011895486257739501,0.0016170426631614634,0.0018958431223272331,0.0028344713348519906,0.002592844270241657,0.0028716447294074264,0.0034478323450166837,0.004386460557541441,0.004869714686762109,0.00558530253195425,0.005641062623787404,0.005427315605093647,0.005167101843205596,0.004841834640845532,0.004590914227596339,0.004776781200373518,0.00430282041979171,0.004209886933403121,0.004451513998013454,0.005120635100011301,0.005167101843205596,0.004869714686762109,0.005743289458814853,0.0065053440472012895,0.006161490147563507,0.005780462853370289,0.0070722383141716885,0.009423455519803012,0.006737677763172765,0.009098188317442945,0.009711549327607639,0.012016299790044668,0.013066448186235735,0.011867606211822925,0.0131872617185409,0.010808164466993,0.009460628914358447,0.008958788087860062,0.008010866526696445,0.008187440150834767,0.008475533958639394,0.007685599324336381,0.0071651718005602775,0.008289666985862216,0.00788075964575242,0.008140973407640471,0.008373307123611945,0.009172535106553819,0.011477285568990846,0.010529364007827231
37037,0.0008456947261361677,0.0008364013774973088,0.0008735747720527446,0.0008921614693304626,0.0009107481666081806,0.0009943883043579116,0.0010594417448299242,0.0011895486257739501,0.0016170426631614634,0.0018958431223272331,0.0028344713348519906,0.002592844270241657,0.0028716447294074264,0.0034478323450166837,0.004386460557541441,0.004869714686762109,0.00558530253195425,0.005641062623787404,0.005427315605093647,0.005167101843205596,0.004841834640845532,0.004590914227596339,0.004776781200373518,0.00430282041979171,0.004209886933403121,0.004451513998013454,0.005120635100011301,0.005167101843205596,0.004869714686762109,0.005743289458814853,0.0065053440472012895,0.006161490147563507,0.005780462853370289,0.0070722383141716885,0.009423455519803012,0.006737677763172765,0.009098188317442945,0.009711549327607639,0.012016299790044668,0.013066448186235735,0.011867606211822925,0.0131872617185409,0.010808164466993,0.009460628914358447,0.008958788087860062,0.008010866526696445,0.008187440150834767,0.008475533958639394,0.007685599324336381,0.0071651718005602775,0.008289666985862216,0.00788075964575242,0.008140973407640471,0.008373307123611945,0.009172535106553819,0.011477285568990846,0.010529364007827231
37039,0.0008456947261361677,0.0008364013774973088,0.0008735747720527446,0.0008921614693304626,0.0009107481666081806,0.0009943883043579116,0.0010594417448299242,0.0011895486257739501,0.0016170426631614634,0.0018958431223272331,0.0028344713348519906,0.002592844270241657,0.0028716447294074264,0.0034478323450166837,0.004386460557541441,0.004869714686762109,0.00558530253195425,0.005641062623787404,0.005427315605093647,0.005167101843205596,0.004841834640845532,0.004590914227596339,0.004776781200373518,0.00430282041979171,0.004209886933403121,0.004451513998013454,0.005120635100011301,0.005167101843205596,0.004869714686762109,0.005743289458814853,0.0065053440472012895,0.006161490147563507,0.005780462853370289,0.0070722383141716885,0.009423455519803012,0.006737677763172765,0.009098188317442945,0.009711549327607639,0.012016299790044668,0.013066448186235735,0.011867606211822925,0.0131872617185409,0.010808164466993,0.009460628914358447,0.008958788087860062,0.008010866526696445,0.008187440150834767,0.008475533958639394,0.007685599324336381,0.0071651718005602775,0.008289666985862216,0.00788075964575242,0.008140973407640471,0.008373307123611945,0.009172535106553819,0.011477285568990846,0.010529364007827231
37041,0.0008456947261361677,0.0008364013774973088,0.0008735747720527446,0.0008921614693304626,0.0009107481666081806,0.0009943883043579116,0.0010594417448299242,0.0011895486257739501,0.0016170426631614634,0.0018958431223272331,0.0028344713348519906,0.002592844270241657,0.0028716447294074264,0.0034478323450166837,0.004386460557541441,0.004869714686762109,0.00558530253195425,0.005641062623787404,0.005427315605093647,0.005167101843205596,0.004841834640845532,0.004590914227596339,0.004776781200373518,0.00430282041979171,0.004209886933403121,0.004451513998013454,0.005120635100011301,0.005167101843205596,0.004869714686762109,0.005743289458814853,0.0065053440472012895,0.006161490147563507,0.005780462853370289,0.0070722383141716885,0.009423455519803012,0.006737677763172765,0.009098188317442945,0.009711549327607639,0.012016299790044668,0.013066448186235735,0.011867606211822925,0.0131872617185409,0.010808164466993,0.009460628914358447,0.008958788087860062,0.008010866526696445,0.008187440150834767,0.008475533958639394,0.007685599324336381,0.0071651718005602775,0.008289666985862216,0.00788075964575242,0.008140973407640471,0.008373307123611945,0.009172535106553819,0.011477285568990846,0.010529364007827231
37043,0.0008456947261361677,0.0008364013774973088,0.0008735747720527446,0.0008921614693304626,0.0009107481666081806,0.0009943883043579116,0.0010594417448299242,0.0011895486257739501,0.0016170426631614634,0.0018958431223272331,0.0028344713348519906,0.002592844270241657,0.0028716447294074264,0.0034478323450166837,0.004386460557541441,0.004869714686762109,0.00558530253195425,0.005641062623787404,0.005427315605093647,0.005167101843205596,0.004841834640845532,0.004590914227596339,0.004776781200373518,0.00430282041979171,0.004209886933403121,0.004451513998013454,0.005120635100011301,0.005167101843205596,0.004869714686762109,0.005743289458814853,0.0065053440472012895,0.006161490147563507,0.005780462853370289,0.0070722383141716885,0.009423455519803012,0.006737677763172765,0.009098188317442945,0.009711549327607639,0.012016299790044668,0.013066448186235735,0.011867606211822925,0.0131872617185409,0.010808164466993,0.009460628914358447,0.008958788087860062,0.008010866526696445,0.008187440150834767,0.008475533958639394,0.007685599324336381,0.0071651718005602775,0.008289666985862216,0.00788075964575242,0.008140973407640471,0.008373307123611945,0.009172535106553819,0.011477285568990846,0.010529364007827231
37045,0.0008456947261361677,0.0008364013774973088,0.0008735747720527446,0.0008921614693304626,0.0009107481666081806,0.0009943883043579116,0.0010594417448299242,0.0011895486257739501,0.0016170426631614634,0.0018958431223272331,0.0028344713348519906,0.002592844270241657,0.0028716447294074264,0.0034478323450166837,0.004386460557541441,0.004869714686762109,0.00558530253195425,0.005641062623787404,0.005427315605093647,0.005167101843205596,0.004841834640845532,0.004590914227596339,0.004776781200373518,0.00430282041979171,0.004209886933403121,0.004451513998013454,0.005120635100011301,0.005167101843205596,0.004869714686762109,0.005743289458814853,0.0065053440472012895,0.006161490147563507,0.005780462853370289,0.0070722383141716885,0.009423455519803012,0.006737677763172765,0.009098188317442945,0.009711549327607639,0.012016299790044668,0.013066448186235735,0.011867606211822925,0.0131872617185409,0.010808164466993,0.009460628914358447,0.008958788087860062,0.008010866526696445,0.008187440150834767,0.008475533958639394,0.007685599324336381,0.0071651718005602775,0.008289666985862216,0.00788075964575242,0.008140973407640471,0.008373307123611945,0.009172535106553819,0.011477285568990846,0.010529364007827231
37047,0.0008456947261361677,0.0008364013774973088,0.0008735747720527446,0.0008921614693304626,0.0009107481666081806,0.0009943883043579116,0.0010594417448299242,0.0011895486257739501,0.0016170426631614634,0.0018958431223272331,0.0028344713348519906,0.002592844270241657,0.0028716447294074264,0.0034478323450166837,0.004386460557541441,0.004869714686762109,0.00558530253195425,0.005641062623787404,0.005427315605093647,0.005167101843205596,0.004841834640845532,0.004590914227596339,0.004776781200373518,0.00430282041979171,0.004209886933403121,0.004451513998013454,0.005120635100011301,0.005167101843205596,0.004869714686762109,0.005743289458814853,0.0065053440472012895,0.006161490147563507,0.005780462853370289,0.0070722383141716885,0.009423455519803012,0.006737677763172765,0.009098188317442945,0.009711549327607639,0.012016299790044668,0.013066448186235735,0.011867606211822925,0.0131872617185409,0.010808164466993,0.009460628914358447,0.008958788087860062,0.008010866526696445,0.008187440150834767,0.008475533958639394,0.007685599324336381,0.0071651718005602775,0.008289666985862216,0.00788075964575242,0.008140973407640471,0.008373307123611945,0.009172535106553819,0.011477285568990846,0.010529364007827231
37049,0.0008456947261361677,0.0008364013774973088,0.0008735747720527446,0.0008921614693304626,0.0009107481666081806,0.0009943883043579116,0.0010594417448299242,0.0011895486257739501,0.0016170426631614634,0.0018958431223272331,0.0028344713348519906,0.002592844270241657,0.0028716447294074264,0.0034478323450166837,0.004386460557541441,0.004869714686762109,0.00558530253195425,0.005641062623787404,0.005427315605093647,0.005167101843205596,0.004841834640845532,0.004590914227596339,0.004776781200373518,0.00430282041979171,0.004209886933403121,0.004451513998013454,0.005120635100011301,0.005167101843205596,0.004869714686762109,0.005743289458814853,0.0065053440472012895,0.006161490147563507,0.005780462853370289,0.0070722383141716885,0.009423455519803012,0.006737677763172765,0.009098188317442945,0.009711549327607639,0.012016299790044668,0.013066448186235735,0.011867606211822925,0.0131872617185409,0.010808164466993,0.009460628914358447,0.008958788087860062,0.008010866526696445,0.008187440150834767,0.008475533958639394,0.007685599324336381,0.0071651718005602775,0.008289666985862216,0.00788075964575242,0.008140973407640471,0.008373307123611945,0.009172535106553819,0.011477285568990846,0.010529364007827231
37051,0.0008456947261361677,0.0008364013774973088,0.0008735747720527446,0.0008921614693304626,0.0009107481666081806,0.0009943883043579116,0.0010594417448299242,0.0011895486257739501,0.0016170426631614634,0.0018958431223272331,0.0028344713348519906,0.002592844270241657,0.0028716447294074264,0.0034478323450166837,0.004386460557541441,0.004869714686762109,0.00558530253195425,0.005641062623787404,0.005427315605093647,0.005167101843205596,0.004841834640845532,0.004590914227596339,0.004776781200373518,0.00430282041979171,0.004209886933403121,0.004451513998013454,0.005120635100011301,0.005167101843205596,0.004869714686762109,0.005743289458814853,0.0065053440472012895,0.006161490147563507,0.005780462853370289,0.0070722383141716885,0.009423455519803012,0.006737677763172765,0.009098188317442945,0.009711549327607639,0.012016299790044668,0.013066448186235735,0.011867606211822925,0.0131872617185409,0.010808164466993,0.009460628914358447,0.008958788087860062,0.008010866526696445,0.008187440150834767,0.008475533958639394,0.007685599324336381,0.0071651718005602775,0.008289666985862216,0.00788075964575242,0.008140973407640471,0.008373307123611945,0.009172535106553819,0.011477285568990846,0.010529364007827231
37053,0.0008456947261361677,0.0008364013774973088,0.0008735747720527446,0.0008921614693304626,0.0009107481666081806,0.0009943883043579116,0.0010594417448299242,0.0011895486257739501,0.0016170426631614634,0.0018958431223272331,0.0028344713348519906,0.002592844270241657,0.0028716447294074264,0.0034478323450166837,0.004386460557541441,0.004869714686762109,0.00558530253195425,0.005641062623787404,0.005427315605093647,0.005167101843205596,0.004841834640845532,0.004590914227596339,0.004776781200373518,0.00430282041979171,0.004209886933403121,0.004451513998013454,0.005120635100011301,0.005167101843205596,0.004869714686762109,0.005743289458814853,0.0065053440472012895,0.006161490147563507,0.005780462853370289,0.0070722383141716885,0.009423455519803012,0.006737677763172765,0.009098188317442945,0.009711549327607639,0.012016299790044668,0.013066448186235735,0.011867606211822925,0.0131872617185409,0.010808164466993,0.009460628914358447,0.008958788087860062,0.008010866526696445,0.008187440150834767,0.008475533958639394,0.007685599324336381,0.0071651718005602775,0.008289666985862216,0.00788075964575242,0.008140973407640471,0.008373307123611945,0.009172535106553819,0.011477285568990846,0.010529364007827231
37055,0.0008456947261361677,0.0008364013774973088,0.0008735747720527446,0.0008921614693304626,0.0009107481666081806,0.0009943883043579116,0.0010594417448299242,0.0011895486257739501,0.0016170426631614634,0.0018958431223272331,0.0028344713348519906,0.002592844270241657,0.0028716447294074264,0.0034478323450166837,0.004386460557541441,0.004869714686762109,0.00558530253195425,0.005641062623787404,0.005427315605093647,0.005167101843205596,0.004841834640845532,0.004590914227596339,0.004776781200373518,0.00430282041979171,0.004209886933403121,0.004451513998013454,0.005120635100011301,0.005167101843205596,0.004869714686762109,0.005743289458814853,0.0065053440472012895,0.006161490147563507,0.005780462853370289,0.0070722383141716885,0.009423455519803012,0.006737677763172765,0.009098188317442945,0.009711549327607639,0.012016299790044668,0.013066448186235735,0.011867606211822925,0.0131872617185409,0.010808164466993,0.009460628914358447,0.008958788087860062,0.008010866526696445,0.008187440150834767,0.008475533958639394,0.007685599324336381,0.0071651718005602775,0.008289666985862216,0.00788075964575242,0.008140973407640471,0.008373307123611945,0.009172535106553819,0.011477285568990846,0.010529364007827231
37057,0.0008456947261361677,0.0008364013774973088,0.0008735747720527446,0.0008921614693304626,0.0009107481666081806,0.0009943883043579116,0.0010594417448299242,0.0011895486257739501,0.0016170426631614634,0.0018958431223272331,0.0028344713348519906,0.002592844270241657,0.0028716447294074264,0.0034478323450166837,0.004386460557541441,0.004869714686762109,0.00558530253195425,0.005641062623787404,0.005427315605093647,0.005167101843205596,0.004841834640845532,0.004590914227596339,0.004776781200373518,0.00430282041979171,0.004209886933403121,0.004451513998013454,0.005120635100011301,0.005167101843205596,0.004869714686762109,0.005743289458814853,0.0065053440472012895,0.006161490147563507,0.005780462853370289,0.0070722383141716885,0.009423455519803012,0.006737677763172765,0.009098188317442945,0.009711549327607639,0.012016299790044668,0.013066448186235735,0.011867606211822925,0.0131872617185409,0.010808164466993,0.009460628914358447,0.008958788087860062,0.008010866526696445,0.008187440150834767,0.008475533958639394,0.007685599324336381,0.0071651718005602775,0.008289666985862216,0.00788075964575242,0.008140973407640471,0.008373307123611945,0.009172535106553819,0.011477285568990846,0.010529364007827231
37059,0.0008456947261361677,0.0008364013774973088,0.0008735747720527446,0.0008921614693304626,0.0009107481666081806,0.0009943883043579116,0.0010594417448299242,0.0011895486257739501,0.0016170426631614634,0.0018958431223272331,0.0028344713348519906,0.002592844270241657,0.0028716447294074264,0.0034478323450166837,0.004386460557541441,0.004869714686762109,0.00558530253195425,0.005641062623787404,0.005427315605093647,0.005167101843205596,0.004841834640845532,0.004590914227596339,0.004776781200373518,0.00430282041979171,0.004209886933403121,0.004451513998013454,0.005120635100011301,0.005167101843205596,0.004869714686762109,0.005743289458814853,0.0065053440472012895,0.006161490147563507,0.005780462853370289,0.0070722383141716885,0.009423455519803012,0.006737677763172765,0.009098188317442945,0.009711549327607639,0.012016299790044668,0.013066448186235735,0.011867606211822925,0.0131872617185409,0.010808164466993,0.009460628914358447,0.008958788087860062,0.008010866526696445,0.008187440150834767,0.008475533958639394,0.007685599324336381,0.0071651718005602775,0.008289666985862216,0.00788075964575242,0.008140973407640471,0.008373307123611945,0.009172535106553819,0.011477285568990846,0.010529364007827231
37061,0.0008456947261361677,0.0008364013774973088,0.0008735747720527446,0.0008921614693304626,0.0009107481666081806,0.0009943883043579116,0.0010594417448299242,0.0011895486257739501,0.0016170426631614634,0.0018958431223272331,0.0028344713348519906,0.002592844270241657,0.0028716447294074264,0.0034478323450166837,0.004386460557541441,0.004869714686762109,0.00558530253195425,0.005641062623787404,0.005427315605093647,0.005167101843205596,0.004841834640845532,0.004590914227596339,0.004776781200373518,0.00430282041979171,0.004209886933403121,0.004451513998013454,0.005120635100011301,0.005167101843205596,0.004869714686762109,0.005743289458814853,0.0065053440472012895,0.006161490147563507,0.005780462853370289,0.0070722383141716885,0.009423455519803012,0.006737677763172765,0.009098188317442945,0.009711549327607639,0.012016299790044668,0.013066448186235735,0.011867606211822925,0.0131872617185409,0.010808164466993,0.009460628914358447,0.008958788087860062,0.008010866526696445,0.008187440150834767,0.008475533958639394,0.007685599324336381,0.0071651718005602775,0.008289666985862216,0.00788075964575242,0.008140973407640471,0.008373307123611945,0.009172535106553819,0.011477285568990846,0.010529364007827231
37063,0.0008456947261361677,0.0008364013774973088,0.0008735747720527446,0.0008921614693304626,0.0009107481666081806,0.0009943883043579116,0.0010594417448299242,0.0011895486257739501,0.0016170426631614634,0.0018958431223272331,0.0028344713348519906,0.002592844270241657,0.0028716447294074264,0.0034478323450166837,0.004386460557541441,0.004869714686762109,0.00558530253195425,0.005641062623787404,0.005427315605093647,0.005167101843205596,0.004841834640845532,0.004590914227596339,0.004776781200373518,0.00430282041979171,0.004209886933403121,0.004451513998013454,0.005120635100011301,0.005167101843205596,0.004869714686762109,0.005743289458814853,0.0065053440472012895,0.006161490147563507,0.005780462853370289,0.0070722383141716885,0.009423455519803012,0.006737677763172765,0.009098188317442945,0.009711549327607639,0.012016299790044668,0.013066448186235735,0.011867606211822925,0.0131872617185409,0.010808164466993,0.009460628914358447,0.008958788087860062,0.008010866526696445,0.008187440150834767,0.008475533958639394,0.007685599324336381,0.0071651718005602775,0.008289666985862216,0.00788075964575242,0.008140973407640471,0.008373307123611945,0.009172535106553819,0.011477285568990846,0.010529364007827231
37065,0.0008456947261361677,0.0008364013774973088,0.0008735747720527446,0.0008921614693304626,0.0009107481666081806,0.0009943883043579116,0.0010594417448299242,0.0011895486257739501,0.0016170426631614634,0.0018958431223272331,0.0028344713348519906,0.002592844270241657,0.0028716447294074264,0.0034478323450166837,0.004386460557541441,0.004869714686762109,0.00558530253195425,0.005641062623787404,0.005427315605093647,0.005167101843205596,0.004841834640845532,0.004590914227596339,0.004776781200373518,0.00430282041979171,0.004209886933403121,0.004451513998013454,0.005120635100011301,0.005167101843205596,0.004869714686762109,0.005743289458814853,0.0065053440472012895,0.006161490147563507,0.005780462853370289,0.0070722383141716885,0.009423455519803012,0.006737677763172765,0.009098188317442945,0.009711549327607639,0.012016299790044668,0.013066448186235735,0.011867606211822925,0.0131872617185409,0.010808164466993,0.009460628914358447,0.008958788087860062,0.008010866526696445,0.008187440150834767,0.008475533958639394,0.007685599324336381,0.0071651718005602775,0.008289666985862216,0.00788075964575242,0.008140973407640471,0.008373307123611945,0.009172535106553819,0.011477285568990846,0.010529364007827231
37067,0.0008456947261361677,0.0008364013774973088,0.0008735747720527446,0.0008921614693304626,0.0009107481666081806,0.0009943883043579116,0.0010594417448299242,0.0011895486257739501,0.0016170426631614634,0.0018958431223272331,0.0028344713348519906,0.002592844270241657,0.0028716447294074264,0.0034478323450166837,0.004386460557541441,0.004869714686762109,0.00558530253195425,0.005641062623787404,0.005427315605093647,0.005167101843205596,0.004841834640845532,0.004590914227596339,0.004776781200373518,0.00430282041979171,0.004209886933403121,0.004451513998013454,0.005120635100011301,0.005167101843205596,0.004869714686762109,0.005743289458814853,0.0065053440472012895,0.006161490147563507,0.005780462853370289,0.0070722383141716885,0.009423455519803012,0.006737677763172765,0.009098188317442945,0.009711549327607639,0.012016299790044668,0.013066448186235735,0.011867606211822925,0.0131872617185409,0.010808164466993,0.009460628914358447,0.008958788087860062,0.008010866526696445,0.008187440150834767,0.008475533958639394,0.007685599324336381,0.0071651718005602775,0.008289666985862216,0.00788075964575242,0.008140973407640471,0.008373307123611945,0.009172535106553819,0.011477285568990846,0.010529364007827231
37069,0.0008456947261361677,0.0008364013774973088,0.0008735747720527446,0.0008921614693304626,0.0009107481666081806,0.0009943883043579116,0.0010594417448299242,0.0011895486257739501,0.0016170426631614634,0.0018958431223272331,0.0028344713348519906,0.002592844270241657,0.0028716447294074264,0.0034478323450166837,0.004386460557541441,0.004869714686762109,0.00558530253195425,0.005641062623787404,0.005427315605093647,0.005167101843205596,0.004841834640845532,0.004590914227596339,0.004776781200373518,0.00430282041979171,0.004209886933403121,0.004451513998013454,0.005120635100011301,0.005167101843205596,0.004869714686762109,0.005743289458814853,0.0065053440472012895,0.006161490147563507,0.005780462853370289,0.0070722383141716885,0.009423455519803012,0.006737677763172765,0.009098188317442945,0.009711549327607639,0.012016299790044668,0.013066448186235735,0.011867606211822925,0.0131872617185409,0.010808164466993,0.009460628914358447,0.008958788087860062,0.008010866526696445,0.008187440150834767,0.008475533958639394,0.007685599324336381,0.0071651718005602775,0.008289666985862216,0.00788075964575242,0.008140973407640471,0.008373307123611945,0.009172535106553819,0.011477285568990846,0.010529364007827231
37071,0.0008456947261361677,0.0008364013774973088,0.0008735747720527446,0.0008921614693304626,0.0009107481666081806,0.0009943883043579116,0.0010594417448299242,0.0011895486257739501,0.0016170426631614634,0.0018958431223272331,0.0028344713348519906,0.002592844270241657,0.0028716447294074264,0.0034478323450166837,0.004386460557541441,0.004869714686762109,0.00558530253195425,0.005641062623787404,0.005427315605093647,0.005167101843205596,0.004841834640845532,0.004590914227596339,0.004776781200373518,0.00430282041979171,0.004209886933403121,0.004451513998013454,0.005120635100011301,0.005167101843205596,0.004869714686762109,0.005743289458814853,0.0065053440472012895,0.006161490147563507,0.005780462853370289,0.0070722383141716885,0.009423455519803012,0.006737677763172765,0.009098188317442945,0.009711549327607639,0.012016299790044668,0.013066448186235735,0.011867606211822925,0.0131872617185409,0.010808164466993,0.009460628914358447,0.008958788087860062,0.008010866526696445,0.008187440150834767,0.008475533958639394,0.007685599324336381,0.0071651718005602775,0.008289666985862216,0.00788075964575242,0.008140973407640471,0.008373307123611945,0.009172535106553819,0.011477285568990846,0.010529364007827231
37073,0.0008456947261361677,0.0008364013774973088,0.0008735747720527446,0.0008921614693304626,0.0009107481666081806,0.0009943883043579116,0.0010594417448299242,0.0011895486257739501,0.0016170426631614634,0.0018958431223272331,0.0028344713348519906,0.002592844270241657,0.0028716447294074264,0.0034478323450166837,0.004386460557541441,0.004869714686762109,0.00558530253195425,0.005641062623787404,0.005427315605093647,0.005167101843205596,0.004841834640845532,0.004590914227596339,0.004776781200373518,0.00430282041979171,0.004209886933403121,0.004451513998013454,0.005120635100011301,0.005167101843205596,0.004869714686762109,0.005743289458814853,0.0065053440472012895,0.006161490147563507,0.005780462853370289,0.0070722383141716885,0.009423455519803012,0.006737677763172765,0.009098188317442945,0.009711549327607639,0.012016299790044668,0.013066448186235735,0.011867606211822925,0.0131872617185409,0.010808164466993,0.009460628914358447,0.008958788087860062,0.008010866526696445,0.008187440150834767,0.008475533958639394,0.007685599324336381,0.0071651718005602775,0.008289666985862216,0.00788075964575242,0.008140973407640471,0.008373307123611945,0.009172535106553819,0.011477285568990846,0.010529364007827231
37075,0.0008456947261361677,0.0008364013774973088,0.0008735747720527446,0.0008921614693304626,0.0009107481666081806,0.0009943883043579116,0.0010594417448299242,0.0011895486257739501,0.0016170426631614634,0.0018958431223272331,0.0028344713348519906,0.002592844270241657,0.0028716447294074264,0.0034478323450166837,0.004386460557541441,0.004869714686762109,0.00558530253195425,0.005641062623787404,0.005427315605093647,0.005167101843205596,0.004841834640845532,0.004590914227596339,0.004776781200373518,0.00430282041979171,0.004209886933403121,0.004451513998013454,0.005120635100011301,0.005167101843205596,0.004869714686762109,0.005743289458814853,0.0065053440472012895,0.006161490147563507,0.005780462853370289,0.0070722383141716885,0.009423455519803012,0.006737677763172765,0.009098188317442945,0.009711549327607639,0.012016299790044668,0.013066448186235735,0.011867606211822925,0.0131872617185409,0.010808164466993,0.009460628914358447,0.008958788087860062,0.008010866526696445,0.008187440150834767,0.008475533958639394,0.007685599324336381,0.0071651718005602775,0.008289666985862216,0.00788075964575242,0.008140973407640471,0.008373307123611945,0.009172535106553819,0.011477285568990846,0.010529364007827231
37077,0.0008456947261361677,0.0008364013774973088,0.0008735747720527446,0.0008921614693304626,0.0009107481666081806,0.0009943883043579116,0.0010594417448299242,0.0011895486257739501,0.0016170426631614634,0.0018958431223272331,0.0028344713348519906,0.002592844270241657,0.0028716447294074264,0.0034478323450166837,0.004386460557541441,0.004869714686762109,0.00558530253195425,0.005641062623787404,0.005427315605093647,0.005167101843205596,0.004841834640845532,0.004590914227596339,0.004776781200373518,0.00430282041979171,0.004209886933403121,0.004451513998013454,0.005120635100011301,0.005167101843205596,0.004869714686762109,0.005743289458814853,0.0065053440472012895,0.006161490147563507,0.005780462853370289,0.0070722383141716885,0.009423455519803012,0.006737677763172765,0.009098188317442945,0.009711549327607639,0.012016299790044668,0.013066448186235735,0.011867606211822925,0.0131872617185409,0.010808164466993,0.009460628914358447,0.008958788087860062,0.008010866526696445,0.008187440150834767,0.008475533958639394,0.007685599324336381,0.0071651718005602775,0.008289666985862216,0.00788075964575242,0.008140973407640471,0.008373307123611945,0.009172535106553819,0.011477285568990846,0.010529364007827231
37079,0.0008456947261361677,0.0008364013774973088,0.0008735747720527446,0.0008921614693304626,0.0009107481666081806,0.0009943883043579116,0.0010594417448299242,0.0011895486257739501,0.0016170426631614634,0.0018958431223272331,0.0028344713348519906,0.002592844270241657,0.0028716447294074264,0.0034478323450166837,0.004386460557541441,0.004869714686762109,0.00558530253195425,0.005641062623787404,0.005427315605093647,0.005167101843205596,0.004841834640845532,0.004590914227596339,0.004776781200373518,0.00430282041979171,0.004209886933403121,0.004451513998013454,0.005120635100011301,0.005167101843205596,0.004869714686762109,0.005743289458814853,0.0065053440472012895,0.006161490147563507,0.005780462853370289,0.0070722383141716885,0.009423455519803012,0.006737677763172765,0.009098188317442945,0.009711549327607639,0.012016299790044668,0.013066448186235735,0.011867606211822925,0.0131872617185409,0.010808164466993,0.009460628914358447,0.008958788087860062,0.008010866526696445,0.008187440150834767,0.008475533958639394,0.007685599324336381,0.0071651718005602775,0.008289666985862216,0.00788075964575242,0.008140973407640471,0.008373307123611945,0.009172535106553819,0.011477285568990846,0.010529364007827231
37081,0.0008456947261361677,0.0008364013774973088,0.0008735747720527446,0.0008921614693304626,0.0009107481666081806,0.0009943883043579116,0.0010594417448299242,0.0011895486257739501,0.0016170426631614634,0.0018958431223272331,0.0028344713348519906,0.002592844270241657,0.0028716447294074264,0.0034478323450166837,0.004386460557541441,0.004869714686762109,0.00558530253195425,0.005641062623787404,0.005427315605093647,0.005167101843205596,0.004841834640845532,0.004590914227596339,0.004776781200373518,0.00430282041979171,0.004209886933403121,0.004451513998013454,0.005120635100011301,0.005167101843205596,0.004869714686762109,0.005743289458814853,0.0065053440472012895,0.006161490147563507,0.005780462853370289,0.0070722383141716885,0.009423455519803012,0.006737677763172765,0.009098188317442945,0.009711549327607639,0.012016299790044668,0.013066448186235735,0.011867606211822925,0.0131872617185409,0.010808164466993,0.009460628914358447,0.008958788087860062,0.008010866526696445,0.008187440150834767,0.008475533958639394,0.007685599324336381,0.0071651718005602775,0.008289666985862216,0.00788075964575242,0.008140973407640471,0.008373307123611945,0.009172535106553819,0.011477285568990846,0.010529364007827231
37083,0.0008456947261361677,0.0008364013774973088,0.0008735747720527446,0.0008921614693304626,0.0009107481666081806,0.0009943883043579116,0.0010594417448299242,0.0011895486257739501,0.0016170426631614634,0.0018958431223272331,0.0028344713348519906,0.002592844270241657,0.0028716447294074264,0.0034478323450166837,0.004386460557541441,0.004869714686762109,0.00558530253195425,0.005641062623787404,0.005427315605093647,0.005167101843205596,0.004841834640845532,0.004590914227596339,0.004776781200373518,0.00430282041979171,0.004209886933403121,0.004451513998013454,0.005120635100011301,0.005167101843205596,0.004869714686762109,0.005743289458814853,0.0065053440472012895,0.006161490147563507,0.005780462853370289,0.0070722383141716885,0.009423455519803012,0.006737677763172765,0.009098188317442945,0.009711549327607639,0.012016299790044668,0.013066448186235735,0.011867606211822925,0.0131872617185409,0.010808164466993,0.009460628914358447,0.008958788087860062,0.008010866526696445,0.008187440150834767,0.008475533958639394,0.007685599324336381,0.0071651718005602775,0.008289666985862216,0.00788075964575242,0.008140973407640471,0.008373307123611945,0.009172535106553819,0.011477285568990846,0.010529364007827231
37085,0.0008456947261361677,0.0008364013774973088,0.0008735747720527446,0.0008921614693304626,0.0009107481666081806,0.0009943883043579116,0.0010594417448299242,0.0011895486257739501,0.0016170426631614634,0.0018958431223272331,0.0028344713348519906,0.002592844270241657,0.0028716447294074264,0.0034478323450166837,0.004386460557541441,0.004869714686762109,0.00558530253195425,0.005641062623787404,0.005427315605093647,0.005167101843205596,0.004841834640845532,0.004590914227596339,0.004776781200373518,0.00430282041979171,0.004209886933403121,0.004451513998013454,0.005120635100011301,0.005167101843205596,0.004869714686762109,0.005743289458814853,0.0065053440472012895,0.006161490147563507,0.005780462853370289,0.0070722383141716885,0.009423455519803012,0.006737677763172765,0.009098188317442945,0.009711549327607639,0.012016299790044668,0.013066448186235735,0.011867606211822925,0.0131872617185409,0.010808164466993,0.009460628914358447,0.008958788087860062,0.008010866526696445,0.008187440150834767,0.008475533958639394,0.007685599324336381,0.0071651718005602775,0.008289666985862216,0.00788075964575242,0.008140973407640471,0.008373307123611945,0.009172535106553819,0.011477285568990846,0.010529364007827231
37087,0.0008456947261361677,0.0008364013774973088,0.0008735747720527446,0.0008921614693304626,0.0009107481666081806,0.0009943883043579116,0.0010594417448299242,0.0011895486257739501,0.0016170426631614634,0.0018958431223272331,0.0028344713348519906,0.002592844270241657,0.0028716447294074264,0.0034478323450166837,0.004386460557541441,0.004869714686762109,0.00558530253195425,0.005641062623787404,0.005427315605093647,0.005167101843205596,0.004841834640845532,0.004590914227596339,0.004776781200373518,0.00430282041979171,0.004209886933403121,0.004451513998013454,0.005120635100011301,0.005167101843205596,0.004869714686762109,0.005743289458814853,0.0065053440472012895,0.006161490147563507,0.005780462853370289,0.0070722383141716885,0.009423455519803012,0.006737677763172765,0.009098188317442945,0.009711549327607639,0.012016299790044668,0.013066448186235735,0.011867606211822925,0.0131872617185409,0.010808164466993,0.009460628914358447,0.008958788087860062,0.008010866526696445,0.008187440150834767,0.008475533958639394,0.007685599324336381,0.0071651718005602775,0.008289666985862216,0.00788075964575242,0.008140973407640471,0.008373307123611945,0.009172535106553819,0.011477285568990846,0.010529364007827231
37089,0.0008456947261361677,0.0008364013774973088,0.0008735747720527446,0.0008921614693304626,0.0009107481666081806,0.0009943883043579116,0.0010594417448299242,0.0011895486257739501,0.0016170426631614634,0.0018958431223272331,0.0028344713348519906,0.002592844270241657,0.0028716447294074264,0.0034478323450166837,0.004386460557541441,0.004869714686762109,0.00558530253195425,0.005641062623787404,0.005427315605093647,0.005167101843205596,0.004841834640845532,0.004590914227596339,0.004776781200373518,0.00430282041979171,0.004209886933403121,0.004451513998013454,0.005120635100011301,0.005167101843205596,0.004869714686762109,0.005743289458814853,0.0065053440472012895,0.006161490147563507,0.005780462853370289,0.0070722383141716885,0.009423455519803012,0.006737677763172765,0.009098188317442945,0.009711549327607639,0.012016299790044668,0.013066448186235735,0.011867606211822925,0.0131872617185409,0.010808164466993,0.009460628914358447,0.008958788087860062,0.008010866526696445,0.008187440150834767,0.008475533958639394,0.007685599324336381,0.0071651718005602775,0.008289666985862216,0.00788075964575242,0.008140973407640471,0.008373307123611945,0.009172535106553819,0.011477285568990846,0.010529364007827231
37091,0.0008456947261361677,0.0008364013774973088,0.0008735747720527446,0.0008921614693304626,0.0009107481666081806,0.0009943883043579116,0.0010594417448299242,0.0011895486257739501,0.0016170426631614634,0.0018958431223272331,0.0028344713348519906,0.002592844270241657,0.0028716447294074264,0.0034478323450166837,0.004386460557541441,0.004869714686762109,0.00558530253195425,0.005641062623787404,0.005427315605093647,0.005167101843205596,0.004841834640845532,0.004590914227596339,0.004776781200373518,0.00430282041979171,0.004209886933403121,0.004451513998013454,0.005120635100011301,0.005167101843205596,0.004869714686762109,0.005743289458814853,0.0065053440472012895,0.006161490147563507,0.005780462853370289,0.0070722383141716885,0.009423455519803012,0.006737677763172765,0.009098188317442945,0.009711549327607639,0.012016299790044668,0.013066448186235735,0.011867606211822925,0.0131872617185409,0.010808164466993,0.009460628914358447,0.008958788087860062,0.008010866526696445,0.008187440150834767,0.008475533958639394,0.007685599324336381,0.0071651718005602775,0.008289666985862216,0.00788075964575242,0.008140973407640471,0.008373307123611945,0.009172535106553819,0.011477285568990846,0.010529364007827231
37093,0.0008456947261361677,0.0008364013774973088,0.0008735747720527446,0.0008921614693304626,0.0009107481666081806,0.0009943883043579116,0.0010594417448299242,0.0011895486257739501,0.0016170426631614634,0.0018958431223272331,0.0028344713348519906,0.002592844270241657,0.0028716447294074264,0.0034478323450166837,0.004386460557541441,0.004869714686762109,0.00558530253195425,0.005641062623787404,0.005427315605093647,0.005167101843205596,0.004841834640845532,0.004590914227596339,0.004776781200373518,0.00430282041979171,0.004209886933403121,0.004451513998013454,0.005120635100011301,0.005167101843205596,0.004869714686762109,0.005743289458814853,0.0065053440472012895,0.006161490147563507,0.005780462853370289,0.0070722383141716885,0.009423455519803012,0.006737677763172765,0.009098188317442945,0.009711549327607639,0.012016299790044668,0.013066448186235735,0.011867606211822925,0.0131872617185409,0.010808164466993,0.009460628914358447,0.008958788087860062,0.008010866526696445,0.008187440150834767,0.008475533958639394,0.007685599324336381,0.0071651718005602775,0.008289666985862216,0.00788075964575242,0.008140973407640471,0.008373307123611945,0.009172535106553819,0.011477285568990846,0.010529364007827231
37095,0.0008456947261361677,0.0008364013774973088,0.0008735747720527446,0.0008921614693304626,0.0009107481666081806,0.0009943883043579116,0.0010594417448299242,0.0011895486257739501,0.0016170426631614634,0.0018958431223272331,0.0028344713348519906,0.002592844270241657,0.0028716447294074264,0.0034478323450166837,0.004386460557541441,0.004869714686762109,0.00558530253195425,0.005641062623787404,0.005427315605093647,0.005167101843205596,0.004841834640845532,0.004590914227596339,0.004776781200373518,0.00430282041979171,0.004209886933403121,0.004451513998013454,0.005120635100011301,0.005167101843205596,0.004869714686762109,0.005743289458814853,0.0065053440472012895,0.006161490147563507,0.005780462853370289,0.0070722383141716885,0.009423455519803012,0.006737677763172765,0.009098188317442945,0.009711549327607639,0.012016299790044668,0.013066448186235735,0.011867606211822925,0.0131872617185409,0.010808164466993,0.009460628914358447,0.008958788087860062,0.008010866526696445,0.008187440150834767,0.008475533958639394,0.007685599324336381,0.0071651718005602775,0.008289666985862216,0.00788075964575242,0.008140973407640471,0.008373307123611945,0.009172535106553819,0.011477285568990846,0.010529364007827231
37097,0.0008456947261361677,0.0008364013774973088,0.0008735747720527446,0.0008921614693304626,0.0009107481666081806,0.0009943883043579116,0.0010594417448299242,0.0011895486257739501,0.0016170426631614634,0.0018958431223272331,0.0028344713348519906,0.002592844270241657,0.0028716447294074264,0.0034478323450166837,0.004386460557541441,0.004869714686762109,0.00558530253195425,0.005641062623787404,0.005427315605093647,0.005167101843205596,0.004841834640845532,0.004590914227596339,0.004776781200373518,0.00430282041979171,0.004209886933403121,0.004451513998013454,0.005120635100011301,0.005167101843205596,0.004869714686762109,0.005743289458814853,0.0065053440472012895,0.006161490147563507,0.005780462853370289,0.0070722383141716885,0.009423455519803012,0.006737677763172765,0.009098188317442945,0.009711549327607639,0.012016299790044668,0.013066448186235735,0.011867606211822925,0.0131872617185409,0.010808164466993,0.009460628914358447,0.008958788087860062,0.008010866526696445,0.008187440150834767,0.008475533958639394,0.007685599324336381,0.0071651718005602775,0.008289666985862216,0.00788075964575242,0.008140973407640471,0.008373307123611945,0.009172535106553819,0.011477285568990846,0.010529364007827231
37099,0.0008456947261361677,0.0008364013774973088,0.0008735747720527446,0.0008921614693304626,0.0009107481666081806,0.0009943883043579116,0.0010594417448299242,0.0011895486257739501,0.0016170426631614634,0.0018958431223272331,0.0028344713348519906,0.002592844270241657,0.0028716447294074264,0.0034478323450166837,0.004386460557541441,0.004869714686762109,0.00558530253195425,0.005641062623787404,0.005427315605093647,0.005167101843205596,0.004841834640845532,0.004590914227596339,0.004776781200373518,0.00430282041979171,0.004209886933403121,0.004451513998013454,0.005120635100011301,0.005167101843205596,0.004869714686762109,0.005743289458814853,0.0065053440472012895,0.006161490147563507,0.005780462853370289,0.0070722383141716885,0.009423455519803012,0.006737677763172765,0.009098188317442945,0.009711549327607639,0.012016299790044668,0.013066448186235735,0.011867606211822925,0.0131872617185409,0.010808164466993,0.009460628914358447,0.008958788087860062,0.008010866526696445,0.008187440150834767,0.008475533958639394,0.007685599324336381,0.0071651718005602775,0.008289666985862216,0.00788075964575242,0.008140973407640471,0.008373307123611945,0.009172535106553819,0.011477285568990846,0.010529364007827231
37101,0.0008456947261361677,0.0008364013774973088,0.0008735747720527446,0.0008921614693304626,0.0009107481666081806,0.0009943883043579116,0.0010594417448299242,0.0011895486257739501,0.0016170426631614634,0.0018958431223272331,0.0028344713348519906,0.002592844270241657,0.0028716447294074264,0.0034478323450166837,0.004386460557541441,0.004869714686762109,0.00558530253195425,0.005641062623787404,0.005427315605093647,0.005167101843205596,0.004841834640845532,0.004590914227596339,0.004776781200373518,0.00430282041979171,0.004209886933403121,0.004451513998013454,0.005120635100011301,0.005167101843205596,0.004869714686762109,0.005743289458814853,0.0065053440472012895,0.006161490147563507,0.005780462853370289,0.0070722383141716885,0.009423455519803012,0.006737677763172765,0.009098188317442945,0.009711549327607639,0.012016299790044668,0.013066448186235735,0.011867606211822925,0.0131872617185409,0.010808164466993,0.009460628914358447,0.008958788087860062,0.008010866526696445,0.008187440150834767,0.008475533958639394,0.007685599324336381,0.0071651718005602775,0.008289666985862216,0.00788075964575242,0.008140973407640471,0.008373307123611945,0.009172535106553819,0.011477285568990846,0.010529364007827231
37103,0.0008456947261361677,0.0008364013774973088,0.0008735747720527446,0.0008921614693304626,0.0009107481666081806,0.0009943883043579116,0.0010594417448299242,0.0011895486257739501,0.0016170426631614634,0.0018958431223272331,0.0028344713348519906,0.002592844270241657,0.0028716447294074264,0.0034478323450166837,0.004386460557541441,0.004869714686762109,0.00558530253195425,0.005641062623787404,0.005427315605093647,0.005167101843205596,0.004841834640845532,0.004590914227596339,0.004776781200373518,0.00430282041979171,0.004209886933403121,0.004451513998013454,0.005120635100011301,0.005167101843205596,0.004869714686762109,0.005743289458814853,0.0065053440472012895,0.006161490147563507,0.005780462853370289,0.0070722383141716885,0.009423455519803012,0.006737677763172765,0.009098188317442945,0.009711549327607639,0.012016299790044668,0.013066448186235735,0.011867606211822925,0.0131872617185409,0.010808164466993,0.009460628914358447,0.008958788087860062,0.008010866526696445,0.008187440150834767,0.008475533958639394,0.007685599324336381,0.0071651718005602775,0.008289666985862216,0.00788075964575242,0.008140973407640471,0.008373307123611945,0.009172535106553819,0.011477285568990846,0.010529364007827231
37105,0.0008456947261361677,0.0008364013774973088,0.0008735747720527446,0.0008921614693304626,0.0009107481666081806,0.0009943883043579116,0.0010594417448299242,0.0011895486257739501,0.0016170426631614634,0.0018958431223272331,0.0028344713348519906,0.002592844270241657,0.0028716447294074264,0.0034478323450166837,0.004386460557541441,0.004869714686762109,0.00558530253195425,0.005641062623787404,0.005427315605093647,0.005167101843205596,0.004841834640845532,0.004590914227596339,0.004776781200373518,0.00430282041979171,0.004209886933403121,0.004451513998013454,0.005120635100011301,0.005167101843205596,0.004869714686762109,0.005743289458814853,0.0065053440472012895,0.006161490147563507,0.005780462853370289,0.0070722383141716885,0.009423455519803012,0.006737677763172765,0.009098188317442945,0.009711549327607639,0.012016299790044668,0.013066448186235735,0.011867606211822925,0.0131872617185409,0.010808164466993,0.009460628914358447,0.008958788087860062,0.008010866526696445,0.008187440150834767,0.008475533958639394,0.007685599324336381,0.0071651718005602775,0.008289666985862216,0.00788075964575242,0.008140973407640471,0.008373307123611945,0.009172535106553819,0.011477285568990846,0.010529364007827231
37107,0.0008456947261361677,0.0008364013774973088,0.0008735747720527446,0.0008921614693304626,0.0009107481666081806,0.0009943883043579116,0.0010594417448299242,0.0011895486257739501,0.0016170426631614634,0.0018958431223272331,0.0028344713348519906,0.002592844270241657,0.0028716447294074264,0.0034478323450166837,0.004386460557541441,0.004869714686762109,0.00558530253195425,0.005641062623787404,0.005427315605093647,0.005167101843205596,0.004841834640845532,0.004590914227596339,0.004776781200373518,0.00430282041979171,0.004209886933403121,0.004451513998013454,0.005120635100011301,0.005167101843205596,0.004869714686762109,0.005743289458814853,0.0065053440472012895,0.006161490147563507,0.005780462853370289,0.0070722383141716885,0.009423455519803012,0.006737677763172765,0.009098188317442945,0.009711549327607639,0.012016299790044668,0.013066448186235735,0.011867606211822925,0.0131872617185409,0.010808164466993,0.009460628914358447,0.008958788087860062,0.008010866526696445,0.008187440150834767,0.008475533958639394,0.007685599324336381,0.0071651718005602775,0.008289666985862216,0.00788075964575242,0.008140973407640471,0.008373307123611945,0.009172535106553819,0.011477285568990846,0.010529364007827231
37109,0.0008456947261361677,0.0008364013774973088,0.0008735747720527446,0.0008921614693304626,0.0009107481666081806,0.0009943883043579116,0.0010594417448299242,0.0011895486257739501,0.0016170426631614634,0.0018958431223272331,0.0028344713348519906,0.002592844270241657,0.0028716447294074264,0.0034478323450166837,0.004386460557541441,0.004869714686762109,0.00558530253195425,0.005641062623787404,0.005427315605093647,0.005167101843205596,0.004841834640845532,0.004590914227596339,0.004776781200373518,0.00430282041979171,0.004209886933403121,0.004451513998013454,0.005120635100011301,0.005167101843205596,0.004869714686762109,0.005743289458814853,0.0065053440472012895,0.006161490147563507,0.005780462853370289,0.0070722383141716885,0.009423455519803012,0.006737677763172765,0.009098188317442945,0.009711549327607639,0.012016299790044668,0.013066448186235735,0.011867606211822925,0.0131872617185409,0.010808164466993,0.009460628914358447,0.008958788087860062,0.008010866526696445,0.008187440150834767,0.008475533958639394,0.007685599324336381,0.0071651718005602775,0.008289666985862216,0.00788075964575242,0.008140973407640471,0.008373307123611945,0.009172535106553819,0.011477285568990846,0.010529364007827231
37111,0.0008456947261361677,0.0008364013774973088,0.0008735747720527446,0.0008921614693304626,0.0009107481666081806,0.0009943883043579116,0.0010594417448299242,0.0011895486257739501,0.0016170426631614634,0.0018958431223272331,0.0028344713348519906,0.002592844270241657,0.0028716447294074264,0.0034478323450166837,0.004386460557541441,0.004869714686762109,0.00558530253195425,0.005641062623787404,0.005427315605093647,0.005167101843205596,0.004841834640845532,0.004590914227596339,0.004776781200373518,0.00430282041979171,0.004209886933403121,0.004451513998013454,0.005120635100011301,0.005167101843205596,0.004869714686762109,0.005743289458814853,0.0065053440472012895,0.006161490147563507,0.005780462853370289,0.0070722383141716885,0.009423455519803012,0.006737677763172765,0.009098188317442945,0.009711549327607639,0.012016299790044668,0.013066448186235735,0.011867606211822925,0.0131872617185409,0.010808164466993,0.009460628914358447,0.008958788087860062,0.008010866526696445,0.008187440150834767,0.008475533958639394,0.007685599324336381,0.0071651718005602775,0.008289666985862216,0.00788075964575242,0.008140973407640471,0.008373307123611945,0.009172535106553819,0.011477285568990846,0.010529364007827231
37113,0.0008456947261361677,0.0008364013774973088,0.0008735747720527446,0.0008921614693304626,0.0009107481666081806,0.0009943883043579116,0.0010594417448299242,0.0011895486257739501,0.0016170426631614634,0.0018958431223272331,0.0028344713348519906,0.002592844270241657,0.0028716447294074264,0.0034478323450166837,0.004386460557541441,0.004869714686762109,0.00558530253195425,0.005641062623787404,0.005427315605093647,0.005167101843205596,0.004841834640845532,0.004590914227596339,0.004776781200373518,0.00430282041979171,0.004209886933403121,0.004451513998013454,0.005120635100011301,0.005167101843205596,0.004869714686762109,0.005743289458814853,0.0065053440472012895,0.006161490147563507,0.005780462853370289,0.0070722383141716885,0.009423455519803012,0.006737677763172765,0.009098188317442945,0.009711549327607639,0.012016299790044668,0.013066448186235735,0.011867606211822925,0.0131872617185409,0.010808164466993,0.009460628914358447,0.008958788087860062,0.008010866526696445,0.008187440150834767,0.008475533958639394,0.007685599324336381,0.0071651718005602775,0.008289666985862216,0.00788075964575242,0.008140973407640471,0.008373307123611945,0.009172535106553819,0.011477285568990846,0.010529364007827231
37115,0.0008456947261361677,0.0008364013774973088,0.0008735747720527446,0.0008921614693304626,0.0009107481666081806,0.0009943883043579116,0.0010594417448299242,0.0011895486257739501,0.0016170426631614634,0.0018958431223272331,0.0028344713348519906,0.002592844270241657,0.0028716447294074264,0.0034478323450166837,0.004386460557541441,0.004869714686762109,0.00558530253195425,0.005641062623787404,0.005427315605093647,0.005167101843205596,0.004841834640845532,0.004590914227596339,0.004776781200373518,0.00430282041979171,0.004209886933403121,0.004451513998013454,0.005120635100011301,0.005167101843205596,0.004869714686762109,0.005743289458814853,0.0065053440472012895,0.006161490147563507,0.005780462853370289,0.0070722383141716885,0.009423455519803012,0.006737677763172765,0.009098188317442945,0.009711549327607639,0.012016299790044668,0.013066448186235735,0.011867606211822925,0.0131872617185409,0.010808164466993,0.009460628914358447,0.008958788087860062,0.008010866526696445,0.008187440150834767,0.008475533958639394,0.007685599324336381,0.0071651718005602775,0.008289666985862216,0.00788075964575242,0.008140973407640471,0.008373307123611945,0.009172535106553819,0.011477285568990846,0.010529364007827231
37117,0.0008456947261361677,0.0008364013774973088,0.0008735747720527446,0.0008921614693304626,0.0009107481666081806,0.0009943883043579116,0.0010594417448299242,0.0011895486257739501,0.0016170426631614634,0.0018958431223272331,0.0028344713348519906,0.002592844270241657,0.0028716447294074264,0.0034478323450166837,0.004386460557541441,0.004869714686762109,0.00558530253195425,0.005641062623787404,0.005427315605093647,0.005167101843205596,0.004841834640845532,0.004590914227596339,0.004776781200373518,0.00430282041979171,0.004209886933403121,0.004451513998013454,0.005120635100011301,0.005167101843205596,0.004869714686762109,0.005743289458814853,0.0065053440472012895,0.006161490147563507,0.005780462853370289,0.0070722383141716885,0.009423455519803012,0.006737677763172765,0.009098188317442945,0.009711549327607639,0.012016299790044668,0.013066448186235735,0.011867606211822925,0.0131872617185409,0.010808164466993,0.009460628914358447,0.008958788087860062,0.008010866526696445,0.008187440150834767,0.008475533958639394,0.007685599324336381,0.0071651718005602775,0.008289666985862216,0.00788075964575242,0.008140973407640471,0.008373307123611945,0.009172535106553819,0.011477285568990846,0.010529364007827231
37119,0.0008456947261361677,0.0008364013774973088,0.0008735747720527446,0.0008921614693304626,0.0009107481666081806,0.0009943883043579116,0.0010594417448299242,0.0011895486257739501,0.0016170426631614634,0.0018958431223272331,0.0028344713348519906,0.002592844270241657,0.0028716447294074264,0.0034478323450166837,0.004386460557541441,0.004869714686762109,0.00558530253195425,0.005641062623787404,0.005427315605093647,0.005167101843205596,0.004841834640845532,0.004590914227596339,0.004776781200373518,0.00430282041979171,0.004209886933403121,0.004451513998013454,0.005120635100011301,0.005167101843205596,0.004869714686762109,0.005743289458814853,0.0065053440472012895,0.006161490147563507,0.005780462853370289,0.0070722383141716885,0.009423455519803012,0.006737677763172765,0.009098188317442945,0.009711549327607639,0.012016299790044668,0.013066448186235735,0.011867606211822925,0.0131872617185409,0.010808164466993,0.009460628914358447,0.008958788087860062,0.008010866526696445,0.008187440150834767,0.008475533958639394,0.007685599324336381,0.0071651718005602775,0.008289666985862216,0.00788075964575242,0.008140973407640471,0.008373307123611945,0.009172535106553819,0.011477285568990846,0.010529364007827231
37121,0.0008456947261361677,0.0008364013774973088,0.0008735747720527446,0.0008921614693304626,0.0009107481666081806,0.0009943883043579116,0.0010594417448299242,0.0011895486257739501,0.0016170426631614634,0.0018958431223272331,0.0028344713348519906,0.002592844270241657,0.0028716447294074264,0.0034478323450166837,0.004386460557541441,0.004869714686762109,0.00558530253195425,0.005641062623787404,0.005427315605093647,0.005167101843205596,0.004841834640845532,0.004590914227596339,0.004776781200373518,0.00430282041979171,0.004209886933403121,0.004451513998013454,0.005120635100011301,0.005167101843205596,0.004869714686762109,0.005743289458814853,0.0065053440472012895,0.006161490147563507,0.005780462853370289,0.0070722383141716885,0.009423455519803012,0.006737677763172765,0.009098188317442945,0.009711549327607639,0.012016299790044668,0.013066448186235735,0.011867606211822925,0.0131872617185409,0.010808164466993,0.009460628914358447,0.008958788087860062,0.008010866526696445,0.008187440150834767,0.008475533958639394,0.007685599324336381,0.0071651718005602775,0.008289666985862216,0.00788075964575242,0.008140973407640471,0.008373307123611945,0.009172535106553819,0.011477285568990846,0.010529364007827231
37123,0.0008456947261361677,0.0008364013774973088,0.0008735747720527446,0.0008921614693304626,0.0009107481666081806,0.0009943883043579116,0.0010594417448299242,0.0011895486257739501,0.0016170426631614634,0.0018958431223272331,0.0028344713348519906,0.002592844270241657,0.0028716447294074264,0.0034478323450166837,0.004386460557541441,0.004869714686762109,0.00558530253195425,0.005641062623787404,0.005427315605093647,0.005167101843205596,0.004841834640845532,0.004590914227596339,0.004776781200373518,0.00430282041979171,0.004209886933403121,0.004451513998013454,0.005120635100011301,0.005167101843205596,0.004869714686762109,0.005743289458814853,0.0065053440472012895,0.006161490147563507,0.005780462853370289,0.0070722383141716885,0.009423455519803012,0.006737677763172765,0.009098188317442945,0.009711549327607639,0.012016299790044668,0.013066448186235735,0.011867606211822925,0.0131872617185409,0.010808164466993,0.009460628914358447,0.008958788087860062,0.008010866526696445,0.008187440150834767,0.008475533958639394,0.007685599324336381,0.0071651718005602775,0.008289666985862216,0.00788075964575242,0.008140973407640471,0.008373307123611945,0.009172535106553819,0.011477285568990846,0.010529364007827231
37125,0.0008456947261361677,0.0008364013774973088,0.0008735747720527446,0.0008921614693304626,0.0009107481666081806,0.0009943883043579116,0.0010594417448299242,0.0011895486257739501,0.0016170426631614634,0.0018958431223272331,0.0028344713348519906,0.002592844270241657,0.0028716447294074264,0.0034478323450166837,0.004386460557541441,0.004869714686762109,0.00558530253195425,0.005641062623787404,0.005427315605093647,0.005167101843205596,0.004841834640845532,0.004590914227596339,0.004776781200373518,0.00430282041979171,0.004209886933403121,0.004451513998013454,0.005120635100011301,0.005167101843205596,0.004869714686762109,0.005743289458814853,0.0065053440472012895,0.006161490147563507,0.005780462853370289,0.0070722383141716885,0.009423455519803012,0.006737677763172765,0.009098188317442945,0.009711549327607639,0.012016299790044668,0.013066448186235735,0.011867606211822925,0.0131872617185409,0.010808164466993,0.009460628914358447,0.008958788087860062,0.008010866526696445,0.008187440150834767,0.008475533958639394,0.007685599324336381,0.0071651718005602775,0.008289666985862216,0.00788075964575242,0.008140973407640471,0.008373307123611945,0.009172535106553819,0.011477285568990846,0.010529364007827231
37127,0.0008456947261361677,0.0008364013774973088,0.0008735747720527446,0.0008921614693304626,0.0009107481666081806,0.0009943883043579116,0.0010594417448299242,0.0011895486257739501,0.0016170426631614634,0.0018958431223272331,0.0028344713348519906,0.002592844270241657,0.0028716447294074264,0.0034478323450166837,0.004386460557541441,0.004869714686762109,0.00558530253195425,0.005641062623787404,0.005427315605093647,0.005167101843205596,0.004841834640845532,0.004590914227596339,0.004776781200373518,0.00430282041979171,0.004209886933403121,0.004451513998013454,0.005120635100011301,0.005167101843205596,0.004869714686762109,0.005743289458814853,0.0065053440472012895,0.006161490147563507,0.005780462853370289,0.0070722383141716885,0.009423455519803012,0.006737677763172765,0.009098188317442945,0.009711549327607639,0.012016299790044668,0.013066448186235735,0.011867606211822925,0.0131872617185409,0.010808164466993,0.009460628914358447,0.008958788087860062,0.008010866526696445,0.008187440150834767,0.008475533958639394,0.007685599324336381,0.0071651718005602775,0.008289666985862216,0.00788075964575242,0.008140973407640471,0.008373307123611945,0.009172535106553819,0.011477285568990846,0.010529364007827231
37129,0.0008456947261361677,0.0008364013774973088,0.0008735747720527446,0.0008921614693304626,0.0009107481666081806,0.0009943883043579116,0.0010594417448299242,0.0011895486257739501,0.0016170426631614634,0.0018958431223272331,0.0028344713348519906,0.002592844270241657,0.0028716447294074264,0.0034478323450166837,0.004386460557541441,0.004869714686762109,0.00558530253195425,0.005641062623787404,0.005427315605093647,0.005167101843205596,0.004841834640845532,0.004590914227596339,0.004776781200373518,0.00430282041979171,0.004209886933403121,0.004451513998013454,0.005120635100011301,0.005167101843205596,0.004869714686762109,0.005743289458814853,0.0065053440472012895,0.006161490147563507,0.005780462853370289,0.0070722383141716885,0.009423455519803012,0.006737677763172765,0.009098188317442945,0.009711549327607639,0.012016299790044668,0.013066448186235735,0.011867606211822925,0.0131872617185409,0.010808164466993,0.009460628914358447,0.008958788087860062,0.008010866526696445,0.008187440150834767,0.008475533958639394,0.007685599324336381,0.0071651718005602775,0.008289666985862216,0.00788075964575242,0.008140973407640471,0.008373307123611945,0.009172535106553819,0.011477285568990846,0.010529364007827231
37131,0.0008456947261361677,0.0008364013774973088,0.0008735747720527446,0.0008921614693304626,0.0009107481666081806,0.0009943883043579116,0.0010594417448299242,0.0011895486257739501,0.0016170426631614634,0.0018958431223272331,0.0028344713348519906,0.002592844270241657,0.0028716447294074264,0.0034478323450166837,0.004386460557541441,0.004869714686762109,0.00558530253195425,0.005641062623787404,0.005427315605093647,0.005167101843205596,0.004841834640845532,0.004590914227596339,0.004776781200373518,0.00430282041979171,0.004209886933403121,0.004451513998013454,0.005120635100011301,0.005167101843205596,0.004869714686762109,0.005743289458814853,0.0065053440472012895,0.006161490147563507,0.005780462853370289,0.0070722383141716885,0.009423455519803012,0.006737677763172765,0.009098188317442945,0.009711549327607639,0.012016299790044668,0.013066448186235735,0.011867606211822925,0.0131872617185409,0.010808164466993,0.009460628914358447,0.008958788087860062,0.008010866526696445,0.008187440150834767,0.008475533958639394,0.007685599324336381,0.0071651718005602775,0.008289666985862216,0.00788075964575242,0.008140973407640471,0.008373307123611945,0.009172535106553819,0.011477285568990846,0.010529364007827231
37133,0.0008456947261361677,0.0008364013774973088,0.0008735747720527446,0.0008921614693304626,0.0009107481666081806,0.0009943883043579116,0.0010594417448299242,0.0011895486257739501,0.0016170426631614634,0.0018958431223272331,0.0028344713348519906,0.002592844270241657,0.0028716447294074264,0.0034478323450166837,0.004386460557541441,0.004869714686762109,0.00558530253195425,0.005641062623787404,0.005427315605093647,0.005167101843205596,0.004841834640845532,0.004590914227596339,0.004776781200373518,0.00430282041979171,0.004209886933403121,0.004451513998013454,0.005120635100011301,0.005167101843205596,0.004869714686762109,0.005743289458814853,0.0065053440472012895,0.006161490147563507,0.005780462853370289,0.0070722383141716885,0.009423455519803012,0.006737677763172765,0.009098188317442945,0.009711549327607639,0.012016299790044668,0.013066448186235735,0.011867606211822925,0.0131872617185409,0.010808164466993,0.009460628914358447,0.008958788087860062,0.008010866526696445,0.008187440150834767,0.008475533958639394,0.007685599324336381,0.0071651718005602775,0.008289666985862216,0.00788075964575242,0.008140973407640471,0.008373307123611945,0.009172535106553819,0.011477285568990846,0.010529364007827231
37135,0.0008456947261361677,0.0008364013774973088,0.0008735747720527446,0.0008921614693304626,0.0009107481666081806,0.0009943883043579116,0.0010594417448299242,0.0011895486257739501,0.0016170426631614634,0.0018958431223272331,0.0028344713348519906,0.002592844270241657,0.0028716447294074264,0.0034478323450166837,0.004386460557541441,0.004869714686762109,0.00558530253195425,0.005641062623787404,0.005427315605093647,0.005167101843205596,0.004841834640845532,0.004590914227596339,0.004776781200373518,0.00430282041979171,0.004209886933403121,0.004451513998013454,0.005120635100011301,0.005167101843205596,0.004869714686762109,0.005743289458814853,0.0065053440472012895,0.006161490147563507,0.005780462853370289,0.0070722383141716885,0.009423455519803012,0.006737677763172765,0.009098188317442945,0.009711549327607639,0.012016299790044668,0.013066448186235735,0.011867606211822925,0.0131872617185409,0.010808164466993,0.009460628914358447,0.008958788087860062,0.008010866526696445,0.008187440150834767,0.008475533958639394,0.007685599324336381,0.0071651718005602775,0.008289666985862216,0.00788075964575242,0.008140973407640471,0.008373307123611945,0.009172535106553819,0.011477285568990846,0.010529364007827231
37137,0.0008456947261361677,0.0008364013774973088,0.0008735747720527446,0.0008921614693304626,0.0009107481666081806,0.0009943883043579116,0.0010594417448299242,0.0011895486257739501,0.0016170426631614634,0.0018958431223272331,0.0028344713348519906,0.002592844270241657,0.0028716447294074264,0.0034478323450166837,0.004386460557541441,0.004869714686762109,0.00558530253195425,0.005641062623787404,0.005427315605093647,0.005167101843205596,0.004841834640845532,0.004590914227596339,0.004776781200373518,0.00430282041979171,0.004209886933403121,0.004451513998013454,0.005120635100011301,0.005167101843205596,0.004869714686762109,0.005743289458814853,0.0065053440472012895,0.006161490147563507,0.005780462853370289,0.0070722383141716885,0.009423455519803012,0.006737677763172765,0.009098188317442945,0.009711549327607639,0.012016299790044668,0.013066448186235735,0.011867606211822925,0.0131872617185409,0.010808164466993,0.009460628914358447,0.008958788087860062,0.008010866526696445,0.008187440150834767,0.008475533958639394,0.007685599324336381,0.0071651718005602775,0.008289666985862216,0.00788075964575242,0.008140973407640471,0.008373307123611945,0.009172535106553819,0.011477285568990846,0.010529364007827231
37139,0.0008456947261361677,0.0008364013774973088,0.0008735747720527446,0.0008921614693304626,0.0009107481666081806,0.0009943883043579116,0.0010594417448299242,0.0011895486257739501,0.0016170426631614634,0.0018958431223272331,0.0028344713348519906,0.002592844270241657,0.0028716447294074264,0.0034478323450166837,0.004386460557541441,0.004869714686762109,0.00558530253195425,0.005641062623787404,0.005427315605093647,0.005167101843205596,0.004841834640845532,0.004590914227596339,0.004776781200373518,0.00430282041979171,0.004209886933403121,0.004451513998013454,0.005120635100011301,0.005167101843205596,0.004869714686762109,0.005743289458814853,0.0065053440472012895,0.006161490147563507,0.005780462853370289,0.0070722383141716885,0.009423455519803012,0.006737677763172765,0.009098188317442945,0.009711549327607639,0.012016299790044668,0.013066448186235735,0.011867606211822925,0.0131872617185409,0.010808164466993,0.009460628914358447,0.008958788087860062,0.008010866526696445,0.008187440150834767,0.008475533958639394,0.007685599324336381,0.0071651718005602775,0.008289666985862216,0.00788075964575242,0.008140973407640471,0.008373307123611945,0.009172535106553819,0.011477285568990846,0.010529364007827231
37141,0.0008456947261361677,0.0008364013774973088,0.0008735747720527446,0.0008921614693304626,0.0009107481666081806,0.0009943883043579116,0.0010594417448299242,0.0011895486257739501,0.0016170426631614634,0.0018958431223272331,0.0028344713348519906,0.002592844270241657,0.0028716447294074264,0.0034478323450166837,0.004386460557541441,0.004869714686762109,0.00558530253195425,0.005641062623787404,0.005427315605093647,0.005167101843205596,0.004841834640845532,0.004590914227596339,0.004776781200373518,0.00430282041979171,0.004209886933403121,0.004451513998013454,0.005120635100011301,0.005167101843205596,0.004869714686762109,0.005743289458814853,0.0065053440472012895,0.006161490147563507,0.005780462853370289,0.0070722383141716885,0.009423455519803012,0.006737677763172765,0.009098188317442945,0.009711549327607639,0.012016299790044668,0.013066448186235735,0.011867606211822925,0.0131872617185409,0.010808164466993,0.009460628914358447,0.008958788087860062,0.008010866526696445,0.008187440150834767,0.008475533958639394,0.007685599324336381,0.0071651718005602775,0.008289666985862216,0.00788075964575242,0.008140973407640471,0.008373307123611945,0.009172535106553819,0.011477285568990846,0.010529364007827231
37143,0.0008456947261361677,0.0008364013774973088,0.0008735747720527446,0.0008921614693304626,0.0009107481666081806,0.0009943883043579116,0.0010594417448299242,0.0011895486257739501,0.0016170426631614634,0.0018958431223272331,0.0028344713348519906,0.002592844270241657,0.0028716447294074264,0.0034478323450166837,0.004386460557541441,0.004869714686762109,0.00558530253195425,0.005641062623787404,0.005427315605093647,0.005167101843205596,0.004841834640845532,0.004590914227596339,0.004776781200373518,0.00430282041979171,0.004209886933403121,0.004451513998013454,0.005120635100011301,0.005167101843205596,0.004869714686762109,0.005743289458814853,0.0065053440472012895,0.006161490147563507,0.005780462853370289,0.0070722383141716885,0.009423455519803012,0.006737677763172765,0.009098188317442945,0.009711549327607639,0.012016299790044668,0.013066448186235735,0.011867606211822925,0.0131872617185409,0.010808164466993,0.009460628914358447,0.008958788087860062,0.008010866526696445,0.008187440150834767,0.008475533958639394,0.007685599324336381,0.0071651718005602775,0.008289666985862216,0.00788075964575242,0.008140973407640471,0.008373307123611945,0.009172535106553819,0.011477285568990846,0.010529364007827231
37145,0.0008456947261361677,0.0008364013774973088,0.0008735747720527446,0.0008921614693304626,0.0009107481666081806,0.0009943883043579116,0.0010594417448299242,0.0011895486257739501,0.0016170426631614634,0.0018958431223272331,0.0028344713348519906,0.002592844270241657,0.0028716447294074264,0.0034478323450166837,0.004386460557541441,0.004869714686762109,0.00558530253195425,0.005641062623787404,0.005427315605093647,0.005167101843205596,0.004841834640845532,0.004590914227596339,0.004776781200373518,0.00430282041979171,0.004209886933403121,0.004451513998013454,0.005120635100011301,0.005167101843205596,0.004869714686762109,0.005743289458814853,0.0065053440472012895,0.006161490147563507,0.005780462853370289,0.0070722383141716885,0.009423455519803012,0.006737677763172765,0.009098188317442945,0.009711549327607639,0.012016299790044668,0.013066448186235735,0.011867606211822925,0.0131872617185409,0.010808164466993,0.009460628914358447,0.008958788087860062,0.008010866526696445,0.008187440150834767,0.008475533958639394,0.007685599324336381,0.0071651718005602775,0.008289666985862216,0.00788075964575242,0.008140973407640471,0.008373307123611945,0.009172535106553819,0.011477285568990846,0.010529364007827231
37147,0.0008456947261361677,0.0008364013774973088,0.0008735747720527446,0.0008921614693304626,0.0009107481666081806,0.0009943883043579116,0.0010594417448299242,0.0011895486257739501,0.0016170426631614634,0.0018958431223272331,0.0028344713348519906,0.002592844270241657,0.0028716447294074264,0.0034478323450166837,0.004386460557541441,0.004869714686762109,0.00558530253195425,0.005641062623787404,0.005427315605093647,0.005167101843205596,0.004841834640845532,0.004590914227596339,0.004776781200373518,0.00430282041979171,0.004209886933403121,0.004451513998013454,0.005120635100011301,0.005167101843205596,0.004869714686762109,0.005743289458814853,0.0065053440472012895,0.006161490147563507,0.005780462853370289,0.0070722383141716885,0.009423455519803012,0.006737677763172765,0.009098188317442945,0.009711549327607639,0.012016299790044668,0.013066448186235735,0.011867606211822925,0.0131872617185409,0.010808164466993,0.009460628914358447,0.008958788087860062,0.008010866526696445,0.008187440150834767,0.008475533958639394,0.007685599324336381,0.0071651718005602775,0.008289666985862216,0.00788075964575242,0.008140973407640471,0.008373307123611945,0.009172535106553819,0.011477285568990846,0.010529364007827231
37149,0.0008456947261361677,0.0008364013774973088,0.0008735747720527446,0.0008921614693304626,0.0009107481666081806,0.0009943883043579116,0.0010594417448299242,0.0011895486257739501,0.0016170426631614634,0.0018958431223272331,0.0028344713348519906,0.002592844270241657,0.0028716447294074264,0.0034478323450166837,0.004386460557541441,0.004869714686762109,0.00558530253195425,0.005641062623787404,0.005427315605093647,0.005167101843205596,0.004841834640845532,0.004590914227596339,0.004776781200373518,0.00430282041979171,0.004209886933403121,0.004451513998013454,0.005120635100011301,0.005167101843205596,0.004869714686762109,0.005743289458814853,0.0065053440472012895,0.006161490147563507,0.005780462853370289,0.0070722383141716885,0.009423455519803012,0.006737677763172765,0.009098188317442945,0.009711549327607639,0.012016299790044668,0.013066448186235735,0.011867606211822925,0.0131872617185409,0.010808164466993,0.009460628914358447,0.008958788087860062,0.008010866526696445,0.008187440150834767,0.008475533958639394,0.007685599324336381,0.0071651718005602775,0.008289666985862216,0.00788075964575242,0.008140973407640471,0.008373307123611945,0.009172535106553819,0.011477285568990846,0.010529364007827231
37151,0.0008456947261361677,0.0008364013774973088,0.0008735747720527446,0.0008921614693304626,0.0009107481666081806,0.0009943883043579116,0.0010594417448299242,0.0011895486257739501,0.0016170426631614634,0.0018958431223272331,0.0028344713348519906,0.002592844270241657,0.0028716447294074264,0.0034478323450166837,0.004386460557541441,0.004869714686762109,0.00558530253195425,0.005641062623787404,0.005427315605093647,0.005167101843205596,0.004841834640845532,0.004590914227596339,0.004776781200373518,0.00430282041979171,0.004209886933403121,0.004451513998013454,0.005120635100011301,0.005167101843205596,0.004869714686762109,0.005743289458814853,0.0065053440472012895,0.006161490147563507,0.005780462853370289,0.0070722383141716885,0.009423455519803012,0.006737677763172765,0.009098188317442945,0.009711549327607639,0.012016299790044668,0.013066448186235735,0.011867606211822925,0.0131872617185409,0.010808164466993,0.009460628914358447,0.008958788087860062,0.008010866526696445,0.008187440150834767,0.008475533958639394,0.007685599324336381,0.0071651718005602775,0.008289666985862216,0.00788075964575242,0.008140973407640471,0.008373307123611945,0.009172535106553819,0.011477285568990846,0.010529364007827231
37153,0.0008456947261361677,0.0008364013774973088,0.0008735747720527446,0.0008921614693304626,0.0009107481666081806,0.0009943883043579116,0.0010594417448299242,0.0011895486257739501,0.0016170426631614634,0.0018958431223272331,0.0028344713348519906,0.002592844270241657,0.0028716447294074264,0.0034478323450166837,0.004386460557541441,0.004869714686762109,0.00558530253195425,0.005641062623787404,0.005427315605093647,0.005167101843205596,0.004841834640845532,0.004590914227596339,0.004776781200373518,0.00430282041979171,0.004209886933403121,0.004451513998013454,0.005120635100011301,0.005167101843205596,0.004869714686762109,0.005743289458814853,0.0065053440472012895,0.006161490147563507,0.005780462853370289,0.0070722383141716885,0.009423455519803012,0.006737677763172765,0.009098188317442945,0.009711549327607639,0.012016299790044668,0.013066448186235735,0.011867606211822925,0.0131872617185409,0.010808164466993,0.009460628914358447,0.008958788087860062,0.008010866526696445,0.008187440150834767,0.008475533958639394,0.007685599324336381,0.0071651718005602775,0.008289666985862216,0.00788075964575242,0.008140973407640471,0.008373307123611945,0.009172535106553819,0.011477285568990846,0.010529364007827231
37155,0.0008456947261361677,0.0008364013774973088,0.0008735747720527446,0.0008921614693304626,0.0009107481666081806,0.0009943883043579116,0.0010594417448299242,0.0011895486257739501,0.0016170426631614634,0.0018958431223272331,0.0028344713348519906,0.002592844270241657,0.0028716447294074264,0.0034478323450166837,0.004386460557541441,0.004869714686762109,0.00558530253195425,0.005641062623787404,0.005427315605093647,0.005167101843205596,0.004841834640845532,0.004590914227596339,0.004776781200373518,0.00430282041979171,0.004209886933403121,0.004451513998013454,0.005120635100011301,0.005167101843205596,0.004869714686762109,0.005743289458814853,0.0065053440472012895,0.006161490147563507,0.005780462853370289,0.0070722383141716885,0.009423455519803012,0.006737677763172765,0.009098188317442945,0.009711549327607639,0.012016299790044668,0.013066448186235735,0.011867606211822925,0.0131872617185409,0.010808164466993,0.009460628914358447,0.008958788087860062,0.008010866526696445,0.008187440150834767,0.008475533958639394,0.007685599324336381,0.0071651718005602775,0.008289666985862216,0.00788075964575242,0.008140973407640471,0.008373307123611945,0.009172535106553819,0.011477285568990846,0.010529364007827231
37157,0.0008456947261361677,0.0008364013774973088,0.0008735747720527446,0.0008921614693304626,0.0009107481666081806,0.0009943883043579116,0.0010594417448299242,0.0011895486257739501,0.0016170426631614634,0.0018958431223272331,0.0028344713348519906,0.002592844270241657,0.0028716447294074264,0.0034478323450166837,0.004386460557541441,0.004869714686762109,0.00558530253195425,0.005641062623787404,0.005427315605093647,0.005167101843205596,0.004841834640845532,0.004590914227596339,0.004776781200373518,0.00430282041979171,0.004209886933403121,0.004451513998013454,0.005120635100011301,0.005167101843205596,0.004869714686762109,0.005743289458814853,0.0065053440472012895,0.006161490147563507,0.005780462853370289,0.0070722383141716885,0.009423455519803012,0.006737677763172765,0.009098188317442945,0.009711549327607639,0.012016299790044668,0.013066448186235735,0.011867606211822925,0.0131872617185409,0.010808164466993,0.009460628914358447,0.008958788087860062,0.008010866526696445,0.008187440150834767,0.008475533958639394,0.007685599324336381,0.0071651718005602775,0.008289666985862216,0.00788075964575242,0.008140973407640471,0.008373307123611945,0.009172535106553819,0.011477285568990846,0.010529364007827231
37159,0.0008456947261361677,0.0008364013774973088,0.0008735747720527446,0.0008921614693304626,0.0009107481666081806,0.0009943883043579116,0.0010594417448299242,0.0011895486257739501,0.0016170426631614634,0.0018958431223272331,0.0028344713348519906,0.002592844270241657,0.0028716447294074264,0.0034478323450166837,0.004386460557541441,0.004869714686762109,0.00558530253195425,0.005641062623787404,0.005427315605093647,0.005167101843205596,0.004841834640845532,0.004590914227596339,0.004776781200373518,0.00430282041979171,0.004209886933403121,0.004451513998013454,0.005120635100011301,0.005167101843205596,0.004869714686762109,0.005743289458814853,0.0065053440472012895,0.006161490147563507,0.005780462853370289,0.0070722383141716885,0.009423455519803012,0.006737677763172765,0.009098188317442945,0.009711549327607639,0.012016299790044668,0.013066448186235735,0.011867606211822925,0.0131872617185409,0.010808164466993,0.009460628914358447,0.008958788087860062,0.008010866526696445,0.008187440150834767,0.008475533958639394,0.007685599324336381,0.0071651718005602775,0.008289666985862216,0.00788075964575242,0.008140973407640471,0.008373307123611945,0.009172535106553819,0.011477285568990846,0.010529364007827231
37161,0.0008456947261361677,0.0008364013774973088,0.0008735747720527446,0.0008921614693304626,0.0009107481666081806,0.0009943883043579116,0.0010594417448299242,0.0011895486257739501,0.0016170426631614634,0.0018958431223272331,0.0028344713348519906,0.002592844270241657,0.0028716447294074264,0.0034478323450166837,0.004386460557541441,0.004869714686762109,0.00558530253195425,0.005641062623787404,0.005427315605093647,0.005167101843205596,0.004841834640845532,0.004590914227596339,0.004776781200373518,0.00430282041979171,0.004209886933403121,0.004451513998013454,0.005120635100011301,0.005167101843205596,0.004869714686762109,0.005743289458814853,0.0065053440472012895,0.006161490147563507,0.005780462853370289,0.0070722383141716885,0.009423455519803012,0.006737677763172765,0.009098188317442945,0.009711549327607639,0.012016299790044668,0.013066448186235735,0.011867606211822925,0.0131872617185409,0.010808164466993,0.009460628914358447,0.008958788087860062,0.008010866526696445,0.008187440150834767,0.008475533958639394,0.007685599324336381,0.0071651718005602775,0.008289666985862216,0.00788075964575242,0.008140973407640471,0.008373307123611945,0.009172535106553819,0.011477285568990846,0.010529364007827231
37163,0.0008456947261361677,0.0008364013774973088,0.0008735747720527446,0.0008921614693304626,0.0009107481666081806,0.0009943883043579116,0.0010594417448299242,0.0011895486257739501,0.0016170426631614634,0.0018958431223272331,0.0028344713348519906,0.002592844270241657,0.0028716447294074264,0.0034478323450166837,0.004386460557541441,0.004869714686762109,0.00558530253195425,0.005641062623787404,0.005427315605093647,0.005167101843205596,0.004841834640845532,0.004590914227596339,0.004776781200373518,0.00430282041979171,0.004209886933403121,0.004451513998013454,0.005120635100011301,0.005167101843205596,0.004869714686762109,0.005743289458814853,0.0065053440472012895,0.006161490147563507,0.005780462853370289,0.0070722383141716885,0.009423455519803012,0.006737677763172765,0.009098188317442945,0.009711549327607639,0.012016299790044668,0.013066448186235735,0.011867606211822925,0.0131872617185409,0.010808164466993,0.009460628914358447,0.008958788087860062,0.008010866526696445,0.008187440150834767,0.008475533958639394,0.007685599324336381,0.0071651718005602775,0.008289666985862216,0.00788075964575242,0.008140973407640471,0.008373307123611945,0.009172535106553819,0.011477285568990846,0.010529364007827231
37165,0.0008456947261361677,0.0008364013774973088,0.0008735747720527446,0.0008921614693304626,0.0009107481666081806,0.0009943883043579116,0.0010594417448299242,0.0011895486257739501,0.0016170426631614634,0.0018958431223272331,0.0028344713348519906,0.002592844270241657,0.0028716447294074264,0.0034478323450166837,0.004386460557541441,0.004869714686762109,0.00558530253195425,0.005641062623787404,0.005427315605093647,0.005167101843205596,0.004841834640845532,0.004590914227596339,0.004776781200373518,0.00430282041979171,0.004209886933403121,0.004451513998013454,0.005120635100011301,0.005167101843205596,0.004869714686762109,0.005743289458814853,0.0065053440472012895,0.006161490147563507,0.005780462853370289,0.0070722383141716885,0.009423455519803012,0.006737677763172765,0.009098188317442945,0.009711549327607639,0.012016299790044668,0.013066448186235735,0.011867606211822925,0.0131872617185409,0.010808164466993,0.009460628914358447,0.008958788087860062,0.008010866526696445,0.008187440150834767,0.008475533958639394,0.007685599324336381,0.0071651718005602775,0.008289666985862216,0.00788075964575242,0.008140973407640471,0.008373307123611945,0.009172535106553819,0.011477285568990846,0.010529364007827231
37167,0.0008456947261361677,0.0008364013774973088,0.0008735747720527446,0.0008921614693304626,0.0009107481666081806,0.0009943883043579116,0.0010594417448299242,0.0011895486257739501,0.0016170426631614634,0.0018958431223272331,0.0028344713348519906,0.002592844270241657,0.0028716447294074264,0.0034478323450166837,0.004386460557541441,0.004869714686762109,0.00558530253195425,0.005641062623787404,0.005427315605093647,0.005167101843205596,0.004841834640845532,0.004590914227596339,0.004776781200373518,0.00430282041979171,0.004209886933403121,0.004451513998013454,0.005120635100011301,0.005167101843205596,0.004869714686762109,0.005743289458814853,0.0065053440472012895,0.006161490147563507,0.005780462853370289,0.0070722383141716885,0.009423455519803012,0.006737677763172765,0.009098188317442945,0.009711549327607639,0.012016299790044668,0.013066448186235735,0.011867606211822925,0.0131872617185409,0.010808164466993,0.009460628914358447,0.008958788087860062,0.008010866526696445,0.008187440150834767,0.008475533958639394,0.007685599324336381,0.0071651718005602775,0.008289666985862216,0.00788075964575242,0.008140973407640471,0.008373307123611945,0.009172535106553819,0.011477285568990846,0.010529364007827231
37169,0.0008456947261361677,0.0008364013774973088,0.0008735747720527446,0.0008921614693304626,0.0009107481666081806,0.0009943883043579116,0.0010594417448299242,0.0011895486257739501,0.0016170426631614634,0.0018958431223272331,0.0028344713348519906,0.002592844270241657,0.0028716447294074264,0.0034478323450166837,0.004386460557541441,0.004869714686762109,0.00558530253195425,0.005641062623787404,0.005427315605093647,0.005167101843205596,0.004841834640845532,0.004590914227596339,0.004776781200373518,0.00430282041979171,0.004209886933403121,0.004451513998013454,0.005120635100011301,0.005167101843205596,0.004869714686762109,0.005743289458814853,0.0065053440472012895,0.006161490147563507,0.005780462853370289,0.0070722383141716885,0.009423455519803012,0.006737677763172765,0.009098188317442945,0.009711549327607639,0.012016299790044668,0.013066448186235735,0.011867606211822925,0.0131872617185409,0.010808164466993,0.009460628914358447,0.008958788087860062,0.008010866526696445,0.008187440150834767,0.008475533958639394,0.007685599324336381,0.0071651718005602775,0.008289666985862216,0.00788075964575242,0.008140973407640471,0.008373307123611945,0.009172535106553819,0.011477285568990846,0.010529364007827231
37171,0.0008456947261361677,0.0008364013774973088,0.0008735747720527446,0.0008921614693304626,0.0009107481666081806,0.0009943883043579116,0.0010594417448299242,0.0011895486257739501,0.0016170426631614634,0.0018958431223272331,0.0028344713348519906,0.002592844270241657,0.0028716447294074264,0.0034478323450166837,0.004386460557541441,0.004869714686762109,0.00558530253195425,0.005641062623787404,0.005427315605093647,0.005167101843205596,0.004841834640845532,0.004590914227596339,0.004776781200373518,0.00430282041979171,0.004209886933403121,0.004451513998013454,0.005120635100011301,0.005167101843205596,0.004869714686762109,0.005743289458814853,0.0065053440472012895,0.006161490147563507,0.005780462853370289,0.0070722383141716885,0.009423455519803012,0.006737677763172765,0.009098188317442945,0.009711549327607639,0.012016299790044668,0.013066448186235735,0.011867606211822925,0.0131872617185409,0.010808164466993,0.009460628914358447,0.008958788087860062,0.008010866526696445,0.008187440150834767,0.008475533958639394,0.007685599324336381,0.0071651718005602775,0.008289666985862216,0.00788075964575242,0.008140973407640471,0.008373307123611945,0.009172535106553819,0.011477285568990846,0.010529364007827231
37173,0.0008456947261361677,0.0008364013774973088,0.0008735747720527446,0.0008921614693304626,0.0009107481666081806,0.0009943883043579116,0.0010594417448299242,0.0011895486257739501,0.0016170426631614634,0.0018958431223272331,0.0028344713348519906,0.002592844270241657,0.0028716447294074264,0.0034478323450166837,0.004386460557541441,0.004869714686762109,0.00558530253195425,0.005641062623787404,0.005427315605093647,0.005167101843205596,0.004841834640845532,0.004590914227596339,0.004776781200373518,0.00430282041979171,0.004209886933403121,0.004451513998013454,0.005120635100011301,0.005167101843205596,0.004869714686762109,0.005743289458814853,0.0065053440472012895,0.006161490147563507,0.005780462853370289,0.0070722383141716885,0.009423455519803012,0.006737677763172765,0.009098188317442945,0.009711549327607639,0.012016299790044668,0.013066448186235735,0.011867606211822925,0.0131872617185409,0.010808164466993,0.009460628914358447,0.008958788087860062,0.008010866526696445,0.008187440150834767,0.008475533958639394,0.007685599324336381,0.0071651718005602775,0.008289666985862216,0.00788075964575242,0.008140973407640471,0.008373307123611945,0.009172535106553819,0.011477285568990846,0.010529364007827231
37175,0.0008456947261361677,0.0008364013774973088,0.0008735747720527446,0.0008921614693304626,0.0009107481666081806,0.0009943883043579116,0.0010594417448299242,0.0011895486257739501,0.0016170426631614634,0.0018958431223272331,0.0028344713348519906,0.002592844270241657,0.0028716447294074264,0.0034478323450166837,0.004386460557541441,0.004869714686762109,0.00558530253195425,0.005641062623787404,0.005427315605093647,0.005167101843205596,0.004841834640845532,0.004590914227596339,0.004776781200373518,0.00430282041979171,0.004209886933403121,0.004451513998013454,0.005120635100011301,0.005167101843205596,0.004869714686762109,0.005743289458814853,0.0065053440472012895,0.006161490147563507,0.005780462853370289,0.0070722383141716885,0.009423455519803012,0.006737677763172765,0.009098188317442945,0.009711549327607639,0.012016299790044668,0.013066448186235735,0.011867606211822925,0.0131872617185409,0.010808164466993,0.009460628914358447,0.008958788087860062,0.008010866526696445,0.008187440150834767,0.008475533958639394,0.007685599324336381,0.0071651718005602775,0.008289666985862216,0.00788075964575242,0.008140973407640471,0.008373307123611945,0.009172535106553819,0.011477285568990846,0.010529364007827231
37177,0.0008456947261361677,0.0008364013774973088,0.0008735747720527446,0.0008921614693304626,0.0009107481666081806,0.0009943883043579116,0.0010594417448299242,0.0011895486257739501,0.0016170426631614634,0.0018958431223272331,0.0028344713348519906,0.002592844270241657,0.0028716447294074264,0.0034478323450166837,0.004386460557541441,0.004869714686762109,0.00558530253195425,0.005641062623787404,0.005427315605093647,0.005167101843205596,0.004841834640845532,0.004590914227596339,0.004776781200373518,0.00430282041979171,0.004209886933403121,0.004451513998013454,0.005120635100011301,0.005167101843205596,0.004869714686762109,0.005743289458814853,0.0065053440472012895,0.006161490147563507,0.005780462853370289,0.0070722383141716885,0.009423455519803012,0.006737677763172765,0.009098188317442945,0.009711549327607639,0.012016299790044668,0.013066448186235735,0.011867606211822925,0.0131872617185409,0.010808164466993,0.009460628914358447,0.008958788087860062,0.008010866526696445,0.008187440150834767,0.008475533958639394,0.007685599324336381,0.0071651718005602775,0.008289666985862216,0.00788075964575242,0.008140973407640471,0.008373307123611945,0.009172535106553819,0.011477285568990846,0.010529364007827231
37179,0.0008456947261361677,0.0008364013774973088,0.0008735747720527446,0.0008921614693304626,0.0009107481666081806,0.0009943883043579116,0.0010594417448299242,0.0011895486257739501,0.0016170426631614634,0.0018958431223272331,0.0028344713348519906,0.002592844270241657,0.0028716447294074264,0.0034478323450166837,0.004386460557541441,0.004869714686762109,0.00558530253195425,0.005641062623787404,0.005427315605093647,0.005167101843205596,0.004841834640845532,0.004590914227596339,0.004776781200373518,0.00430282041979171,0.004209886933403121,0.004451513998013454,0.005120635100011301,0.005167101843205596,0.004869714686762109,0.005743289458814853,0.0065053440472012895,0.006161490147563507,0.005780462853370289,0.0070722383141716885,0.009423455519803012,0.006737677763172765,0.009098188317442945,0.009711549327607639,0.012016299790044668,0.013066448186235735,0.011867606211822925,0.0131872617185409,0.010808164466993,0.009460628914358447,0.008958788087860062,0.008010866526696445,0.008187440150834767,0.008475533958639394,0.007685599324336381,0.0071651718005602775,0.008289666985862216,0.00788075964575242,0.008140973407640471,0.008373307123611945,0.009172535106553819,0.011477285568990846,0.010529364007827231
37181,0.0008456947261361677,0.0008364013774973088,0.0008735747720527446,0.0008921614693304626,0.0009107481666081806,0.0009943883043579116,0.0010594417448299242,0.0011895486257739501,0.0016170426631614634,0.0018958431223272331,0.0028344713348519906,0.002592844270241657,0.0028716447294074264,0.0034478323450166837,0.004386460557541441,0.004869714686762109,0.00558530253195425,0.005641062623787404,0.005427315605093647,0.005167101843205596,0.004841834640845532,0.004590914227596339,0.004776781200373518,0.00430282041979171,0.004209886933403121,0.004451513998013454,0.005120635100011301,0.005167101843205596,0.004869714686762109,0.005743289458814853,0.0065053440472012895,0.006161490147563507,0.005780462853370289,0.0070722383141716885,0.009423455519803012,0.006737677763172765,0.009098188317442945,0.009711549327607639,0.012016299790044668,0.013066448186235735,0.011867606211822925,0.0131872617185409,0.010808164466993,0.009460628914358447,0.008958788087860062,0.008010866526696445,0.008187440150834767,0.008475533958639394,0.007685599324336381,0.0071651718005602775,0.008289666985862216,0.00788075964575242,0.008140973407640471,0.008373307123611945,0.009172535106553819,0.011477285568990846,0.010529364007827231
37183,0.0008456947261361677,0.0008364013774973088,0.0008735747720527446,0.0008921614693304626,0.0009107481666081806,0.0009943883043579116,0.0010594417448299242,0.0011895486257739501,0.0016170426631614634,0.0018958431223272331,0.0028344713348519906,0.002592844270241657,0.0028716447294074264,0.0034478323450166837,0.004386460557541441,0.004869714686762109,0.00558530253195425,0.005641062623787404,0.005427315605093647,0.005167101843205596,0.004841834640845532,0.004590914227596339,0.004776781200373518,0.00430282041979171,0.004209886933403121,0.004451513998013454,0.005120635100011301,0.005167101843205596,0.004869714686762109,0.005743289458814853,0.0065053440472012895,0.006161490147563507,0.005780462853370289,0.0070722383141716885,0.009423455519803012,0.006737677763172765,0.009098188317442945,0.009711549327607639,0.012016299790044668,0.013066448186235735,0.011867606211822925,0.0131872617185409,0.010808164466993,0.009460628914358447,0.008958788087860062,0.008010866526696445,0.008187440150834767,0.008475533958639394,0.007685599324336381,0.0071651718005602775,0.008289666985862216,0.00788075964575242,0.008140973407640471,0.008373307123611945,0.009172535106553819,0.011477285568990846,0.010529364007827231
37185,0.0008456947261361677,0.0008364013774973088,0.0008735747720527446,0.0008921614693304626,0.0009107481666081806,0.0009943883043579116,0.0010594417448299242,0.0011895486257739501,0.0016170426631614634,0.0018958431223272331,0.0028344713348519906,0.002592844270241657,0.0028716447294074264,0.0034478323450166837,0.004386460557541441,0.004869714686762109,0.00558530253195425,0.005641062623787404,0.005427315605093647,0.005167101843205596,0.004841834640845532,0.004590914227596339,0.004776781200373518,0.00430282041979171,0.004209886933403121,0.004451513998013454,0.005120635100011301,0.005167101843205596,0.004869714686762109,0.005743289458814853,0.0065053440472012895,0.006161490147563507,0.005780462853370289,0.0070722383141716885,0.009423455519803012,0.006737677763172765,0.009098188317442945,0.009711549327607639,0.012016299790044668,0.013066448186235735,0.011867606211822925,0.0131872617185409,0.010808164466993,0.009460628914358447,0.008958788087860062,0.008010866526696445,0.008187440150834767,0.008475533958639394,0.007685599324336381,0.0071651718005602775,0.008289666985862216,0.00788075964575242,0.008140973407640471,0.008373307123611945,0.009172535106553819,0.011477285568990846,0.010529364007827231
37187,0.0008456947261361677,0.0008364013774973088,0.0008735747720527446,0.0008921614693304626,0.0009107481666081806,0.0009943883043579116,0.0010594417448299242,0.0011895486257739501,0.0016170426631614634,0.0018958431223272331,0.0028344713348519906,0.002592844270241657,0.0028716447294074264,0.0034478323450166837,0.004386460557541441,0.004869714686762109,0.00558530253195425,0.005641062623787404,0.005427315605093647,0.005167101843205596,0.004841834640845532,0.004590914227596339,0.004776781200373518,0.00430282041979171,0.004209886933403121,0.004451513998013454,0.005120635100011301,0.005167101843205596,0.004869714686762109,0.005743289458814853,0.0065053440472012895,0.006161490147563507,0.005780462853370289,0.0070722383141716885,0.009423455519803012,0.006737677763172765,0.009098188317442945,0.009711549327607639,0.012016299790044668,0.013066448186235735,0.011867606211822925,0.0131872617185409,0.010808164466993,0.009460628914358447,0.008958788087860062,0.008010866526696445,0.008187440150834767,0.008475533958639394,0.007685599324336381,0.0071651718005602775,0.008289666985862216,0.00788075964575242,0.008140973407640471,0.008373307123611945,0.009172535106553819,0.011477285568990846,0.010529364007827231
37189,0.0008456947261361677,0.0008364013774973088,0.0008735747720527446,0.0008921614693304626,0.0009107481666081806,0.0009943883043579116,0.0010594417448299242,0.0011895486257739501,0.0016170426631614634,0.0018958431223272331,0.0028344713348519906,0.002592844270241657,0.0028716447294074264,0.0034478323450166837,0.004386460557541441,0.004869714686762109,0.00558530253195425,0.005641062623787404,0.005427315605093647,0.005167101843205596,0.004841834640845532,0.004590914227596339,0.004776781200373518,0.00430282041979171,0.004209886933403121,0.004451513998013454,0.005120635100011301,0.005167101843205596,0.004869714686762109,0.005743289458814853,0.0065053440472012895,0.006161490147563507,0.005780462853370289,0.0070722383141716885,0.009423455519803012,0.006737677763172765,0.009098188317442945,0.009711549327607639,0.012016299790044668,0.013066448186235735,0.011867606211822925,0.0131872617185409,0.010808164466993,0.009460628914358447,0.008958788087860062,0.008010866526696445,0.008187440150834767,0.008475533958639394,0.007685599324336381,0.0071651718005602775,0.008289666985862216,0.00788075964575242,0.008140973407640471,0.008373307123611945,0.009172535106553819,0.011477285568990846,0.010529364007827231
37191,0.0008456947261361677,0.0008364013774973088,0.0008735747720527446,0.0008921614693304626,0.0009107481666081806,0.0009943883043579116,0.0010594417448299242,0.0011895486257739501,0.0016170426631614634,0.0018958431223272331,0.0028344713348519906,0.002592844270241657,0.0028716447294074264,0.0034478323450166837,0.004386460557541441,0.004869714686762109,0.00558530253195425,0.005641062623787404,0.005427315605093647,0.005167101843205596,0.004841834640845532,0.004590914227596339,0.004776781200373518,0.00430282041979171,0.004209886933403121,0.004451513998013454,0.005120635100011301,0.005167101843205596,0.004869714686762109,0.005743289458814853,0.0065053440472012895,0.006161490147563507,0.005780462853370289,0.0070722383141716885,0.009423455519803012,0.006737677763172765,0.009098188317442945,0.009711549327607639,0.012016299790044668,0.013066448186235735,0.011867606211822925,0.0131872617185409,0.010808164466993,0.009460628914358447,0.008958788087860062,0.008010866526696445,0.008187440150834767,0.008475533958639394,0.007685599324336381,0.0071651718005602775,0.008289666985862216,0.00788075964575242,0.008140973407640471,0.008373307123611945,0.009172535106553819,0.011477285568990846,0.010529364007827231
37193,0.0008456947261361677,0.0008364013774973088,0.0008735747720527446,0.0008921614693304626,0.0009107481666081806,0.0009943883043579116,0.0010594417448299242,0.0011895486257739501,0.0016170426631614634,0.0018958431223272331,0.0028344713348519906,0.002592844270241657,0.0028716447294074264,0.0034478323450166837,0.004386460557541441,0.004869714686762109,0.00558530253195425,0.005641062623787404,0.005427315605093647,0.005167101843205596,0.004841834640845532,0.004590914227596339,0.004776781200373518,0.00430282041979171,0.004209886933403121,0.004451513998013454,0.005120635100011301,0.005167101843205596,0.004869714686762109,0.005743289458814853,0.0065053440472012895,0.006161490147563507,0.005780462853370289,0.0070722383141716885,0.009423455519803012,0.006737677763172765,0.009098188317442945,0.009711549327607639,0.012016299790044668,0.013066448186235735,0.011867606211822925,0.0131872617185409,0.010808164466993,0.009460628914358447,0.008958788087860062,0.008010866526696445,0.008187440150834767,0.008475533958639394,0.007685599324336381,0.0071651718005602775,0.008289666985862216,0.00788075964575242,0.008140973407640471,0.008373307123611945,0.009172535106553819,0.011477285568990846,0.010529364007827231
37195,0.0008456947261361677,0.0008364013774973088,0.0008735747720527446,0.0008921614693304626,0.0009107481666081806,0.0009943883043579116,0.0010594417448299242,0.0011895486257739501,0.0016170426631614634,0.0018958431223272331,0.0028344713348519906,0.002592844270241657,0.0028716447294074264,0.0034478323450166837,0.004386460557541441,0.004869714686762109,0.00558530253195425,0.005641062623787404,0.005427315605093647,0.005167101843205596,0.004841834640845532,0.004590914227596339,0.004776781200373518,0.00430282041979171,0.004209886933403121,0.004451513998013454,0.005120635100011301,0.005167101843205596,0.004869714686762109,0.005743289458814853,0.0065053440472012895,0.006161490147563507,0.005780462853370289,0.0070722383141716885,0.009423455519803012,0.006737677763172765,0.009098188317442945,0.009711549327607639,0.012016299790044668,0.013066448186235735,0.011867606211822925,0.0131872617185409,0.010808164466993,0.009460628914358447,0.008958788087860062,0.008010866526696445,0.008187440150834767,0.008475533958639394,0.007685599324336381,0.0071651718005602775,0.008289666985862216,0.00788075964575242,0.008140973407640471,0.008373307123611945,0.009172535106553819,0.011477285568990846,0.010529364007827231
37197,0.0008456947261361677,0.0008364013774973088,0.0008735747720527446,0.0008921614693304626,0.0009107481666081806,0.0009943883043579116,0.0010594417448299242,0.0011895486257739501,0.0016170426631614634,0.0018958431223272331,0.0028344713348519906,0.002592844270241657,0.0028716447294074264,0.0034478323450166837,0.004386460557541441,0.004869714686762109,0.00558530253195425,0.005641062623787404,0.005427315605093647,0.005167101843205596,0.004841834640845532,0.004590914227596339,0.004776781200373518,0.00430282041979171,0.004209886933403121,0.004451513998013454,0.005120635100011301,0.005167101843205596,0.004869714686762109,0.005743289458814853,0.0065053440472012895,0.006161490147563507,0.005780462853370289,0.0070722383141716885,0.009423455519803012,0.006737677763172765,0.009098188317442945,0.009711549327607639,0.012016299790044668,0.013066448186235735,0.011867606211822925,0.0131872617185409,0.010808164466993,0.009460628914358447,0.008958788087860062,0.008010866526696445,0.008187440150834767,0.008475533958639394,0.007685599324336381,0.0071651718005602775,0.008289666985862216,0.00788075964575242,0.008140973407640471,0.008373307123611945,0.009172535106553819,0.011477285568990846,0.010529364007827231
37199,0.0008456947261361677,0.0008364013774973088,0.0008735747720527446,0.0008921614693304626,0.0009107481666081806,0.0009943883043579116,0.0010594417448299242,0.0011895486257739501,0.0016170426631614634,0.0018958431223272331,0.0028344713348519906,0.002592844270241657,0.0028716447294074264,0.0034478323450166837,0.004386460557541441,0.004869714686762109,0.00558530253195425,0.005641062623787404,0.005427315605093647,0.005167101843205596,0.004841834640845532,0.004590914227596339,0.004776781200373518,0.00430282041979171,0.004209886933403121,0.004451513998013454,0.005120635100011301,0.005167101843205596,0.004869714686762109,0.005743289458814853,0.0065053440472012895,0.006161490147563507,0.005780462853370289,0.0070722383141716885,0.009423455519803012,0.006737677763172765,0.009098188317442945,0.009711549327607639,0.012016299790044668,0.013066448186235735,0.011867606211822925,0.0131872617185409,0.010808164466993,0.009460628914358447,0.008958788087860062,0.008010866526696445,0.008187440150834767,0.008475533958639394,0.007685599324336381,0.0071651718005602775,0.008289666985862216,0.00788075964575242,0.008140973407640471,0.008373307123611945,0.009172535106553819,0.011477285568990846,0.010529364007827231
38001,0.0005761876156092571,0.0005947743128869751,0.0005947743128869751,0.0006412410560812699,0.0007062944965532829,0.0007527612397475779,0.0008085213315807317,0.0009293348638858986,0.0010315616989133474,0.0012546020662459632,0.0015519892226894506,0.0018029096359386432,0.0022954571137981696,0.0031876185831286323,0.0033920722531835296,0.0038102729419321837,0.0047024344112626465,0.005436608953732506,0.004748901154456942,0.004451513998013454,0.004414340603458018,0.004163420190208826,0.0038939130796819153,0.0038939130796819153,0.0040333133092648,0.004200593584764261,0.004414340603458018,0.004163420190208826,0.0036244059691550043,0.0036336993177938635,0.0040426066579036584,0.004061193355181377,0.0041913002361254025,0.0053901422105382115,0.006468170652645854,0.0042191802820419795,0.006403117212173841,0.007629839232503228,0.009600029143941332,0.008995961482415498,0.00777853281072497,0.008903027996026908,0.006886371341394509,0.006533224093117867,0.0065053440472012895,0.005613182577870827,0.005873396339758879,0.007193051846476855,0.006152196798924648,0.005064875008178147,0.005576009183315391,0.0054830756969268014,0.005269328678233045,0.004888301384039826,0.006681917671339611,0.008940201390582343,0.0073138653787820215
38003,0.0005761876156092571,0.0005947743128869751,0.0005947743128869751,0.0006412410560812699,0.0007062944965532829,0.0007527612397475779,0.0008085213315807317,0.0009293348638858986,0.0010315616989133474,0.0012546020662459632,0.0015519892226894506,0.0018029096359386432,0.0022954571137981696,0.0031876185831286323,0.0033920722531835296,0.0038102729419321837,0.0047024344112626465,0.005436608953732506,0.004748901154456942,0.004451513998013454,0.004414340603458018,0.004163420190208826,0.0038939130796819153,0.0038939130796819153,0.0040333133092648,0.004200593584764261,0.004414340603458018,0.004163420190208826,0.0036244059691550043,0.0036336993177938635,0.0040426066579036584,0.004061193355181377,0.0041913002361254025,0.0053901422105382115,0.006468170652645854,0.0042191802820419795,0.006403117212173841,0.007629839232503228,0.009600029143941332,0.008995961482415498,0.00777853281072497,0.008903027996026908,0.006886371341394509,0.006533224093117867,0.0065053440472012895,0.005613182577870827,0.005873396339758879,0.007193051846476855,0.006152196798924648,0.005064875008178147,0.005576009183315391,0.0054830756969268014,0.005269328678233045,0.004888301384039826,0.006681917671339611,0.008940201390582343,0.0073138653787820215
38005,0.0005761876156092571,0.0005947743128869751,0.0005947743128869751,0.0006412410560812699,0.0007062944965532829,0.0007527612397475779,0.0008085213315807317,0.0009293348638858986,0.0010315616989133474,0.0012546020662459632,0.0015519892226894506,0.0018029096359386432,0.0022954571137981696,0.0031876185831286323,0.0033920722531835296,0.0038102729419321837,0.0047024344112626465,0.005436608953732506,0.004748901154456942,0.004451513998013454,0.004414340603458018,0.004163420190208826,0.0038939130796819153,0.0038939130796819153,0.0040333133092648,0.004200593584764261,0.004414340603458018,0.004163420190208826,0.0036244059691550043,0.0036336993177938635,0.0040426066579036584,0.004061193355181377,0.0041913002361254025,0.0053901422105382115,0.006468170652645854,0.0042191802820419795,0.006403117212173841,0.007629839232503228,0.009600029143941332,0.008995961482415498,0.00777853281072497,0.008903027996026908,0.006886371341394509,0.006533224093117867,0.0065053440472012895,0.005613182577870827,0.005873396339758879,0.007193051846476855,0.006152196798924648,0.005064875008178147,0.005576009183315391,0.0054830756969268014,0.005269328678233045,0.004888301384039826,0.006681917671339611,0.008940201390582343,0.0073138653787820215
38007,0.0005761876156092571,0.0005947743128869751,0.0005947743128869751,0.0006412410560812699,0.0007062944965532829,0.0007527612397475779,0.0008085213315807317,0.0009293348638858986,0.0010315616989133474,0.0012546020662459632,0.0015519892226894506,0.0018029096359386432,0.0022954571137981696,0.0031876185831286323,0.0033920722531835296,0.0038102729419321837,0.0047024344112626465,0.005436608953732506,0.004748901154456942,0.004451513998013454,0.004414340603458018,0.004163420190208826,0.0038939130796819153,0.0038939130796819153,0.0040333133092648,0.004200593584764261,0.004414340603458018,0.004163420190208826,0.0036244059691550043,0.0036336993177938635,0.0040426066579036584,0.004061193355181377,0.0041913002361254025,0.0053901422105382115,0.006468170652645854,0.0042191802820419795,0.006403117212173841,0.007629839232503228,0.009600029143941332,0.008995961482415498,0.00777853281072497,0.008903027996026908,0.006886371341394509,0.006533224093117867,0.0065053440472012895,0.005613182577870827,0.005873396339758879,0.007193051846476855,0.006152196798924648,0.005064875008178147,0.005576009183315391,0.0054830756969268014,0.005269328678233045,0.004888301384039826,0.006681917671339611,0.008940201390582343,0.0073138653787820215
38009,0.0005761876156092571,0.0005947743128869751,0.0005947743128869751,0.0006412410560812699,0.0007062944965532829,0.0007527612397475779,0.0008085213315807317,0.0009293348638858986,0.0010315616989133474,0.0012546020662459632,0.0015519892226894506,0.0018029096359386432,0.0022954571137981696,0.0031876185831286323,0.0033920722531835296,0.0038102729419321837,0.0047024344112626465,0.005436608953732506,0.004748901154456942,0.004451513998013454,0.004414340603458018,0.004163420190208826,0.0038939130796819153,0.0038939130796819153,0.0040333133092648,0.004200593584764261,0.004414340603458018,0.004163420190208826,0.0036244059691550043,0.0036336993177938635,0.0040426066579036584,0.004061193355181377,0.0041913002361254025,0.0053901422105382115,0.006468170652645854,0.0042191802820419795,0.006403117212173841,0.007629839232503228,0.009600029143941332,0.008995961482415498,0.00777853281072497,0.008903027996026908,0.006886371341394509,0.006533224093117867,0.0065053440472012895,0.005613182577870827,0.005873396339758879,0.007193051846476855,0.006152196798924648,0.005064875008178147,0.005576009183315391,0.0054830756969268014,0.005269328678233045,0.004888301384039826,0.006681917671339611,0.008940201390582343,0.0073138653787820215
38011,0.0005761876156092571,0.0005947743128869751,0.0005947743128869751,0.0006412410560812699,0.0007062944965532829,0.0007527612397475779,0.0008085213315807317,0.0009293348638858986,0.0010315616989133474,0.0012546020662459632,0.0015519892226894506,0.0018029096359386432,0.0022954571137981696,0.0031876185831286323,0.0033920722531835296,0.0038102729419321837,0.0047024344112626465,0.005436608953732506,0.004748901154456942,0.004451513998013454,0.004414340603458018,0.004163420190208826,0.0038939130796819153,0.0038939130796819153,0.0040333133092648,0.004200593584764261,0.004414340603458018,0.004163420190208826,0.0036244059691550043,0.0036336993177938635,0.0040426066579036584,0.004061193355181377,0.0041913002361254025,0.0053901422105382115,0.006468170652645854,0.0042191802820419795,0.006403117212173841,0.007629839232503228,0.009600029143941332,0.008995961482415498,0.00777853281072497,0.008903027996026908,0.006886371341394509,0.006533224093117867,0.0065053440472012895,0.005613182577870827,0.005873396339758879,0.007193051846476855,0.006152196798924648,0.005064875008178147,0.005576009183315391,0.0054830756969268014,0.005269328678233045,0.004888301384039826,0.006681917671339611,0.008940201390582343,0.0073138653787820215
38013,0.0005761876156092571,0.0005947743128869751,0.0005947743128869751,0.0006412410560812699,0.0007062944965532829,0.0007527612397475779,0.0008085213315807317,0.0009293348638858986,0.0010315616989133474,0.0012546020662459632,0.0015519892226894506,0.0018029096359386432,0.0022954571137981696,0.0031876185831286323,0.0033920722531835296,0.0038102729419321837,0.0047024344112626465,0.005436608953732506,0.004748901154456942,0.004451513998013454,0.004414340603458018,0.004163420190208826,0.0038939130796819153,0.0038939130796819153,0.0040333133092648,0.004200593584764261,0.004414340603458018,0.004163420190208826,0.0036244059691550043,0.0036336993177938635,0.0040426066579036584,0.004061193355181377,0.0041913002361254025,0.0053901422105382115,0.006468170652645854,0.0042191802820419795,0.006403117212173841,0.007629839232503228,0.009600029143941332,0.008995961482415498,0.00777853281072497,0.008903027996026908,0.006886371341394509,0.006533224093117867,0.0065053440472012895,0.005613182577870827,0.005873396339758879,0.007193051846476855,0.006152196798924648,0.005064875008178147,0.005576009183315391,0.0054830756969268014,0.005269328678233045,0.004888301384039826,0.006681917671339611,0.008940201390582343,0.0073138653787820215
38015,0.0005761876156092571,0.0005947743128869751,0.0005947743128869751,0.0006412410560812699,0.0007062944965532829,0.0007527612397475779,0.0008085213315807317,0.0009293348638858986,0.0010315616989133474,0.0012546020662459632,0.0015519892226894506,0.0018029096359386432,0.0022954571137981696,0.0031876185831286323,0.0033920722531835296,0.0038102729419321837,0.0047024344112626465,0.005436608953732506,0.004748901154456942,0.004451513998013454,0.004414340603458018,0.004163420190208826,0.0038939130796819153,0.0038939130796819153,0.0040333133092648,0.004200593584764261,0.004414340603458018,0.004163420190208826,0.0036244059691550043,0.0036336993177938635,0.0040426066579036584,0.004061193355181377,0.0041913002361254025,0.0053901422105382115,0.006468170652645854,0.0042191802820419795,0.006403117212173841,0.007629839232503228,0.009600029143941332,0.008995961482415498,0.00777853281072497,0.008903027996026908,0.006886371341394509,0.006533224093117867,0.0065053440472012895,0.005613182577870827,0.005873396339758879,0.007193051846476855,0.006152196798924648,0.005064875008178147,0.005576009183315391,0.0054830756969268014,0.005269328678233045,0.004888301384039826,0.006681917671339611,0.008940201390582343,0.0073138653787820215
38017,0.0005761876156092571,0.0005947743128869751,0.0005947743128869751,0.0006412410560812699,0.0007062944965532829,0.0007527612397475779,0.0008085213315807317,0.0009293348638858986,0.0010315616989133474,0.0012546020662459632,0.0015519892226894506,0.0018029096359386432,0.0022954571137981696,0.0031876185831286323,0.0033920722531835296,0.0038102729419321837,0.0047024344112626465,0.005436608953732506,0.004748901154456942,0.004451513998013454,0.004414340603458018,0.004163420190208826,0.0038939130796819153,0.0038939130796819153,0.0040333133092648,0.004200593584764261,0.004414340603458018,0.004163420190208826,0.0036244059691550043,0.0036336993177938635,0.0040426066579036584,0.004061193355181377,0.0041913002361254025,0.0053901422105382115,0.006468170652645854,0.0042191802820419795,0.006403117212173841,0.007629839232503228,0.009600029143941332,0.008995961482415498,0.00777853281072497,0.008903027996026908,0.006886371341394509,0.006533224093117867,0.0065053440472012895,0.005613182577870827,0.005873396339758879,0.007193051846476855,0.006152196798924648,0.005064875008178147,0.005576009183315391,0.0054830756969268014,0.005269328678233045,0.004888301384039826,0.006681917671339611,0.008940201390582343,0.0073138653787820215
38019,0.0005761876156092571,0.0005947743128869751,0.0005947743128869751,0.0006412410560812699,0.0007062944965532829,0.0007527612397475779,0.0008085213315807317,0.0009293348638858986,0.0010315616989133474,0.0012546020662459632,0.0015519892226894506,0.0018029096359386432,0.0022954571137981696,0.0031876185831286323,0.0033920722531835296,0.0038102729419321837,0.0047024344112626465,0.005436608953732506,0.004748901154456942,0.004451513998013454,0.004414340603458018,0.004163420190208826,0.0038939130796819153,0.0038939130796819153,0.0040333133092648,0.004200593584764261,0.004414340603458018,0.004163420190208826,0.0036244059691550043,0.0036336993177938635,0.0040426066579036584,0.004061193355181377,0.0041913002361254025,0.0053901422105382115,0.006468170652645854,0.0042191802820419795,0.006403117212173841,0.007629839232503228,0.009600029143941332,0.008995961482415498,0.00777853281072497,0.008903027996026908,0.006886371341394509,0.006533224093117867,0.0065053440472012895,0.005613182577870827,0.005873396339758879,0.007193051846476855,0.006152196798924648,0.005064875008178147,0.005576009183315391,0.0054830756969268014,0.005269328678233045,0.004888301384039826,0.006681917671339611,0.008940201390582343,0.0073138653787820215
38021,0.0005761876156092571,0.0005947743128869751,0.0005947743128869751,0.0006412410560812699,0.0007062944965532829,0.0007527612397475779,0.0008085213315807317,0.0009293348638858986,0.0010315616989133474,0.0012546020662459632,0.0015519892226894506,0.0018029096359386432,0.0022954571137981696,0.0031876185831286323,0.0033920722531835296,0.0038102729419321837,0.0047024344112626465,0.005436608953732506,0.004748901154456942,0.004451513998013454,0.004414340603458018,0.004163420190208826,0.0038939130796819153,0.0038939130796819153,0.0040333133092648,0.004200593584764261,0.004414340603458018,0.004163420190208826,0.0036244059691550043,0.0036336993177938635,0.0040426066579036584,0.004061193355181377,0.0041913002361254025,0.0053901422105382115,0.006468170652645854,0.0042191802820419795,0.006403117212173841,0.007629839232503228,0.009600029143941332,0.008995961482415498,0.00777853281072497,0.008903027996026908,0.006886371341394509,0.006533224093117867,0.0065053440472012895,0.005613182577870827,0.005873396339758879,0.007193051846476855,0.006152196798924648,0.005064875008178147,0.005576009183315391,0.0054830756969268014,0.005269328678233045,0.004888301384039826,0.006681917671339611,0.008940201390582343,0.0073138653787820215
38023,0.0005761876156092571,0.0005947743128869751,0.0005947743128869751,0.0006412410560812699,0.0007062944965532829,0.0007527612397475779,0.0008085213315807317,0.0009293348638858986,0.0010315616989133474,0.0012546020662459632,0.0015519892226894506,0.0018029096359386432,0.0022954571137981696,0.0031876185831286323,0.0033920722531835296,0.0038102729419321837,0.0047024344112626465,0.005436608953732506,0.004748901154456942,0.004451513998013454,0.004414340603458018,0.004163420190208826,0.0038939130796819153,0.0038939130796819153,0.0040333133092648,0.004200593584764261,0.004414340603458018,0.004163420190208826,0.0036244059691550043,0.0036336993177938635,0.0040426066579036584,0.004061193355181377,0.0041913002361254025,0.0053901422105382115,0.006468170652645854,0.0042191802820419795,0.006403117212173841,0.007629839232503228,0.009600029143941332,0.008995961482415498,0.00777853281072497,0.008903027996026908,0.006886371341394509,0.006533224093117867,0.0065053440472012895,0.005613182577870827,0.005873396339758879,0.007193051846476855,0.006152196798924648,0.005064875008178147,0.005576009183315391,0.0054830756969268014,0.005269328678233045,0.004888301384039826,0.006681917671339611,0.008940201390582343,0.0073138653787820215
38025,0.0005761876156092571,0.0005947743128869751,0.0005947743128869751,0.0006412410560812699,0.0007062944965532829,0.0007527612397475779,0.0008085213315807317,0.0009293348638858986,0.0010315616989133474,0.0012546020662459632,0.0015519892226894506,0.0018029096359386432,0.0022954571137981696,0.0031876185831286323,0.0033920722531835296,0.0038102729419321837,0.0047024344112626465,0.005436608953732506,0.004748901154456942,0.004451513998013454,0.004414340603458018,0.004163420190208826,0.0038939130796819153,0.0038939130796819153,0.0040333133092648,0.004200593584764261,0.004414340603458018,0.004163420190208826,0.0036244059691550043,0.0036336993177938635,0.0040426066579036584,0.004061193355181377,0.0041913002361254025,0.0053901422105382115,0.006468170652645854,0.0042191802820419795,0.006403117212173841,0.007629839232503228,0.009600029143941332,0.008995961482415498,0.00777853281072497,0.008903027996026908,0.006886371341394509,0.006533224093117867,0.0065053440472012895,0.005613182577870827,0.005873396339758879,0.007193051846476855,0.006152196798924648,0.005064875008178147,0.005576009183315391,0.0054830756969268014,0.005269328678233045,0.004888301384039826,0.006681917671339611,0.008940201390582343,0.0073138653787820215
38027,0.0005761876156092571,0.0005947743128869751,0.0005947743128869751,0.0006412410560812699,0.0007062944965532829,0.0007527612397475779,0.0008085213315807317,0.0009293348638858986,0.0010315616989133474,0.0012546020662459632,0.0015519892226894506,0.0018029096359386432,0.0022954571137981696,0.0031876185831286323,0.0033920722531835296,0.0038102729419321837,0.0047024344112626465,0.005436608953732506,0.004748901154456942,0.004451513998013454,0.004414340603458018,0.004163420190208826,0.0038939130796819153,0.0038939130796819153,0.0040333133092648,0.004200593584764261,0.004414340603458018,0.004163420190208826,0.0036244059691550043,0.0036336993177938635,0.0040426066579036584,0.004061193355181377,0.0041913002361254025,0.0053901422105382115,0.006468170652645854,0.0042191802820419795,0.006403117212173841,0.007629839232503228,0.009600029143941332,0.008995961482415498,0.00777853281072497,0.008903027996026908,0.006886371341394509,0.006533224093117867,0.0065053440472012895,0.005613182577870827,0.005873396339758879,0.007193051846476855,0.006152196798924648,0.005064875008178147,0.005576009183315391,0.0054830756969268014,0.005269328678233045,0.004888301384039826,0.006681917671339611,0.008940201390582343,0.0073138653787820215
38029,0.0005761876156092571,0.0005947743128869751,0.0005947743128869751,0.0006412410560812699,0.0007062944965532829,0.0007527612397475779,0.0008085213315807317,0.0009293348638858986,0.0010315616989133474,0.0012546020662459632,0.0015519892226894506,0.0018029096359386432,0.0022954571137981696,0.0031876185831286323,0.0033920722531835296,0.0038102729419321837,0.0047024344112626465,0.005436608953732506,0.004748901154456942,0.004451513998013454,0.004414340603458018,0.004163420190208826,0.0038939130796819153,0.0038939130796819153,0.0040333133092648,0.004200593584764261,0.004414340603458018,0.004163420190208826,0.0036244059691550043,0.0036336993177938635,0.0040426066579036584,0.004061193355181377,0.0041913002361254025,0.0053901422105382115,0.006468170652645854,0.0042191802820419795,0.006403117212173841,0.007629839232503228,0.009600029143941332,0.008995961482415498,0.00777853281072497,0.008903027996026908,0.006886371341394509,0.006533224093117867,0.0065053440472012895,0.005613182577870827,0.005873396339758879,0.007193051846476855,0.006152196798924648,0.005064875008178147,0.005576009183315391,0.0054830756969268014,0.005269328678233045,0.004888301384039826,0.006681917671339611,0.008940201390582343,0.0073138653787820215
38031,0.0005761876156092571,0.0005947743128869751,0.0005947743128869751,0.0006412410560812699,0.0007062944965532829,0.0007527612397475779,0.0008085213315807317,0.0009293348638858986,0.0010315616989133474,0.0012546020662459632,0.0015519892226894506,0.0018029096359386432,0.0022954571137981696,0.0031876185831286323,0.0033920722531835296,0.0038102729419321837,0.0047024344112626465,0.005436608953732506,0.004748901154456942,0.004451513998013454,0.004414340603458018,0.004163420190208826,0.0038939130796819153,0.0038939130796819153,0.0040333133092648,0.004200593584764261,0.004414340603458018,0.004163420190208826,0.0036244059691550043,0.0036336993177938635,0.0040426066579036584,0.004061193355181377,0.0041913002361254025,0.0053901422105382115,0.006468170652645854,0.0042191802820419795,0.006403117212173841,0.007629839232503228,0.009600029143941332,0.008995961482415498,0.00777853281072497,0.008903027996026908,0.006886371341394509,0.006533224093117867,0.0065053440472012895,0.005613182577870827,0.005873396339758879,0.007193051846476855,0.006152196798924648,0.005064875008178147,0.005576009183315391,0.0054830756969268014,0.005269328678233045,0.004888301384039826,0.006681917671339611,0.008940201390582343,0.0073138653787820215
38033,0.0005761876156092571,0.0005947743128869751,0.0005947743128869751,0.0006412410560812699,0.0007062944965532829,0.0007527612397475779,0.0008085213315807317,0.0009293348638858986,0.0010315616989133474,0.0012546020662459632,0.0015519892226894506,0.0018029096359386432,0.0022954571137981696,0.0031876185831286323,0.0033920722531835296,0.0038102729419321837,0.0047024344112626465,0.005436608953732506,0.004748901154456942,0.004451513998013454,0.004414340603458018,0.004163420190208826,0.0038939130796819153,0.0038939130796819153,0.0040333133092648,0.004200593584764261,0.004414340603458018,0.004163420190208826,0.0036244059691550043,0.0036336993177938635,0.0040426066579036584,0.004061193355181377,0.0041913002361254025,0.0053901422105382115,0.006468170652645854,0.0042191802820419795,0.006403117212173841,0.007629839232503228,0.009600029143941332,0.008995961482415498,0.00777853281072497,0.008903027996026908,0.006886371341394509,0.006533224093117867,0.0065053440472012895,0.005613182577870827,0.005873396339758879,0.007193051846476855,0.006152196798924648,0.005064875008178147,0.005576009183315391,0.0054830756969268014,0.005269328678233045,0.004888301384039826,0.006681917671339611,0.008940201390582343,0.0073138653787820215
38035,0.0005761876156092571,0.0005947743128869751,0.0005947743128869751,0.0006412410560812699,0.0007062944965532829,0.0007527612397475779,0.0008085213315807317,0.0009293348638858986,0.0010315616989133474,0.0012546020662459632,0.0015519892226894506,0.0018029096359386432,0.0022954571137981696,0.0031876185831286323,0.0033920722531835296,0.0038102729419321837,0.0047024344112626465,0.005436608953732506,0.004748901154456942,0.004451513998013454,0.004414340603458018,0.004163420190208826,0.0038939130796819153,0.0038939130796819153,0.0040333133092648,0.004200593584764261,0.004414340603458018,0.004163420190208826,0.0036244059691550043,0.0036336993177938635,0.0040426066579036584,0.004061193355181377,0.0041913002361254025,0.0053901422105382115,0.006468170652645854,0.0042191802820419795,0.006403117212173841,0.007629839232503228,0.009600029143941332,0.008995961482415498,0.00777853281072497,0.008903027996026908,0.006886371341394509,0.006533224093117867,0.0065053440472012895,0.005613182577870827,0.005873396339758879,0.007193051846476855,0.006152196798924648,0.005064875008178147,0.005576009183315391,0.0054830756969268014,0.005269328678233045,0.004888301384039826,0.006681917671339611,0.008940201390582343,0.0073138653787820215
38037,0.0005761876156092571,0.0005947743128869751,0.0005947743128869751,0.0006412410560812699,0.0007062944965532829,0.0007527612397475779,0.0008085213315807317,0.0009293348638858986,0.0010315616989133474,0.0012546020662459632,0.0015519892226894506,0.0018029096359386432,0.0022954571137981696,0.0031876185831286323,0.0033920722531835296,0.0038102729419321837,0.0047024344112626465,0.005436608953732506,0.004748901154456942,0.004451513998013454,0.004414340603458018,0.004163420190208826,0.0038939130796819153,0.0038939130796819153,0.0040333133092648,0.004200593584764261,0.004414340603458018,0.004163420190208826,0.0036244059691550043,0.0036336993177938635,0.0040426066579036584,0.004061193355181377,0.0041913002361254025,0.0053901422105382115,0.006468170652645854,0.0042191802820419795,0.006403117212173841,0.007629839232503228,0.009600029143941332,0.008995961482415498,0.00777853281072497,0.008903027996026908,0.006886371341394509,0.006533224093117867,0.0065053440472012895,0.005613182577870827,0.005873396339758879,0.007193051846476855,0.006152196798924648,0.005064875008178147,0.005576009183315391,0.0054830756969268014,0.005269328678233045,0.004888301384039826,0.006681917671339611,0.008940201390582343,0.0073138653787820215
38039,0.0005761876156092571,0.0005947743128869751,0.0005947743128869751,0.0006412410560812699,0.0007062944965532829,0.0007527612397475779,0.0008085213315807317,0.0009293348638858986,0.0010315616989133474,0.0012546020662459632,0.0015519892226894506,0.0018029096359386432,0.0022954571137981696,0.0031876185831286323,0.0033920722531835296,0.0038102729419321837,0.0047024344112626465,0.005436608953732506,0.004748901154456942,0.004451513998013454,0.004414340603458018,0.004163420190208826,0.0038939130796819153,0.0038939130796819153,0.0040333133092648,0.004200593584764261,0.004414340603458018,0.004163420190208826,0.0036244059691550043,0.0036336993177938635,0.0040426066579036584,0.004061193355181377,0.0041913002361254025,0.0053901422105382115,0.006468170652645854,0.0042191802820419795,0.006403117212173841,0.007629839232503228,0.009600029143941332,0.008995961482415498,0.00777853281072497,0.008903027996026908,0.006886371341394509,0.006533224093117867,0.0065053440472012895,0.005613182577870827,0.005873396339758879,0.007193051846476855,0.006152196798924648,0.005064875008178147,0.005576009183315391,0.0054830756969268014,0.005269328678233045,0.004888301384039826,0.006681917671339611,0.008940201390582343,0.0073138653787820215
38041,0.0005761876156092571,0.0005947743128869751,0.0005947743128869751,0.0006412410560812699,0.0007062944965532829,0.0007527612397475779,0.0008085213315807317,0.0009293348638858986,0.0010315616989133474,0.0012546020662459632,0.0015519892226894506,0.0018029096359386432,0.0022954571137981696,0.0031876185831286323,0.0033920722531835296,0.0038102729419321837,0.0047024344112626465,0.005436608953732506,0.004748901154456942,0.004451513998013454,0.004414340603458018,0.004163420190208826,0.0038939130796819153,0.0038939130796819153,0.0040333133092648,0.004200593584764261,0.004414340603458018,0.004163420190208826,0.0036244059691550043,0.0036336993177938635,0.0040426066579036584,0.004061193355181377,0.0041913002361254025,0.0053901422105382115,0.006468170652645854,0.0042191802820419795,0.006403117212173841,0.007629839232503228,0.009600029143941332,0.008995961482415498,0.00777853281072497,0.008903027996026908,0.006886371341394509,0.006533224093117867,0.0065053440472012895,0.005613182577870827,0.005873396339758879,0.007193051846476855,0.006152196798924648,0.005064875008178147,0.005576009183315391,0.0054830756969268014,0.005269328678233045,0.004888301384039826,0.006681917671339611,0.008940201390582343,0.0073138653787820215
38043,0.0005761876156092571,0.0005947743128869751,0.0005947743128869751,0.0006412410560812699,0.0007062944965532829,0.0007527612397475779,0.0008085213315807317,0.0009293348638858986,0.0010315616989133474,0.0012546020662459632,0.0015519892226894506,0.0018029096359386432,0.0022954571137981696,0.0031876185831286323,0.0033920722531835296,0.0038102729419321837,0.0047024344112626465,0.005436608953732506,0.004748901154456942,0.004451513998013454,0.004414340603458018,0.004163420190208826,0.0038939130796819153,0.0038939130796819153,0.0040333133092648,0.004200593584764261,0.004414340603458018,0.004163420190208826,0.0036244059691550043,0.0036336993177938635,0.0040426066579036584,0.004061193355181377,0.0041913002361254025,0.0053901422105382115,0.006468170652645854,0.0042191802820419795,0.006403117212173841,0.007629839232503228,0.009600029143941332,0.008995961482415498,0.00777853281072497,0.008903027996026908,0.006886371341394509,0.006533224093117867,0.0065053440472012895,0.005613182577870827,0.005873396339758879,0.007193051846476855,0.006152196798924648,0.005064875008178147,0.005576009183315391,0.0054830756969268014,0.005269328678233045,0.004888301384039826,0.006681917671339611,0.008940201390582343,0.0073138653787820215
38045,0.0005761876156092571,0.0005947743128869751,0.0005947743128869751,0.0006412410560812699,0.0007062944965532829,0.0007527612397475779,0.0008085213315807317,0.0009293348638858986,0.0010315616989133474,0.0012546020662459632,0.0015519892226894506,0.0018029096359386432,0.0022954571137981696,0.0031876185831286323,0.0033920722531835296,0.0038102729419321837,0.0047024344112626465,0.005436608953732506,0.004748901154456942,0.004451513998013454,0.004414340603458018,0.004163420190208826,0.0038939130796819153,0.0038939130796819153,0.0040333133092648,0.004200593584764261,0.004414340603458018,0.004163420190208826,0.0036244059691550043,0.0036336993177938635,0.0040426066579036584,0.004061193355181377,0.0041913002361254025,0.0053901422105382115,0.006468170652645854,0.0042191802820419795,0.006403117212173841,0.007629839232503228,0.009600029143941332,0.008995961482415498,0.00777853281072497,0.008903027996026908,0.006886371341394509,0.006533224093117867,0.0065053440472012895,0.005613182577870827,0.005873396339758879,0.007193051846476855,0.006152196798924648,0.005064875008178147,0.005576009183315391,0.0054830756969268014,0.005269328678233045,0.004888301384039826,0.006681917671339611,0.008940201390582343,0.0073138653787820215
38047,0.0005761876156092571,0.0005947743128869751,0.0005947743128869751,0.0006412410560812699,0.0007062944965532829,0.0007527612397475779,0.0008085213315807317,0.0009293348638858986,0.0010315616989133474,0.0012546020662459632,0.0015519892226894506,0.0018029096359386432,0.0022954571137981696,0.0031876185831286323,0.0033920722531835296,0.0038102729419321837,0.0047024344112626465,0.005436608953732506,0.004748901154456942,0.004451513998013454,0.004414340603458018,0.004163420190208826,0.0038939130796819153,0.0038939130796819153,0.0040333133092648,0.004200593584764261,0.004414340603458018,0.004163420190208826,0.0036244059691550043,0.0036336993177938635,0.0040426066579036584,0.004061193355181377,0.0041913002361254025,0.0053901422105382115,0.006468170652645854,0.0042191802820419795,0.006403117212173841,0.007629839232503228,0.009600029143941332,0.008995961482415498,0.00777853281072497,0.008903027996026908,0.006886371341394509,0.006533224093117867,0.0065053440472012895,0.005613182577870827,0.005873396339758879,0.007193051846476855,0.006152196798924648,0.005064875008178147,0.005576009183315391,0.0054830756969268014,0.005269328678233045,0.004888301384039826,0.006681917671339611,0.008940201390582343,0.0073138653787820215
38049,0.0005761876156092571,0.0005947743128869751,0.0005947743128869751,0.0006412410560812699,0.0007062944965532829,0.0007527612397475779,0.0008085213315807317,0.0009293348638858986,0.0010315616989133474,0.0012546020662459632,0.0015519892226894506,0.0018029096359386432,0.0022954571137981696,0.0031876185831286323,0.0033920722531835296,0.0038102729419321837,0.0047024344112626465,0.005436608953732506,0.004748901154456942,0.004451513998013454,0.004414340603458018,0.004163420190208826,0.0038939130796819153,0.0038939130796819153,0.0040333133092648,0.004200593584764261,0.004414340603458018,0.004163420190208826,0.0036244059691550043,0.0036336993177938635,0.0040426066579036584,0.004061193355181377,0.0041913002361254025,0.0053901422105382115,0.006468170652645854,0.0042191802820419795,0.006403117212173841,0.007629839232503228,0.009600029143941332,0.008995961482415498,0.00777853281072497,0.008903027996026908,0.006886371341394509,0.006533224093117867,0.0065053440472012895,0.005613182577870827,0.005873396339758879,0.007193051846476855,0.006152196798924648,0.005064875008178147,0.005576009183315391,0.0054830756969268014,0.005269328678233045,0.004888301384039826,0.006681917671339611,0.008940201390582343,0.0073138653787820215
38051,0.0005761876156092571,0.0005947743128869751,0.0005947743128869751,0.0006412410560812699,0.0007062944965532829,0.0007527612397475779,0.0008085213315807317,0.0009293348638858986,0.0010315616989133474,0.0012546020662459632,0.0015519892226894506,0.0018029096359386432,0.0022954571137981696,0.0031876185831286323,0.0033920722531835296,0.0038102729419321837,0.0047024344112626465,0.005436608953732506,0.004748901154456942,0.004451513998013454,0.004414340603458018,0.004163420190208826,0.0038939130796819153,0.0038939130796819153,0.0040333133092648,0.004200593584764261,0.004414340603458018,0.004163420190208826,0.0036244059691550043,0.0036336993177938635,0.0040426066579036584,0.004061193355181377,0.0041913002361254025,0.0053901422105382115,0.006468170652645854,0.0042191802820419795,0.006403117212173841,0.007629839232503228,0.009600029143941332,0.008995961482415498,0.00777853281072497,0.008903027996026908,0.006886371341394509,0.006533224093117867,0.0065053440472012895,0.005613182577870827,0.005873396339758879,0.007193051846476855,0.006152196798924648,0.005064875008178147,0.005576009183315391,0.0054830756969268014,0.005269328678233045,0.004888301384039826,0.006681917671339611,0.008940201390582343,0.0073138653787820215
38053,0.0005761876156092571,0.0005947743128869751,0.0005947743128869751,0.0006412410560812699,0.0007062944965532829,0.0007527612397475779,0.0008085213315807317,0.0009293348638858986,0.0010315616989133474,0.0012546020662459632,0.0015519892226894506,0.0018029096359386432,0.0022954571137981696,0.0031876185831286323,0.0033920722531835296,0.0038102729419321837,0.0047024344112626465,0.005436608953732506,0.004748901154456942,0.004451513998013454,0.004414340603458018,0.004163420190208826,0.0038939130796819153,0.0038939130796819153,0.0040333133092648,0.004200593584764261,0.004414340603458018,0.004163420190208826,0.0036244059691550043,0.0036336993177938635,0.0040426066579036584,0.004061193355181377,0.0041913002361254025,0.0053901422105382115,0.006468170652645854,0.0042191802820419795,0.006403117212173841,0.007629839232503228,0.009600029143941332,0.008995961482415498,0.00777853281072497,0.008903027996026908,0.006886371341394509,0.006533224093117867,0.0065053440472012895,0.005613182577870827,0.005873396339758879,0.007193051846476855,0.006152196798924648,0.005064875008178147,0.005576009183315391,0.0054830756969268014,0.005269328678233045,0.004888301384039826,0.006681917671339611,0.008940201390582343,0.0073138653787820215
38055,0.0005761876156092571,0.0005947743128869751,0.0005947743128869751,0.0006412410560812699,0.0007062944965532829,0.0007527612397475779,0.0008085213315807317,0.0009293348638858986,0.0010315616989133474,0.0012546020662459632,0.0015519892226894506,0.0018029096359386432,0.0022954571137981696,0.0031876185831286323,0.0033920722531835296,0.0038102729419321837,0.0047024344112626465,0.005436608953732506,0.004748901154456942,0.004451513998013454,0.004414340603458018,0.004163420190208826,0.0038939130796819153,0.0038939130796819153,0.0040333133092648,0.004200593584764261,0.004414340603458018,0.004163420190208826,0.0036244059691550043,0.0036336993177938635,0.0040426066579036584,0.004061193355181377,0.0041913002361254025,0.0053901422105382115,0.006468170652645854,0.0042191802820419795,0.006403117212173841,0.007629839232503228,0.009600029143941332,0.008995961482415498,0.00777853281072497,0.008903027996026908,0.006886371341394509,0.006533224093117867,0.0065053440472012895,0.005613182577870827,0.005873396339758879,0.007193051846476855,0.006152196798924648,0.005064875008178147,0.005576009183315391,0.0054830756969268014,0.005269328678233045,0.004888301384039826,0.006681917671339611,0.008940201390582343,0.0073138653787820215
38057,0.0005761876156092571,0.0005947743128869751,0.0005947743128869751,0.0006412410560812699,0.0007062944965532829,0.0007527612397475779,0.0008085213315807317,0.0009293348638858986,0.0010315616989133474,0.0012546020662459632,0.0015519892226894506,0.0018029096359386432,0.0022954571137981696,0.0031876185831286323,0.0033920722531835296,0.0038102729419321837,0.0047024344112626465,0.005436608953732506,0.004748901154456942,0.004451513998013454,0.004414340603458018,0.004163420190208826,0.0038939130796819153,0.0038939130796819153,0.0040333133092648,0.004200593584764261,0.004414340603458018,0.004163420190208826,0.0036244059691550043,0.0036336993177938635,0.0040426066579036584,0.004061193355181377,0.0041913002361254025,0.0053901422105382115,0.006468170652645854,0.0042191802820419795,0.006403117212173841,0.007629839232503228,0.009600029143941332,0.008995961482415498,0.00777853281072497,0.008903027996026908,0.006886371341394509,0.006533224093117867,0.0065053440472012895,0.005613182577870827,0.005873396339758879,0.007193051846476855,0.006152196798924648,0.005064875008178147,0.005576009183315391,0.0054830756969268014,0.005269328678233045,0.004888301384039826,0.006681917671339611,0.008940201390582343,0.0073138653787820215
38059,0.0005761876156092571,0.0005947743128869751,0.0005947743128869751,0.0006412410560812699,0.0007062944965532829,0.0007527612397475779,0.0008085213315807317,0.0009293348638858986,0.0010315616989133474,0.0012546020662459632,0.0015519892226894506,0.0018029096359386432,0.0022954571137981696,0.0031876185831286323,0.0033920722531835296,0.0038102729419321837,0.0047024344112626465,0.005436608953732506,0.004748901154456942,0.004451513998013454,0.004414340603458018,0.004163420190208826,0.0038939130796819153,0.0038939130796819153,0.0040333133092648,0.004200593584764261,0.004414340603458018,0.004163420190208826,0.0036244059691550043,0.0036336993177938635,0.0040426066579036584,0.004061193355181377,0.0041913002361254025,0.0053901422105382115,0.006468170652645854,0.0042191802820419795,0.006403117212173841,0.007629839232503228,0.009600029143941332,0.008995961482415498,0.00777853281072497,0.008903027996026908,0.006886371341394509,0.006533224093117867,0.0065053440472012895,0.005613182577870827,0.005873396339758879,0.007193051846476855,0.006152196798924648,0.005064875008178147,0.005576009183315391,0.0054830756969268014,0.005269328678233045,0.004888301384039826,0.006681917671339611,0.008940201390582343,0.0073138653787820215
38061,0.0005761876156092571,0.0005947743128869751,0.0005947743128869751,0.0006412410560812699,0.0007062944965532829,0.0007527612397475779,0.0008085213315807317,0.0009293348638858986,0.0010315616989133474,0.0012546020662459632,0.0015519892226894506,0.0018029096359386432,0.0022954571137981696,0.0031876185831286323,0.0033920722531835296,0.0038102729419321837,0.0047024344112626465,0.005436608953732506,0.004748901154456942,0.004451513998013454,0.004414340603458018,0.004163420190208826,0.0038939130796819153,0.0038939130796819153,0.0040333133092648,0.004200593584764261,0.004414340603458018,0.004163420190208826,0.0036244059691550043,0.0036336993177938635,0.0040426066579036584,0.004061193355181377,0.0041913002361254025,0.0053901422105382115,0.006468170652645854,0.0042191802820419795,0.006403117212173841,0.007629839232503228,0.009600029143941332,0.008995961482415498,0.00777853281072497,0.008903027996026908,0.006886371341394509,0.006533224093117867,0.0065053440472012895,0.005613182577870827,0.005873396339758879,0.007193051846476855,0.006152196798924648,0.005064875008178147,0.005576009183315391,0.0054830756969268014,0.005269328678233045,0.004888301384039826,0.006681917671339611,0.008940201390582343,0.0073138653787820215
38063,0.0005761876156092571,0.0005947743128869751,0.0005947743128869751,0.0006412410560812699,0.0007062944965532829,0.0007527612397475779,0.0008085213315807317,0.0009293348638858986,0.0010315616989133474,0.0012546020662459632,0.0015519892226894506,0.0018029096359386432,0.0022954571137981696,0.0031876185831286323,0.0033920722531835296,0.0038102729419321837,0.0047024344112626465,0.005436608953732506,0.004748901154456942,0.004451513998013454,0.004414340603458018,0.004163420190208826,0.0038939130796819153,0.0038939130796819153,0.0040333133092648,0.004200593584764261,0.004414340603458018,0.004163420190208826,0.0036244059691550043,0.0036336993177938635,0.0040426066579036584,0.004061193355181377,0.0041913002361254025,0.0053901422105382115,0.006468170652645854,0.0042191802820419795,0.006403117212173841,0.007629839232503228,0.009600029143941332,0.008995961482415498,0.00777853281072497,0.008903027996026908,0.006886371341394509,0.006533224093117867,0.0065053440472012895,0.005613182577870827,0.005873396339758879,0.007193051846476855,0.006152196798924648,0.005064875008178147,0.005576009183315391,0.0054830756969268014,0.005269328678233045,0.004888301384039826,0.006681917671339611,0.008940201390582343,0.0073138653787820215
38065,0.0005761876156092571,0.0005947743128869751,0.0005947743128869751,0.0006412410560812699,0.0007062944965532829,0.0007527612397475779,0.0008085213315807317,0.0009293348638858986,0.0010315616989133474,0.0012546020662459632,0.0015519892226894506,0.0018029096359386432,0.0022954571137981696,0.0031876185831286323,0.0033920722531835296,0.0038102729419321837,0.0047024344112626465,0.005436608953732506,0.004748901154456942,0.004451513998013454,0.004414340603458018,0.004163420190208826,0.0038939130796819153,0.0038939130796819153,0.0040333133092648,0.004200593584764261,0.004414340603458018,0.004163420190208826,0.0036244059691550043,0.0036336993177938635,0.0040426066579036584,0.004061193355181377,0.0041913002361254025,0.0053901422105382115,0.006468170652645854,0.0042191802820419795,0.006403117212173841,0.007629839232503228,0.009600029143941332,0.008995961482415498,0.00777853281072497,0.008903027996026908,0.006886371341394509,0.006533224093117867,0.0065053440472012895,0.005613182577870827,0.005873396339758879,0.007193051846476855,0.006152196798924648,0.005064875008178147,0.005576009183315391,0.0054830756969268014,0.005269328678233045,0.004888301384039826,0.006681917671339611,0.008940201390582343,0.0073138653787820215
38067,0.0005761876156092571,0.0005947743128869751,0.0005947743128869751,0.0006412410560812699,0.0007062944965532829,0.0007527612397475779,0.0008085213315807317,0.0009293348638858986,0.0010315616989133474,0.0012546020662459632,0.0015519892226894506,0.0018029096359386432,0.0022954571137981696,0.0031876185831286323,0.0033920722531835296,0.0038102729419321837,0.0047024344112626465,0.005436608953732506,0.004748901154456942,0.004451513998013454,0.004414340603458018,0.004163420190208826,0.0038939130796819153,0.0038939130796819153,0.0040333133092648,0.004200593584764261,0.004414340603458018,0.004163420190208826,0.0036244059691550043,0.0036336993177938635,0.0040426066579036584,0.004061193355181377,0.0041913002361254025,0.0053901422105382115,0.006468170652645854,0.0042191802820419795,0.006403117212173841,0.007629839232503228,0.009600029143941332,0.008995961482415498,0.00777853281072497,0.008903027996026908,0.006886371341394509,0.006533224093117867,0.0065053440472012895,0.005613182577870827,0.005873396339758879,0.007193051846476855,0.006152196798924648,0.005064875008178147,0.005576009183315391,0.0054830756969268014,0.005269328678233045,0.004888301384039826,0.006681917671339611,0.008940201390582343,0.0073138653787820215
38069,0.0005761876156092571,0.0005947743128869751,0.0005947743128869751,0.0006412410560812699,0.0007062944965532829,0.0007527612397475779,0.0008085213315807317,0.0009293348638858986,0.0010315616989133474,0.0012546020662459632,0.0015519892226894506,0.0018029096359386432,0.0022954571137981696,0.0031876185831286323,0.0033920722531835296,0.0038102729419321837,0.0047024344112626465,0.005436608953732506,0.004748901154456942,0.004451513998013454,0.004414340603458018,0.004163420190208826,0.0038939130796819153,0.0038939130796819153,0.0040333133092648,0.004200593584764261,0.004414340603458018,0.004163420190208826,0.0036244059691550043,0.0036336993177938635,0.0040426066579036584,0.004061193355181377,0.0041913002361254025,0.0053901422105382115,0.006468170652645854,0.0042191802820419795,0.006403117212173841,0.007629839232503228,0.009600029143941332,0.008995961482415498,0.00777853281072497,0.008903027996026908,0.006886371341394509,0.006533224093117867,0.0065053440472012895,0.005613182577870827,0.005873396339758879,0.007193051846476855,0.006152196798924648,0.005064875008178147,0.005576009183315391,0.0054830756969268014,0.005269328678233045,0.004888301384039826,0.006681917671339611,0.008940201390582343,0.0073138653787820215
38071,0.0005761876156092571,0.0005947743128869751,0.0005947743128869751,0.0006412410560812699,0.0007062944965532829,0.0007527612397475779,0.0008085213315807317,0.0009293348638858986,0.0010315616989133474,0.0012546020662459632,0.0015519892226894506,0.0018029096359386432,0.0022954571137981696,0.0031876185831286323,0.0033920722531835296,0.0038102729419321837,0.0047024344112626465,0.005436608953732506,0.004748901154456942,0.004451513998013454,0.004414340603458018,0.004163420190208826,0.0038939130796819153,0.0038939130796819153,0.0040333133092648,0.004200593584764261,0.004414340603458018,0.004163420190208826,0.0036244059691550043,0.0036336993177938635,0.0040426066579036584,0.004061193355181377,0.0041913002361254025,0.0053901422105382115,0.006468170652645854,0.0042191802820419795,0.006403117212173841,0.007629839232503228,0.009600029143941332,0.008995961482415498,0.00777853281072497,0.008903027996026908,0.006886371341394509,0.006533224093117867,0.0065053440472012895,0.005613182577870827,0.005873396339758879,0.007193051846476855,0.006152196798924648,0.005064875008178147,0.005576009183315391,0.0054830756969268014,0.005269328678233045,0.004888301384039826,0.006681917671339611,0.008940201390582343,0.0073138653787820215
38073,0.0005761876156092571,0.0005947743128869751,0.0005947743128869751,0.0006412410560812699,0.0007062944965532829,0.0007527612397475779,0.0008085213315807317,0.0009293348638858986,0.0010315616989133474,0.0012546020662459632,0.0015519892226894506,0.0018029096359386432,0.0022954571137981696,0.0031876185831286323,0.0033920722531835296,0.0038102729419321837,0.0047024344112626465,0.005436608953732506,0.004748901154456942,0.004451513998013454,0.004414340603458018,0.004163420190208826,0.0038939130796819153,0.0038939130796819153,0.0040333133092648,0.004200593584764261,0.004414340603458018,0.004163420190208826,0.0036244059691550043,0.0036336993177938635,0.0040426066579036584,0.004061193355181377,0.0041913002361254025,0.0053901422105382115,0.006468170652645854,0.0042191802820419795,0.006403117212173841,0.007629839232503228,0.009600029143941332,0.008995961482415498,0.00777853281072497,0.008903027996026908,0.006886371341394509,0.006533224093117867,0.0065053440472012895,0.005613182577870827,0.005873396339758879,0.007193051846476855,0.006152196798924648,0.005064875008178147,0.005576009183315391,0.0054830756969268014,0.005269328678233045,0.004888301384039826,0.006681917671339611,0.008940201390582343,0.0073138653787820215
38075,0.0005761876156092571,0.0005947743128869751,0.0005947743128869751,0.0006412410560812699,0.0007062944965532829,0.0007527612397475779,0.0008085213315807317,0.0009293348638858986,0.0010315616989133474,0.0012546020662459632,0.0015519892226894506,0.0018029096359386432,0.0022954571137981696,0.0031876185831286323,0.0033920722531835296,0.0038102729419321837,0.0047024344112626465,0.005436608953732506,0.004748901154456942,0.004451513998013454,0.004414340603458018,0.004163420190208826,0.0038939130796819153,0.0038939130796819153,0.0040333133092648,0.004200593584764261,0.004414340603458018,0.004163420190208826,0.0036244059691550043,0.0036336993177938635,0.0040426066579036584,0.004061193355181377,0.0041913002361254025,0.0053901422105382115,0.006468170652645854,0.0042191802820419795,0.006403117212173841,0.007629839232503228,0.009600029143941332,0.008995961482415498,0.00777853281072497,0.008903027996026908,0.006886371341394509,0.006533224093117867,0.0065053440472012895,0.005613182577870827,0.005873396339758879,0.007193051846476855,0.006152196798924648,0.005064875008178147,0.005576009183315391,0.0054830756969268014,0.005269328678233045,0.004888301384039826,0.006681917671339611,0.008940201390582343,0.0073138653787820215
38077,0.0005761876156092571,0.0005947743128869751,0.0005947743128869751,0.0006412410560812699,0.0007062944965532829,0.0007527612397475779,0.0008085213315807317,0.0009293348638858986,0.0010315616989133474,0.0012546020662459632,0.0015519892226894506,0.0018029096359386432,0.0022954571137981696,0.0031876185831286323,0.0033920722531835296,0.0038102729419321837,0.0047024344112626465,0.005436608953732506,0.004748901154456942,0.004451513998013454,0.004414340603458018,0.004163420190208826,0.0038939130796819153,0.0038939130796819153,0.0040333133092648,0.004200593584764261,0.004414340603458018,0.004163420190208826,0.0036244059691550043,0.0036336993177938635,0.0040426066579036584,0.004061193355181377,0.0041913002361254025,0.0053901422105382115,0.006468170652645854,0.0042191802820419795,0.006403117212173841,0.007629839232503228,0.009600029143941332,0.008995961482415498,0.00777853281072497,0.008903027996026908,0.006886371341394509,0.006533224093117867,0.0065053440472012895,0.005613182577870827,0.005873396339758879,0.007193051846476855,0.006152196798924648,0.005064875008178147,0.005576009183315391,0.0054830756969268014,0.005269328678233045,0.004888301384039826,0.006681917671339611,0.008940201390582343,0.0073138653787820215
38079,0.0005761876156092571,0.0005947743128869751,0.0005947743128869751,0.0006412410560812699,0.0007062944965532829,0.0007527612397475779,0.0008085213315807317,0.0009293348638858986,0.0010315616989133474,0.0012546020662459632,0.0015519892226894506,0.0018029096359386432,0.0022954571137981696,0.0031876185831286323,0.0033920722531835296,0.0038102729419321837,0.0047024344112626465,0.005436608953732506,0.004748901154456942,0.004451513998013454,0.004414340603458018,0.004163420190208826,0.0038939130796819153,0.0038939130796819153,0.0040333133092648,0.004200593584764261,0.004414340603458018,0.004163420190208826,0.0036244059691550043,0.0036336993177938635,0.0040426066579036584,0.004061193355181377,0.0041913002361254025,0.0053901422105382115,0.006468170652645854,0.0042191802820419795,0.006403117212173841,0.007629839232503228,0.009600029143941332,0.008995961482415498,0.00777853281072497,0.008903027996026908,0.006886371341394509,0.006533224093117867,0.0065053440472012895,0.005613182577870827,0.005873396339758879,0.007193051846476855,0.006152196798924648,0.005064875008178147,0.005576009183315391,0.0054830756969268014,0.005269328678233045,0.004888301384039826,0.006681917671339611,0.008940201390582343,0.0073138653787820215
38081,0.0005761876156092571,0.0005947743128869751,0.0005947743128869751,0.0006412410560812699,0.0007062944965532829,0.0007527612397475779,0.0008085213315807317,0.0009293348638858986,0.0010315616989133474,0.0012546020662459632,0.0015519892226894506,0.0018029096359386432,0.0022954571137981696,0.0031876185831286323,0.0033920722531835296,0.0038102729419321837,0.0047024344112626465,0.005436608953732506,0.004748901154456942,0.004451513998013454,0.004414340603458018,0.004163420190208826,0.0038939130796819153,0.0038939130796819153,0.0040333133092648,0.004200593584764261,0.004414340603458018,0.004163420190208826,0.0036244059691550043,0.0036336993177938635,0.0040426066579036584,0.004061193355181377,0.0041913002361254025,0.0053901422105382115,0.006468170652645854,0.0042191802820419795,0.006403117212173841,0.007629839232503228,0.009600029143941332,0.008995961482415498,0.00777853281072497,0.008903027996026908,0.006886371341394509,0.006533224093117867,0.0065053440472012895,0.005613182577870827,0.005873396339758879,0.007193051846476855,0.006152196798924648,0.005064875008178147,0.005576009183315391,0.0054830756969268014,0.005269328678233045,0.004888301384039826,0.006681917671339611,0.008940201390582343,0.0073138653787820215
38083,0.0005761876156092571,0.0005947743128869751,0.0005947743128869751,0.0006412410560812699,0.0007062944965532829,0.0007527612397475779,0.0008085213315807317,0.0009293348638858986,0.0010315616989133474,0.0012546020662459632,0.0015519892226894506,0.0018029096359386432,0.0022954571137981696,0.0031876185831286323,0.0033920722531835296,0.0038102729419321837,0.0047024344112626465,0.005436608953732506,0.004748901154456942,0.004451513998013454,0.004414340603458018,0.004163420190208826,0.0038939130796819153,0.0038939130796819153,0.0040333133092648,0.004200593584764261,0.004414340603458018,0.004163420190208826,0.0036244059691550043,0.0036336993177938635,0.0040426066579036584,0.004061193355181377,0.0041913002361254025,0.0053901422105382115,0.006468170652645854,0.0042191802820419795,0.006403117212173841,0.007629839232503228,0.009600029143941332,0.008995961482415498,0.00777853281072497,0.008903027996026908,0.006886371341394509,0.006533224093117867,0.0065053440472012895,0.005613182577870827,0.005873396339758879,0.007193051846476855,0.006152196798924648,0.005064875008178147,0.005576009183315391,0.0054830756969268014,0.005269328678233045,0.004888301384039826,0.006681917671339611,0.008940201390582343,0.0073138653787820215
38085,0.0005761876156092571,0.0005947743128869751,0.0005947743128869751,0.0006412410560812699,0.0007062944965532829,0.0007527612397475779,0.0008085213315807317,0.0009293348638858986,0.0010315616989133474,0.0012546020662459632,0.0015519892226894506,0.0018029096359386432,0.0022954571137981696,0.0031876185831286323,0.0033920722531835296,0.0038102729419321837,0.0047024344112626465,0.005436608953732506,0.004748901154456942,0.004451513998013454,0.004414340603458018,0.004163420190208826,0.0038939130796819153,0.0038939130796819153,0.0040333133092648,0.004200593584764261,0.004414340603458018,0.004163420190208826,0.0036244059691550043,0.0036336993177938635,0.0040426066579036584,0.004061193355181377,0.0041913002361254025,0.0053901422105382115,0.006468170652645854,0.0042191802820419795,0.006403117212173841,0.007629839232503228,0.009600029143941332,0.008995961482415498,0.00777853281072497,0.008903027996026908,0.006886371341394509,0.006533224093117867,0.0065053440472012895,0.005613182577870827,0.005873396339758879,0.007193051846476855,0.006152196798924648,0.005064875008178147,0.005576009183315391,0.0054830756969268014,0.005269328678233045,0.004888301384039826,0.006681917671339611,0.008940201390582343,0.0073138653787820215
38087,0.0005761876156092571,0.0005947743128869751,0.0005947743128869751,0.0006412410560812699,0.0007062944965532829,0.0007527612397475779,0.0008085213315807317,0.0009293348638858986,0.0010315616989133474,0.0012546020662459632,0.0015519892226894506,0.0018029096359386432,0.0022954571137981696,0.0031876185831286323,0.0033920722531835296,0.0038102729419321837,0.0047024344112626465,0.005436608953732506,0.004748901154456942,0.004451513998013454,0.004414340603458018,0.004163420190208826,0.0038939130796819153,0.0038939130796819153,0.0040333133092648,0.004200593584764261,0.004414340603458018,0.004163420190208826,0.0036244059691550043,0.0036336993177938635,0.0040426066579036584,0.004061193355181377,0.0041913002361254025,0.0053901422105382115,0.006468170652645854,0.0042191802820419795,0.006403117212173841,0.007629839232503228,0.009600029143941332,0.008995961482415498,0.00777853281072497,0.008903027996026908,0.006886371341394509,0.006533224093117867,0.0065053440472012895,0.005613182577870827,0.005873396339758879,0.007193051846476855,0.006152196798924648,0.005064875008178147,0.005576009183315391,0.0054830756969268014,0.005269328678233045,0.004888301384039826,0.006681917671339611,0.008940201390582343,0.0073138653787820215
38089,0.0005761876156092571,0.0005947743128869751,0.0005947743128869751,0.0006412410560812699,0.0007062944965532829,0.0007527612397475779,0.0008085213315807317,0.0009293348638858986,0.0010315616989133474,0.0012546020662459632,0.0015519892226894506,0.0018029096359386432,0.0022954571137981696,0.0031876185831286323,0.0033920722531835296,0.0038102729419321837,0.0047024344112626465,0.005436608953732506,0.004748901154456942,0.004451513998013454,0.004414340603458018,0.004163420190208826,0.0038939130796819153,0.0038939130796819153,0.0040333133092648,0.004200593584764261,0.004414340603458018,0.004163420190208826,0.0036244059691550043,0.0036336993177938635,0.0040426066579036584,0.004061193355181377,0.0041913002361254025,0.0053901422105382115,0.006468170652645854,0.0042191802820419795,0.006403117212173841,0.007629839232503228,0.009600029143941332,0.008995961482415498,0.00777853281072497,0.008903027996026908,0.006886371341394509,0.006533224093117867,0.0065053440472012895,0.005613182577870827,0.005873396339758879,0.007193051846476855,0.006152196798924648,0.005064875008178147,0.005576009183315391,0.0054830756969268014,0.005269328678233045,0.004888301384039826,0.006681917671339611,0.008940201390582343,0.0073138653787820215
38091,0.0005761876156092571,0.0005947743128869751,0.0005947743128869751,0.0006412410560812699,0.0007062944965532829,0.0007527612397475779,0.0008085213315807317,0.0009293348638858986,0.0010315616989133474,0.0012546020662459632,0.0015519892226894506,0.0018029096359386432,0.0022954571137981696,0.0031876185831286323,0.0033920722531835296,0.0038102729419321837,0.0047024344112626465,0.005436608953732506,0.004748901154456942,0.004451513998013454,0.004414340603458018,0.004163420190208826,0.0038939130796819153,0.0038939130796819153,0.0040333133092648,0.004200593584764261,0.004414340603458018,0.004163420190208826,0.0036244059691550043,0.0036336993177938635,0.0040426066579036584,0.004061193355181377,0.0041913002361254025,0.0053901422105382115,0.006468170652645854,0.0042191802820419795,0.006403117212173841,0.007629839232503228,0.009600029143941332,0.008995961482415498,0.00777853281072497,0.008903027996026908,0.006886371341394509,0.006533224093117867,0.0065053440472012895,0.005613182577870827,0.005873396339758879,0.007193051846476855,0.006152196798924648,0.005064875008178147,0.005576009183315391,0.0054830756969268014,0.005269328678233045,0.004888301384039826,0.006681917671339611,0.008940201390582343,0.0073138653787820215
38093,0.0005761876156092571,0.0005947743128869751,0.0005947743128869751,0.0006412410560812699,0.0007062944965532829,0.0007527612397475779,0.0008085213315807317,0.0009293348638858986,0.0010315616989133474,0.0012546020662459632,0.0015519892226894506,0.0018029096359386432,0.0022954571137981696,0.0031876185831286323,0.0033920722531835296,0.0038102729419321837,0.0047024344112626465,0.005436608953732506,0.004748901154456942,0.004451513998013454,0.004414340603458018,0.004163420190208826,0.0038939130796819153,0.0038939130796819153,0.0040333133092648,0.004200593584764261,0.004414340603458018,0.004163420190208826,0.0036244059691550043,0.0036336993177938635,0.0040426066579036584,0.004061193355181377,0.0041913002361254025,0.0053901422105382115,0.006468170652645854,0.0042191802820419795,0.006403117212173841,0.007629839232503228,0.009600029143941332,0.008995961482415498,0.00777853281072497,0.008903027996026908,0.006886371341394509,0.006533224093117867,0.0065053440472012895,0.005613182577870827,0.005873396339758879,0.007193051846476855,0.006152196798924648,0.005064875008178147,0.005576009183315391,0.0054830756969268014,0.005269328678233045,0.004888301384039826,0.006681917671339611,0.008940201390582343,0.0073138653787820215
38095,0.0005761876156092571,0.0005947743128869751,0.0005947743128869751,0.0006412410560812699,0.0007062944965532829,0.0007527612397475779,0.0008085213315807317,0.0009293348638858986,0.0010315616989133474,0.0012546020662459632,0.0015519892226894506,0.0018029096359386432,0.0022954571137981696,0.0031876185831286323,0.0033920722531835296,0.0038102729419321837,0.0047024344112626465,0.005436608953732506,0.004748901154456942,0.004451513998013454,0.004414340603458018,0.004163420190208826,0.0038939130796819153,0.0038939130796819153,0.0040333133092648,0.004200593584764261,0.004414340603458018,0.004163420190208826,0.0036244059691550043,0.0036336993177938635,0.0040426066579036584,0.004061193355181377,0.0041913002361254025,0.0053901422105382115,0.006468170652645854,0.0042191802820419795,0.006403117212173841,0.007629839232503228,0.009600029143941332,0.008995961482415498,0.00777853281072497,0.008903027996026908,0.006886371341394509,0.006533224093117867,0.0065053440472012895,0.005613182577870827,0.005873396339758879,0.007193051846476855,0.006152196798924648,0.005064875008178147,0.005576009183315391,0.0054830756969268014,0.005269328678233045,0.004888301384039826,0.006681917671339611,0.008940201390582343,0.0073138653787820215
38097,0.0005761876156092571,0.0005947743128869751,0.0005947743128869751,0.0006412410560812699,0.0007062944965532829,0.0007527612397475779,0.0008085213315807317,0.0009293348638858986,0.0010315616989133474,0.0012546020662459632,0.0015519892226894506,0.0018029096359386432,0.0022954571137981696,0.0031876185831286323,0.0033920722531835296,0.0038102729419321837,0.0047024344112626465,0.005436608953732506,0.004748901154456942,0.004451513998013454,0.004414340603458018,0.004163420190208826,0.0038939130796819153,0.0038939130796819153,0.0040333133092648,0.004200593584764261,0.004414340603458018,0.004163420190208826,0.0036244059691550043,0.0036336993177938635,0.0040426066579036584,0.004061193355181377,0.0041913002361254025,0.0053901422105382115,0.006468170652645854,0.0042191802820419795,0.006403117212173841,0.007629839232503228,0.009600029143941332,0.008995961482415498,0.00777853281072497,0.008903027996026908,0.006886371341394509,0.006533224093117867,0.0065053440472012895,0.005613182577870827,0.005873396339758879,0.007193051846476855,0.006152196798924648,0.005064875008178147,0.005576009183315391,0.0054830756969268014,0.005269328678233045,0.004888301384039826,0.006681917671339611,0.008940201390582343,0.0073138653787820215
38099,0.0005761876156092571,0.0005947743128869751,0.0005947743128869751,0.0006412410560812699,0.0007062944965532829,0.0007527612397475779,0.0008085213315807317,0.0009293348638858986,0.0010315616989133474,0.0012546020662459632,0.0015519892226894506,0.0018029096359386432,0.0022954571137981696,0.0031876185831286323,0.0033920722531835296,0.0038102729419321837,0.0047024344112626465,0.005436608953732506,0.004748901154456942,0.004451513998013454,0.004414340603458018,0.004163420190208826,0.0038939130796819153,0.0038939130796819153,0.0040333133092648,0.004200593584764261,0.004414340603458018,0.004163420190208826,0.0036244059691550043,0.0036336993177938635,0.0040426066579036584,0.004061193355181377,0.0041913002361254025,0.0053901422105382115,0.006468170652645854,0.0042191802820419795,0.006403117212173841,0.007629839232503228,0.009600029143941332,0.008995961482415498,0.00777853281072497,0.008903027996026908,0.006886371341394509,0.006533224093117867,0.0065053440472012895,0.005613182577870827,0.005873396339758879,0.007193051846476855,0.006152196798924648,0.005064875008178147,0.005576009183315391,0.0054830756969268014,0.005269328678233045,0.004888301384039826,0.006681917671339611,0.008940201390582343,0.0073138653787820215
38101,0.0005761876156092571,0.0005947743128869751,0.0005947743128869751,0.0006412410560812699,0.0007062944965532829,0.0007527612397475779,0.0008085213315807317,0.0009293348638858986,0.0010315616989133474,0.0012546020662459632,0.0015519892226894506,0.0018029096359386432,0.0022954571137981696,0.0031876185831286323,0.0033920722531835296,0.0038102729419321837,0.0047024344112626465,0.005436608953732506,0.004748901154456942,0.004451513998013454,0.004414340603458018,0.004163420190208826,0.0038939130796819153,0.0038939130796819153,0.0040333133092648,0.004200593584764261,0.004414340603458018,0.004163420190208826,0.0036244059691550043,0.0036336993177938635,0.0040426066579036584,0.004061193355181377,0.0041913002361254025,0.0053901422105382115,0.006468170652645854,0.0042191802820419795,0.006403117212173841,0.007629839232503228,0.009600029143941332,0.008995961482415498,0.00777853281072497,0.008903027996026908,0.006886371341394509,0.006533224093117867,0.0065053440472012895,0.005613182577870827,0.005873396339758879,0.007193051846476855,0.006152196798924648,0.005064875008178147,0.005576009183315391,0.0054830756969268014,0.005269328678233045,0.004888301384039826,0.006681917671339611,0.008940201390582343,0.0073138653787820215
38103,0.0005761876156092571,0.0005947743128869751,0.0005947743128869751,0.0006412410560812699,0.0007062944965532829,0.0007527612397475779,0.0008085213315807317,0.0009293348638858986,0.0010315616989133474,0.0012546020662459632,0.0015519892226894506,0.0018029096359386432,0.0022954571137981696,0.0031876185831286323,0.0033920722531835296,0.0038102729419321837,0.0047024344112626465,0.005436608953732506,0.004748901154456942,0.004451513998013454,0.004414340603458018,0.004163420190208826,0.0038939130796819153,0.0038939130796819153,0.0040333133092648,0.004200593584764261,0.004414340603458018,0.004163420190208826,0.0036244059691550043,0.0036336993177938635,0.0040426066579036584,0.004061193355181377,0.0041913002361254025,0.0053901422105382115,0.006468170652645854,0.0042191802820419795,0.006403117212173841,0.007629839232503228,0.009600029143941332,0.008995961482415498,0.00777853281072497,0.008903027996026908,0.006886371341394509,0.006533224093117867,0.0065053440472012895,0.005613182577870827,0.005873396339758879,0.007193051846476855,0.006152196798924648,0.005064875008178147,0.005576009183315391,0.0054830756969268014,0.005269328678233045,0.004888301384039826,0.006681917671339611,0.008940201390582343,0.0073138653787820215
38105,0.0005761876156092571,0.0005947743128869751,0.0005947743128869751,0.0006412410560812699,0.0007062944965532829,0.0007527612397475779,0.0008085213315807317,0.0009293348638858986,0.0010315616989133474,0.0012546020662459632,0.0015519892226894506,0.0018029096359386432,0.0022954571137981696,0.0031876185831286323,0.0033920722531835296,0.0038102729419321837,0.0047024344112626465,0.005436608953732506,0.004748901154456942,0.004451513998013454,0.004414340603458018,0.004163420190208826,0.0038939130796819153,0.0038939130796819153,0.0040333133092648,0.004200593584764261,0.004414340603458018,0.004163420190208826,0.0036244059691550043,0.0036336993177938635,0.0040426066579036584,0.004061193355181377,0.0041913002361254025,0.0053901422105382115,0.006468170652645854,0.0042191802820419795,0.006403117212173841,0.007629839232503228,0.009600029143941332,0.008995961482415498,0.00777853281072497,0.008903027996026908,0.006886371341394509,0.006533224093117867,0.0065053440472012895,0.005613182577870827,0.005873396339758879,0.007193051846476855,0.006152196798924648,0.005064875008178147,0.005576009183315391,0.0054830756969268014,0.005269328678233045,0.004888301384039826,0.006681917671339611,0.008940201390582343,0.0073138653787820215
39001,0.000687707799275565,0.0006784144506367059,0.0006970011479144239,0.0007062944965532829,0.0007620545883864368,0.0008178146802195908,0.0008549880747750267,0.0010036816529967706,0.001245308717607104,0.0015055224794951558,0.00192372316824381,0.002081710095104413,0.0024162706461033365,0.0030853917481011833,0.0034478323450166837,0.004321407117069429,0.00530650207278848,0.005278622026871903,0.0051763951918444556,0.0049719415217895566,0.004544447484402044,0.004414340603458018,0.004553740833040903,0.004349287162986005,0.004423633952096877,0.004386460557541441,0.004869714686762109,0.0049998215677061345,0.004572327530318621,0.0049998215677061345,0.005789756202009148,0.005418022256454789,0.005185688540483314,0.006514637395840149,0.00805733326989074,0.00595703647750861,0.007546199094753496,0.008549880747750266,0.010845337861548437,0.011923366303656079,0.010910391302020449,0.011867606211822925,0.009683669281691063,0.008596347490944562,0.007945813086224433,0.006607570882228739,0.00577116950473143,0.007267398635587727,0.006022089917980623,0.005334382118705058,0.005678236018342841,0.00550166239420452,0.005548129137398814,0.005232155283677609,0.0061707834962023665,0.007797119508002689,
39003,0.000687707799275565,0.0006784144506367059,0.0006970011479144239,0.0007062944965532829,0.0007620545883864368,0.0008178146802195908,0.0008549880747750267,0.0010036816529967706,0.001245308717607104,0.0015055224794951558,0.00192372316824381,0.002081710095104413,0.0024162706461033365,0.0030853917481011833,0.0034478323450166837,0.004321407117069429,0.00530650207278848,0.005278622026871903,0.0051763951918444556,0.0049719415217895566,0.004544447484402044,0.004414340603458018,0.004553740833040903,0.004349287162986005,0.004423633952096877,0.004386460557541441,0.004869714686762109,0.0049998215677061345,0.004572327530318621,0.0049998215677061345,0.005789756202009148,0.005418022256454789,0.005185688540483314,0.006514637395840149,0.00805733326989074,0.00595703647750861,0.007546199094753496,0.008549880747750266,0.010845337861548437,0.011923366303656079,0.010910391302020449,0.011867606211822925,0.009683669281691063,0.008596347490944562,0.007945813086224433,0.006607570882228739,0.00577116950473143,0.007267398635587727,0.006022089917980623,0.005334382118705058,0.005678236018342841,0.00550166239420452,0.005548129137398814,0.005232155283677609,0.0061707834962023665,0.007797119508002689,
39005,0.000687707799275565,0.0006784144506367059,0.0006970011479144239,0.0007062944965532829,0.0007620545883864368,0.0008178146802195908,0.0008549880747750267,0.0010036816529967706,0.001245308717607104,0.0015055224794951558,0.00192372316824381,0.002081710095104413,0.0024162706461033365,0.0030853917481011833,0.0034478323450166837,0.004321407117069429,0.00530650207278848,0.005278622026871903,0.0051763951918444556,0.0049719415217895566,0.004544447484402044,0.004414340603458018,0.004553740833040903,0.004349287162986005,0.004423633952096877,0.004386460557541441,0.004869714686762109,0.0049998215677061345,0.004572327530318621,0.0049998215677061345,0.005789756202009148,0.005418022256454789,0.005185688540483314,0.006514637395840149,0.00805733326989074,0.00595703647750861,0.007546199094753496,0.008549880747750266,0.010845337861548437,0.011923366303656079,0.010910391302020449,0.011867606211822925,0.009683669281691063,0.008596347490944562,0.007945813086224433,0.006607570882228739,0.00577116950473143,0.007267398635587727,0.006022089917980623,0.005334382118705058,0.005678236018342841,0.00550166239420452,0.005548129137398814,0.005232155283677609,0.0061707834962023665,0.007797119508002689,
39007,0.000687707799275565,0.0006784144506367059,0.0006970011479144239,0.0007062944965532829,0.0007620545883864368,0.0008178146802195908,0.0008549880747750267,0.0010036816529967706,0.001245308717607104,0.0015055224794951558,0.00192372316824381,0.002081710095104413,0.0024162706461033365,0.0030853917481011833,0.0034478323450166837,0.004321407117069429,0.00530650207278848,0.005278622026871903,0.0051763951918444556,0.0049719415217895566,0.004544447484402044,0.004414340603458018,0.004553740833040903,0.004349287162986005,0.004423633952096877,0.004386460557541441,0.004869714686762109,0.0049998215677061345,0.004572327530318621,0.0049998215677061345,0.005789756202009148,0.005418022256454789,0.005185688540483314,0.006514637395840149,0.00805733326989074,0.00595703647750861,0.007546199094753496,0.008549880747750266,0.010845337861548437,0.011923366303656079,0.010910391302020449,0.011867606211822925,0.009683669281691063,0.008596347490944562,0.007945813086224433,0.006607570882228739,0.00577116950473143,0.007267398635587727,0.006022089917980623,0.005334382118705058,0.005678236018342841,0.00550166239420452,0.005548129137398814,0.005232155283677609,0.0061707834962023665,0.007797119508002689,
39009,0.000687707799275565,0.0006784144506367059,0.0006970011479144239,0.0007062944965532829,0.0007620545883864368,0.0008178146802195908,0.0008549880747750267,0.0010036816529967706,0.001245308717607104,0.0015055224794951558,0.00192372316824381,0.002081710095104413,0.0024162706461033365,0.0030853917481011833,0.0034478323450166837,0.004321407117069429,0.00530650207278848,0.005278622026871903,0.0051763951918444556,0.0049719415217895566,0.004544447484402044,0.004414340603458018,0.004553740833040903,0.004349287162986005,0.004423633952096877,0.004386460557541441,0.004869714686762109,0.0049998215677061345,0.004572327530318621,0.0049998215677061345,0.005789756202009148,0.005418022256454789,0.005185688540483314,0.006514637395840149,0.00805733326989074,0.00595703647750861,0.007546199094753496,0.008549880747750266,0.010845337861548437,0.011923366303656079,0.010910391302020449,0.011867606211822925,0.009683669281691063,0.008596347490944562,0.007945813086224433,0.006607570882228739,0.00577116950473143,0.007267398635587727,0.006022089917980623,0.005334382118705058,0.005678236018342841,0.00550166239420452,0.005548129137398814,0.005232155283677609,0.0061707834962023665,0.007797119508002689,
39011,0.000687707799275565,0.0006784144506367059,0.0006970011479144239,0.0007062944965532829,0.0007620545883864368,0.0008178146802195908,0.0008549880747750267,0.0010036816529967706,0.001245308717607104,0.0015055224794951558,0.00192372316824381,0.002081710095104413,0.0024162706461033365,0.0030853917481011833,0.0034478323450166837,0.004321407117069429,0.00530650207278848,0.005278622026871903,0.0051763951918444556,0.0049719415217895566,0.004544447484402044,0.004414340603458018,0.004553740833040903,0.004349287162986005,0.004423633952096877,0.004386460557541441,0.004869714686762109,0.0049998215677061345,0.004572327530318621,0.0049998215677061345,0.005789756202009148,0.005418022256454789,0.005185688540483314,0.006514637395840149,0.00805733326989074,0.00595703647750861,0.007546199094753496,0.008549880747750266,0.010845337861548437,0.011923366303656079,0.010910391302020449,0.011867606211822925,0.009683669281691063,0.008596347490944562,0.007945813086224433,0.006607570882228739,0.00577116950473143,0.007267398635587727,0.006022089917980623,0.005334382118705058,0.005678236018342841,0.00550166239420452,0.005548129137398814,0.005232155283677609,0.0061707834962023665,0.007797119508002689,
39013,0.000687707799275565,0.0006784144506367059,0.0006970011479144239,0.0007062944965532829,0.0007620545883864368,0.0008178146802195908,0.0008549880747750267,0.0010036816529967706,0.001245308717607104,0.0015055224794951558,0.00192372316824381,0.002081710095104413,0.0024162706461033365,0.0030853917481011833,0.0034478323450166837,0.004321407117069429,0.00530650207278848,0.005278622026871903,0.0051763951918444556,0.0049719415217895566,0.004544447484402044,0.004414340603458018,0.004553740833040903,0.004349287162986005,0.004423633952096877,0.004386460557541441,0.004869714686762109,0.0049998215677061345,0.004572327530318621,0.0049998215677061345,0.005789756202009148,0.005418022256454789,0.005185688540483314,0.006514637395840149,0.00805733326989074,0.00595703647750861,0.007546199094753496,0.008549880747750266,0.010845337861548437,0.011923366303656079,0.010910391302020449,0.011867606211822925,0.009683669281691063,0.008596347490944562,0.007945813086224433,0.006607570882228739,0.00577116950473143,0.007267398635587727,0.006022089917980623,0.005334382118705058,0.005678236018342841,0.00550166239420452,0.005548129137398814,0.005232155283677609,0.0061707834962023665,0.007797119508002689,
39015,0.000687707799275565,0.0006784144506367059,0.0006970011479144239,0.0007062944965532829,0.0007620545883864368,0.0008178146802195908,0.0008549880747750267,0.0010036816529967706,0.001245308717607104,0.0015055224794951558,0.00192372316824381,0.002081710095104413,0.0024162706461033365,0.0030853917481011833,0.0034478323450166837,0.004321407117069429,0.00530650207278848,0.005278622026871903,0.0051763951918444556,0.0049719415217895566,0.004544447484402044,0.004414340603458018,0.004553740833040903,0.004349287162986005,0.004423633952096877,0.004386460557541441,0.004869714686762109,0.0049998215677061345,0.004572327530318621,0.0049998215677061345,0.005789756202009148,0.005418022256454789,0.005185688540483314,0.006514637395840149,0.00805733326989074,0.00595703647750861,0.007546199094753496,0.008549880747750266,0.010845337861548437,0.011923366303656079,0.010910391302020449,0.011867606211822925,0.009683669281691063,0.008596347490944562,0.007945813086224433,0.006607570882228739,0.00577116950473143,0.007267398635587727,0.006022089917980623,0.005334382118705058,0.005678236018342841,0.00550166239420452,0.005548129137398814,0.005232155283677609,0.0061707834962023665,0.007797119508002689,
39017,0.000687707799275565,0.0006784144506367059,0.0006970011479144239,0.0007062944965532829,0.0007620545883864368,0.0008178146802195908,0.0008549880747750267,0.0010036816529967706,0.001245308717607104,0.0015055224794951558,0.00192372316824381,0.002081710095104413,0.0024162706461033365,0.0030853917481011833,0.0034478323450166837,0.004321407117069429,0.00530650207278848,0.005278622026871903,0.0051763951918444556,0.0049719415217895566,0.004544447484402044,0.004414340603458018,0.004553740833040903,0.004349287162986005,0.004423633952096877,0.004386460557541441,0.004869714686762109,0.0049998215677061345,0.004572327530318621,0.0049998215677061345,0.005789756202009148,0.005418022256454789,0.005185688540483314,0.006514637395840149,0.00805733326989074,0.00595703647750861,0.007546199094753496,0.008549880747750266,0.010845337861548437,0.011923366303656079,0.010910391302020449,0.011867606211822925,0.009683669281691063,0.008596347490944562,0.007945813086224433,0.006607570882228739,0.00577116950473143,0.007267398635587727,0.006022089917980623,0.005334382118705058,0.005678236018342841,0.00550166239420452,0.005548129137398814,0.005232155283677609,0.0061707834962023665,0.007797119508002689,
39019,0.000687707799275565,0.0006784144506367059,0.0006970011479144239,0.0007062944965532829,0.0007620545883864368,0.0008178146802195908,0.0008549880747750267,0.0010036816529967706,0.001245308717607104,0.0015055224794951558,0.00192372316824381,0.002081710095104413,0.0024162706461033365,0.0030853917481011833,0.0034478323450166837,0.004321407117069429,0.00530650207278848,0.005278622026871903,0.0051763951918444556,0.0049719415217895566,0.004544447484402044,0.004414340603458018,0.004553740833040903,0.004349287162986005,0.004423633952096877,0.004386460557541441,0.004869714686762109,0.0049998215677061345,0.004572327530318621,0.0049998215677061345,0.005789756202009148,0.005418022256454789,0.005185688540483314,0.006514637395840149,0.00805733326989074,0.00595703647750861,0.007546199094753496,0.008549880747750266,0.010845337861548437,0.011923366303656079,0.010910391302020449,0.011867606211822925,0.009683669281691063,0.008596347490944562,0.007945813086224433,0.006607570882228739,0.00577116950473143,0.007267398635587727,0.006022089917980623,0.005334382118705058,0.005678236018342841,0.00550166239420452,0.005548129137398814,0.005232155283677609,0.0061707834962023665,0.007797119508002689,
39021,0.000687707799275565,0.0006784144506367059,0.0006970011479144239,0.0007062944965532829,0.0007620545883864368,0.0008178146802195908,0.0008549880747750267,0.0010036816529967706,0.001245308717607104,0.0015055224794951558,0.00192372316824381,0.002081710095104413,0.0024162706461033365,0.0030853917481011833,0.0034478323450166837,0.004321407117069429,0.00530650207278848,0.005278622026871903,0.0051763951918444556,0.0049719415217895566,0.004544447484402044,0.004414340603458018,0.004553740833040903,0.004349287162986005,0.004423633952096877,0.004386460557541441,0.004869714686762109,0.0049998215677061345,0.004572327530318621,0.0049998215677061345,0.005789756202009148,0.005418022256454789,0.005185688540483314,0.006514637395840149,0.00805733326989074,0.00595703647750861,0.007546199094753496,0.008549880747750266,0.010845337861548437,0.011923366303656079,0.010910391302020449,0.011867606211822925,0.009683669281691063,0.008596347490944562,0.007945813086224433,0.006607570882228739,0.00577116950473143,0.007267398635587727,0.006022089917980623,0.005334382118705058,0.005678236018342841,0.00550166239420452,0.005548129137398814,0.005232155283677609,0.0061707834962023665,0.007797119508002689,
39023,0.000687707799275565,0.0006784144506367059,0.0006970011479144239,0.0007062944965532829,0.0007620545883864368,0.0008178146802195908,0.0008549880747750267,0.0010036816529967706,0.001245308717607104,0.0015055224794951558,0.00192372316824381,0.002081710095104413,0.0024162706461033365,0.0030853917481011833,0.0034478323450166837,0.004321407117069429,0.00530650207278848,0.005278622026871903,0.0051763951918444556,0.0049719415217895566,0.004544447484402044,0.004414340603458018,0.004553740833040903,0.004349287162986005,0.004423633952096877,0.004386460557541441,0.004869714686762109,0.0049998215677061345,0.004572327530318621,0.0049998215677061345,0.005789756202009148,0.005418022256454789,0.005185688540483314,0.006514637395840149,0.00805733326989074,0.00595703647750861,0.007546199094753496,0.008549880747750266,0.010845337861548437,0.011923366303656079,0.010910391302020449,0.011867606211822925,0.009683669281691063,0.008596347490944562,0.007945813086224433,0.006607570882228739,0.00577116950473143,0.007267398635587727,0.006022089917980623,0.005334382118705058,0.005678236018342841,0.00550166239420452,0.005548129137398814,0.005232155283677609,0.0061707834962023665,0.007797119508002689,
39025,0.000687707799275565,0.0006784144506367059,0.0006970011479144239,0.0007062944965532829,0.0007620545883864368,0.0008178146802195908,0.0008549880747750267,0.0010036816529967706,0.001245308717607104,0.0015055224794951558,0.00192372316824381,0.002081710095104413,0.0024162706461033365,0.0030853917481011833,0.0034478323450166837,0.004321407117069429,0.00530650207278848,0.005278622026871903,0.0051763951918444556,0.0049719415217895566,0.004544447484402044,0.004414340603458018,0.004553740833040903,0.004349287162986005,0.004423633952096877,0.004386460557541441,0.004869714686762109,0.0049998215677061345,0.004572327530318621,0.0049998215677061345,0.005789756202009148,0.005418022256454789,0.005185688540483314,0.006514637395840149,0.00805733326989074,0.00595703647750861,0.007546199094753496,0.008549880747750266,0.010845337861548437,0.011923366303656079,0.010910391302020449,0.011867606211822925,0.009683669281691063,0.008596347490944562,0.007945813086224433,0.006607570882228739,0.00577116950473143,0.007267398635587727,0.006022089917980623,0.005334382118705058,0.005678236018342841,0.00550166239420452,0.005548129137398814,0.005232155283677609,0.0061707834962023665,0.007797119508002689,
39027,0.000687707799275565,0.0006784144506367059,0.0006970011479144239,0.0007062944965532829,0.0007620545883864368,0.0008178146802195908,0.0008549880747750267,0.0010036816529967706,0.001245308717607104,0.0015055224794951558,0.00192372316824381,0.002081710095104413,0.0024162706461033365,0.0030853917481011833,0.0034478323450166837,0.004321407117069429,0.00530650207278848,0.005278622026871903,0.0051763951918444556,0.0049719415217895566,0.004544447484402044,0.004414340603458018,0.004553740833040903,0.004349287162986005,0.004423633952096877,0.004386460557541441,0.004869714686762109,0.0049998215677061345,0.004572327530318621,0.0049998215677061345,0.005789756202009148,0.005418022256454789,0.005185688540483314,0.006514637395840149,0.00805733326989074,0.00595703647750861,0.007546199094753496,0.008549880747750266,0.010845337861548437,0.011923366303656079,0.010910391302020449,0.011867606211822925,0.009683669281691063,0.008596347490944562,0.007945813086224433,0.006607570882228739,0.00577116950473143,0.007267398635587727,0.006022089917980623,0.005334382118705058,0.005678236018342841,0.00550166239420452,0.005548129137398814,0.005232155283677609,0.0061707834962023665,0.007797119508002689,
39029,0.000687707799275565,0.0006784144506367059,0.0006970011479144239,0.0007062944965532829,0.0007620545883864368,0.0008178146802195908,0.0008549880747750267,0.0010036816529967706,0.001245308717607104,0.0015055224794951558,0.00192372316824381,0.002081710095104413,0.0024162706461033365,0.0030853917481011833,0.0034478323450166837,0.004321407117069429,0.00530650207278848,0.005278622026871903,0.0051763951918444556,0.0049719415217895566,0.004544447484402044,0.004414340603458018,0.004553740833040903,0.004349287162986005,0.004423633952096877,0.004386460557541441,0.004869714686762109,0.0049998215677061345,0.004572327530318621,0.0049998215677061345,0.005789756202009148,0.005418022256454789,0.005185688540483314,0.006514637395840149,0.00805733326989074,0.00595703647750861,0.007546199094753496,0.008549880747750266,0.010845337861548437,0.011923366303656079,0.010910391302020449,0.011867606211822925,0.009683669281691063,0.008596347490944562,0.007945813086224433,0.006607570882228739,0.00577116950473143,0.007267398635587727,0.006022089917980623,0.005334382118705058,0.005678236018342841,0.00550166239420452,0.005548129137398814,0.005232155283677609,0.0061707834962023665,0.007797119508002689,
39031,0.000687707799275565,0.0006784144506367059,0.0006970011479144239,0.0007062944965532829,0.0007620545883864368,0.0008178146802195908,0.0008549880747750267,0.0010036816529967706,0.001245308717607104,0.0015055224794951558,0.00192372316824381,0.002081710095104413,0.0024162706461033365,0.0030853917481011833,0.0034478323450166837,0.004321407117069429,0.00530650207278848,0.005278622026871903,0.0051763951918444556,0.0049719415217895566,0.004544447484402044,0.004414340603458018,0.004553740833040903,0.004349287162986005,0.004423633952096877,0.004386460557541441,0.004869714686762109,0.0049998215677061345,0.004572327530318621,0.0049998215677061345,0.005789756202009148,0.005418022256454789,0.005185688540483314,0.006514637395840149,0.00805733326989074,0.00595703647750861,0.007546199094753496,0.008549880747750266,0.010845337861548437,0.011923366303656079,0.010910391302020449,0.011867606211822925,0.009683669281691063,0.008596347490944562,0.007945813086224433,0.006607570882228739,0.00577116950473143,0.007267398635587727,0.006022089917980623,0.005334382118705058,0.005678236018342841,0.00550166239420452,0.005548129137398814,0.005232155283677609,0.0061707834962023665,0.007797119508002689,
39033,0.000687707799275565,0.0006784144506367059,0.0006970011479144239,0.0007062944965532829,0.0007620545883864368,0.0008178146802195908,0.0008549880747750267,0.0010036816529967706,0.001245308717607104,0.0015055224794951558,0.00192372316824381,0.002081710095104413,0.0024162706461033365,0.0030853917481011833,0.0034478323450166837,0.004321407117069429,0.00530650207278848,0.005278622026871903,0.0051763951918444556,0.0049719415217895566,0.004544447484402044,0.004414340603458018,0.004553740833040903,0.004349287162986005,0.004423633952096877,0.004386460557541441,0.004869714686762109,0.0049998215677061345,0.004572327530318621,0.0049998215677061345,0.005789756202009148,0.005418022256454789,0.005185688540483314,0.006514637395840149,0.00805733326989074,0.00595703647750861,0.007546199094753496,0.008549880747750266,0.010845337861548437,0.011923366303656079,0.010910391302020449,0.011867606211822925,0.009683669281691063,0.008596347490944562,0.007945813086224433,0.006607570882228739,0.00577116950473143,0.007267398635587727,0.006022089917980623,0.005334382118705058,0.005678236018342841,0.00550166239420452,0.005548129137398814,0.005232155283677609,0.0061707834962023665,0.007797119508002689,
39035,0.000687707799275565,0.0006784144506367059,0.0006970011479144239,0.0007062944965532829,0.0007620545883864368,0.0008178146802195908,0.0008549880747750267,0.0010036816529967706,0.001245308717607104,0.0015055224794951558,0.00192372316824381,0.002081710095104413,0.0024162706461033365,0.0030853917481011833,0.0034478323450166837,0.004321407117069429,0.00530650207278848,0.005278622026871903,0.0051763951918444556,0.0049719415217895566,0.004544447484402044,0.004414340603458018,0.004553740833040903,0.004349287162986005,0.004423633952096877,0.004386460557541441,0.004869714686762109,0.0049998215677061345,0.004572327530318621,0.0049998215677061345,0.005789756202009148,0.005418022256454789,0.005185688540483314,0.006514637395840149,0.00805733326989074,0.00595703647750861,0.007546199094753496,0.008549880747750266,0.010845337861548437,0.011923366303656079,0.010910391302020449,0.011867606211822925,0.009683669281691063,0.008596347490944562,0.007945813086224433,0.006607570882228739,0.00577116950473143,0.007267398635587727,0.006022089917980623,0.005334382118705058,0.005678236018342841,0.00550166239420452,0.005548129137398814,0.005232155283677609,0.0061707834962023665,0.007797119508002689,
39037,0.000687707799275565,0.0006784144506367059,0.0006970011479144239,0.0007062944965532829,0.0007620545883864368,0.0008178146802195908,0.0008549880747750267,0.0010036816529967706,0.001245308717607104,0.0015055224794951558,0.00192372316824381,0.002081710095104413,0.0024162706461033365,0.0030853917481011833,0.0034478323450166837,0.004321407117069429,0.00530650207278848,0.005278622026871903,0.0051763951918444556,0.0049719415217895566,0.004544447484402044,0.004414340603458018,0.004553740833040903,0.004349287162986005,0.004423633952096877,0.004386460557541441,0.004869714686762109,0.0049998215677061345,0.004572327530318621,0.0049998215677061345,0.005789756202009148,0.005418022256454789,0.005185688540483314,0.006514637395840149,0.00805733326989074,0.00595703647750861,0.007546199094753496,0.008549880747750266,0.010845337861548437,0.011923366303656079,0.010910391302020449,0.011867606211822925,0.009683669281691063,0.008596347490944562,0.007945813086224433,0.006607570882228739,0.00577116950473143,0.007267398635587727,0.006022089917980623,0.005334382118705058,0.005678236018342841,0.00550166239420452,0.005548129137398814,0.005232155283677609,0.0061707834962023665,0.007797119508002689,
39039,0.000687707799275565,0.0006784144506367059,0.0006970011479144239,0.0007062944965532829,0.0007620545883864368,0.0008178146802195908,0.0008549880747750267,0.0010036816529967706,0.001245308717607104,0.0015055224794951558,0.00192372316824381,0.002081710095104413,0.0024162706461033365,0.0030853917481011833,0.0034478323450166837,0.004321407117069429,0.00530650207278848,0.005278622026871903,0.0051763951918444556,0.0049719415217895566,0.004544447484402044,0.004414340603458018,0.004553740833040903,0.004349287162986005,0.004423633952096877,0.004386460557541441,0.004869714686762109,0.0049998215677061345,0.004572327530318621,0.0049998215677061345,0.005789756202009148,0.005418022256454789,0.005185688540483314,0.006514637395840149,0.00805733326989074,0.00595703647750861,0.007546199094753496,0.008549880747750266,0.010845337861548437,0.011923366303656079,0.010910391302020449,0.011867606211822925,0.009683669281691063,0.008596347490944562,0.007945813086224433,0.006607570882228739,0.00577116950473143,0.007267398635587727,0.006022089917980623,0.005334382118705058,0.005678236018342841,0.00550166239420452,0.005548129137398814,0.005232155283677609,0.0061707834962023665,0.007797119508002689,
39041,0.000687707799275565,0.0006784144506367059,0.0006970011479144239,0.0007062944965532829,0.0007620545883864368,0.0008178146802195908,0.0008549880747750267,0.0010036816529967706,0.001245308717607104,0.0015055224794951558,0.00192372316824381,0.002081710095104413,0.0024162706461033365,0.0030853917481011833,0.0034478323450166837,0.004321407117069429,0.00530650207278848,0.005278622026871903,0.0051763951918444556,0.0049719415217895566,0.004544447484402044,0.004414340603458018,0.004553740833040903,0.004349287162986005,0.004423633952096877,0.004386460557541441,0.004869714686762109,0.0049998215677061345,0.004572327530318621,0.0049998215677061345,0.005789756202009148,0.005418022256454789,0.005185688540483314,0.006514637395840149,0.00805733326989074,0.00595703647750861,0.007546199094753496,0.008549880747750266,0.010845337861548437,0.011923366303656079,0.010910391302020449,0.011867606211822925,0.009683669281691063,0.008596347490944562,0.007945813086224433,0.006607570882228739,0.00577116950473143,0.007267398635587727,0.006022089917980623,0.005334382118705058,0.005678236018342841,0.00550166239420452,0.005548129137398814,0.005232155283677609,0.0061707834962023665,0.007797119508002689,
39043,0.000687707799275565,0.0006784144506367059,0.0006970011479144239,0.0007062944965532829,0.0007620545883864368,0.0008178146802195908,0.0008549880747750267,0.0010036816529967706,0.001245308717607104,0.0015055224794951558,0.00192372316824381,0.002081710095104413,0.0024162706461033365,0.0030853917481011833,0.0034478323450166837,0.004321407117069429,0.00530650207278848,0.005278622026871903,0.0051763951918444556,0.0049719415217895566,0.004544447484402044,0.004414340603458018,0.004553740833040903,0.004349287162986005,0.004423633952096877,0.004386460557541441,0.004869714686762109,0.0049998215677061345,0.004572327530318621,0.0049998215677061345,0.005789756202009148,0.005418022256454789,0.005185688540483314,0.006514637395840149,0.00805733326989074,0.00595703647750861,0.007546199094753496,0.008549880747750266,0.010845337861548437,0.011923366303656079,0.010910391302020449,0.011867606211822925,0.009683669281691063,0.008596347490944562,0.007945813086224433,0.006607570882228739,0.00577116950473143,0.007267398635587727,0.006022089917980623,0.005334382118705058,0.005678236018342841,0.00550166239420452,0.005548129137398814,0.005232155283677609,0.0061707834962023665,0.007797119508002689,
39045,0.000687707799275565,0.0006784144506367059,0.0006970011479144239,0.0007062944965532829,0.0007620545883864368,0.0008178146802195908,0.0008549880747750267,0.0010036816529967706,0.001245308717607104,0.0015055224794951558,0.00192372316824381,0.002081710095104413,0.0024162706461033365,0.0030853917481011833,0.0034478323450166837,0.004321407117069429,0.00530650207278848,0.005278622026871903,0.0051763951918444556,0.0049719415217895566,0.004544447484402044,0.004414340603458018,0.004553740833040903,0.004349287162986005,0.004423633952096877,0.004386460557541441,0.004869714686762109,0.0049998215677061345,0.004572327530318621,0.0049998215677061345,0.005789756202009148,0.005418022256454789,0.005185688540483314,0.006514637395840149,0.00805733326989074,0.00595703647750861,0.007546199094753496,0.008549880747750266,0.010845337861548437,0.011923366303656079,0.010910391302020449,0.011867606211822925,0.009683669281691063,0.008596347490944562,0.007945813086224433,0.006607570882228739,0.00577116950473143,0.007267398635587727,0.006022089917980623,0.005334382118705058,0.005678236018342841,0.00550166239420452,0.005548129137398814,0.005232155283677609,0.0061707834962023665,0.007797119508002689,
39047,0.000687707799275565,0.0006784144506367059,0.0006970011479144239,0.0007062944965532829,0.0007620545883864368,0.0008178146802195908,0.0008549880747750267,0.0010036816529967706,0.001245308717607104,0.0015055224794951558,0.00192372316824381,0.002081710095104413,0.0024162706461033365,0.0030853917481011833,0.0034478323450166837,0.004321407117069429,0.00530650207278848,0.005278622026871903,0.0051763951918444556,0.0049719415217895566,0.004544447484402044,0.004414340603458018,0.004553740833040903,0.004349287162986005,0.004423633952096877,0.004386460557541441,0.004869714686762109,0.0049998215677061345,0.004572327530318621,0.0049998215677061345,0.005789756202009148,0.005418022256454789,0.005185688540483314,0.006514637395840149,0.00805733326989074,0.00595703647750861,0.007546199094753496,0.008549880747750266,0.010845337861548437,0.011923366303656079,0.010910391302020449,0.011867606211822925,0.009683669281691063,0.008596347490944562,0.007945813086224433,0.006607570882228739,0.00577116950473143,0.007267398635587727,0.006022089917980623,0.005334382118705058,0.005678236018342841,0.00550166239420452,0.005548129137398814,0.005232155283677609,0.0061707834962023665,0.007797119508002689,
39049,0.000687707799275565,0.0006784144506367059,0.0006970011479144239,0.0007062944965532829,0.0007620545883864368,0.0008178146802195908,0.0008549880747750267,0.0010036816529967706,0.001245308717607104,0.0015055224794951558,0.00192372316824381,0.002081710095104413,0.0024162706461033365,0.0030853917481011833,0.0034478323450166837,0.004321407117069429,0.00530650207278848,0.005278622026871903,0.0051763951918444556,0.0049719415217895566,0.004544447484402044,0.004414340603458018,0.004553740833040903,0.004349287162986005,0.004423633952096877,0.004386460557541441,0.004869714686762109,0.0049998215677061345,0.004572327530318621,0.0049998215677061345,0.005789756202009148,0.005418022256454789,0.005185688540483314,0.006514637395840149,0.00805733326989074,0.00595703647750861,0.007546199094753496,0.008549880747750266,0.010845337861548437,0.011923366303656079,0.010910391302020449,0.011867606211822925,0.009683669281691063,0.008596347490944562,0.007945813086224433,0.006607570882228739,0.00577116950473143,0.007267398635587727,0.006022089917980623,0.005334382118705058,0.005678236018342841,0.00550166239420452,0.005548129137398814,0.005232155283677609,0.0061707834962023665,0.007797119508002689,
39051,0.000687707799275565,0.0006784144506367059,0.0006970011479144239,0.0007062944965532829,0.0007620545883864368,0.0008178146802195908,0.0008549880747750267,0.0010036816529967706,0.001245308717607104,0.0015055224794951558,0.00192372316824381,0.002081710095104413,0.0024162706461033365,0.0030853917481011833,0.0034478323450166837,0.004321407117069429,0.00530650207278848,0.005278622026871903,0.0051763951918444556,0.0049719415217895566,0.004544447484402044,0.004414340603458018,0.004553740833040903,0.004349287162986005,0.004423633952096877,0.004386460557541441,0.004869714686762109,0.0049998215677061345,0.004572327530318621,0.0049998215677061345,0.005789756202009148,0.005418022256454789,0.005185688540483314,0.006514637395840149,0.00805733326989074,0.00595703647750861,0.007546199094753496,0.008549880747750266,0.010845337861548437,0.011923366303656079,0.010910391302020449,0.011867606211822925,0.009683669281691063,0.008596347490944562,0.007945813086224433,0.006607570882228739,0.00577116950473143,0.007267398635587727,0.006022089917980623,0.005334382118705058,0.005678236018342841,0.00550166239420452,0.005548129137398814,0.005232155283677609,0.0061707834962023665,0.007797119508002689,
39053,0.000687707799275565,0.0006784144506367059,0.0006970011479144239,0.0007062944965532829,0.0007620545883864368,0.0008178146802195908,0.0008549880747750267,0.0010036816529967706,0.001245308717607104,0.0015055224794951558,0.00192372316824381,0.002081710095104413,0.0024162706461033365,0.0030853917481011833,0.0034478323450166837,0.004321407117069429,0.00530650207278848,0.005278622026871903,0.0051763951918444556,0.0049719415217895566,0.004544447484402044,0.004414340603458018,0.004553740833040903,0.004349287162986005,0.004423633952096877,0.004386460557541441,0.004869714686762109,0.0049998215677061345,0.004572327530318621,0.0049998215677061345,0.005789756202009148,0.005418022256454789,0.005185688540483314,0.006514637395840149,0.00805733326989074,0.00595703647750861,0.007546199094753496,0.008549880747750266,0.010845337861548437,0.011923366303656079,0.010910391302020449,0.011867606211822925,0.009683669281691063,0.008596347490944562,0.007945813086224433,0.006607570882228739,0.00577116950473143,0.007267398635587727,0.006022089917980623,0.005334382118705058,0.005678236018342841,0.00550166239420452,0.005548129137398814,0.005232155283677609,0.0061707834962023665,0.007797119508002689,
39055,0.000687707799275565,0.0006784144506367059,0.0006970011479144239,0.0007062944965532829,0.0007620545883864368,0.0008178146802195908,0.0008549880747750267,0.0010036816529967706,0.001245308717607104,0.0015055224794951558,0.00192372316824381,0.002081710095104413,0.0024162706461033365,0.0030853917481011833,0.0034478323450166837,0.004321407117069429,0.00530650207278848,0.005278622026871903,0.0051763951918444556,0.0049719415217895566,0.004544447484402044,0.004414340603458018,0.004553740833040903,0.004349287162986005,0.004423633952096877,0.004386460557541441,0.004869714686762109,0.0049998215677061345,0.004572327530318621,0.0049998215677061345,0.005789756202009148,0.005418022256454789,0.005185688540483314,0.006514637395840149,0.00805733326989074,0.00595703647750861,0.007546199094753496,0.008549880747750266,0.010845337861548437,0.011923366303656079,0.010910391302020449,0.011867606211822925,0.009683669281691063,0.008596347490944562,0.007945813086224433,0.006607570882228739,0.00577116950473143,0.007267398635587727,0.006022089917980623,0.005334382118705058,0.005678236018342841,0.00550166239420452,0.005548129137398814,0.005232155283677609,0.0061707834962023665,0.007797119508002689,
39057,0.000687707799275565,0.0006784144506367059,0.0006970011479144239,0.0007062944965532829,0.0007620545883864368,0.0008178146802195908,0.0008549880747750267,0.0010036816529967706,0.001245308717607104,0.0015055224794951558,0.00192372316824381,0.002081710095104413,0.0024162706461033365,0.0030853917481011833,0.0034478323450166837,0.004321407117069429,0.00530650207278848,0.005278622026871903,0.0051763951918444556,0.0049719415217895566,0.004544447484402044,0.004414340603458018,0.004553740833040903,0.004349287162986005,0.004423633952096877,0.004386460557541441,0.004869714686762109,0.0049998215677061345,0.004572327530318621,0.0049998215677061345,0.005789756202009148,0.005418022256454789,0.005185688540483314,0.006514637395840149,0.00805733326989074,0.00595703647750861,0.007546199094753496,0.008549880747750266,0.010845337861548437,0.011923366303656079,0.010910391302020449,0.011867606211822925,0.009683669281691063,0.008596347490944562,0.007945813086224433,0.006607570882228739,0.00577116950473143,0.007267398635587727,0.006022089917980623,0.005334382118705058,0.005678236018342841,0.00550166239420452,0.005548129137398814,0.005232155283677609,0.0061707834962023665,0.007797119508002689,
39059,0.000687707799275565,0.0006784144506367059,0.0006970011479144239,0.0007062944965532829,0.0007620545883864368,0.0008178146802195908,0.0008549880747750267,0.0010036816529967706,0.001245308717607104,0.0015055224794951558,0.00192372316824381,0.002081710095104413,0.0024162706461033365,0.0030853917481011833,0.0034478323450166837,0.004321407117069429,0.00530650207278848,0.005278622026871903,0.0051763951918444556,0.0049719415217895566,0.004544447484402044,0.004414340603458018,0.004553740833040903,0.004349287162986005,0.004423633952096877,0.004386460557541441,0.004869714686762109,0.0049998215677061345,0.004572327530318621,0.0049998215677061345,0.005789756202009148,0.005418022256454789,0.005185688540483314,0.006514637395840149,0.00805733326989074,0.00595703647750861,0.007546199094753496,0.008549880747750266,0.010845337861548437,0.011923366303656079,0.010910391302020449,0.011867606211822925,0.009683669281691063,0.008596347490944562,0.007945813086224433,0.006607570882228739,0.00577116950473143,0.007267398635587727,0.006022089917980623,0.005334382118705058,0.005678236018342841,0.00550166239420452,0.005548129137398814,0.005232155283677609,0.0061707834962023665,0.007797119508002689,
39061,0.000687707799275565,0.0006784144506367059,0.0006970011479144239,0.0007062944965532829,0.0007620545883864368,0.0008178146802195908,0.0008549880747750267,0.0010036816529967706,0.001245308717607104,0.0015055224794951558,0.00192372316824381,0.002081710095104413,0.0024162706461033365,0.0030853917481011833,0.0034478323450166837,0.004321407117069429,0.00530650207278848,0.005278622026871903,0.0051763951918444556,0.0049719415217895566,0.004544447484402044,0.004414340603458018,0.004553740833040903,0.004349287162986005,0.004423633952096877,0.004386460557541441,0.004869714686762109,0.0049998215677061345,0.004572327530318621,0.0049998215677061345,0.005789756202009148,0.005418022256454789,0.005185688540483314,0.006514637395840149,0.00805733326989074,0.00595703647750861,0.007546199094753496,0.008549880747750266,0.010845337861548437,0.011923366303656079,0.010910391302020449,0.011867606211822925,0.009683669281691063,0.008596347490944562,0.007945813086224433,0.006607570882228739,0.00577116950473143,0.007267398635587727,0.006022089917980623,0.005334382118705058,0.005678236018342841,0.00550166239420452,0.005548129137398814,0.005232155283677609,0.0061707834962023665,0.007797119508002689,
39063,0.000687707799275565,0.0006784144506367059,0.0006970011479144239,0.0007062944965532829,0.0007620545883864368,0.0008178146802195908,0.0008549880747750267,0.0010036816529967706,0.001245308717607104,0.0015055224794951558,0.00192372316824381,0.002081710095104413,0.0024162706461033365,0.0030853917481011833,0.0034478323450166837,0.004321407117069429,0.00530650207278848,0.005278622026871903,0.0051763951918444556,0.0049719415217895566,0.004544447484402044,0.004414340603458018,0.004553740833040903,0.004349287162986005,0.004423633952096877,0.004386460557541441,0.004869714686762109,0.0049998215677061345,0.004572327530318621,0.0049998215677061345,0.005789756202009148,0.005418022256454789,0.005185688540483314,0.006514637395840149,0.00805733326989074,0.00595703647750861,0.007546199094753496,0.008549880747750266,0.010845337861548437,0.011923366303656079,0.010910391302020449,0.011867606211822925,0.009683669281691063,0.008596347490944562,0.007945813086224433,0.006607570882228739,0.00577116950473143,0.007267398635587727,0.006022089917980623,0.005334382118705058,0.005678236018342841,0.00550166239420452,0.005548129137398814,0.005232155283677609,0.0061707834962023665,0.007797119508002689,
39065,0.000687707799275565,0.0006784144506367059,0.0006970011479144239,0.0007062944965532829,0.0007620545883864368,0.0008178146802195908,0.0008549880747750267,0.0010036816529967706,0.001245308717607104,0.0015055224794951558,0.00192372316824381,0.002081710095104413,0.0024162706461033365,0.0030853917481011833,0.0034478323450166837,0.004321407117069429,0.00530650207278848,0.005278622026871903,0.0051763951918444556,0.0049719415217895566,0.004544447484402044,0.004414340603458018,0.004553740833040903,0.004349287162986005,0.004423633952096877,0.004386460557541441,0.004869714686762109,0.0049998215677061345,0.004572327530318621,0.0049998215677061345,0.005789756202009148,0.005418022256454789,0.005185688540483314,0.006514637395840149,0.00805733326989074,0.00595703647750861,0.007546199094753496,0.008549880747750266,0.010845337861548437,0.011923366303656079,0.010910391302020449,0.011867606211822925,0.009683669281691063,0.008596347490944562,0.007945813086224433,0.006607570882228739,0.00577116950473143,0.007267398635587727,0.006022089917980623,0.005334382118705058,0.005678236018342841,0.00550166239420452,0.005548129137398814,0.005232155283677609,0.0061707834962023665,0.007797119508002689,
39067,0.000687707799275565,0.0006784144506367059,0.0006970011479144239,0.0007062944965532829,0.0007620545883864368,0.0008178146802195908,0.0008549880747750267,0.0010036816529967706,0.001245308717607104,0.0015055224794951558,0.00192372316824381,0.002081710095104413,0.0024162706461033365,0.0030853917481011833,0.0034478323450166837,0.004321407117069429,0.00530650207278848,0.005278622026871903,0.0051763951918444556,0.0049719415217895566,0.004544447484402044,0.004414340603458018,0.004553740833040903,0.004349287162986005,0.004423633952096877,0.004386460557541441,0.004869714686762109,0.0049998215677061345,0.004572327530318621,0.0049998215677061345,0.005789756202009148,0.005418022256454789,0.005185688540483314,0.006514637395840149,0.00805733326989074,0.00595703647750861,0.007546199094753496,0.008549880747750266,0.010845337861548437,0.011923366303656079,0.010910391302020449,0.011867606211822925,0.009683669281691063,0.008596347490944562,0.007945813086224433,0.006607570882228739,0.00577116950473143,0.007267398635587727,0.006022089917980623,0.005334382118705058,0.005678236018342841,0.00550166239420452,0.005548129137398814,0.005232155283677609,0.0061707834962023665,0.007797119508002689,
39069,0.000687707799275565,0.0006784144506367059,0.0006970011479144239,0.0007062944965532829,0.0007620545883864368,0.0008178146802195908,0.0008549880747750267,0.0010036816529967706,0.001245308717607104,0.0015055224794951558,0.00192372316824381,0.002081710095104413,0.0024162706461033365,0.0030853917481011833,0.0034478323450166837,0.004321407117069429,0.00530650207278848,0.005278622026871903,0.0051763951918444556,0.0049719415217895566,0.004544447484402044,0.004414340603458018,0.004553740833040903,0.004349287162986005,0.004423633952096877,0.004386460557541441,0.004869714686762109,0.0049998215677061345,0.004572327530318621,0.0049998215677061345,0.005789756202009148,0.005418022256454789,0.005185688540483314,0.006514637395840149,0.00805733326989074,0.00595703647750861,0.007546199094753496,0.008549880747750266,0.010845337861548437,0.011923366303656079,0.010910391302020449,0.011867606211822925,0.009683669281691063,0.008596347490944562,0.007945813086224433,0.006607570882228739,0.00577116950473143,0.007267398635587727,0.006022089917980623,0.005334382118705058,0.005678236018342841,0.00550166239420452,0.005548129137398814,0.005232155283677609,0.0061707834962023665,0.007797119508002689,
39071,0.000687707799275565,0.0006784144506367059,0.0006970011479144239,0.0007062944965532829,0.0007620545883864368,0.0008178146802195908,0.0008549880747750267,0.0010036816529967706,0.001245308717607104,0.0015055224794951558,0.00192372316824381,0.002081710095104413,0.0024162706461033365,0.0030853917481011833,0.0034478323450166837,0.004321407117069429,0.00530650207278848,0.005278622026871903,0.0051763951918444556,0.0049719415217895566,0.004544447484402044,0.004414340603458018,0.004553740833040903,0.004349287162986005,0.004423633952096877,0.004386460557541441,0.004869714686762109,0.0049998215677061345,0.004572327530318621,0.0049998215677061345,0.005789756202009148,0.005418022256454789,0.005185688540483314,0.006514637395840149,0.00805733326989074,0.00595703647750861,0.007546199094753496,0.008549880747750266,0.010845337861548437,0.011923366303656079,0.010910391302020449,0.011867606211822925,0.009683669281691063,0.008596347490944562,0.007945813086224433,0.006607570882228739,0.00577116950473143,0.007267398635587727,0.006022089917980623,0.005334382118705058,0.005678236018342841,0.00550166239420452,0.005548129137398814,0.005232155283677609,0.0061707834962023665,0.007797119508002689,
39073,0.000687707799275565,0.0006784144506367059,0.0006970011479144239,0.0007062944965532829,0.0007620545883864368,0.0008178146802195908,0.0008549880747750267,0.0010036816529967706,0.001245308717607104,0.0015055224794951558,0.00192372316824381,0.002081710095104413,0.0024162706461033365,0.0030853917481011833,0.0034478323450166837,0.004321407117069429,0.00530650207278848,0.005278622026871903,0.0051763951918444556,0.0049719415217895566,0.004544447484402044,0.004414340603458018,0.004553740833040903,0.004349287162986005,0.004423633952096877,0.004386460557541441,0.004869714686762109,0.0049998215677061345,0.004572327530318621,0.0049998215677061345,0.005789756202009148,0.005418022256454789,0.005185688540483314,0.006514637395840149,0.00805733326989074,0.00595703647750861,0.007546199094753496,0.008549880747750266,0.010845337861548437,0.011923366303656079,0.010910391302020449,0.011867606211822925,0.009683669281691063,0.008596347490944562,0.007945813086224433,0.006607570882228739,0.00577116950473143,0.007267398635587727,0.006022089917980623,0.005334382118705058,0.005678236018342841,0.00550166239420452,0.005548129137398814,0.005232155283677609,0.0061707834962023665,0.007797119508002689,
39075,0.000687707799275565,0.0006784144506367059,0.0006970011479144239,0.0007062944965532829,0.0007620545883864368,0.0008178146802195908,0.0008549880747750267,0.0010036816529967706,0.001245308717607104,0.0015055224794951558,0.00192372316824381,0.002081710095104413,0.0024162706461033365,0.0030853917481011833,0.0034478323450166837,0.004321407117069429,0.00530650207278848,0.005278622026871903,0.0051763951918444556,0.0049719415217895566,0.004544447484402044,0.004414340603458018,0.004553740833040903,0.004349287162986005,0.004423633952096877,0.004386460557541441,0.004869714686762109,0.0049998215677061345,0.004572327530318621,0.0049998215677061345,0.005789756202009148,0.005418022256454789,0.005185688540483314,0.006514637395840149,0.00805733326989074,0.00595703647750861,0.007546199094753496,0.008549880747750266,0.010845337861548437,0.011923366303656079,0.010910391302020449,0.011867606211822925,0.009683669281691063,0.008596347490944562,0.007945813086224433,0.006607570882228739,0.00577116950473143,0.007267398635587727,0.006022089917980623,0.005334382118705058,0.005678236018342841,0.00550166239420452,0.005548129137398814,0.005232155283677609,0.0061707834962023665,0.007797119508002689,
39077,0.000687707799275565,0.0006784144506367059,0.0006970011479144239,0.0007062944965532829,0.0007620545883864368,0.0008178146802195908,0.0008549880747750267,0.0010036816529967706,0.001245308717607104,0.0015055224794951558,0.00192372316824381,0.002081710095104413,0.0024162706461033365,0.0030853917481011833,0.0034478323450166837,0.004321407117069429,0.00530650207278848,0.005278622026871903,0.0051763951918444556,0.0049719415217895566,0.004544447484402044,0.004414340603458018,0.004553740833040903,0.004349287162986005,0.004423633952096877,0.004386460557541441,0.004869714686762109,0.0049998215677061345,0.004572327530318621,0.0049998215677061345,0.005789756202009148,0.005418022256454789,0.005185688540483314,0.006514637395840149,0.00805733326989074,0.00595703647750861,0.007546199094753496,0.008549880747750266,0.010845337861548437,0.011923366303656079,0.010910391302020449,0.011867606211822925,0.009683669281691063,0.008596347490944562,0.007945813086224433,0.006607570882228739,0.00577116950473143,0.007267398635587727,0.006022089917980623,0.005334382118705058,0.005678236018342841,0.00550166239420452,0.005548129137398814,0.005232155283677609,0.0061707834962023665,0.007797119508002689,
39079,0.000687707799275565,0.0006784144506367059,0.0006970011479144239,0.0007062944965532829,0.0007620545883864368,0.0008178146802195908,0.0008549880747750267,0.0010036816529967706,0.001245308717607104,0.0015055224794951558,0.00192372316824381,0.002081710095104413,0.0024162706461033365,0.0030853917481011833,0.0034478323450166837,0.004321407117069429,0.00530650207278848,0.005278622026871903,0.0051763951918444556,0.0049719415217895566,0.004544447484402044,0.004414340603458018,0.004553740833040903,0.004349287162986005,0.004423633952096877,0.004386460557541441,0.004869714686762109,0.0049998215677061345,0.004572327530318621,0.0049998215677061345,0.005789756202009148,0.005418022256454789,0.005185688540483314,0.006514637395840149,0.00805733326989074,0.00595703647750861,0.007546199094753496,0.008549880747750266,0.010845337861548437,0.011923366303656079,0.010910391302020449,0.011867606211822925,0.009683669281691063,0.008596347490944562,0.007945813086224433,0.006607570882228739,0.00577116950473143,0.007267398635587727,0.006022089917980623,0.005334382118705058,0.005678236018342841,0.00550166239420452,0.005548129137398814,0.005232155283677609,0.0061707834962023665,0.007797119508002689,
39081,0.000687707799275565,0.0006784144506367059,0.0006970011479144239,0.0007062944965532829,0.0007620545883864368,0.0008178146802195908,0.0008549880747750267,0.0010036816529967706,0.001245308717607104,0.0015055224794951558,0.00192372316824381,0.002081710095104413,0.0024162706461033365,0.0030853917481011833,0.0034478323450166837,0.004321407117069429,0.00530650207278848,0.005278622026871903,0.0051763951918444556,0.0049719415217895566,0.004544447484402044,0.004414340603458018,0.004553740833040903,0.004349287162986005,0.004423633952096877,0.004386460557541441,0.004869714686762109,0.0049998215677061345,0.004572327530318621,0.0049998215677061345,0.005789756202009148,0.005418022256454789,0.005185688540483314,0.006514637395840149,0.00805733326989074,0.00595703647750861,0.007546199094753496,0.008549880747750266,0.010845337861548437,0.011923366303656079,0.010910391302020449,0.011867606211822925,0.009683669281691063,0.008596347490944562,0.007945813086224433,0.006607570882228739,0.00577116950473143,0.007267398635587727,0.006022089917980623,0.005334382118705058,0.005678236018342841,0.00550166239420452,0.005548129137398814,0.005232155283677609,0.0061707834962023665,0.007797119508002689,
39083,0.000687707799275565,0.0006784144506367059,0.0006970011479144239,0.0007062944965532829,0.0007620545883864368,0.0008178146802195908,0.0008549880747750267,0.0010036816529967706,0.001245308717607104,0.0015055224794951558,0.00192372316824381,0.002081710095104413,0.0024162706461033365,0.0030853917481011833,0.0034478323450166837,0.004321407117069429,0.00530650207278848,0.005278622026871903,0.0051763951918444556,0.0049719415217895566,0.004544447484402044,0.004414340603458018,0.004553740833040903,0.004349287162986005,0.004423633952096877,0.004386460557541441,0.004869714686762109,0.0049998215677061345,0.004572327530318621,0.0049998215677061345,0.005789756202009148,0.005418022256454789,0.005185688540483314,0.006514637395840149,0.00805733326989074,0.00595703647750861,0.007546199094753496,0.008549880747750266,0.010845337861548437,0.011923366303656079,0.010910391302020449,0.011867606211822925,0.009683669281691063,0.008596347490944562,0.007945813086224433,0.006607570882228739,0.00577116950473143,0.007267398635587727,0.006022089917980623,0.005334382118705058,0.005678236018342841,0.00550166239420452,0.005548129137398814,0.005232155283677609,0.0061707834962023665,0.007797119508002689,
39085,0.000687707799275565,0.0006784144506367059,0.0006970011479144239,0.0007062944965532829,0.0007620545883864368,0.0008178146802195908,0.0008549880747750267,0.0010036816529967706,0.001245308717607104,0.0015055224794951558,0.00192372316824381,0.002081710095104413,0.0024162706461033365,0.0030853917481011833,0.0034478323450166837,0.004321407117069429,0.00530650207278848,0.005278622026871903,0.0051763951918444556,0.0049719415217895566,0.004544447484402044,0.004414340603458018,0.004553740833040903,0.004349287162986005,0.004423633952096877,0.004386460557541441,0.004869714686762109,0.0049998215677061345,0.004572327530318621,0.0049998215677061345,0.005789756202009148,0.005418022256454789,0.005185688540483314,0.006514637395840149,0.00805733326989074,0.00595703647750861,0.007546199094753496,0.008549880747750266,0.010845337861548437,0.011923366303656079,0.010910391302020449,0.011867606211822925,0.009683669281691063,0.008596347490944562,0.007945813086224433,0.006607570882228739,0.00577116950473143,0.007267398635587727,0.006022089917980623,0.005334382118705058,0.005678236018342841,0.00550166239420452,0.005548129137398814,0.005232155283677609,0.0061707834962023665,0.007797119508002689,
39087,0.000687707799275565,0.0006784144506367059,0.0006970011479144239,0.0007062944965532829,0.0007620545883864368,0.0008178146802195908,0.0008549880747750267,0.0010036816529967706,0.001245308717607104,0.0015055224794951558,0.00192372316824381,0.002081710095104413,0.0024162706461033365,0.0030853917481011833,0.0034478323450166837,0.004321407117069429,0.00530650207278848,0.005278622026871903,0.0051763951918444556,0.0049719415217895566,0.004544447484402044,0.004414340603458018,0.004553740833040903,0.004349287162986005,0.004423633952096877,0.004386460557541441,0.004869714686762109,0.0049998215677061345,0.004572327530318621,0.0049998215677061345,0.005789756202009148,0.005418022256454789,0.005185688540483314,0.006514637395840149,0.00805733326989074,0.00595703647750861,0.007546199094753496,0.008549880747750266,0.010845337861548437,0.011923366303656079,0.010910391302020449,0.011867606211822925,0.009683669281691063,0.008596347490944562,0.007945813086224433,0.006607570882228739,0.00577116950473143,0.007267398635587727,0.006022089917980623,0.005334382118705058,0.005678236018342841,0.00550166239420452,0.005548129137398814,0.005232155283677609,0.0061707834962023665,0.007797119508002689,
39089,0.000687707799275565,0.0006784144506367059,0.0006970011479144239,0.0007062944965532829,0.0007620545883864368,0.0008178146802195908,0.0008549880747750267,0.0010036816529967706,0.001245308717607104,0.0015055224794951558,0.00192372316824381,0.002081710095104413,0.0024162706461033365,0.0030853917481011833,0.0034478323450166837,0.004321407117069429,0.00530650207278848,0.005278622026871903,0.0051763951918444556,0.0049719415217895566,0.004544447484402044,0.004414340603458018,0.004553740833040903,0.004349287162986005,0.004423633952096877,0.004386460557541441,0.004869714686762109,0.0049998215677061345,0.004572327530318621,0.0049998215677061345,0.005789756202009148,0.005418022256454789,0.005185688540483314,0.006514637395840149,0.00805733326989074,0.00595703647750861,0.007546199094753496,0.008549880747750266,0.010845337861548437,0.011923366303656079,0.010910391302020449,0.011867606211822925,0.009683669281691063,0.008596347490944562,0.007945813086224433,0.006607570882228739,0.00577116950473143,0.007267398635587727,0.006022089917980623,0.005334382118705058,0.005678236018342841,0.00550166239420452,0.005548129137398814,0.005232155283677609,0.0061707834962023665,0.007797119508002689,
39091,0.000687707799275565,0.0006784144506367059,0.0006970011479144239,0.0007062944965532829,0.0007620545883864368,0.0008178146802195908,0.0008549880747750267,0.0010036816529967706,0.001245308717607104,0.0015055224794951558,0.00192372316824381,0.002081710095104413,0.0024162706461033365,0.0030853917481011833,0.0034478323450166837,0.004321407117069429,0.00530650207278848,0.005278622026871903,0.0051763951918444556,0.0049719415217895566,0.004544447484402044,0.004414340603458018,0.004553740833040903,0.004349287162986005,0.004423633952096877,0.004386460557541441,0.004869714686762109,0.0049998215677061345,0.004572327530318621,0.0049998215677061345,0.005789756202009148,0.005418022256454789,0.005185688540483314,0.006514637395840149,0.00805733326989074,0.00595703647750861,0.007546199094753496,0.008549880747750266,0.010845337861548437,0.011923366303656079,0.010910391302020449,0.011867606211822925,0.009683669281691063,0.008596347490944562,0.007945813086224433,0.006607570882228739,0.00577116950473143,0.007267398635587727,0.006022089917980623,0.005334382118705058,0.005678236018342841,0.00550166239420452,0.005548129137398814,0.005232155283677609,0.0061707834962023665,0.007797119508002689,
39093,0.000687707799275565,0.0006784144506367059,0.0006970011479144239,0.0007062944965532829,0.0007620545883864368,0.0008178146802195908,0.0008549880747750267,0.0010036816529967706,0.001245308717607104,0.0015055224794951558,0.00192372316824381,0.002081710095104413,0.0024162706461033365,0.0030853917481011833,0.0034478323450166837,0.004321407117069429,0.00530650207278848,0.005278622026871903,0.0051763951918444556,0.0049719415217895566,0.004544447484402044,0.004414340603458018,0.004553740833040903,0.004349287162986005,0.004423633952096877,0.004386460557541441,0.004869714686762109,0.0049998215677061345,0.004572327530318621,0.0049998215677061345,0.005789756202009148,0.005418022256454789,0.005185688540483314,0.006514637395840149,0.00805733326989074,0.00595703647750861,0.007546199094753496,0.008549880747750266,0.010845337861548437,0.011923366303656079,0.010910391302020449,0.011867606211822925,0.009683669281691063,0.008596347490944562,0.007945813086224433,0.006607570882228739,0.00577116950473143,0.007267398635587727,0.006022089917980623,0.005334382118705058,0.005678236018342841,0.00550166239420452,0.005548129137398814,0.005232155283677609,0.0061707834962023665,0.007797119508002689,
39095,0.000687707799275565,0.0006784144506367059,0.0006970011479144239,0.0007062944965532829,0.0007620545883864368,0.0008178146802195908,0.0008549880747750267,0.0010036816529967706,0.001245308717607104,0.0015055224794951558,0.00192372316824381,0.002081710095104413,0.0024162706461033365,0.0030853917481011833,0.0034478323450166837,0.004321407117069429,0.00530650207278848,0.005278622026871903,0.0051763951918444556,0.0049719415217895566,0.004544447484402044,0.004414340603458018,0.004553740833040903,0.004349287162986005,0.004423633952096877,0.004386460557541441,0.004869714686762109,0.0049998215677061345,0.004572327530318621,0.0049998215677061345,0.005789756202009148,0.005418022256454789,0.005185688540483314,0.006514637395840149,0.00805733326989074,0.00595703647750861,0.007546199094753496,0.008549880747750266,0.010845337861548437,0.011923366303656079,0.010910391302020449,0.011867606211822925,0.009683669281691063,0.008596347490944562,0.007945813086224433,0.006607570882228739,0.00577116950473143,0.007267398635587727,0.006022089917980623,0.005334382118705058,0.005678236018342841,0.00550166239420452,0.005548129137398814,0.005232155283677609,0.0061707834962023665,0.007797119508002689,
39097,0.000687707799275565,0.0006784144506367059,0.0006970011479144239,0.0007062944965532829,0.0007620545883864368,0.0008178146802195908,0.0008549880747750267,0.0010036816529967706,0.001245308717607104,0.0015055224794951558,0.00192372316824381,0.002081710095104413,0.0024162706461033365,0.0030853917481011833,0.0034478323450166837,0.004321407117069429,0.00530650207278848,0.005278622026871903,0.0051763951918444556,0.0049719415217895566,0.004544447484402044,0.004414340603458018,0.004553740833040903,0.004349287162986005,0.004423633952096877,0.004386460557541441,0.004869714686762109,0.0049998215677061345,0.004572327530318621,0.0049998215677061345,0.005789756202009148,0.005418022256454789,0.005185688540483314,0.006514637395840149,0.00805733326989074,0.00595703647750861,0.007546199094753496,0.008549880747750266,0.010845337861548437,0.011923366303656079,0.010910391302020449,0.011867606211822925,0.009683669281691063,0.008596347490944562,0.007945813086224433,0.006607570882228739,0.00577116950473143,0.007267398635587727,0.006022089917980623,0.005334382118705058,0.005678236018342841,0.00550166239420452,0.005548129137398814,0.005232155283677609,0.0061707834962023665,0.007797119508002689,
39099,0.000687707799275565,0.0006784144506367059,0.0006970011479144239,0.0007062944965532829,0.0007620545883864368,0.0008178146802195908,0.0008549880747750267,0.0010036816529967706,0.001245308717607104,0.0015055224794951558,0.00192372316824381,0.002081710095104413,0.0024162706461033365,0.0030853917481011833,0.0034478323450166837,0.004321407117069429,0.00530650207278848,0.005278622026871903,0.0051763951918444556,0.0049719415217895566,0.004544447484402044,0.004414340603458018,0.004553740833040903,0.004349287162986005,0.004423633952096877,0.004386460557541441,0.004869714686762109,0.0049998215677061345,0.004572327530318621,0.0049998215677061345,0.005789756202009148,0.005418022256454789,0.005185688540483314,0.006514637395840149,0.00805733326989074,0.00595703647750861,0.007546199094753496,0.008549880747750266,0.010845337861548437,0.011923366303656079,0.010910391302020449,0.011867606211822925,0.009683669281691063,0.008596347490944562,0.007945813086224433,0.006607570882228739,0.00577116950473143,0.007267398635587727,0.006022089917980623,0.005334382118705058,0.005678236018342841,0.00550166239420452,0.005548129137398814,0.005232155283677609,0.0061707834962023665,0.007797119508002689,
39101,0.000687707799275565,0.0006784144506367059,0.0006970011479144239,0.0007062944965532829,0.0007620545883864368,0.0008178146802195908,0.0008549880747750267,0.0010036816529967706,0.001245308717607104,0.0015055224794951558,0.00192372316824381,0.002081710095104413,0.0024162706461033365,0.0030853917481011833,0.0034478323450166837,0.004321407117069429,0.00530650207278848,0.005278622026871903,0.0051763951918444556,0.0049719415217895566,0.004544447484402044,0.004414340603458018,0.004553740833040903,0.004349287162986005,0.004423633952096877,0.004386460557541441,0.004869714686762109,0.0049998215677061345,0.004572327530318621,0.0049998215677061345,0.005789756202009148,0.005418022256454789,0.005185688540483314,0.006514637395840149,0.00805733326989074,0.00595703647750861,0.007546199094753496,0.008549880747750266,0.010845337861548437,0.011923366303656079,0.010910391302020449,0.011867606211822925,0.009683669281691063,0.008596347490944562,0.007945813086224433,0.006607570882228739,0.00577116950473143,0.007267398635587727,0.006022089917980623,0.005334382118705058,0.005678236018342841,0.00550166239420452,0.005548129137398814,0.005232155283677609,0.0061707834962023665,0.007797119508002689,
39103,0.000687707799275565,0.0006784144506367059,0.0006970011479144239,0.0007062944965532829,0.0007620545883864368,0.0008178146802195908,0.0008549880747750267,0.0010036816529967706,0.001245308717607104,0.0015055224794951558,0.00192372316824381,0.002081710095104413,0.0024162706461033365,0.0030853917481011833,0.0034478323450166837,0.004321407117069429,0.00530650207278848,0.005278622026871903,0.0051763951918444556,0.0049719415217895566,0.004544447484402044,0.004414340603458018,0.004553740833040903,0.004349287162986005,0.004423633952096877,0.004386460557541441,0.004869714686762109,0.0049998215677061345,0.004572327530318621,0.0049998215677061345,0.005789756202009148,0.005418022256454789,0.005185688540483314,0.006514637395840149,0.00805733326989074,0.00595703647750861,0.007546199094753496,0.008549880747750266,0.010845337861548437,0.011923366303656079,0.010910391302020449,0.011867606211822925,0.009683669281691063,0.008596347490944562,0.007945813086224433,0.006607570882228739,0.00577116950473143,0.007267398635587727,0.006022089917980623,0.005334382118705058,0.005678236018342841,0.00550166239420452,0.005548129137398814,0.005232155283677609,0.0061707834962023665,0.007797119508002689,
39105,0.000687707799275565,0.0006784144506367059,0.0006970011479144239,0.0007062944965532829,0.0007620545883864368,0.0008178146802195908,0.0008549880747750267,0.0010036816529967706,0.001245308717607104,0.0015055224794951558,0.00192372316824381,0.002081710095104413,0.0024162706461033365,0.0030853917481011833,0.0034478323450166837,0.004321407117069429,0.00530650207278848,0.005278622026871903,0.0051763951918444556,0.0049719415217895566,0.004544447484402044,0.004414340603458018,0.004553740833040903,0.004349287162986005,0.004423633952096877,0.004386460557541441,0.004869714686762109,0.0049998215677061345,0.004572327530318621,0.0049998215677061345,0.005789756202009148,0.005418022256454789,0.005185688540483314,0.006514637395840149,0.00805733326989074,0.00595703647750861,0.007546199094753496,0.008549880747750266,0.010845337861548437,0.011923366303656079,0.010910391302020449,0.011867606211822925,0.009683669281691063,0.008596347490944562,0.007945813086224433,0.006607570882228739,0.00577116950473143,0.007267398635587727,0.006022089917980623,0.005334382118705058,0.005678236018342841,0.00550166239420452,0.005548129137398814,0.005232155283677609,0.0061707834962023665,0.007797119508002689,
39107,0.000687707799275565,0.0006784144506367059,0.0006970011479144239,0.0007062944965532829,0.0007620545883864368,0.0008178146802195908,0.0008549880747750267,0.0010036816529967706,0.001245308717607104,0.0015055224794951558,0.00192372316824381,0.002081710095104413,0.0024162706461033365,0.0030853917481011833,0.0034478323450166837,0.004321407117069429,0.00530650207278848,0.005278622026871903,0.0051763951918444556,0.0049719415217895566,0.004544447484402044,0.004414340603458018,0.004553740833040903,0.004349287162986005,0.004423633952096877,0.004386460557541441,0.004869714686762109,0.0049998215677061345,0.004572327530318621,0.0049998215677061345,0.005789756202009148,0.005418022256454789,0.005185688540483314,0.006514637395840149,0.00805733326989074,0.00595703647750861,0.007546199094753496,0.008549880747750266,0.010845337861548437,0.011923366303656079,0.010910391302020449,0.011867606211822925,0.009683669281691063,0.008596347490944562,0.007945813086224433,0.006607570882228739,0.00577116950473143,0.007267398635587727,0.006022089917980623,0.005334382118705058,0.005678236018342841,0.00550166239420452,0.005548129137398814,0.005232155283677609,0.0061707834962023665,0.007797119508002689,
39109,0.000687707799275565,0.0006784144506367059,0.0006970011479144239,0.0007062944965532829,0.0007620545883864368,0.0008178146802195908,0.0008549880747750267,0.0010036816529967706,0.001245308717607104,0.0015055224794951558,0.00192372316824381,0.002081710095104413,0.0024162706461033365,0.0030853917481011833,0.0034478323450166837,0.004321407117069429,0.00530650207278848,0.005278622026871903,0.0051763951918444556,0.0049719415217895566,0.004544447484402044,0.004414340603458018,0.004553740833040903,0.004349287162986005,0.004423633952096877,0.004386460557541441,0.004869714686762109,0.0049998215677061345,0.004572327530318621,0.0049998215677061345,0.005789756202009148,0.005418022256454789,0.005185688540483314,0.006514637395840149,0.00805733326989074,0.00595703647750861,0.007546199094753496,0.008549880747750266,0.010845337861548437,0.011923366303656079,0.010910391302020449,0.011867606211822925,0.009683669281691063,0.008596347490944562,0.007945813086224433,0.006607570882228739,0.00577116950473143,0.007267398635587727,0.006022089917980623,0.005334382118705058,0.005678236018342841,0.00550166239420452,0.005548129137398814,0.005232155283677609,0.0061707834962023665,0.007797119508002689,
39111,0.000687707799275565,0.0006784144506367059,0.0006970011479144239,0.0007062944965532829,0.0007620545883864368,0.0008178146802195908,0.0008549880747750267,0.0010036816529967706,0.001245308717607104,0.0015055224794951558,0.00192372316824381,0.002081710095104413,0.0024162706461033365,0.0030853917481011833,0.0034478323450166837,0.004321407117069429,0.00530650207278848,0.005278622026871903,0.0051763951918444556,0.0049719415217895566,0.004544447484402044,0.004414340603458018,0.004553740833040903,0.004349287162986005,0.004423633952096877,0.004386460557541441,0.004869714686762109,0.0049998215677061345,0.004572327530318621,0.0049998215677061345,0.005789756202009148,0.005418022256454789,0.005185688540483314,0.006514637395840149,0.00805733326989074,0.00595703647750861,0.007546199094753496,0.008549880747750266,0.010845337861548437,0.011923366303656079,0.010910391302020449,0.011867606211822925,0.009683669281691063,0.008596347490944562,0.007945813086224433,0.006607570882228739,0.00577116950473143,0.007267398635587727,0.006022089917980623,0.005334382118705058,0.005678236018342841,0.00550166239420452,0.005548129137398814,0.005232155283677609,0.0061707834962023665,0.007797119508002689,
39113,0.000687707799275565,0.0006784144506367059,0.0006970011479144239,0.0007062944965532829,0.0007620545883864368,0.0008178146802195908,0.0008549880747750267,0.0010036816529967706,0.001245308717607104,0.0015055224794951558,0.00192372316824381,0.002081710095104413,0.0024162706461033365,0.0030853917481011833,0.0034478323450166837,0.004321407117069429,0.00530650207278848,0.005278622026871903,0.0051763951918444556,0.0049719415217895566,0.004544447484402044,0.004414340603458018,0.004553740833040903,0.004349287162986005,0.004423633952096877,0.004386460557541441,0.004869714686762109,0.0049998215677061345,0.004572327530318621,0.0049998215677061345,0.005789756202009148,0.005418022256454789,0.005185688540483314,0.006514637395840149,0.00805733326989074,0.00595703647750861,0.007546199094753496,0.008549880747750266,0.010845337861548437,0.011923366303656079,0.010910391302020449,0.011867606211822925,0.009683669281691063,0.008596347490944562,0.007945813086224433,0.006607570882228739,0.00577116950473143,0.007267398635587727,0.006022089917980623,0.005334382118705058,0.005678236018342841,0.00550166239420452,0.005548129137398814,0.005232155283677609,0.0061707834962023665,0.007797119508002689,
39115,0.000687707799275565,0.0006784144506367059,0.0006970011479144239,0.0007062944965532829,0.0007620545883864368,0.0008178146802195908,0.0008549880747750267,0.0010036816529967706,0.001245308717607104,0.0015055224794951558,0.00192372316824381,0.002081710095104413,0.0024162706461033365,0.0030853917481011833,0.0034478323450166837,0.004321407117069429,0.00530650207278848,0.005278622026871903,0.0051763951918444556,0.0049719415217895566,0.004544447484402044,0.004414340603458018,0.004553740833040903,0.004349287162986005,0.004423633952096877,0.004386460557541441,0.004869714686762109,0.0049998215677061345,0.004572327530318621,0.0049998215677061345,0.005789756202009148,0.005418022256454789,0.005185688540483314,0.006514637395840149,0.00805733326989074,0.00595703647750861,0.007546199094753496,0.008549880747750266,0.010845337861548437,0.011923366303656079,0.010910391302020449,0.011867606211822925,0.009683669281691063,0.008596347490944562,0.007945813086224433,0.006607570882228739,0.00577116950473143,0.007267398635587727,0.006022089917980623,0.005334382118705058,0.005678236018342841,0.00550166239420452,0.005548129137398814,0.005232155283677609,0.0061707834962023665,0.007797119508002689,
39117,0.000687707799275565,0.0006784144506367059,0.0006970011479144239,0.0007062944965532829,0.0007620545883864368,0.0008178146802195908,0.0008549880747750267,0.0010036816529967706,0.001245308717607104,0.0015055224794951558,0.00192372316824381,0.002081710095104413,0.0024162706461033365,0.0030853917481011833,0.0034478323450166837,0.004321407117069429,0.00530650207278848,0.005278622026871903,0.0051763951918444556,0.0049719415217895566,0.004544447484402044,0.004414340603458018,0.004553740833040903,0.004349287162986005,0.004423633952096877,0.004386460557541441,0.004869714686762109,0.0049998215677061345,0.004572327530318621,0.0049998215677061345,0.005789756202009148,0.005418022256454789,0.005185688540483314,0.006514637395840149,0.00805733326989074,0.00595703647750861,0.007546199094753496,0.008549880747750266,0.010845337861548437,0.011923366303656079,0.010910391302020449,0.011867606211822925,0.009683669281691063,0.008596347490944562,0.007945813086224433,0.006607570882228739,0.00577116950473143,0.007267398635587727,0.006022089917980623,0.005334382118705058,0.005678236018342841,0.00550166239420452,0.005548129137398814,0.005232155283677609,0.0061707834962023665,0.007797119508002689,
39119,0.000687707799275565,0.0006784144506367059,0.0006970011479144239,0.0007062944965532829,0.0007620545883864368,0.0008178146802195908,0.0008549880747750267,0.0010036816529967706,0.001245308717607104,0.0015055224794951558,0.00192372316824381,0.002081710095104413,0.0024162706461033365,0.0030853917481011833,0.0034478323450166837,0.004321407117069429,0.00530650207278848,0.005278622026871903,0.0051763951918444556,0.0049719415217895566,0.004544447484402044,0.004414340603458018,0.004553740833040903,0.004349287162986005,0.004423633952096877,0.004386460557541441,0.004869714686762109,0.0049998215677061345,0.004572327530318621,0.0049998215677061345,0.005789756202009148,0.005418022256454789,0.005185688540483314,0.006514637395840149,0.00805733326989074,0.00595703647750861,0.007546199094753496,0.008549880747750266,0.010845337861548437,0.011923366303656079,0.010910391302020449,0.011867606211822925,0.009683669281691063,0.008596347490944562,0.007945813086224433,0.006607570882228739,0.00577116950473143,0.007267398635587727,0.006022089917980623,0.005334382118705058,0.005678236018342841,0.00550166239420452,0.005548129137398814,0.005232155283677609,0.0061707834962023665,0.007797119508002689,
39121,0.000687707799275565,0.0006784144506367059,0.0006970011479144239,0.0007062944965532829,0.0007620545883864368,0.0008178146802195908,0.0008549880747750267,0.0010036816529967706,0.001245308717607104,0.0015055224794951558,0.00192372316824381,0.002081710095104413,0.0024162706461033365,0.0030853917481011833,0.0034478323450166837,0.004321407117069429,0.00530650207278848,0.005278622026871903,0.0051763951918444556,0.0049719415217895566,0.004544447484402044,0.004414340603458018,0.004553740833040903,0.004349287162986005,0.004423633952096877,0.004386460557541441,0.004869714686762109,0.0049998215677061345,0.004572327530318621,0.0049998215677061345,0.005789756202009148,0.005418022256454789,0.005185688540483314,0.006514637395840149,0.00805733326989074,0.00595703647750861,0.007546199094753496,0.008549880747750266,0.010845337861548437,0.011923366303656079,0.010910391302020449,0.011867606211822925,0.009683669281691063,0.008596347490944562,0.007945813086224433,0.006607570882228739,0.00577116950473143,0.007267398635587727,0.006022089917980623,0.005334382118705058,0.005678236018342841,0.00550166239420452,0.005548129137398814,0.005232155283677609,0.0061707834962023665,0.007797119508002689,
39123,0.000687707799275565,0.0006784144506367059,0.0006970011479144239,0.0007062944965532829,0.0007620545883864368,0.0008178146802195908,0.0008549880747750267,0.0010036816529967706,0.001245308717607104,0.0015055224794951558,0.00192372316824381,0.002081710095104413,0.0024162706461033365,0.0030853917481011833,0.0034478323450166837,0.004321407117069429,0.00530650207278848,0.005278622026871903,0.0051763951918444556,0.0049719415217895566,0.004544447484402044,0.004414340603458018,0.004553740833040903,0.004349287162986005,0.004423633952096877,0.004386460557541441,0.004869714686762109,0.0049998215677061345,0.004572327530318621,0.0049998215677061345,0.005789756202009148,0.005418022256454789,0.005185688540483314,0.006514637395840149,0.00805733326989074,0.00595703647750861,0.007546199094753496,0.008549880747750266,0.010845337861548437,0.011923366303656079,0.010910391302020449,0.011867606211822925,0.009683669281691063,0.008596347490944562,0.007945813086224433,0.006607570882228739,0.00577116950473143,0.007267398635587727,0.006022089917980623,0.005334382118705058,0.005678236018342841,0.00550166239420452,0.005548129137398814,0.005232155283677609,0.0061707834962023665,0.007797119508002689,
39125,0.000687707799275565,0.0006784144506367059,0.0006970011479144239,0.0007062944965532829,0.0007620545883864368,0.0008178146802195908,0.0008549880747750267,0.0010036816529967706,0.001245308717607104,0.0015055224794951558,0.00192372316824381,0.002081710095104413,0.0024162706461033365,0.0030853917481011833,0.0034478323450166837,0.004321407117069429,0.00530650207278848,0.005278622026871903,0.0051763951918444556,0.0049719415217895566,0.004544447484402044,0.004414340603458018,0.004553740833040903,0.004349287162986005,0.004423633952096877,0.004386460557541441,0.004869714686762109,0.0049998215677061345,0.004572327530318621,0.0049998215677061345,0.005789756202009148,0.005418022256454789,0.005185688540483314,0.006514637395840149,0.00805733326989074,0.00595703647750861,0.007546199094753496,0.008549880747750266,0.010845337861548437,0.011923366303656079,0.010910391302020449,0.011867606211822925,0.009683669281691063,0.008596347490944562,0.007945813086224433,0.006607570882228739,0.00577116950473143,0.007267398635587727,0.006022089917980623,0.005334382118705058,0.005678236018342841,0.00550166239420452,0.005548129137398814,0.005232155283677609,0.0061707834962023665,0.007797119508002689,
39127,0.000687707799275565,0.0006784144506367059,0.0006970011479144239,0.0007062944965532829,0.0007620545883864368,0.0008178146802195908,0.0008549880747750267,0.0010036816529967706,0.001245308717607104,0.0015055224794951558,0.00192372316824381,0.002081710095104413,0.0024162706461033365,0.0030853917481011833,0.0034478323450166837,0.004321407117069429,0.00530650207278848,0.005278622026871903,0.0051763951918444556,0.0049719415217895566,0.004544447484402044,0.004414340603458018,0.004553740833040903,0.004349287162986005,0.004423633952096877,0.004386460557541441,0.004869714686762109,0.0049998215677061345,0.004572327530318621,0.0049998215677061345,0.005789756202009148,0.005418022256454789,0.005185688540483314,0.006514637395840149,0.00805733326989074,0.00595703647750861,0.007546199094753496,0.008549880747750266,0.010845337861548437,0.011923366303656079,0.010910391302020449,0.011867606211822925,0.009683669281691063,0.008596347490944562,0.007945813086224433,0.006607570882228739,0.00577116950473143,0.007267398635587727,0.006022089917980623,0.005334382118705058,0.005678236018342841,0.00550166239420452,0.005548129137398814,0.005232155283677609,0.0061707834962023665,0.007797119508002689,
39129,0.000687707799275565,0.0006784144506367059,0.0006970011479144239,0.0007062944965532829,0.0007620545883864368,0.0008178146802195908,0.0008549880747750267,0.0010036816529967706,0.001245308717607104,0.0015055224794951558,0.00192372316824381,0.002081710095104413,0.0024162706461033365,0.0030853917481011833,0.0034478323450166837,0.004321407117069429,0.00530650207278848,0.005278622026871903,0.0051763951918444556,0.0049719415217895566,0.004544447484402044,0.004414340603458018,0.004553740833040903,0.004349287162986005,0.004423633952096877,0.004386460557541441,0.004869714686762109,0.0049998215677061345,0.004572327530318621,0.0049998215677061345,0.005789756202009148,0.005418022256454789,0.005185688540483314,0.006514637395840149,0.00805733326989074,0.00595703647750861,0.007546199094753496,0.008549880747750266,0.010845337861548437,0.011923366303656079,0.010910391302020449,0.011867606211822925,0.009683669281691063,0.008596347490944562,0.007945813086224433,0.006607570882228739,0.00577116950473143,0.007267398635587727,0.006022089917980623,0.005334382118705058,0.005678236018342841,0.00550166239420452,0.005548129137398814,0.005232155283677609,0.0061707834962023665,0.007797119508002689,
39131,0.000687707799275565,0.0006784144506367059,0.0006970011479144239,0.0007062944965532829,0.0007620545883864368,0.0008178146802195908,0.0008549880747750267,0.0010036816529967706,0.001245308717607104,0.0015055224794951558,0.00192372316824381,0.002081710095104413,0.0024162706461033365,0.0030853917481011833,0.0034478323450166837,0.004321407117069429,0.00530650207278848,0.005278622026871903,0.0051763951918444556,0.0049719415217895566,0.004544447484402044,0.004414340603458018,0.004553740833040903,0.004349287162986005,0.004423633952096877,0.004386460557541441,0.004869714686762109,0.0049998215677061345,0.004572327530318621,0.0049998215677061345,0.005789756202009148,0.005418022256454789,0.005185688540483314,0.006514637395840149,0.00805733326989074,0.00595703647750861,0.007546199094753496,0.008549880747750266,0.010845337861548437,0.011923366303656079,0.010910391302020449,0.011867606211822925,0.009683669281691063,0.008596347490944562,0.007945813086224433,0.006607570882228739,0.00577116950473143,0.007267398635587727,0.006022089917980623,0.005334382118705058,0.005678236018342841,0.00550166239420452,0.005548129137398814,0.005232155283677609,0.0061707834962023665,0.007797119508002689,
39133,0.000687707799275565,0.0006784144506367059,0.0006970011479144239,0.0007062944965532829,0.0007620545883864368,0.0008178146802195908,0.0008549880747750267,0.0010036816529967706,0.001245308717607104,0.0015055224794951558,0.00192372316824381,0.002081710095104413,0.0024162706461033365,0.0030853917481011833,0.0034478323450166837,0.004321407117069429,0.00530650207278848,0.005278622026871903,0.0051763951918444556,0.0049719415217895566,0.004544447484402044,0.004414340603458018,0.004553740833040903,0.004349287162986005,0.004423633952096877,0.004386460557541441,0.004869714686762109,0.0049998215677061345,0.004572327530318621,0.0049998215677061345,0.005789756202009148,0.005418022256454789,0.005185688540483314,0.006514637395840149,0.00805733326989074,0.00595703647750861,0.007546199094753496,0.008549880747750266,0.010845337861548437,0.011923366303656079,0.010910391302020449,0.011867606211822925,0.009683669281691063,0.008596347490944562,0.007945813086224433,0.006607570882228739,0.00577116950473143,0.007267398635587727,0.006022089917980623,0.005334382118705058,0.005678236018342841,0.00550166239420452,0.005548129137398814,0.005232155283677609,0.0061707834962023665,0.007797119508002689,
39135,0.000687707799275565,0.0006784144506367059,0.0006970011479144239,0.0007062944965532829,0.0007620545883864368,0.0008178146802195908,0.0008549880747750267,0.0010036816529967706,0.001245308717607104,0.0015055224794951558,0.00192372316824381,0.002081710095104413,0.0024162706461033365,0.0030853917481011833,0.0034478323450166837,0.004321407117069429,0.00530650207278848,0.005278622026871903,0.0051763951918444556,0.0049719415217895566,0.004544447484402044,0.004414340603458018,0.004553740833040903,0.004349287162986005,0.004423633952096877,0.004386460557541441,0.004869714686762109,0.0049998215677061345,0.004572327530318621,0.0049998215677061345,0.005789756202009148,0.005418022256454789,0.005185688540483314,0.006514637395840149,0.00805733326989074,0.00595703647750861,0.007546199094753496,0.008549880747750266,0.010845337861548437,0.011923366303656079,0.010910391302020449,0.011867606211822925,0.009683669281691063,0.008596347490944562,0.007945813086224433,0.006607570882228739,0.00577116950473143,0.007267398635587727,0.006022089917980623,0.005334382118705058,0.005678236018342841,0.00550166239420452,0.005548129137398814,0.005232155283677609,0.0061707834962023665,0.007797119508002689,
39137,0.000687707799275565,0.0006784144506367059,0.0006970011479144239,0.0007062944965532829,0.0007620545883864368,0.0008178146802195908,0.0008549880747750267,0.0010036816529967706,0.001245308717607104,0.0015055224794951558,0.00192372316824381,0.002081710095104413,0.0024162706461033365,0.0030853917481011833,0.0034478323450166837,0.004321407117069429,0.00530650207278848,0.005278622026871903,0.0051763951918444556,0.0049719415217895566,0.004544447484402044,0.004414340603458018,0.004553740833040903,0.004349287162986005,0.004423633952096877,0.004386460557541441,0.004869714686762109,0.0049998215677061345,0.004572327530318621,0.0049998215677061345,0.005789756202009148,0.005418022256454789,0.005185688540483314,0.006514637395840149,0.00805733326989074,0.00595703647750861,0.007546199094753496,0.008549880747750266,0.010845337861548437,0.011923366303656079,0.010910391302020449,0.011867606211822925,0.009683669281691063,0.008596347490944562,0.007945813086224433,0.006607570882228739,0.00577116950473143,0.007267398635587727,0.006022089917980623,0.005334382118705058,0.005678236018342841,0.00550166239420452,0.005548129137398814,0.005232155283677609,0.0061707834962023665,0.007797119508002689,
39139,0.000687707799275565,0.0006784144506367059,0.0006970011479144239,0.0007062944965532829,0.0007620545883864368,0.0008178146802195908,0.0008549880747750267,0.0010036816529967706,0.001245308717607104,0.0015055224794951558,0.00192372316824381,0.002081710095104413,0.0024162706461033365,0.0030853917481011833,0.0034478323450166837,0.004321407117069429,0.00530650207278848,0.005278622026871903,0.0051763951918444556,0.0049719415217895566,0.004544447484402044,0.004414340603458018,0.004553740833040903,0.004349287162986005,0.004423633952096877,0.004386460557541441,0.004869714686762109,0.0049998215677061345,0.004572327530318621,0.0049998215677061345,0.005789756202009148,0.005418022256454789,0.005185688540483314,0.006514637395840149,0.00805733326989074,0.00595703647750861,0.007546199094753496,0.008549880747750266,0.010845337861548437,0.011923366303656079,0.010910391302020449,0.011867606211822925,0.009683669281691063,0.008596347490944562,0.007945813086224433,0.006607570882228739,0.00577116950473143,0.007267398635587727,0.006022089917980623,0.005334382118705058,0.005678236018342841,0.00550166239420452,0.005548129137398814,0.005232155283677609,0.0061707834962023665,0.007797119508002689,
39141,0.000687707799275565,0.0006784144506367059,0.0006970011479144239,0.0007062944965532829,0.0007620545883864368,0.0008178146802195908,0.0008549880747750267,0.0010036816529967706,0.001245308717607104,0.0015055224794951558,0.00192372316824381,0.002081710095104413,0.0024162706461033365,0.0030853917481011833,0.0034478323450166837,0.004321407117069429,0.00530650207278848,0.005278622026871903,0.0051763951918444556,0.0049719415217895566,0.004544447484402044,0.004414340603458018,0.004553740833040903,0.004349287162986005,0.004423633952096877,0.004386460557541441,0.004869714686762109,0.0049998215677061345,0.004572327530318621,0.0049998215677061345,0.005789756202009148,0.005418022256454789,0.005185688540483314,0.006514637395840149,0.00805733326989074,0.00595703647750861,0.007546199094753496,0.008549880747750266,0.010845337861548437,0.011923366303656079,0.010910391302020449,0.011867606211822925,0.009683669281691063,0.008596347490944562,0.007945813086224433,0.006607570882228739,0.00577116950473143,0.007267398635587727,0.006022089917980623,0.005334382118705058,0.005678236018342841,0.00550166239420452,0.005548129137398814,0.005232155283677609,0.0061707834962023665,0.007797119508002689,
39143,0.000687707799275565,0.0006784144506367059,0.0006970011479144239,0.0007062944965532829,0.0007620545883864368,0.0008178146802195908,0.0008549880747750267,0.0010036816529967706,0.001245308717607104,0.0015055224794951558,0.00192372316824381,0.002081710095104413,0.0024162706461033365,0.0030853917481011833,0.0034478323450166837,0.004321407117069429,0.00530650207278848,0.005278622026871903,0.0051763951918444556,0.0049719415217895566,0.004544447484402044,0.004414340603458018,0.004553740833040903,0.004349287162986005,0.004423633952096877,0.004386460557541441,0.004869714686762109,0.0049998215677061345,0.004572327530318621,0.0049998215677061345,0.005789756202009148,0.005418022256454789,0.005185688540483314,0.006514637395840149,0.00805733326989074,0.00595703647750861,0.007546199094753496,0.008549880747750266,0.010845337861548437,0.011923366303656079,0.010910391302020449,0.011867606211822925,0.009683669281691063,0.008596347490944562,0.007945813086224433,0.006607570882228739,0.00577116950473143,0.007267398635587727,0.006022089917980623,0.005334382118705058,0.005678236018342841,0.00550166239420452,0.005548129137398814,0.005232155283677609,0.0061707834962023665,0.007797119508002689,
39145,0.000687707799275565,0.0006784144506367059,0.0006970011479144239,0.0007062944965532829,0.0007620545883864368,0.0008178146802195908,0.0008549880747750267,0.0010036816529967706,0.001245308717607104,0.0015055224794951558,0.00192372316824381,0.002081710095104413,0.0024162706461033365,0.0030853917481011833,0.0034478323450166837,0.004321407117069429,0.00530650207278848,0.005278622026871903,0.0051763951918444556,0.0049719415217895566,0.004544447484402044,0.004414340603458018,0.004553740833040903,0.004349287162986005,0.004423633952096877,0.004386460557541441,0.004869714686762109,0.0049998215677061345,0.004572327530318621,0.0049998215677061345,0.005789756202009148,0.005418022256454789,0.005185688540483314,0.006514637395840149,0.00805733326989074,0.00595703647750861,0.007546199094753496,0.008549880747750266,0.010845337861548437,0.011923366303656079,0.010910391302020449,0.011867606211822925,0.009683669281691063,0.008596347490944562,0.007945813086224433,0.006607570882228739,0.00577116950473143,0.007267398635587727,0.006022089917980623,0.005334382118705058,0.005678236018342841,0.00550166239420452,0.005548129137398814,0.005232155283677609,0.0061707834962023665,0.007797119508002689,
39147,0.000687707799275565,0.0006784144506367059,0.0006970011479144239,0.0007062944965532829,0.0007620545883864368,0.0008178146802195908,0.0008549880747750267,0.0010036816529967706,0.001245308717607104,0.0015055224794951558,0.00192372316824381,0.002081710095104413,0.0024162706461033365,0.0030853917481011833,0.0034478323450166837,0.004321407117069429,0.00530650207278848,0.005278622026871903,0.0051763951918444556,0.0049719415217895566,0.004544447484402044,0.004414340603458018,0.004553740833040903,0.004349287162986005,0.004423633952096877,0.004386460557541441,0.004869714686762109,0.0049998215677061345,0.004572327530318621,0.0049998215677061345,0.005789756202009148,0.005418022256454789,0.005185688540483314,0.006514637395840149,0.00805733326989074,0.00595703647750861,0.007546199094753496,0.008549880747750266,0.010845337861548437,0.011923366303656079,0.010910391302020449,0.011867606211822925,0.009683669281691063,0.008596347490944562,0.007945813086224433,0.006607570882228739,0.00577116950473143,0.007267398635587727,0.006022089917980623,0.005334382118705058,0.005678236018342841,0.00550166239420452,0.005548129137398814,0.005232155283677609,0.0061707834962023665,0.007797119508002689,
39149,0.000687707799275565,0.0006784144506367059,0.0006970011479144239,0.0007062944965532829,0.0007620545883864368,0.0008178146802195908,0.0008549880747750267,0.0010036816529967706,0.001245308717607104,0.0015055224794951558,0.00192372316824381,0.002081710095104413,0.0024162706461033365,0.0030853917481011833,0.0034478323450166837,0.004321407117069429,0.00530650207278848,0.005278622026871903,0.0051763951918444556,0.0049719415217895566,0.004544447484402044,0.004414340603458018,0.004553740833040903,0.004349287162986005,0.004423633952096877,0.004386460557541441,0.004869714686762109,0.0049998215677061345,0.004572327530318621,0.0049998215677061345,0.005789756202009148,0.005418022256454789,0.005185688540483314,0.006514637395840149,0.00805733326989074,0.00595703647750861,0.007546199094753496,0.008549880747750266,0.010845337861548437,0.011923366303656079,0.010910391302020449,0.011867606211822925,0.009683669281691063,0.008596347490944562,0.007945813086224433,0.006607570882228739,0.00577116950473143,0.007267398635587727,0.006022089917980623,0.005334382118705058,0.005678236018342841,0.00550166239420452,0.005548129137398814,0.005232155283677609,0.0061707834962023665,0.007797119508002689,
39151,0.000687707799275565,0.0006784144506367059,0.0006970011479144239,0.0007062944965532829,0.0007620545883864368,0.0008178146802195908,0.0008549880747750267,0.0010036816529967706,0.001245308717607104,0.0015055224794951558,0.00192372316824381,0.002081710095104413,0.0024162706461033365,0.0030853917481011833,0.0034478323450166837,0.004321407117069429,0.00530650207278848,0.005278622026871903,0.0051763951918444556,0.0049719415217895566,0.004544447484402044,0.004414340603458018,0.004553740833040903,0.004349287162986005,0.004423633952096877,0.004386460557541441,0.004869714686762109,0.0049998215677061345,0.004572327530318621,0.0049998215677061345,0.005789756202009148,0.005418022256454789,0.005185688540483314,0.006514637395840149,0.00805733326989074,0.00595703647750861,0.007546199094753496,0.008549880747750266,0.010845337861548437,0.011923366303656079,0.010910391302020449,0.011867606211822925,0.009683669281691063,0.008596347490944562,0.007945813086224433,0.006607570882228739,0.00577116950473143,0.007267398635587727,0.006022089917980623,0.005334382118705058,0.005678236018342841,0.00550166239420452,0.005548129137398814,0.005232155283677609,0.0061707834962023665,0.007797119508002689,
39153,0.000687707799275565,0.0006784144506367059,0.0006970011479144239,0.0007062944965532829,0.0007620545883864368,0.0008178146802195908,0.0008549880747750267,0.0010036816529967706,0.001245308717607104,0.0015055224794951558,0.00192372316824381,0.002081710095104413,0.0024162706461033365,0.0030853917481011833,0.0034478323450166837,0.004321407117069429,0.00530650207278848,0.005278622026871903,0.0051763951918444556,0.0049719415217895566,0.004544447484402044,0.004414340603458018,0.004553740833040903,0.004349287162986005,0.004423633952096877,0.004386460557541441,0.004869714686762109,0.0049998215677061345,0.004572327530318621,0.0049998215677061345,0.005789756202009148,0.005418022256454789,0.005185688540483314,0.006514637395840149,0.00805733326989074,0.00595703647750861,0.007546199094753496,0.008549880747750266,0.010845337861548437,0.011923366303656079,0.010910391302020449,0.011867606211822925,0.009683669281691063,0.008596347490944562,0.007945813086224433,0.006607570882228739,0.00577116950473143,0.007267398635587727,0.006022089917980623,0.005334382118705058,0.005678236018342841,0.00550166239420452,0.005548129137398814,0.005232155283677609,0.0061707834962023665,0.007797119508002689,
39155,0.000687707799275565,0.0006784144506367059,0.0006970011479144239,0.0007062944965532829,0.0007620545883864368,0.0008178146802195908,0.0008549880747750267,0.0010036816529967706,0.001245308717607104,0.0015055224794951558,0.00192372316824381,0.002081710095104413,0.0024162706461033365,0.0030853917481011833,0.0034478323450166837,0.004321407117069429,0.00530650207278848,0.005278622026871903,0.0051763951918444556,0.0049719415217895566,0.004544447484402044,0.004414340603458018,0.004553740833040903,0.004349287162986005,0.004423633952096877,0.004386460557541441,0.004869714686762109,0.0049998215677061345,0.004572327530318621,0.0049998215677061345,0.005789756202009148,0.005418022256454789,0.005185688540483314,0.006514637395840149,0.00805733326989074,0.00595703647750861,0.007546199094753496,0.008549880747750266,0.010845337861548437,0.011923366303656079,0.010910391302020449,0.011867606211822925,0.009683669281691063,0.008596347490944562,0.007945813086224433,0.006607570882228739,0.00577116950473143,0.007267398635587727,0.006022089917980623,0.005334382118705058,0.005678236018342841,0.00550166239420452,0.005548129137398814,0.005232155283677609,0.0061707834962023665,0.007797119508002689,
39157,0.000687707799275565,0.0006784144506367059,0.0006970011479144239,0.0007062944965532829,0.0007620545883864368,0.0008178146802195908,0.0008549880747750267,0.0010036816529967706,0.001245308717607104,0.0015055224794951558,0.00192372316824381,0.002081710095104413,0.0024162706461033365,0.0030853917481011833,0.0034478323450166837,0.004321407117069429,0.00530650207278848,0.005278622026871903,0.0051763951918444556,0.0049719415217895566,0.004544447484402044,0.004414340603458018,0.004553740833040903,0.004349287162986005,0.004423633952096877,0.004386460557541441,0.004869714686762109,0.0049998215677061345,0.004572327530318621,0.0049998215677061345,0.005789756202009148,0.005418022256454789,0.005185688540483314,0.006514637395840149,0.00805733326989074,0.00595703647750861,0.007546199094753496,0.008549880747750266,0.010845337861548437,0.011923366303656079,0.010910391302020449,0.011867606211822925,0.009683669281691063,0.008596347490944562,0.007945813086224433,0.006607570882228739,0.00577116950473143,0.007267398635587727,0.006022089917980623,0.005334382118705058,0.005678236018342841,0.00550166239420452,0.005548129137398814,0.005232155283677609,0.0061707834962023665,0.007797119508002689,
39159,0.000687707799275565,0.0006784144506367059,0.0006970011479144239,0.0007062944965532829,0.0007620545883864368,0.0008178146802195908,0.0008549880747750267,0.0010036816529967706,0.001245308717607104,0.0015055224794951558,0.00192372316824381,0.002081710095104413,0.0024162706461033365,0.0030853917481011833,0.0034478323450166837,0.004321407117069429,0.00530650207278848,0.005278622026871903,0.0051763951918444556,0.0049719415217895566,0.004544447484402044,0.004414340603458018,0.004553740833040903,0.004349287162986005,0.004423633952096877,0.004386460557541441,0.004869714686762109,0.0049998215677061345,0.004572327530318621,0.0049998215677061345,0.005789756202009148,0.005418022256454789,0.005185688540483314,0.006514637395840149,0.00805733326989074,0.00595703647750861,0.007546199094753496,0.008549880747750266,0.010845337861548437,0.011923366303656079,0.010910391302020449,0.011867606211822925,0.009683669281691063,0.008596347490944562,0.007945813086224433,0.006607570882228739,0.00577116950473143,0.007267398635587727,0.006022089917980623,0.005334382118705058,0.005678236018342841,0.00550166239420452,0.005548129137398814,0.005232155283677609,0.0061707834962023665,0.007797119508002689,
39161,0.000687707799275565,0.0006784144506367059,0.0006970011479144239,0.0007062944965532829,0.0007620545883864368,0.0008178146802195908,0.0008549880747750267,0.0010036816529967706,0.001245308717607104,0.0015055224794951558,0.00192372316824381,0.002081710095104413,0.0024162706461033365,0.0030853917481011833,0.0034478323450166837,0.004321407117069429,0.00530650207278848,0.005278622026871903,0.0051763951918444556,0.0049719415217895566,0.004544447484402044,0.004414340603458018,0.004553740833040903,0.004349287162986005,0.004423633952096877,0.004386460557541441,0.004869714686762109,0.0049998215677061345,0.004572327530318621,0.0049998215677061345,0.005789756202009148,0.005418022256454789,0.005185688540483314,0.006514637395840149,0.00805733326989074,0.00595703647750861,0.007546199094753496,0.008549880747750266,0.010845337861548437,0.011923366303656079,0.010910391302020449,0.011867606211822925,0.009683669281691063,0.008596347490944562,0.007945813086224433,0.006607570882228739,0.00577116950473143,0.007267398635587727,0.006022089917980623,0.005334382118705058,0.005678236018342841,0.00550166239420452,0.005548129137398814,0.005232155283677609,0.0061707834962023665,0.007797119508002689,
39163,0.000687707799275565,0.0006784144506367059,0.0006970011479144239,0.0007062944965532829,0.0007620545883864368,0.0008178146802195908,0.0008549880747750267,0.0010036816529967706,0.001245308717607104,0.0015055224794951558,0.00192372316824381,0.002081710095104413,0.0024162706461033365,0.0030853917481011833,0.0034478323450166837,0.004321407117069429,0.00530650207278848,0.005278622026871903,0.0051763951918444556,0.0049719415217895566,0.004544447484402044,0.004414340603458018,0.004553740833040903,0.004349287162986005,0.004423633952096877,0.004386460557541441,0.004869714686762109,0.0049998215677061345,0.004572327530318621,0.0049998215677061345,0.005789756202009148,0.005418022256454789,0.005185688540483314,0.006514637395840149,0.00805733326989074,0.00595703647750861,0.007546199094753496,0.008549880747750266,0.010845337861548437,0.011923366303656079,0.010910391302020449,0.011867606211822925,0.009683669281691063,0.008596347490944562,0.007945813086224433,0.006607570882228739,0.00577116950473143,0.007267398635587727,0.006022089917980623,0.005334382118705058,0.005678236018342841,0.00550166239420452,0.005548129137398814,0.005232155283677609,0.0061707834962023665,0.007797119508002689,
39165,0.000687707799275565,0.0006784144506367059,0.0006970011479144239,0.0007062944965532829,0.0007620545883864368,0.0008178146802195908,0.0008549880747750267,0.0010036816529967706,0.001245308717607104,0.0015055224794951558,0.00192372316824381,0.002081710095104413,0.0024162706461033365,0.0030853917481011833,0.0034478323450166837,0.004321407117069429,0.00530650207278848,0.005278622026871903,0.0051763951918444556,0.0049719415217895566,0.004544447484402044,0.004414340603458018,0.004553740833040903,0.004349287162986005,0.004423633952096877,0.004386460557541441,0.004869714686762109,0.0049998215677061345,0.004572327530318621,0.0049998215677061345,0.005789756202009148,0.005418022256454789,0.005185688540483314,0.006514637395840149,0.00805733326989074,0.00595703647750861,0.007546199094753496,0.008549880747750266,0.010845337861548437,0.011923366303656079,0.010910391302020449,0.011867606211822925,0.009683669281691063,0.008596347490944562,0.007945813086224433,0.006607570882228739,0.00577116950473143,0.007267398635587727,0.006022089917980623,0.005334382118705058,0.005678236018342841,0.00550166239420452,0.005548129137398814,0.005232155283677609,0.0061707834962023665,0.007797119508002689,
39167,0.000687707799275565,0.0006784144506367059,0.0006970011479144239,0.0007062944965532829,0.0007620545883864368,0.0008178146802195908,0.0008549880747750267,0.0010036816529967706,0.001245308717607104,0.0015055224794951558,0.00192372316824381,0.002081710095104413,0.0024162706461033365,0.0030853917481011833,0.0034478323450166837,0.004321407117069429,0.00530650207278848,0.005278622026871903,0.0051763951918444556,0.0049719415217895566,0.004544447484402044,0.004414340603458018,0.004553740833040903,0.004349287162986005,0.004423633952096877,0.004386460557541441,0.004869714686762109,0.0049998215677061345,0.004572327530318621,0.0049998215677061345,0.005789756202009148,0.005418022256454789,0.005185688540483314,0.006514637395840149,0.00805733326989074,0.00595703647750861,0.007546199094753496,0.008549880747750266,0.010845337861548437,0.011923366303656079,0.010910391302020449,0.011867606211822925,0.009683669281691063,0.008596347490944562,0.007945813086224433,0.006607570882228739,0.00577116950473143,0.007267398635587727,0.006022089917980623,0.005334382118705058,0.005678236018342841,0.00550166239420452,0.005548129137398814,0.005232155283677609,0.0061707834962023665,0.007797119508002689,
39169,0.000687707799275565,0.0006784144506367059,0.0006970011479144239,0.0007062944965532829,0.0007620545883864368,0.0008178146802195908,0.0008549880747750267,0.0010036816529967706,0.001245308717607104,0.0015055224794951558,0.00192372316824381,0.002081710095104413,0.0024162706461033365,0.0030853917481011833,0.0034478323450166837,0.004321407117069429,0.00530650207278848,0.005278622026871903,0.0051763951918444556,0.0049719415217895566,0.004544447484402044,0.004414340603458018,0.004553740833040903,0.004349287162986005,0.004423633952096877,0.004386460557541441,0.004869714686762109,0.0049998215677061345,0.004572327530318621,0.0049998215677061345,0.005789756202009148,0.005418022256454789,0.005185688540483314,0.006514637395840149,0.00805733326989074,0.00595703647750861,0.007546199094753496,0.008549880747750266,0.010845337861548437,0.011923366303656079,0.010910391302020449,0.011867606211822925,0.009683669281691063,0.008596347490944562,0.007945813086224433,0.006607570882228739,0.00577116950473143,0.007267398635587727,0.006022089917980623,0.005334382118705058,0.005678236018342841,0.00550166239420452,0.005548129137398814,0.005232155283677609,0.0061707834962023665,0.007797119508002689,
39171,0.000687707799275565,0.0006784144506367059,0.0006970011479144239,0.0007062944965532829,0.0007620545883864368,0.0008178146802195908,0.0008549880747750267,0.0010036816529967706,0.001245308717607104,0.0015055224794951558,0.00192372316824381,0.002081710095104413,0.0024162706461033365,0.0030853917481011833,0.0034478323450166837,0.004321407117069429,0.00530650207278848,0.005278622026871903,0.0051763951918444556,0.0049719415217895566,0.004544447484402044,0.004414340603458018,0.004553740833040903,0.004349287162986005,0.004423633952096877,0.004386460557541441,0.004869714686762109,0.0049998215677061345,0.004572327530318621,0.0049998215677061345,0.005789756202009148,0.005418022256454789,0.005185688540483314,0.006514637395840149,0.00805733326989074,0.00595703647750861,0.007546199094753496,0.008549880747750266,0.010845337861548437,0.011923366303656079,0.010910391302020449,0.011867606211822925,0.009683669281691063,0.008596347490944562,0.007945813086224433,0.006607570882228739,0.00577116950473143,0.007267398635587727,0.006022089917980623,0.005334382118705058,0.005678236018342841,0.00550166239420452,0.005548129137398814,0.005232155283677609,0.0061707834962023665,0.007797119508002689,
39173,0.000687707799275565,0.0006784144506367059,0.0006970011479144239,0.0007062944965532829,0.0007620545883864368,0.0008178146802195908,0.0008549880747750267,0.0010036816529967706,0.001245308717607104,0.0015055224794951558,0.00192372316824381,0.002081710095104413,0.0024162706461033365,0.0030853917481011833,0.0034478323450166837,0.004321407117069429,0.00530650207278848,0.005278622026871903,0.0051763951918444556,0.0049719415217895566,0.004544447484402044,0.004414340603458018,0.004553740833040903,0.004349287162986005,0.004423633952096877,0.004386460557541441,0.004869714686762109,0.0049998215677061345,0.004572327530318621,0.0049998215677061345,0.005789756202009148,0.005418022256454789,0.005185688540483314,0.006514637395840149,0.00805733326989074,0.00595703647750861,0.007546199094753496,0.008549880747750266,0.010845337861548437,0.011923366303656079,0.010910391302020449,0.011867606211822925,0.009683669281691063,0.008596347490944562,0.007945813086224433,0.006607570882228739,0.00577116950473143,0.007267398635587727,0.006022089917980623,0.005334382118705058,0.005678236018342841,0.00550166239420452,0.005548129137398814,0.005232155283677609,0.0061707834962023665,0.007797119508002689,
39175,0.000687707799275565,0.0006784144506367059,0.0006970011479144239,0.0007062944965532829,0.0007620545883864368,0.0008178146802195908,0.0008549880747750267,0.0010036816529967706,0.001245308717607104,0.0015055224794951558,0.00192372316824381,0.002081710095104413,0.0024162706461033365,0.0030853917481011833,0.0034478323450166837,0.004321407117069429,0.00530650207278848,0.005278622026871903,0.0051763951918444556,0.0049719415217895566,0.004544447484402044,0.004414340603458018,0.004553740833040903,0.004349287162986005,0.004423633952096877,0.004386460557541441,0.004869714686762109,0.0049998215677061345,0.004572327530318621,0.0049998215677061345,0.005789756202009148,0.005418022256454789,0.005185688540483314,0.006514637395840149,0.00805733326989074,0.00595703647750861,0.007546199094753496,0.008549880747750266,0.010845337861548437,0.011923366303656079,0.010910391302020449,0.011867606211822925,0.009683669281691063,0.008596347490944562,0.007945813086224433,0.006607570882228739,0.00577116950473143,0.007267398635587727,0.006022089917980623,0.005334382118705058,0.005678236018342841,0.00550166239420452,0.005548129137398814,0.005232155283677609,0.0061707834962023665,0.007797119508002689,
40001,0.0004460807346652313,0.0004367873860263723,0.0004646674319429493,0.0004832541292206673,0.0004925474778595262,0.0005204275237761033,0.0005947743128869751,0.0006970011479144239,0.0008735747720527446,0.0010873217907465013,0.0014125889931065657,0.0015612825713283095,0.003178325234489773,0.0021374701869375664,0.0026578977107136696,0.00320620528040635,0.0038381529878487607,0.004107660098375671,0.0040983667497368126,0.0040983667497368126,0.0038846197310430557,0.0037823928960156075,0.00366157936371044,0.0036429926664327222,0.0036336993177938635,0.003931086474237351,0.004107660098375671,0.004395753906180301,0.004163420190208826,0.004377167208902582,0.004962648173150698,0.004693141062623788,0.0047303144571792235,0.005975623174786327,0.008206026848112485,0.006468170652645854,0.007787826159363831,0.008949494739221204,0.010231976851383743,0.011310005293491385,0.01016692341091173,0.010724524329243269,0.009841656208551666,0.009079601620165228,0.008308253683139933,0.008317547031778791,0.007481145654281484,0.007667012627058663,0.007546199094753496,0.007174465149199136,0.007843586251196983,0.006588984184951021,0.006765557809089342,0.006449583955368136,0.007416092213809471,0.010836044512909577,0.010631590842854678
40003,0.0004460807346652313,0.0004367873860263723,0.0004646674319429493,0.0004832541292206673,0.0004925474778595262,0.0005204275237761033,0.0005947743128869751,0.0006970011479144239,0.0008735747720527446,0.0010873217907465013,0.0014125889931065657,0.0015612825713283095,0.003178325234489773,0.0021374701869375664,0.0026578977107136696,0.00320620528040635,0.0038381529878487607,0.004107660098375671,0.0040983667497368126,0.0040983667497368126,0.0038846197310430557,0.0037823928960156075,0.00366157936371044,0.0036429926664327222,0.0036336993177938635,0.003931086474237351,0.004107660098375671,0.004395753906180301,0.004163420190208826,0.004377167208902582,0.004962648173150698,0.004693141062623788,0.0047303144571792235,0.005975623174786327,0.008206026848112485,0.006468170652645854,0.007787826159363831,0.008949494739221204,0.010231976851383743,0.011310005293491385,0.01016692341091173,0.010724524329243269,0.009841656208551666,0.009079601620165228,0.008308253683139933,0.008317547031778791,0.007481145654281484,0.007667012627058663,0.007546199094753496,0.007174465149199136,0.007843586251196983,0.006588984184951021,0.006765557809089342,0.006449583955368136,0.007416092213809471,0.010836044512909577,0.010631590842854678
40005,0.0004460807346652313,0.0004367873860263723,0.0004646674319429493,0.0004832541292206673,0.0004925474778595262,0.0005204275237761033,0.0005947743128869751,0.0006970011479144239,0.0008735747720527446,0.0010873217907465013,0.0014125889931065657,0.0015612825713283095,0.003178325234489773,0.0021374701869375664,0.0026578977107136696,0.00320620528040635,0.0038381529878487607,0.004107660098375671,0.0040983667497368126,0.0040983667497368126,0.0038846197310430557,0.0037823928960156075,0.00366157936371044,0.0036429926664327222,0.0036336993177938635,0.003931086474237351,0.004107660098375671,0.004395753906180301,0.004163420190208826,0.004377167208902582,0.004962648173150698,0.004693141062623788,0.0047303144571792235,0.005975623174786327,0.008206026848112485,0.006468170652645854,0.007787826159363831,0.008949494739221204,0.010231976851383743,0.011310005293491385,0.01016692341091173,0.010724524329243269,0.009841656208551666,0.009079601620165228,0.008308253683139933,0.008317547031778791,0.007481145654281484,0.007667012627058663,0.007546199094753496,0.007174465149199136,0.007843586251196983,0.006588984184951021,0.006765557809089342,0.006449583955368136,0.007416092213809471,0.010836044512909577,0.010631590842854678
40007,0.0004460807346652313,0.0004367873860263723,0.0004646674319429493,0.0004832541292206673,0.0004925474778595262,0.0005204275237761033,0.0005947743128869751,0.0006970011479144239,0.0008735747720527446,0.0010873217907465013,0.0014125889931065657,0.0015612825713283095,0.003178325234489773,0.0021374701869375664,0.0026578977107136696,0.00320620528040635,0.0038381529878487607,0.004107660098375671,0.0040983667497368126,0.0040983667497368126,0.0038846197310430557,0.0037823928960156075,0.00366157936371044,0.0036429926664327222,0.0036336993177938635,0.003931086474237351,0.004107660098375671,0.004395753906180301,0.004163420190208826,0.004377167208902582,0.004962648173150698,0.004693141062623788,0.0047303144571792235,0.005975623174786327,0.008206026848112485,0.006468170652645854,0.007787826159363831,0.008949494739221204,0.010231976851383743,0.011310005293491385,0.01016692341091173,0.010724524329243269,0.009841656208551666,0.009079601620165228,0.008308253683139933,0.008317547031778791,0.007481145654281484,0.007667012627058663,0.007546199094753496,0.007174465149199136,0.007843586251196983,0.006588984184951021,0.006765557809089342,0.006449583955368136,0.007416092213809471,0.010836044512909577,0.010631590842854678
40009,0.0004460807346652313,0.0004367873860263723,0.0004646674319429493,0.0004832541292206673,0.0004925474778595262,0.0005204275237761033,0.0005947743128869751,0.0006970011479144239,0.0008735747720527446,0.0010873217907465013,0.0014125889931065657,0.0015612825713283095,0.003178325234489773,0.0021374701869375664,0.0026578977107136696,0.00320620528040635,0.0038381529878487607,0.004107660098375671,0.0040983667497368126,0.0040983667497368126,0.0038846197310430557,0.0037823928960156075,0.00366157936371044,0.0036429926664327222,0.0036336993177938635,0.003931086474237351,0.004107660098375671,0.004395753906180301,0.004163420190208826,0.004377167208902582,0.004962648173150698,0.004693141062623788,0.0047303144571792235,0.005975623174786327,0.008206026848112485,0.006468170652645854,0.007787826159363831,0.008949494739221204,0.010231976851383743,0.011310005293491385,0.01016692341091173,0.010724524329243269,0.009841656208551666,0.009079601620165228,0.008308253683139933,0.008317547031778791,0.007481145654281484,0.007667012627058663,0.007546199094753496,0.007174465149199136,0.007843586251196983,0.006588984184951021,0.006765557809089342,0.006449583955368136,0.007416092213809471,0.010836044512909577,0.010631590842854678
40011,0.0004460807346652313,0.0004367873860263723,0.0004646674319429493,0.0004832541292206673,0.0004925474778595262,0.0005204275237761033,0.0005947743128869751,0.0006970011479144239,0.0008735747720527446,0.0010873217907465013,0.0014125889931065657,0.0015612825713283095,0.003178325234489773,0.0021374701869375664,0.0026578977107136696,0.00320620528040635,0.0038381529878487607,0.004107660098375671,0.0040983667497368126,0.0040983667497368126,0.0038846197310430557,0.0037823928960156075,0.00366157936371044,0.0036429926664327222,0.0036336993177938635,0.003931086474237351,0.004107660098375671,0.004395753906180301,0.004163420190208826,0.004377167208902582,0.004962648173150698,0.004693141062623788,0.0047303144571792235,0.005975623174786327,0.008206026848112485,0.006468170652645854,0.007787826159363831,0.008949494739221204,0.010231976851383743,0.011310005293491385,0.01016692341091173,0.010724524329243269,0.009841656208551666,0.009079601620165228,0.008308253683139933,0.008317547031778791,0.007481145654281484,0.007667012627058663,0.007546199094753496,0.007174465149199136,0.007843586251196983,0.006588984184951021,0.006765557809089342,0.006449583955368136,0.007416092213809471,0.010836044512909577,0.010631590842854678
40013,0.0004460807346652313,0.0004367873860263723,0.0004646674319429493,0.0004832541292206673,0.0004925474778595262,0.0005204275237761033,0.0005947743128869751,0.0006970011479144239,0.0008735747720527446,0.0010873217907465013,0.0014125889931065657,0.0015612825713283095,0.003178325234489773,0.0021374701869375664,0.0026578977107136696,0.00320620528040635,0.0038381529878487607,0.004107660098375671,0.0040983667497368126,0.0040983667497368126,0.0038846197310430557,0.0037823928960156075,0.00366157936371044,0.0036429926664327222,0.0036336993177938635,0.003931086474237351,0.004107660098375671,0.004395753906180301,0.004163420190208826,0.004377167208902582,0.004962648173150698,0.004693141062623788,0.0047303144571792235,0.005975623174786327,0.008206026848112485,0.006468170652645854,0.007787826159363831,0.008949494739221204,0.010231976851383743,0.011310005293491385,0.01016692341091173,0.010724524329243269,0.009841656208551666,0.009079601620165228,0.008308253683139933,0.008317547031778791,0.007481145654281484,0.007667012627058663,0.007546199094753496,0.007174465149199136,0.007843586251196983,0.006588984184951021,0.006765557809089342,0.006449583955368136,0.007416092213809471,0.010836044512909577,0.010631590842854678
40015,0.0004460807346652313,0.0004367873860263723,0.0004646674319429493,0.0004832541292206673,0.0004925474778595262,0.0005204275237761033,0.0005947743128869751,0.0006970011479144239,0.0008735747720527446,0.0010873217907465013,0.0014125889931065657,0.0015612825713283095,0.003178325234489773,0.0021374701869375664,0.0026578977107136696,0.00320620528040635,0.0038381529878487607,0.004107660098375671,0.0040983667497368126,0.0040983667497368126,0.0038846197310430557,0.0037823928960156075,0.00366157936371044,0.0036429926664327222,0.0036336993177938635,0.003931086474237351,0.004107660098375671,0.004395753906180301,0.004163420190208826,0.004377167208902582,0.004962648173150698,0.004693141062623788,0.0047303144571792235,0.005975623174786327,0.008206026848112485,0.006468170652645854,0.007787826159363831,0.008949494739221204,0.010231976851383743,0.011310005293491385,0.01016692341091173,0.010724524329243269,0.009841656208551666,0.009079601620165228,0.008308253683139933,0.008317547031778791,0.007481145654281484,0.007667012627058663,0.007546199094753496,0.007174465149199136,0.007843586251196983,0.006588984184951021,0.006765557809089342,0.006449583955368136,0.007416092213809471,0.010836044512909577,0.010631590842854678
40017,0.0004460807346652313,0.0004367873860263723,0.0004646674319429493,0.0004832541292206673,0.0004925474778595262,0.0005204275237761033,0.0005947743128869751,0.0006970011479144239,0.0008735747720527446,0.0010873217907465013,0.0014125889931065657,0.0015612825713283095,0.003178325234489773,0.0021374701869375664,0.0026578977107136696,0.00320620528040635,0.0038381529878487607,0.004107660098375671,0.0040983667497368126,0.0040983667497368126,0.0038846197310430557,0.0037823928960156075,0.00366157936371044,0.0036429926664327222,0.0036336993177938635,0.003931086474237351,0.004107660098375671,0.004395753906180301,0.004163420190208826,0.004377167208902582,0.004962648173150698,0.004693141062623788,0.0047303144571792235,0.005975623174786327,0.008206026848112485,0.006468170652645854,0.007787826159363831,0.008949494739221204,0.010231976851383743,0.011310005293491385,0.01016692341091173,0.010724524329243269,0.009841656208551666,0.009079601620165228,0.008308253683139933,0.008317547031778791,0.007481145654281484,0.007667012627058663,0.007546199094753496,0.007174465149199136,0.007843586251196983,0.006588984184951021,0.006765557809089342,0.006449583955368136,0.007416092213809471,0.010836044512909577,0.010631590842854678
40019,0.0004460807346652313,0.0004367873860263723,0.0004646674319429493,0.0004832541292206673,0.0004925474778595262,0.0005204275237761033,0.0005947743128869751,0.0006970011479144239,0.0008735747720527446,0.0010873217907465013,0.0014125889931065657,0.0015612825713283095,0.003178325234489773,0.0021374701869375664,0.0026578977107136696,0.00320620528040635,0.0038381529878487607,0.004107660098375671,0.0040983667497368126,0.0040983667497368126,0.0038846197310430557,0.0037823928960156075,0.00366157936371044,0.0036429926664327222,0.0036336993177938635,0.003931086474237351,0.004107660098375671,0.004395753906180301,0.004163420190208826,0.004377167208902582,0.004962648173150698,0.004693141062623788,0.0047303144571792235,0.005975623174786327,0.008206026848112485,0.006468170652645854,0.007787826159363831,0.008949494739221204,0.010231976851383743,0.011310005293491385,0.01016692341091173,0.010724524329243269,0.009841656208551666,0.009079601620165228,0.008308253683139933,0.008317547031778791,0.007481145654281484,0.007667012627058663,0.007546199094753496,0.007174465149199136,0.007843586251196983,0.006588984184951021,0.006765557809089342,0.006449583955368136,0.007416092213809471,0.010836044512909577,0.010631590842854678
40021,0.0004460807346652313,0.0004367873860263723,0.0004646674319429493,0.0004832541292206673,0.0004925474778595262,0.0005204275237761033,0.0005947743128869751,0.0006970011479144239,0.0008735747720527446,0.0010873217907465013,0.0014125889931065657,0.0015612825713283095,0.003178325234489773,0.0021374701869375664,0.0026578977107136696,0.00320620528040635,0.0038381529878487607,0.004107660098375671,0.0040983667497368126,0.0040983667497368126,0.0038846197310430557,0.0037823928960156075,0.00366157936371044,0.0036429926664327222,0.0036336993177938635,0.003931086474237351,0.004107660098375671,0.004395753906180301,0.004163420190208826,0.004377167208902582,0.004962648173150698,0.004693141062623788,0.0047303144571792235,0.005975623174786327,0.008206026848112485,0.006468170652645854,0.007787826159363831,0.008949494739221204,0.010231976851383743,0.011310005293491385,0.01016692341091173,0.010724524329243269,0.009841656208551666,0.009079601620165228,0.008308253683139933,0.008317547031778791,0.007481145654281484,0.007667012627058663,0.007546199094753496,0.007174465149199136,0.007843586251196983,0.006588984184951021,0.006765557809089342,0.006449583955368136,0.007416092213809471,0.010836044512909577,0.010631590842854678
40023,0.0004460807346652313,0.0004367873860263723,0.0004646674319429493,0.0004832541292206673,0.0004925474778595262,0.0005204275237761033,0.0005947743128869751,0.0006970011479144239,0.0008735747720527446,0.0010873217907465013,0.0014125889931065657,0.0015612825713283095,0.003178325234489773,0.0021374701869375664,0.0026578977107136696,0.00320620528040635,0.0038381529878487607,0.004107660098375671,0.0040983667497368126,0.0040983667497368126,0.0038846197310430557,0.0037823928960156075,0.00366157936371044,0.0036429926664327222,0.0036336993177938635,0.003931086474237351,0.004107660098375671,0.004395753906180301,0.004163420190208826,0.004377167208902582,0.004962648173150698,0.004693141062623788,0.0047303144571792235,0.005975623174786327,0.008206026848112485,0.006468170652645854,0.007787826159363831,0.008949494739221204,0.010231976851383743,0.011310005293491385,0.01016692341091173,0.010724524329243269,0.009841656208551666,0.009079601620165228,0.008308253683139933,0.008317547031778791,0.007481145654281484,0.007667012627058663,0.007546199094753496,0.007174465149199136,0.007843586251196983,0.006588984184951021,0.006765557809089342,0.006449583955368136,0.007416092213809471,0.010836044512909577,0.010631590842854678
40025,0.0004460807346652313,0.0004367873860263723,0.0004646674319429493,0.0004832541292206673,0.0004925474778595262,0.0005204275237761033,0.0005947743128869751,0.0006970011479144239,0.0008735747720527446,0.0010873217907465013,0.0014125889931065657,0.0015612825713283095,0.003178325234489773,0.0021374701869375664,0.0026578977107136696,0.00320620528040635,0.0038381529878487607,0.004107660098375671,0.0040983667497368126,0.0040983667497368126,0.0038846197310430557,0.0037823928960156075,0.00366157936371044,0.0036429926664327222,0.0036336993177938635,0.003931086474237351,0.004107660098375671,0.004395753906180301,0.004163420190208826,0.004377167208902582,0.004962648173150698,0.004693141062623788,0.0047303144571792235,0.005975623174786327,0.008206026848112485,0.006468170652645854,0.007787826159363831,0.008949494739221204,0.010231976851383743,0.011310005293491385,0.01016692341091173,0.010724524329243269,0.009841656208551666,0.009079601620165228,0.008308253683139933,0.008317547031778791,0.007481145654281484,0.007667012627058663,0.007546199094753496,0.007174465149199136,0.007843586251196983,0.006588984184951021,0.006765557809089342,0.006449583955368136,0.007416092213809471,0.010836044512909577,0.010631590842854678
40027,0.0004460807346652313,0.0004367873860263723,0.0004646674319429493,0.0004832541292206673,0.0004925474778595262,0.0005204275237761033,0.0005947743128869751,0.0006970011479144239,0.0008735747720527446,0.0010873217907465013,0.0014125889931065657,0.0015612825713283095,0.003178325234489773,0.0021374701869375664,0.0026578977107136696,0.00320620528040635,0.0038381529878487607,0.004107660098375671,0.0040983667497368126,0.0040983667497368126,0.0038846197310430557,0.0037823928960156075,0.00366157936371044,0.0036429926664327222,0.0036336993177938635,0.003931086474237351,0.004107660098375671,0.004395753906180301,0.004163420190208826,0.004377167208902582,0.004962648173150698,0.004693141062623788,0.0047303144571792235,0.005975623174786327,0.008206026848112485,0.006468170652645854,0.007787826159363831,0.008949494739221204,0.010231976851383743,0.011310005293491385,0.01016692341091173,0.010724524329243269,0.009841656208551666,0.009079601620165228,0.008308253683139933,0.008317547031778791,0.007481145654281484,0.007667012627058663,0.007546199094753496,0.007174465149199136,0.007843586251196983,0.006588984184951021,0.006765557809089342,0.006449583955368136,0.007416092213809471,0.010836044512909577,0.010631590842854678
40029,0.0004460807346652313,0.0004367873860263723,0.0004646674319429493,0.0004832541292206673,0.0004925474778595262,0.0005204275237761033,0.0005947743128869751,0.0006970011479144239,0.0008735747720527446,0.0010873217907465013,0.0014125889931065657,0.0015612825713283095,0.003178325234489773,0.0021374701869375664,0.0026578977107136696,0.00320620528040635,0.0038381529878487607,0.004107660098375671,0.0040983667497368126,0.0040983667497368126,0.0038846197310430557,0.0037823928960156075,0.00366157936371044,0.0036429926664327222,0.0036336993177938635,0.003931086474237351,0.004107660098375671,0.004395753906180301,0.004163420190208826,0.004377167208902582,0.004962648173150698,0.004693141062623788,0.0047303144571792235,0.005975623174786327,0.008206026848112485,0.006468170652645854,0.007787826159363831,0.008949494739221204,0.010231976851383743,0.011310005293491385,0.01016692341091173,0.010724524329243269,0.009841656208551666,0.009079601620165228,0.008308253683139933,0.008317547031778791,0.007481145654281484,0.007667012627058663,0.007546199094753496,0.007174465149199136,0.007843586251196983,0.006588984184951021,0.006765557809089342,0.006449583955368136,0.007416092213809471,0.010836044512909577,0.010631590842854678
40031,0.0004460807346652313,0.0004367873860263723,0.0004646674319429493,0.0004832541292206673,0.0004925474778595262,0.0005204275237761033,0.0005947743128869751,0.0006970011479144239,0.0008735747720527446,0.0010873217907465013,0.0014125889931065657,0.0015612825713283095,0.003178325234489773,0.0021374701869375664,0.0026578977107136696,0.00320620528040635,0.0038381529878487607,0.004107660098375671,0.0040983667497368126,0.0040983667497368126,0.0038846197310430557,0.0037823928960156075,0.00366157936371044,0.0036429926664327222,0.0036336993177938635,0.003931086474237351,0.004107660098375671,0.004395753906180301,0.004163420190208826,0.004377167208902582,0.004962648173150698,0.004693141062623788,0.0047303144571792235,0.005975623174786327,0.008206026848112485,0.006468170652645854,0.007787826159363831,0.008949494739221204,0.010231976851383743,0.011310005293491385,0.01016692341091173,0.010724524329243269,0.009841656208551666,0.009079601620165228,0.008308253683139933,0.008317547031778791,0.007481145654281484,0.007667012627058663,0.007546199094753496,0.007174465149199136,0.007843586251196983,0.006588984184951021,0.006765557809089342,0.006449583955368136,0.007416092213809471,0.010836044512909577,0.010631590842854678
40033,0.0004460807346652313,0.0004367873860263723,0.0004646674319429493,0.0004832541292206673,0.0004925474778595262,0.0005204275237761033,0.0005947743128869751,0.0006970011479144239,0.0008735747720527446,0.0010873217907465013,0.0014125889931065657,0.0015612825713283095,0.003178325234489773,0.0021374701869375664,0.0026578977107136696,0.00320620528040635,0.0038381529878487607,0.004107660098375671,0.0040983667497368126,0.0040983667497368126,0.0038846197310430557,0.0037823928960156075,0.00366157936371044,0.0036429926664327222,0.0036336993177938635,0.003931086474237351,0.004107660098375671,0.004395753906180301,0.004163420190208826,0.004377167208902582,0.004962648173150698,0.004693141062623788,0.0047303144571792235,0.005975623174786327,0.008206026848112485,0.006468170652645854,0.007787826159363831,0.008949494739221204,0.010231976851383743,0.011310005293491385,0.01016692341091173,0.010724524329243269,0.009841656208551666,0.009079601620165228,0.008308253683139933,0.008317547031778791,0.007481145654281484,0.007667012627058663,0.007546199094753496,0.007174465149199136,0.007843586251196983,0.006588984184951021,0.006765557809089342,0.006449583955368136,0.007416092213809471,0.010836044512909577,0.010631590842854678
40035,0.0004460807346652313,0.0004367873860263723,0.0004646674319429493,0.0004832541292206673,0.0004925474778595262,0.0005204275237761033,0.0005947743128869751,0.0006970011479144239,0.0008735747720527446,0.0010873217907465013,0.0014125889931065657,0.0015612825713283095,0.003178325234489773,0.0021374701869375664,0.0026578977107136696,0.00320620528040635,0.0038381529878487607,0.004107660098375671,0.0040983667497368126,0.0040983667497368126,0.0038846197310430557,0.0037823928960156075,0.00366157936371044,0.0036429926664327222,0.0036336993177938635,0.003931086474237351,0.004107660098375671,0.004395753906180301,0.004163420190208826,0.004377167208902582,0.004962648173150698,0.004693141062623788,0.0047303144571792235,0.005975623174786327,0.008206026848112485,0.006468170652645854,0.007787826159363831,0.008949494739221204,0.010231976851383743,0.011310005293491385,0.01016692341091173,0.010724524329243269,0.009841656208551666,0.009079601620165228,0.008308253683139933,0.008317547031778791,0.007481145654281484,0.007667012627058663,0.007546199094753496,0.007174465149199136,0.007843586251196983,0.006588984184951021,0.006765557809089342,0.006449583955368136,0.007416092213809471,0.010836044512909577,0.010631590842854678
40037,0.0004460807346652313,0.0004367873860263723,0.0004646674319429493,0.0004832541292206673,0.0004925474778595262,0.0005204275237761033,0.0005947743128869751,0.0006970011479144239,0.0008735747720527446,0.0010873217907465013,0.0014125889931065657,0.0015612825713283095,0.003178325234489773,0.0021374701869375664,0.0026578977107136696,0.00320620528040635,0.0038381529878487607,0.004107660098375671,0.0040983667497368126,0.0040983667497368126,0.0038846197310430557,0.0037823928960156075,0.00366157936371044,0.0036429926664327222,0.0036336993177938635,0.003931086474237351,0.004107660098375671,0.004395753906180301,0.004163420190208826,0.004377167208902582,0.004962648173150698,0.004693141062623788,0.0047303144571792235,0.005975623174786327,0.008206026848112485,0.006468170652645854,0.007787826159363831,0.008949494739221204,0.010231976851383743,0.011310005293491385,0.01016692341091173,0.010724524329243269,0.009841656208551666,0.009079601620165228,0.008308253683139933,0.008317547031778791,0.007481145654281484,0.007667012627058663,0.007546199094753496,0.007174465149199136,0.007843586251196983,0.006588984184951021,0.006765557809089342,0.006449583955368136,0.007416092213809471,0.010836044512909577,0.010631590842854678
40039,0.0004460807346652313,0.0004367873860263723,0.0004646674319429493,0.0004832541292206673,0.0004925474778595262,0.0005204275237761033,0.0005947743128869751,0.0006970011479144239,0.0008735747720527446,0.0010873217907465013,0.0014125889931065657,0.0015612825713283095,0.003178325234489773,0.0021374701869375664,0.0026578977107136696,0.00320620528040635,0.0038381529878487607,0.004107660098375671,0.0040983667497368126,0.0040983667497368126,0.0038846197310430557,0.0037823928960156075,0.00366157936371044,0.0036429926664327222,0.0036336993177938635,0.003931086474237351,0.004107660098375671,0.004395753906180301,0.004163420190208826,0.004377167208902582,0.004962648173150698,0.004693141062623788,0.0047303144571792235,0.005975623174786327,0.008206026848112485,0.006468170652645854,0.007787826159363831,0.008949494739221204,0.010231976851383743,0.011310005293491385,0.01016692341091173,0.010724524329243269,0.009841656208551666,0.009079601620165228,0.008308253683139933,0.008317547031778791,0.007481145654281484,0.007667012627058663,0.007546199094753496,0.007174465149199136,0.007843586251196983,0.006588984184951021,0.006765557809089342,0.006449583955368136,0.007416092213809471,0.010836044512909577,0.010631590842854678
40041,0.0004460807346652313,0.0004367873860263723,0.0004646674319429493,0.0004832541292206673,0.0004925474778595262,0.0005204275237761033,0.0005947743128869751,0.0006970011479144239,0.0008735747720527446,0.0010873217907465013,0.0014125889931065657,0.0015612825713283095,0.003178325234489773,0.0021374701869375664,0.0026578977107136696,0.00320620528040635,0.0038381529878487607,0.004107660098375671,0.0040983667497368126,0.0040983667497368126,0.0038846197310430557,0.0037823928960156075,0.00366157936371044,0.0036429926664327222,0.0036336993177938635,0.003931086474237351,0.004107660098375671,0.004395753906180301,0.004163420190208826,0.004377167208902582,0.004962648173150698,0.004693141062623788,0.0047303144571792235,0.005975623174786327,0.008206026848112485,0.006468170652645854,0.007787826159363831,0.008949494739221204,0.010231976851383743,0.011310005293491385,0.01016692341091173,0.010724524329243269,0.009841656208551666,0.009079601620165228,0.008308253683139933,0.008317547031778791,0.007481145654281484,0.007667012627058663,0.007546199094753496,0.007174465149199136,0.007843586251196983,0.006588984184951021,0.006765557809089342,0.006449583955368136,0.007416092213809471,0.010836044512909577,0.010631590842854678
40043,0.0004460807346652313,0.0004367873860263723,0.0004646674319429493,0.0004832541292206673,0.0004925474778595262,0.0005204275237761033,0.0005947743128869751,0.0006970011479144239,0.0008735747720527446,0.0010873217907465013,0.0014125889931065657,0.0015612825713283095,0.003178325234489773,0.0021374701869375664,0.0026578977107136696,0.00320620528040635,0.0038381529878487607,0.004107660098375671,0.0040983667497368126,0.0040983667497368126,0.0038846197310430557,0.0037823928960156075,0.00366157936371044,0.0036429926664327222,0.0036336993177938635,0.003931086474237351,0.004107660098375671,0.004395753906180301,0.004163420190208826,0.004377167208902582,0.004962648173150698,0.004693141062623788,0.0047303144571792235,0.005975623174786327,0.008206026848112485,0.006468170652645854,0.007787826159363831,0.008949494739221204,0.010231976851383743,0.011310005293491385,0.01016692341091173,0.010724524329243269,0.009841656208551666,0.009079601620165228,0.008308253683139933,0.008317547031778791,0.007481145654281484,0.007667012627058663,0.007546199094753496,0.007174465149199136,0.007843586251196983,0.006588984184951021,0.006765557809089342,0.006449583955368136,0.007416092213809471,0.010836044512909577,0.010631590842854678
40045,0.0004460807346652313,0.0004367873860263723,0.0004646674319429493,0.0004832541292206673,0.0004925474778595262,0.0005204275237761033,0.0005947743128869751,0.0006970011479144239,0.0008735747720527446,0.0010873217907465013,0.0014125889931065657,0.0015612825713283095,0.003178325234489773,0.0021374701869375664,0.0026578977107136696,0.00320620528040635,0.0038381529878487607,0.004107660098375671,0.0040983667497368126,0.0040983667497368126,0.0038846197310430557,0.0037823928960156075,0.00366157936371044,0.0036429926664327222,0.0036336993177938635,0.003931086474237351,0.004107660098375671,0.004395753906180301,0.004163420190208826,0.004377167208902582,0.004962648173150698,0.004693141062623788,0.0047303144571792235,0.005975623174786327,0.008206026848112485,0.006468170652645854,0.007787826159363831,0.008949494739221204,0.010231976851383743,0.011310005293491385,0.01016692341091173,0.010724524329243269,0.009841656208551666,0.009079601620165228,0.008308253683139933,0.008317547031778791,0.007481145654281484,0.007667012627058663,0.007546199094753496,0.007174465149199136,0.007843586251196983,0.006588984184951021,0.006765557809089342,0.006449583955368136,0.007416092213809471,0.010836044512909577,0.010631590842854678
40047,0.0004460807346652313,0.0004367873860263723,0.0004646674319429493,0.0004832541292206673,0.0004925474778595262,0.0005204275237761033,0.0005947743128869751,0.0006970011479144239,0.0008735747720527446,0.0010873217907465013,0.0014125889931065657,0.0015612825713283095,0.003178325234489773,0.0021374701869375664,0.0026578977107136696,0.00320620528040635,0.0038381529878487607,0.004107660098375671,0.0040983667497368126,0.0040983667497368126,0.0038846197310430557,0.0037823928960156075,0.00366157936371044,0.0036429926664327222,0.0036336993177938635,0.003931086474237351,0.004107660098375671,0.004395753906180301,0.004163420190208826,0.004377167208902582,0.004962648173150698,0.004693141062623788,0.0047303144571792235,0.005975623174786327,0.008206026848112485,0.006468170652645854,0.007787826159363831,0.008949494739221204,0.010231976851383743,0.011310005293491385,0.01016692341091173,0.010724524329243269,0.009841656208551666,0.009079601620165228,0.008308253683139933,0.008317547031778791,0.007481145654281484,0.007667012627058663,0.007546199094753496,0.007174465149199136,0.007843586251196983,0.006588984184951021,0.006765557809089342,0.006449583955368136,0.007416092213809471,0.010836044512909577,0.010631590842854678
40049,0.0004460807346652313,0.0004367873860263723,0.0004646674319429493,0.0004832541292206673,0.0004925474778595262,0.0005204275237761033,0.0005947743128869751,0.0006970011479144239,0.0008735747720527446,0.0010873217907465013,0.0014125889931065657,0.0015612825713283095,0.003178325234489773,0.0021374701869375664,0.0026578977107136696,0.00320620528040635,0.0038381529878487607,0.004107660098375671,0.0040983667497368126,0.0040983667497368126,0.0038846197310430557,0.0037823928960156075,0.00366157936371044,0.0036429926664327222,0.0036336993177938635,0.003931086474237351,0.004107660098375671,0.004395753906180301,0.004163420190208826,0.004377167208902582,0.004962648173150698,0.004693141062623788,0.0047303144571792235,0.005975623174786327,0.008206026848112485,0.006468170652645854,0.007787826159363831,0.008949494739221204,0.010231976851383743,0.011310005293491385,0.01016692341091173,0.010724524329243269,0.009841656208551666,0.009079601620165228,0.008308253683139933,0.008317547031778791,0.007481145654281484,0.007667012627058663,0.007546199094753496,0.007174465149199136,0.007843586251196983,0.006588984184951021,0.006765557809089342,0.006449583955368136,0.007416092213809471,0.010836044512909577,0.010631590842854678
40051,0.0004460807346652313,0.0004367873860263723,0.0004646674319429493,0.0004832541292206673,0.0004925474778595262,0.0005204275237761033,0.0005947743128869751,0.0006970011479144239,0.0008735747720527446,0.0010873217907465013,0.0014125889931065657,0.0015612825713283095,0.003178325234489773,0.0021374701869375664,0.0026578977107136696,0.00320620528040635,0.0038381529878487607,0.004107660098375671,0.0040983667497368126,0.0040983667497368126,0.0038846197310430557,0.0037823928960156075,0.00366157936371044,0.0036429926664327222,0.0036336993177938635,0.003931086474237351,0.004107660098375671,0.004395753906180301,0.004163420190208826,0.004377167208902582,0.004962648173150698,0.004693141062623788,0.0047303144571792235,0.005975623174786327,0.008206026848112485,0.006468170652645854,0.007787826159363831,0.008949494739221204,0.010231976851383743,0.011310005293491385,0.01016692341091173,0.010724524329243269,0.009841656208551666,0.009079601620165228,0.008308253683139933,0.008317547031778791,0.007481145654281484,0.007667012627058663,0.007546199094753496,0.007174465149199136,0.007843586251196983,0.006588984184951021,0.006765557809089342,0.006449583955368136,0.007416092213809471,0.010836044512909577,0.010631590842854678
40053,0.0004460807346652313,0.0004367873860263723,0.0004646674319429493,0.0004832541292206673,0.0004925474778595262,0.0005204275237761033,0.0005947743128869751,0.0006970011479144239,0.0008735747720527446,0.0010873217907465013,0.0014125889931065657,0.0015612825713283095,0.003178325234489773,0.0021374701869375664,0.0026578977107136696,0.00320620528040635,0.0038381529878487607,0.004107660098375671,0.0040983667497368126,0.0040983667497368126,0.0038846197310430557,0.0037823928960156075,0.00366157936371044,0.0036429926664327222,0.0036336993177938635,0.003931086474237351,0.004107660098375671,0.004395753906180301,0.004163420190208826,0.004377167208902582,0.004962648173150698,0.004693141062623788,0.0047303144571792235,0.005975623174786327,0.008206026848112485,0.006468170652645854,0.007787826159363831,0.008949494739221204,0.010231976851383743,0.011310005293491385,0.01016692341091173,0.010724524329243269,0.009841656208551666,0.009079601620165228,0.008308253683139933,0.008317547031778791,0.007481145654281484,0.007667012627058663,0.007546199094753496,0.007174465149199136,0.007843586251196983,0.006588984184951021,0.006765557809089342,0.006449583955368136,0.007416092213809471,0.010836044512909577,0.010631590842854678
40055,0.0004460807346652313,0.0004367873860263723,0.0004646674319429493,0.0004832541292206673,0.0004925474778595262,0.0005204275237761033,0.0005947743128869751,0.0006970011479144239,0.0008735747720527446,0.0010873217907465013,0.0014125889931065657,0.0015612825713283095,0.003178325234489773,0.0021374701869375664,0.0026578977107136696,0.00320620528040635,0.0038381529878487607,0.004107660098375671,0.0040983667497368126,0.0040983667497368126,0.0038846197310430557,0.0037823928960156075,0.00366157936371044,0.0036429926664327222,0.0036336993177938635,0.003931086474237351,0.004107660098375671,0.004395753906180301,0.004163420190208826,0.004377167208902582,0.004962648173150698,0.004693141062623788,0.0047303144571792235,0.005975623174786327,0.008206026848112485,0.006468170652645854,0.007787826159363831,0.008949494739221204,0.010231976851383743,0.011310005293491385,0.01016692341091173,0.010724524329243269,0.009841656208551666,0.009079601620165228,0.008308253683139933,0.008317547031778791,0.007481145654281484,0.007667012627058663,0.007546199094753496,0.007174465149199136,0.007843586251196983,0.006588984184951021,0.006765557809089342,0.006449583955368136,0.007416092213809471,0.010836044512909577,0.010631590842854678
40057,0.0004460807346652313,0.0004367873860263723,0.0004646674319429493,0.0004832541292206673,0.0004925474778595262,0.0005204275237761033,0.0005947743128869751,0.0006970011479144239,0.0008735747720527446,0.0010873217907465013,0.0014125889931065657,0.0015612825713283095,0.003178325234489773,0.0021374701869375664,0.0026578977107136696,0.00320620528040635,0.0038381529878487607,0.004107660098375671,0.0040983667497368126,0.0040983667497368126,0.0038846197310430557,0.0037823928960156075,0.00366157936371044,0.0036429926664327222,0.0036336993177938635,0.003931086474237351,0.004107660098375671,0.004395753906180301,0.004163420190208826,0.004377167208902582,0.004962648173150698,0.004693141062623788,0.0047303144571792235,0.005975623174786327,0.008206026848112485,0.006468170652645854,0.007787826159363831,0.008949494739221204,0.010231976851383743,0.011310005293491385,0.01016692341091173,0.010724524329243269,0.009841656208551666,0.009079601620165228,0.008308253683139933,0.008317547031778791,0.007481145654281484,0.007667012627058663,0.007546199094753496,0.007174465149199136,0.007843586251196983,0.006588984184951021,0.006765557809089342,0.006449583955368136,0.007416092213809471,0.010836044512909577,0.010631590842854678
40059,0.0004460807346652313,0.0004367873860263723,0.0004646674319429493,0.0004832541292206673,0.0004925474778595262,0.0005204275237761033,0.0005947743128869751,0.0006970011479144239,0.0008735747720527446,0.0010873217907465013,0.0014125889931065657,0.0015612825713283095,0.003178325234489773,0.0021374701869375664,0.0026578977107136696,0.00320620528040635,0.0038381529878487607,0.004107660098375671,0.0040983667497368126,0.0040983667497368126,0.0038846197310430557,0.0037823928960156075,0.00366157936371044,0.0036429926664327222,0.0036336993177938635,0.003931086474237351,0.004107660098375671,0.004395753906180301,0.004163420190208826,0.004377167208902582,0.004962648173150698,0.004693141062623788,0.0047303144571792235,0.005975623174786327,0.008206026848112485,0.006468170652645854,0.007787826159363831,0.008949494739221204,0.010231976851383743,0.011310005293491385,0.01016692341091173,0.010724524329243269,0.009841656208551666,0.009079601620165228,0.008308253683139933,0.008317547031778791,0.007481145654281484,0.007667012627058663,0.007546199094753496,0.007174465149199136,0.007843586251196983,0.006588984184951021,0.006765557809089342,0.006449583955368136,0.007416092213809471,0.010836044512909577,0.010631590842854678
40061,0.0004460807346652313,0.0004367873860263723,0.0004646674319429493,0.0004832541292206673,0.0004925474778595262,0.0005204275237761033,0.0005947743128869751,0.0006970011479144239,0.0008735747720527446,0.0010873217907465013,0.0014125889931065657,0.0015612825713283095,0.003178325234489773,0.0021374701869375664,0.0026578977107136696,0.00320620528040635,0.0038381529878487607,0.004107660098375671,0.0040983667497368126,0.0040983667497368126,0.0038846197310430557,0.0037823928960156075,0.00366157936371044,0.0036429926664327222,0.0036336993177938635,0.003931086474237351,0.004107660098375671,0.004395753906180301,0.004163420190208826,0.004377167208902582,0.004962648173150698,0.004693141062623788,0.0047303144571792235,0.005975623174786327,0.008206026848112485,0.006468170652645854,0.007787826159363831,0.008949494739221204,0.010231976851383743,0.011310005293491385,0.01016692341091173,0.010724524329243269,0.009841656208551666,0.009079601620165228,0.008308253683139933,0.008317547031778791,0.007481145654281484,0.007667012627058663,0.007546199094753496,0.007174465149199136,0.007843586251196983,0.006588984184951021,0.006765557809089342,0.006449583955368136,0.007416092213809471,0.010836044512909577,0.010631590842854678
40063,0.0004460807346652313,0.0004367873860263723,0.0004646674319429493,0.0004832541292206673,0.0004925474778595262,0.0005204275237761033,0.0005947743128869751,0.0006970011479144239,0.0008735747720527446,0.0010873217907465013,0.0014125889931065657,0.0015612825713283095,0.003178325234489773,0.0021374701869375664,0.0026578977107136696,0.00320620528040635,0.0038381529878487607,0.004107660098375671,0.0040983667497368126,0.0040983667497368126,0.0038846197310430557,0.0037823928960156075,0.00366157936371044,0.0036429926664327222,0.0036336993177938635,0.003931086474237351,0.004107660098375671,0.004395753906180301,0.004163420190208826,0.004377167208902582,0.004962648173150698,0.004693141062623788,0.0047303144571792235,0.005975623174786327,0.008206026848112485,0.006468170652645854,0.007787826159363831,0.008949494739221204,0.010231976851383743,0.011310005293491385,0.01016692341091173,0.010724524329243269,0.009841656208551666,0.009079601620165228,0.008308253683139933,0.008317547031778791,0.007481145654281484,0.007667012627058663,0.007546199094753496,0.007174465149199136,0.007843586251196983,0.006588984184951021,0.006765557809089342,0.006449583955368136,0.007416092213809471,0.010836044512909577,0.010631590842854678
40065,0.0004460807346652313,0.0004367873860263723,0.0004646674319429493,0.0004832541292206673,0.0004925474778595262,0.0005204275237761033,0.0005947743128869751,0.0006970011479144239,0.0008735747720527446,0.0010873217907465013,0.0014125889931065657,0.0015612825713283095,0.003178325234489773,0.0021374701869375664,0.0026578977107136696,0.00320620528040635,0.0038381529878487607,0.004107660098375671,0.0040983667497368126,0.0040983667497368126,0.0038846197310430557,0.0037823928960156075,0.00366157936371044,0.0036429926664327222,0.0036336993177938635,0.003931086474237351,0.004107660098375671,0.004395753906180301,0.004163420190208826,0.004377167208902582,0.004962648173150698,0.004693141062623788,0.0047303144571792235,0.005975623174786327,0.008206026848112485,0.006468170652645854,0.007787826159363831,0.008949494739221204,0.010231976851383743,0.011310005293491385,0.01016692341091173,0.010724524329243269,0.009841656208551666,0.009079601620165228,0.008308253683139933,0.008317547031778791,0.007481145654281484,0.007667012627058663,0.007546199094753496,0.007174465149199136,0.007843586251196983,0.006588984184951021,0.006765557809089342,0.006449583955368136,0.007416092213809471,0.010836044512909577,0.010631590842854678
40067,0.0004460807346652313,0.0004367873860263723,0.0004646674319429493,0.0004832541292206673,0.0004925474778595262,0.0005204275237761033,0.0005947743128869751,0.0006970011479144239,0.0008735747720527446,0.0010873217907465013,0.0014125889931065657,0.0015612825713283095,0.003178325234489773,0.0021374701869375664,0.0026578977107136696,0.00320620528040635,0.0038381529878487607,0.004107660098375671,0.0040983667497368126,0.0040983667497368126,0.0038846197310430557,0.0037823928960156075,0.00366157936371044,0.0036429926664327222,0.0036336993177938635,0.003931086474237351,0.004107660098375671,0.004395753906180301,0.004163420190208826,0.004377167208902582,0.004962648173150698,0.004693141062623788,0.0047303144571792235,0.005975623174786327,0.008206026848112485,0.006468170652645854,0.007787826159363831,0.008949494739221204,0.010231976851383743,0.011310005293491385,0.01016692341091173,0.010724524329243269,0.009841656208551666,0.009079601620165228,0.008308253683139933,0.008317547031778791,0.007481145654281484,0.007667012627058663,0.007546199094753496,0.007174465149199136,0.007843586251196983,0.006588984184951021,0.006765557809089342,0.006449583955368136,0.007416092213809471,0.010836044512909577,0.010631590842854678
40069,0.0004460807346652313,0.0004367873860263723,0.0004646674319429493,0.0004832541292206673,0.0004925474778595262,0.0005204275237761033,0.0005947743128869751,0.0006970011479144239,0.0008735747720527446,0.0010873217907465013,0.0014125889931065657,0.0015612825713283095,0.003178325234489773,0.0021374701869375664,0.0026578977107136696,0.00320620528040635,0.0038381529878487607,0.004107660098375671,0.0040983667497368126,0.0040983667497368126,0.0038846197310430557,0.0037823928960156075,0.00366157936371044,0.0036429926664327222,0.0036336993177938635,0.003931086474237351,0.004107660098375671,0.004395753906180301,0.004163420190208826,0.004377167208902582,0.004962648173150698,0.004693141062623788,0.0047303144571792235,0.005975623174786327,0.008206026848112485,0.006468170652645854,0.007787826159363831,0.008949494739221204,0.010231976851383743,0.011310005293491385,0.01016692341091173,0.010724524329243269,0.009841656208551666,0.009079601620165228,0.008308253683139933,0.008317547031778791,0.007481145654281484,0.007667012627058663,0.007546199094753496,0.007174465149199136,0.007843586251196983,0.006588984184951021,0.006765557809089342,0.006449583955368136,0.007416092213809471,0.010836044512909577,0.010631590842854678
40071,0.0004460807346652313,0.0004367873860263723,0.0004646674319429493,0.0004832541292206673,0.0004925474778595262,0.0005204275237761033,0.0005947743128869751,0.0006970011479144239,0.0008735747720527446,0.0010873217907465013,0.0014125889931065657,0.0015612825713283095,0.003178325234489773,0.0021374701869375664,0.0026578977107136696,0.00320620528040635,0.0038381529878487607,0.004107660098375671,0.0040983667497368126,0.0040983667497368126,0.0038846197310430557,0.0037823928960156075,0.00366157936371044,0.0036429926664327222,0.0036336993177938635,0.003931086474237351,0.004107660098375671,0.004395753906180301,0.004163420190208826,0.004377167208902582,0.004962648173150698,0.004693141062623788,0.0047303144571792235,0.005975623174786327,0.008206026848112485,0.006468170652645854,0.007787826159363831,0.008949494739221204,0.010231976851383743,0.011310005293491385,0.01016692341091173,0.010724524329243269,0.009841656208551666,0.009079601620165228,0.008308253683139933,0.008317547031778791,0.007481145654281484,0.007667012627058663,0.007546199094753496,0.007174465149199136,0.007843586251196983,0.006588984184951021,0.006765557809089342,0.006449583955368136,0.007416092213809471,0.010836044512909577,0.010631590842854678
40073,0.0004460807346652313,0.0004367873860263723,0.0004646674319429493,0.0004832541292206673,0.0004925474778595262,0.0005204275237761033,0.0005947743128869751,0.0006970011479144239,0.0008735747720527446,0.0010873217907465013,0.0014125889931065657,0.0015612825713283095,0.003178325234489773,0.0021374701869375664,0.0026578977107136696,0.00320620528040635,0.0038381529878487607,0.004107660098375671,0.0040983667497368126,0.0040983667497368126,0.0038846197310430557,0.0037823928960156075,0.00366157936371044,0.0036429926664327222,0.0036336993177938635,0.003931086474237351,0.004107660098375671,0.004395753906180301,0.004163420190208826,0.004377167208902582,0.004962648173150698,0.004693141062623788,0.0047303144571792235,0.005975623174786327,0.008206026848112485,0.006468170652645854,0.007787826159363831,0.008949494739221204,0.010231976851383743,0.011310005293491385,0.01016692341091173,0.010724524329243269,0.009841656208551666,0.009079601620165228,0.008308253683139933,0.008317547031778791,0.007481145654281484,0.007667012627058663,0.007546199094753496,0.007174465149199136,0.007843586251196983,0.006588984184951021,0.006765557809089342,0.006449583955368136,0.007416092213809471,0.010836044512909577,0.010631590842854678
40075,0.0004460807346652313,0.0004367873860263723,0.0004646674319429493,0.0004832541292206673,0.0004925474778595262,0.0005204275237761033,0.0005947743128869751,0.0006970011479144239,0.0008735747720527446,0.0010873217907465013,0.0014125889931065657,0.0015612825713283095,0.003178325234489773,0.0021374701869375664,0.0026578977107136696,0.00320620528040635,0.0038381529878487607,0.004107660098375671,0.0040983667497368126,0.0040983667497368126,0.0038846197310430557,0.0037823928960156075,0.00366157936371044,0.0036429926664327222,0.0036336993177938635,0.003931086474237351,0.004107660098375671,0.004395753906180301,0.004163420190208826,0.004377167208902582,0.004962648173150698,0.004693141062623788,0.0047303144571792235,0.005975623174786327,0.008206026848112485,0.006468170652645854,0.007787826159363831,0.008949494739221204,0.010231976851383743,0.011310005293491385,0.01016692341091173,0.010724524329243269,0.009841656208551666,0.009079601620165228,0.008308253683139933,0.008317547031778791,0.007481145654281484,0.007667012627058663,0.007546199094753496,0.007174465149199136,0.007843586251196983,0.006588984184951021,0.006765557809089342,0.006449583955368136,0.007416092213809471,0.010836044512909577,0.010631590842854678
40077,0.0004460807346652313,0.0004367873860263723,0.0004646674319429493,0.0004832541292206673,0.0004925474778595262,0.0005204275237761033,0.0005947743128869751,0.0006970011479144239,0.0008735747720527446,0.0010873217907465013,0.0014125889931065657,0.0015612825713283095,0.003178325234489773,0.0021374701869375664,0.0026578977107136696,0.00320620528040635,0.0038381529878487607,0.004107660098375671,0.0040983667497368126,0.0040983667497368126,0.0038846197310430557,0.0037823928960156075,0.00366157936371044,0.0036429926664327222,0.0036336993177938635,0.003931086474237351,0.004107660098375671,0.004395753906180301,0.004163420190208826,0.004377167208902582,0.004962648173150698,0.004693141062623788,0.0047303144571792235,0.005975623174786327,0.008206026848112485,0.006468170652645854,0.007787826159363831,0.008949494739221204,0.010231976851383743,0.011310005293491385,0.01016692341091173,0.010724524329243269,0.009841656208551666,0.009079601620165228,0.008308253683139933,0.008317547031778791,0.007481145654281484,0.007667012627058663,0.007546199094753496,0.007174465149199136,0.007843586251196983,0.006588984184951021,0.006765557809089342,0.006449583955368136,0.007416092213809471,0.010836044512909577,0.010631590842854678
40079,0.0004460807346652313,0.0004367873860263723,0.0004646674319429493,0.0004832541292206673,0.0004925474778595262,0.0005204275237761033,0.0005947743128869751,0.0006970011479144239,0.0008735747720527446,0.0010873217907465013,0.0014125889931065657,0.0015612825713283095,0.003178325234489773,0.0021374701869375664,0.0026578977107136696,0.00320620528040635,0.0038381529878487607,0.004107660098375671,0.0040983667497368126,0.0040983667497368126,0.0038846197310430557,0.0037823928960156075,0.00366157936371044,0.0036429926664327222,0.0036336993177938635,0.003931086474237351,0.004107660098375671,0.004395753906180301,0.004163420190208826,0.004377167208902582,0.004962648173150698,0.004693141062623788,0.0047303144571792235,0.005975623174786327,0.008206026848112485,0.006468170652645854,0.007787826159363831,0.008949494739221204,0.010231976851383743,0.011310005293491385,0.01016692341091173,0.010724524329243269,0.009841656208551666,0.009079601620165228,0.008308253683139933,0.008317547031778791,0.007481145654281484,0.007667012627058663,0.007546199094753496,0.007174465149199136,0.007843586251196983,0.006588984184951021,0.006765557809089342,0.006449583955368136,0.007416092213809471,0.010836044512909577,0.010631590842854678
40081,0.0004460807346652313,0.0004367873860263723,0.0004646674319429493,0.0004832541292206673,0.0004925474778595262,0.0005204275237761033,0.0005947743128869751,0.0006970011479144239,0.0008735747720527446,0.0010873217907465013,0.0014125889931065657,0.0015612825713283095,0.003178325234489773,0.0021374701869375664,0.0026578977107136696,0.00320620528040635,0.0038381529878487607,0.004107660098375671,0.0040983667497368126,0.0040983667497368126,0.0038846197310430557,0.0037823928960156075,0.00366157936371044,0.0036429926664327222,0.0036336993177938635,0.003931086474237351,0.004107660098375671,0.004395753906180301,0.004163420190208826,0.004377167208902582,0.004962648173150698,0.004693141062623788,0.0047303144571792235,0.005975623174786327,0.008206026848112485,0.006468170652645854,0.007787826159363831,0.008949494739221204,0.010231976851383743,0.011310005293491385,0.01016692341091173,0.010724524329243269,0.009841656208551666,0.009079601620165228,0.008308253683139933,0.008317547031778791,0.007481145654281484,0.007667012627058663,0.007546199094753496,0.007174465149199136,0.007843586251196983,0.006588984184951021,0.006765557809089342,0.006449583955368136,0.007416092213809471,0.010836044512909577,0.010631590842854678
40083,0.0004460807346652313,0.0004367873860263723,0.0004646674319429493,0.0004832541292206673,0.0004925474778595262,0.0005204275237761033,0.0005947743128869751,0.0006970011479144239,0.0008735747720527446,0.0010873217907465013,0.0014125889931065657,0.0015612825713283095,0.003178325234489773,0.0021374701869375664,0.0026578977107136696,0.00320620528040635,0.0038381529878487607,0.004107660098375671,0.0040983667497368126,0.0040983667497368126,0.0038846197310430557,0.0037823928960156075,0.00366157936371044,0.0036429926664327222,0.0036336993177938635,0.003931086474237351,0.004107660098375671,0.004395753906180301,0.004163420190208826,0.004377167208902582,0.004962648173150698,0.004693141062623788,0.0047303144571792235,0.005975623174786327,0.008206026848112485,0.006468170652645854,0.007787826159363831,0.008949494739221204,0.010231976851383743,0.011310005293491385,0.01016692341091173,0.010724524329243269,0.009841656208551666,0.009079601620165228,0.008308253683139933,0.008317547031778791,0.007481145654281484,0.007667012627058663,0.007546199094753496,0.007174465149199136,0.007843586251196983,0.006588984184951021,0.006765557809089342,0.006449583955368136,0.007416092213809471,0.010836044512909577,0.010631590842854678
40085,0.0004460807346652313,0.0004367873860263723,0.0004646674319429493,0.0004832541292206673,0.0004925474778595262,0.0005204275237761033,0.0005947743128869751,0.0006970011479144239,0.0008735747720527446,0.0010873217907465013,0.0014125889931065657,0.0015612825713283095,0.003178325234489773,0.0021374701869375664,0.0026578977107136696,0.00320620528040635,0.0038381529878487607,0.004107660098375671,0.0040983667497368126,0.0040983667497368126,0.0038846197310430557,0.0037823928960156075,0.00366157936371044,0.0036429926664327222,0.0036336993177938635,0.003931086474237351,0.004107660098375671,0.004395753906180301,0.004163420190208826,0.004377167208902582,0.004962648173150698,0.004693141062623788,0.0047303144571792235,0.005975623174786327,0.008206026848112485,0.006468170652645854,0.007787826159363831,0.008949494739221204,0.010231976851383743,0.011310005293491385,0.01016692341091173,0.010724524329243269,0.009841656208551666,0.009079601620165228,0.008308253683139933,0.008317547031778791,0.007481145654281484,0.007667012627058663,0.007546199094753496,0.007174465149199136,0.007843586251196983,0.006588984184951021,0.006765557809089342,0.006449583955368136,0.007416092213809471,0.010836044512909577,0.010631590842854678
40087,0.0004460807346652313,0.0004367873860263723,0.0004646674319429493,0.0004832541292206673,0.0004925474778595262,0.0005204275237761033,0.0005947743128869751,0.0006970011479144239,0.0008735747720527446,0.0010873217907465013,0.0014125889931065657,0.0015612825713283095,0.003178325234489773,0.0021374701869375664,0.0026578977107136696,0.00320620528040635,0.0038381529878487607,0.004107660098375671,0.0040983667497368126,0.0040983667497368126,0.0038846197310430557,0.0037823928960156075,0.00366157936371044,0.0036429926664327222,0.0036336993177938635,0.003931086474237351,0.004107660098375671,0.004395753906180301,0.004163420190208826,0.004377167208902582,0.004962648173150698,0.004693141062623788,0.0047303144571792235,0.005975623174786327,0.008206026848112485,0.006468170652645854,0.007787826159363831,0.008949494739221204,0.010231976851383743,0.011310005293491385,0.01016692341091173,0.010724524329243269,0.009841656208551666,0.009079601620165228,0.008308253683139933,0.008317547031778791,0.007481145654281484,0.007667012627058663,0.007546199094753496,0.007174465149199136,0.007843586251196983,0.006588984184951021,0.006765557809089342,0.006449583955368136,0.007416092213809471,0.010836044512909577,0.010631590842854678
40089,0.0004460807346652313,0.0004367873860263723,0.0004646674319429493,0.0004832541292206673,0.0004925474778595262,0.0005204275237761033,0.0005947743128869751,0.0006970011479144239,0.0008735747720527446,0.0010873217907465013,0.0014125889931065657,0.0015612825713283095,0.003178325234489773,0.0021374701869375664,0.0026578977107136696,0.00320620528040635,0.0038381529878487607,0.004107660098375671,0.0040983667497368126,0.0040983667497368126,0.0038846197310430557,0.0037823928960156075,0.00366157936371044,0.0036429926664327222,0.0036336993177938635,0.003931086474237351,0.004107660098375671,0.004395753906180301,0.004163420190208826,0.004377167208902582,0.004962648173150698,0.004693141062623788,0.0047303144571792235,0.005975623174786327,0.008206026848112485,0.006468170652645854,0.007787826159363831,0.008949494739221204,0.010231976851383743,0.011310005293491385,0.01016692341091173,0.010724524329243269,0.009841656208551666,0.009079601620165228,0.008308253683139933,0.008317547031778791,0.007481145654281484,0.007667012627058663,0.007546199094753496,0.007174465149199136,0.007843586251196983,0.006588984184951021,0.006765557809089342,0.006449583955368136,0.007416092213809471,0.010836044512909577,0.010631590842854678
40091,0.0004460807346652313,0.0004367873860263723,0.0004646674319429493,0.0004832541292206673,0.0004925474778595262,0.0005204275237761033,0.0005947743128869751,0.0006970011479144239,0.0008735747720527446,0.0010873217907465013,0.0014125889931065657,0.0015612825713283095,0.003178325234489773,0.0021374701869375664,0.0026578977107136696,0.00320620528040635,0.0038381529878487607,0.004107660098375671,0.0040983667497368126,0.0040983667497368126,0.0038846197310430557,0.0037823928960156075,0.00366157936371044,0.0036429926664327222,0.0036336993177938635,0.003931086474237351,0.004107660098375671,0.004395753906180301,0.004163420190208826,0.004377167208902582,0.004962648173150698,0.004693141062623788,0.0047303144571792235,0.005975623174786327,0.008206026848112485,0.006468170652645854,0.007787826159363831,0.008949494739221204,0.010231976851383743,0.011310005293491385,0.01016692341091173,0.010724524329243269,0.009841656208551666,0.009079601620165228,0.008308253683139933,0.008317547031778791,0.007481145654281484,0.007667012627058663,0.007546199094753496,0.007174465149199136,0.007843586251196983,0.006588984184951021,0.006765557809089342,0.006449583955368136,0.007416092213809471,0.010836044512909577,0.010631590842854678
40093,0.0004460807346652313,0.0004367873860263723,0.0004646674319429493,0.0004832541292206673,0.0004925474778595262,0.0005204275237761033,0.0005947743128869751,0.0006970011479144239,0.0008735747720527446,0.0010873217907465013,0.0014125889931065657,0.0015612825713283095,0.003178325234489773,0.0021374701869375664,0.0026578977107136696,0.00320620528040635,0.0038381529878487607,0.004107660098375671,0.0040983667497368126,0.0040983667497368126,0.0038846197310430557,0.0037823928960156075,0.00366157936371044,0.0036429926664327222,0.0036336993177938635,0.003931086474237351,0.004107660098375671,0.004395753906180301,0.004163420190208826,0.004377167208902582,0.004962648173150698,0.004693141062623788,0.0047303144571792235,0.005975623174786327,0.008206026848112485,0.006468170652645854,0.007787826159363831,0.008949494739221204,0.010231976851383743,0.011310005293491385,0.01016692341091173,0.010724524329243269,0.009841656208551666,0.009079601620165228,0.008308253683139933,0.008317547031778791,0.007481145654281484,0.007667012627058663,0.007546199094753496,0.007174465149199136,0.007843586251196983,0.006588984184951021,0.006765557809089342,0.006449583955368136,0.007416092213809471,0.010836044512909577,0.010631590842854678
40095,0.0004460807346652313,0.0004367873860263723,0.0004646674319429493,0.0004832541292206673,0.0004925474778595262,0.0005204275237761033,0.0005947743128869751,0.0006970011479144239,0.0008735747720527446,0.0010873217907465013,0.0014125889931065657,0.0015612825713283095,0.003178325234489773,0.0021374701869375664,0.0026578977107136696,0.00320620528040635,0.0038381529878487607,0.004107660098375671,0.0040983667497368126,0.0040983667497368126,0.0038846197310430557,0.0037823928960156075,0.00366157936371044,0.0036429926664327222,0.0036336993177938635,0.003931086474237351,0.004107660098375671,0.004395753906180301,0.004163420190208826,0.004377167208902582,0.004962648173150698,0.004693141062623788,0.0047303144571792235,0.005975623174786327,0.008206026848112485,0.006468170652645854,0.007787826159363831,0.008949494739221204,0.010231976851383743,0.011310005293491385,0.01016692341091173,0.010724524329243269,0.009841656208551666,0.009079601620165228,0.008308253683139933,0.008317547031778791,0.007481145654281484,0.007667012627058663,0.007546199094753496,0.007174465149199136,0.007843586251196983,0.006588984184951021,0.006765557809089342,0.006449583955368136,0.007416092213809471,0.010836044512909577,0.010631590842854678
40097,0.0004460807346652313,0.0004367873860263723,0.0004646674319429493,0.0004832541292206673,0.0004925474778595262,0.0005204275237761033,0.0005947743128869751,0.0006970011479144239,0.0008735747720527446,0.0010873217907465013,0.0014125889931065657,0.0015612825713283095,0.003178325234489773,0.0021374701869375664,0.0026578977107136696,0.00320620528040635,0.0038381529878487607,0.004107660098375671,0.0040983667497368126,0.0040983667497368126,0.0038846197310430557,0.0037823928960156075,0.00366157936371044,0.0036429926664327222,0.0036336993177938635,0.003931086474237351,0.004107660098375671,0.004395753906180301,0.004163420190208826,0.004377167208902582,0.004962648173150698,0.004693141062623788,0.0047303144571792235,0.005975623174786327,0.008206026848112485,0.006468170652645854,0.007787826159363831,0.008949494739221204,0.010231976851383743,0.011310005293491385,0.01016692341091173,0.010724524329243269,0.009841656208551666,0.009079601620165228,0.008308253683139933,0.008317547031778791,0.007481145654281484,0.007667012627058663,0.007546199094753496,0.007174465149199136,0.007843586251196983,0.006588984184951021,0.006765557809089342,0.006449583955368136,0.007416092213809471,0.010836044512909577,0.010631590842854678
40099,0.0004460807346652313,0.0004367873860263723,0.0004646674319429493,0.0004832541292206673,0.0004925474778595262,0.0005204275237761033,0.0005947743128869751,0.0006970011479144239,0.0008735747720527446,0.0010873217907465013,0.0014125889931065657,0.0015612825713283095,0.003178325234489773,0.0021374701869375664,0.0026578977107136696,0.00320620528040635,0.0038381529878487607,0.004107660098375671,0.0040983667497368126,0.0040983667497368126,0.0038846197310430557,0.0037823928960156075,0.00366157936371044,0.0036429926664327222,0.0036336993177938635,0.003931086474237351,0.004107660098375671,0.004395753906180301,0.004163420190208826,0.004377167208902582,0.004962648173150698,0.004693141062623788,0.0047303144571792235,0.005975623174786327,0.008206026848112485,0.006468170652645854,0.007787826159363831,0.008949494739221204,0.010231976851383743,0.011310005293491385,0.01016692341091173,0.010724524329243269,0.009841656208551666,0.009079601620165228,0.008308253683139933,0.008317547031778791,0.007481145654281484,0.007667012627058663,0.007546199094753496,0.007174465149199136,0.007843586251196983,0.006588984184951021,0.006765557809089342,0.006449583955368136,0.007416092213809471,0.010836044512909577,0.010631590842854678
40101,0.0004460807346652313,0.0004367873860263723,0.0004646674319429493,0.0004832541292206673,0.0004925474778595262,0.0005204275237761033,0.0005947743128869751,0.0006970011479144239,0.0008735747720527446,0.0010873217907465013,0.0014125889931065657,0.0015612825713283095,0.003178325234489773,0.0021374701869375664,0.0026578977107136696,0.00320620528040635,0.0038381529878487607,0.004107660098375671,0.0040983667497368126,0.0040983667497368126,0.0038846197310430557,0.0037823928960156075,0.00366157936371044,0.0036429926664327222,0.0036336993177938635,0.003931086474237351,0.004107660098375671,0.004395753906180301,0.004163420190208826,0.004377167208902582,0.004962648173150698,0.004693141062623788,0.0047303144571792235,0.005975623174786327,0.008206026848112485,0.006468170652645854,0.007787826159363831,0.008949494739221204,0.010231976851383743,0.011310005293491385,0.01016692341091173,0.010724524329243269,0.009841656208551666,0.009079601620165228,0.008308253683139933,0.008317547031778791,0.007481145654281484,0.007667012627058663,0.007546199094753496,0.007174465149199136,0.007843586251196983,0.006588984184951021,0.006765557809089342,0.006449583955368136,0.007416092213809471,0.010836044512909577,0.010631590842854678
40103,0.0004460807346652313,0.0004367873860263723,0.0004646674319429493,0.0004832541292206673,0.0004925474778595262,0.0005204275237761033,0.0005947743128869751,0.0006970011479144239,0.0008735747720527446,0.0010873217907465013,0.0014125889931065657,0.0015612825713283095,0.003178325234489773,0.0021374701869375664,0.0026578977107136696,0.00320620528040635,0.0038381529878487607,0.004107660098375671,0.0040983667497368126,0.0040983667497368126,0.0038846197310430557,0.0037823928960156075,0.00366157936371044,0.0036429926664327222,0.0036336993177938635,0.003931086474237351,0.004107660098375671,0.004395753906180301,0.004163420190208826,0.004377167208902582,0.004962648173150698,0.004693141062623788,0.0047303144571792235,0.005975623174786327,0.008206026848112485,0.006468170652645854,0.007787826159363831,0.008949494739221204,0.010231976851383743,0.011310005293491385,0.01016692341091173,0.010724524329243269,0.009841656208551666,0.009079601620165228,0.008308253683139933,0.008317547031778791,0.007481145654281484,0.007667012627058663,0.007546199094753496,0.007174465149199136,0.007843586251196983,0.006588984184951021,0.006765557809089342,0.006449583955368136,0.007416092213809471,0.010836044512909577,0.010631590842854678
40105,0.0004460807346652313,0.0004367873860263723,0.0004646674319429493,0.0004832541292206673,0.0004925474778595262,0.0005204275237761033,0.0005947743128869751,0.0006970011479144239,0.0008735747720527446,0.0010873217907465013,0.0014125889931065657,0.0015612825713283095,0.003178325234489773,0.0021374701869375664,0.0026578977107136696,0.00320620528040635,0.0038381529878487607,0.004107660098375671,0.0040983667497368126,0.0040983667497368126,0.0038846197310430557,0.0037823928960156075,0.00366157936371044,0.0036429926664327222,0.0036336993177938635,0.003931086474237351,0.004107660098375671,0.004395753906180301,0.004163420190208826,0.004377167208902582,0.004962648173150698,0.004693141062623788,0.0047303144571792235,0.005975623174786327,0.008206026848112485,0.006468170652645854,0.007787826159363831,0.008949494739221204,0.010231976851383743,0.011310005293491385,0.01016692341091173,0.010724524329243269,0.009841656208551666,0.009079601620165228,0.008308253683139933,0.008317547031778791,0.007481145654281484,0.007667012627058663,0.007546199094753496,0.007174465149199136,0.007843586251196983,0.006588984184951021,0.006765557809089342,0.006449583955368136,0.007416092213809471,0.010836044512909577,0.010631590842854678
40107,0.0004460807346652313,0.0004367873860263723,0.0004646674319429493,0.0004832541292206673,0.0004925474778595262,0.0005204275237761033,0.0005947743128869751,0.0006970011479144239,0.0008735747720527446,0.0010873217907465013,0.0014125889931065657,0.0015612825713283095,0.003178325234489773,0.0021374701869375664,0.0026578977107136696,0.00320620528040635,0.0038381529878487607,0.004107660098375671,0.0040983667497368126,0.0040983667497368126,0.0038846197310430557,0.0037823928960156075,0.00366157936371044,0.0036429926664327222,0.0036336993177938635,0.003931086474237351,0.004107660098375671,0.004395753906180301,0.004163420190208826,0.004377167208902582,0.004962648173150698,0.004693141062623788,0.0047303144571792235,0.005975623174786327,0.008206026848112485,0.006468170652645854,0.007787826159363831,0.008949494739221204,0.010231976851383743,0.011310005293491385,0.01016692341091173,0.010724524329243269,0.009841656208551666,0.009079601620165228,0.008308253683139933,0.008317547031778791,0.007481145654281484,0.007667012627058663,0.007546199094753496,0.007174465149199136,0.007843586251196983,0.006588984184951021,0.006765557809089342,0.006449583955368136,0.007416092213809471,0.010836044512909577,0.010631590842854678
40109,0.0004460807346652313,0.0004367873860263723,0.0004646674319429493,0.0004832541292206673,0.0004925474778595262,0.0005204275237761033,0.0005947743128869751,0.0006970011479144239,0.0008735747720527446,0.0010873217907465013,0.0014125889931065657,0.0015612825713283095,0.003178325234489773,0.0021374701869375664,0.0026578977107136696,0.00320620528040635,0.0038381529878487607,0.004107660098375671,0.0040983667497368126,0.0040983667497368126,0.0038846197310430557,0.0037823928960156075,0.00366157936371044,0.0036429926664327222,0.0036336993177938635,0.003931086474237351,0.004107660098375671,0.004395753906180301,0.004163420190208826,0.004377167208902582,0.004962648173150698,0.004693141062623788,0.0047303144571792235,0.005975623174786327,0.008206026848112485,0.006468170652645854,0.007787826159363831,0.008949494739221204,0.010231976851383743,0.011310005293491385,0.01016692341091173,0.010724524329243269,0.009841656208551666,0.009079601620165228,0.008308253683139933,0.008317547031778791,0.007481145654281484,0.007667012627058663,0.007546199094753496,0.007174465149199136,0.007843586251196983,0.006588984184951021,0.006765557809089342,0.006449583955368136,0.007416092213809471,0.010836044512909577,0.010631590842854678
40111,0.0004460807346652313,0.0004367873860263723,0.0004646674319429493,0.0004832541292206673,0.0004925474778595262,0.0005204275237761033,0.0005947743128869751,0.0006970011479144239,0.0008735747720527446,0.0010873217907465013,0.0014125889931065657,0.0015612825713283095,0.003178325234489773,0.0021374701869375664,0.0026578977107136696,0.00320620528040635,0.0038381529878487607,0.004107660098375671,0.0040983667497368126,0.0040983667497368126,0.0038846197310430557,0.0037823928960156075,0.00366157936371044,0.0036429926664327222,0.0036336993177938635,0.003931086474237351,0.004107660098375671,0.004395753906180301,0.004163420190208826,0.004377167208902582,0.004962648173150698,0.004693141062623788,0.0047303144571792235,0.005975623174786327,0.008206026848112485,0.006468170652645854,0.007787826159363831,0.008949494739221204,0.010231976851383743,0.011310005293491385,0.01016692341091173,0.010724524329243269,0.009841656208551666,0.009079601620165228,0.008308253683139933,0.008317547031778791,0.007481145654281484,0.007667012627058663,0.007546199094753496,0.007174465149199136,0.007843586251196983,0.006588984184951021,0.006765557809089342,0.006449583955368136,0.007416092213809471,0.010836044512909577,0.010631590842854678
40113,0.0004460807346652313,0.0004367873860263723,0.0004646674319429493,0.0004832541292206673,0.0004925474778595262,0.0005204275237761033,0.0005947743128869751,0.0006970011479144239,0.0008735747720527446,0.0010873217907465013,0.0014125889931065657,0.0015612825713283095,0.003178325234489773,0.0021374701869375664,0.0026578977107136696,0.00320620528040635,0.0038381529878487607,0.004107660098375671,0.0040983667497368126,0.0040983667497368126,0.0038846197310430557,0.0037823928960156075,0.00366157936371044,0.0036429926664327222,0.0036336993177938635,0.003931086474237351,0.004107660098375671,0.004395753906180301,0.004163420190208826,0.004377167208902582,0.004962648173150698,0.004693141062623788,0.0047303144571792235,0.005975623174786327,0.008206026848112485,0.006468170652645854,0.007787826159363831,0.008949494739221204,0.010231976851383743,0.011310005293491385,0.01016692341091173,0.010724524329243269,0.009841656208551666,0.009079601620165228,0.008308253683139933,0.008317547031778791,0.007481145654281484,0.007667012627058663,0.007546199094753496,0.007174465149199136,0.007843586251196983,0.006588984184951021,0.006765557809089342,0.006449583955368136,0.007416092213809471,0.010836044512909577,0.010631590842854678
40115,0.0004460807346652313,0.0004367873860263723,0.0004646674319429493,0.0004832541292206673,0.0004925474778595262,0.0005204275237761033,0.0005947743128869751,0.0006970011479144239,0.0008735747720527446,0.0010873217907465013,0.0014125889931065657,0.0015612825713283095,0.003178325234489773,0.0021374701869375664,0.0026578977107136696,0.00320620528040635,0.0038381529878487607,0.004107660098375671,0.0040983667497368126,0.0040983667497368126,0.0038846197310430557,0.0037823928960156075,0.00366157936371044,0.0036429926664327222,0.0036336993177938635,0.003931086474237351,0.004107660098375671,0.004395753906180301,0.004163420190208826,0.004377167208902582,0.004962648173150698,0.004693141062623788,0.0047303144571792235,0.005975623174786327,0.008206026848112485,0.006468170652645854,0.007787826159363831,0.008949494739221204,0.010231976851383743,0.011310005293491385,0.01016692341091173,0.010724524329243269,0.009841656208551666,0.009079601620165228,0.008308253683139933,0.008317547031778791,0.007481145654281484,0.007667012627058663,0.007546199094753496,0.007174465149199136,0.007843586251196983,0.006588984184951021,0.006765557809089342,0.006449583955368136,0.007416092213809471,0.010836044512909577,0.010631590842854678
40117,0.0004460807346652313,0.0004367873860263723,0.0004646674319429493,0.0004832541292206673,0.0004925474778595262,0.0005204275237761033,0.0005947743128869751,0.0006970011479144239,0.0008735747720527446,0.0010873217907465013,0.0014125889931065657,0.0015612825713283095,0.003178325234489773,0.0021374701869375664,0.0026578977107136696,0.00320620528040635,0.0038381529878487607,0.004107660098375671,0.0040983667497368126,0.0040983667497368126,0.0038846197310430557,0.0037823928960156075,0.00366157936371044,0.0036429926664327222,0.0036336993177938635,0.003931086474237351,0.004107660098375671,0.004395753906180301,0.004163420190208826,0.004377167208902582,0.004962648173150698,0.004693141062623788,0.0047303144571792235,0.005975623174786327,0.008206026848112485,0.006468170652645854,0.007787826159363831,0.008949494739221204,0.010231976851383743,0.011310005293491385,0.01016692341091173,0.010724524329243269,0.009841656208551666,0.009079601620165228,0.008308253683139933,0.008317547031778791,0.007481145654281484,0.007667012627058663,0.007546199094753496,0.007174465149199136,0.007843586251196983,0.006588984184951021,0.006765557809089342,0.006449583955368136,0.007416092213809471,0.010836044512909577,0.010631590842854678
40119,0.0004460807346652313,0.0004367873860263723,0.0004646674319429493,0.0004832541292206673,0.0004925474778595262,0.0005204275237761033,0.0005947743128869751,0.0006970011479144239,0.0008735747720527446,0.0010873217907465013,0.0014125889931065657,0.0015612825713283095,0.003178325234489773,0.0021374701869375664,0.0026578977107136696,0.00320620528040635,0.0038381529878487607,0.004107660098375671,0.0040983667497368126,0.0040983667497368126,0.0038846197310430557,0.0037823928960156075,0.00366157936371044,0.0036429926664327222,0.0036336993177938635,0.003931086474237351,0.004107660098375671,0.004395753906180301,0.004163420190208826,0.004377167208902582,0.004962648173150698,0.004693141062623788,0.0047303144571792235,0.005975623174786327,0.008206026848112485,0.006468170652645854,0.007787826159363831,0.008949494739221204,0.010231976851383743,0.011310005293491385,0.01016692341091173,0.010724524329243269,0.009841656208551666,0.009079601620165228,0.008308253683139933,0.008317547031778791,0.007481145654281484,0.007667012627058663,0.007546199094753496,0.007174465149199136,0.007843586251196983,0.006588984184951021,0.006765557809089342,0.006449583955368136,0.007416092213809471,0.010836044512909577,0.010631590842854678
40121,0.0004460807346652313,0.0004367873860263723,0.0004646674319429493,0.0004832541292206673,0.0004925474778595262,0.0005204275237761033,0.0005947743128869751,0.0006970011479144239,0.0008735747720527446,0.0010873217907465013,0.0014125889931065657,0.0015612825713283095,0.003178325234489773,0.0021374701869375664,0.0026578977107136696,0.00320620528040635,0.0038381529878487607,0.004107660098375671,0.0040983667497368126,0.0040983667497368126,0.0038846197310430557,0.0037823928960156075,0.00366157936371044,0.0036429926664327222,0.0036336993177938635,0.003931086474237351,0.004107660098375671,0.004395753906180301,0.004163420190208826,0.004377167208902582,0.004962648173150698,0.004693141062623788,0.0047303144571792235,0.005975623174786327,0.008206026848112485,0.006468170652645854,0.007787826159363831,0.008949494739221204,0.010231976851383743,0.011310005293491385,0.01016692341091173,0.010724524329243269,0.009841656208551666,0.009079601620165228,0.008308253683139933,0.008317547031778791,0.007481145654281484,0.007667012627058663,0.007546199094753496,0.007174465149199136,0.007843586251196983,0.006588984184951021,0.006765557809089342,0.006449583955368136,0.007416092213809471,0.010836044512909577,0.010631590842854678
40123,0.0004460807346652313,0.0004367873860263723,0.0004646674319429493,0.0004832541292206673,0.0004925474778595262,0.0005204275237761033,0.0005947743128869751,0.0006970011479144239,0.0008735747720527446,0.0010873217907465013,0.0014125889931065657,0.0015612825713283095,0.003178325234489773,0.0021374701869375664,0.0026578977107136696,0.00320620528040635,0.0038381529878487607,0.004107660098375671,0.0040983667497368126,0.0040983667497368126,0.0038846197310430557,0.0037823928960156075,0.00366157936371044,0.0036429926664327222,0.0036336993177938635,0.003931086474237351,0.004107660098375671,0.004395753906180301,0.004163420190208826,0.004377167208902582,0.004962648173150698,0.004693141062623788,0.0047303144571792235,0.005975623174786327,0.008206026848112485,0.006468170652645854,0.007787826159363831,0.008949494739221204,0.010231976851383743,0.011310005293491385,0.01016692341091173,0.010724524329243269,0.009841656208551666,0.009079601620165228,0.008308253683139933,0.008317547031778791,0.007481145654281484,0.007667012627058663,0.007546199094753496,0.007174465149199136,0.007843586251196983,0.006588984184951021,0.006765557809089342,0.006449583955368136,0.007416092213809471,0.010836044512909577,0.010631590842854678
40125,0.0004460807346652313,0.0004367873860263723,0.0004646674319429493,0.0004832541292206673,0.0004925474778595262,0.0005204275237761033,0.0005947743128869751,0.0006970011479144239,0.0008735747720527446,0.0010873217907465013,0.0014125889931065657,0.0015612825713283095,0.003178325234489773,0.0021374701869375664,0.0026578977107136696,0.00320620528040635,0.0038381529878487607,0.004107660098375671,0.0040983667497368126,0.0040983667497368126,0.0038846197310430557,0.0037823928960156075,0.00366157936371044,0.0036429926664327222,0.0036336993177938635,0.003931086474237351,0.004107660098375671,0.004395753906180301,0.004163420190208826,0.004377167208902582,0.004962648173150698,0.004693141062623788,0.0047303144571792235,0.005975623174786327,0.008206026848112485,0.006468170652645854,0.007787826159363831,0.008949494739221204,0.010231976851383743,0.011310005293491385,0.01016692341091173,0.010724524329243269,0.009841656208551666,0.009079601620165228,0.008308253683139933,0.008317547031778791,0.007481145654281484,0.007667012627058663,0.007546199094753496,0.007174465149199136,0.007843586251196983,0.006588984184951021,0.006765557809089342,0.006449583955368136,0.007416092213809471,0.010836044512909577,0.010631590842854678
40127,0.0004460807346652313,0.0004367873860263723,0.0004646674319429493,0.0004832541292206673,0.0004925474778595262,0.0005204275237761033,0.0005947743128869751,0.0006970011479144239,0.0008735747720527446,0.0010873217907465013,0.0014125889931065657,0.0015612825713283095,0.003178325234489773,0.0021374701869375664,0.0026578977107136696,0.00320620528040635,0.0038381529878487607,0.004107660098375671,0.0040983667497368126,0.0040983667497368126,0.0038846197310430557,0.0037823928960156075,0.00366157936371044,0.0036429926664327222,0.0036336993177938635,0.003931086474237351,0.004107660098375671,0.004395753906180301,0.004163420190208826,0.004377167208902582,0.004962648173150698,0.004693141062623788,0.0047303144571792235,0.005975623174786327,0.008206026848112485,0.006468170652645854,0.007787826159363831,0.008949494739221204,0.010231976851383743,0.011310005293491385,0.01016692341091173,0.010724524329243269,0.009841656208551666,0.009079601620165228,0.008308253683139933,0.008317547031778791,0.007481145654281484,0.007667012627058663,0.007546199094753496,0.007174465149199136,0.007843586251196983,0.006588984184951021,0.006765557809089342,0.006449583955368136,0.007416092213809471,0.010836044512909577,0.010631590842854678
40129,0.0004460807346652313,0.0004367873860263723,0.0004646674319429493,0.0004832541292206673,0.0004925474778595262,0.0005204275237761033,0.0005947743128869751,0.0006970011479144239,0.0008735747720527446,0.0010873217907465013,0.0014125889931065657,0.0015612825713283095,0.003178325234489773,0.0021374701869375664,0.0026578977107136696,0.00320620528040635,0.0038381529878487607,0.004107660098375671,0.0040983667497368126,0.0040983667497368126,0.0038846197310430557,0.0037823928960156075,0.00366157936371044,0.0036429926664327222,0.0036336993177938635,0.003931086474237351,0.004107660098375671,0.004395753906180301,0.004163420190208826,0.004377167208902582,0.004962648173150698,0.004693141062623788,0.0047303144571792235,0.005975623174786327,0.008206026848112485,0.006468170652645854,0.007787826159363831,0.008949494739221204,0.010231976851383743,0.011310005293491385,0.01016692341091173,0.010724524329243269,0.009841656208551666,0.009079601620165228,0.008308253683139933,0.008317547031778791,0.007481145654281484,0.007667012627058663,0.007546199094753496,0.007174465149199136,0.007843586251196983,0.006588984184951021,0.006765557809089342,0.006449583955368136,0.007416092213809471,0.010836044512909577,0.010631590842854678
40131,0.0004460807346652313,0.0004367873860263723,0.0004646674319429493,0.0004832541292206673,0.0004925474778595262,0.0005204275237761033,0.0005947743128869751,0.0006970011479144239,0.0008735747720527446,0.0010873217907465013,0.0014125889931065657,0.0015612825713283095,0.003178325234489773,0.0021374701869375664,0.0026578977107136696,0.00320620528040635,0.0038381529878487607,0.004107660098375671,0.0040983667497368126,0.0040983667497368126,0.0038846197310430557,0.0037823928960156075,0.00366157936371044,0.0036429926664327222,0.0036336993177938635,0.003931086474237351,0.004107660098375671,0.004395753906180301,0.004163420190208826,0.004377167208902582,0.004962648173150698,0.004693141062623788,0.0047303144571792235,0.005975623174786327,0.008206026848112485,0.006468170652645854,0.007787826159363831,0.008949494739221204,0.010231976851383743,0.011310005293491385,0.01016692341091173,0.010724524329243269,0.009841656208551666,0.009079601620165228,0.008308253683139933,0.008317547031778791,0.007481145654281484,0.007667012627058663,0.007546199094753496,0.007174465149199136,0.007843586251196983,0.006588984184951021,0.006765557809089342,0.006449583955368136,0.007416092213809471,0.010836044512909577,0.010631590842854678
40133,0.0004460807346652313,0.0004367873860263723,0.0004646674319429493,0.0004832541292206673,0.0004925474778595262,0.0005204275237761033,0.0005947743128869751,0.0006970011479144239,0.0008735747720527446,0.0010873217907465013,0.0014125889931065657,0.0015612825713283095,0.003178325234489773,0.0021374701869375664,0.0026578977107136696,0.00320620528040635,0.0038381529878487607,0.004107660098375671,0.0040983667497368126,0.0040983667497368126,0.0038846197310430557,0.0037823928960156075,0.00366157936371044,0.0036429926664327222,0.0036336993177938635,0.003931086474237351,0.004107660098375671,0.004395753906180301,0.004163420190208826,0.004377167208902582,0.004962648173150698,0.004693141062623788,0.0047303144571792235,0.005975623174786327,0.008206026848112485,0.006468170652645854,0.007787826159363831,0.008949494739221204,0.010231976851383743,0.011310005293491385,0.01016692341091173,0.010724524329243269,0.009841656208551666,0.009079601620165228,0.008308253683139933,0.008317547031778791,0.007481145654281484,0.007667012627058663,0.007546199094753496,0.007174465149199136,0.007843586251196983,0.006588984184951021,0.006765557809089342,0.006449583955368136,0.007416092213809471,0.010836044512909577,0.010631590842854678
40135,0.0004460807346652313,0.0004367873860263723,0.0004646674319429493,0.0004832541292206673,0.0004925474778595262,0.0005204275237761033,0.0005947743128869751,0.0006970011479144239,0.0008735747720527446,0.0010873217907465013,0.0014125889931065657,0.0015612825713283095,0.003178325234489773,0.0021374701869375664,0.0026578977107136696,0.00320620528040635,0.0038381529878487607,0.004107660098375671,0.0040983667497368126,0.0040983667497368126,0.0038846197310430557,0.0037823928960156075,0.00366157936371044,0.0036429926664327222,0.0036336993177938635,0.003931086474237351,0.004107660098375671,0.004395753906180301,0.004163420190208826,0.004377167208902582,0.004962648173150698,0.004693141062623788,0.0047303144571792235,0.005975623174786327,0.008206026848112485,0.006468170652645854,0.007787826159363831,0.008949494739221204,0.010231976851383743,0.011310005293491385,0.01016692341091173,0.010724524329243269,0.009841656208551666,0.009079601620165228,0.008308253683139933,0.008317547031778791,0.007481145654281484,0.007667012627058663,0.007546199094753496,0.007174465149199136,0.007843586251196983,0.006588984184951021,0.006765557809089342,0.006449583955368136,0.007416092213809471,0.010836044512909577,0.010631590842854678
40137,0.0004460807346652313,0.0004367873860263723,0.0004646674319429493,0.0004832541292206673,0.0004925474778595262,0.0005204275237761033,0.0005947743128869751,0.0006970011479144239,0.0008735747720527446,0.0010873217907465013,0.0014125889931065657,0.0015612825713283095,0.003178325234489773,0.0021374701869375664,0.0026578977107136696,0.00320620528040635,0.0038381529878487607,0.004107660098375671,0.0040983667497368126,0.0040983667497368126,0.0038846197310430557,0.0037823928960156075,0.00366157936371044,0.0036429926664327222,0.0036336993177938635,0.003931086474237351,0.004107660098375671,0.004395753906180301,0.004163420190208826,0.004377167208902582,0.004962648173150698,0.004693141062623788,0.0047303144571792235,0.005975623174786327,0.008206026848112485,0.006468170652645854,0.007787826159363831,0.008949494739221204,0.010231976851383743,0.011310005293491385,0.01016692341091173,0.010724524329243269,0.009841656208551666,0.009079601620165228,0.008308253683139933,0.008317547031778791,0.007481145654281484,0.007667012627058663,0.007546199094753496,0.007174465149199136,0.007843586251196983,0.006588984184951021,0.006765557809089342,0.006449583955368136,0.007416092213809471,0.010836044512909577,0.010631590842854678
40139,0.0004460807346652313,0.0004367873860263723,0.0004646674319429493,0.0004832541292206673,0.0004925474778595262,0.0005204275237761033,0.0005947743128869751,0.0006970011479144239,0.0008735747720527446,0.0010873217907465013,0.0014125889931065657,0.0015612825713283095,0.003178325234489773,0.0021374701869375664,0.0026578977107136696,0.00320620528040635,0.0038381529878487607,0.004107660098375671,0.0040983667497368126,0.0040983667497368126,0.0038846197310430557,0.0037823928960156075,0.00366157936371044,0.0036429926664327222,0.0036336993177938635,0.003931086474237351,0.004107660098375671,0.004395753906180301,0.004163420190208826,0.004377167208902582,0.004962648173150698,0.004693141062623788,0.0047303144571792235,0.005975623174786327,0.008206026848112485,0.006468170652645854,0.007787826159363831,0.008949494739221204,0.010231976851383743,0.011310005293491385,0.01016692341091173,0.010724524329243269,0.009841656208551666,0.009079601620165228,0.008308253683139933,0.008317547031778791,0.007481145654281484,0.007667012627058663,0.007546199094753496,0.007174465149199136,0.007843586251196983,0.006588984184951021,0.006765557809089342,0.006449583955368136,0.007416092213809471,0.010836044512909577,0.010631590842854678
40141,0.0004460807346652313,0.0004367873860263723,0.0004646674319429493,0.0004832541292206673,0.0004925474778595262,0.0005204275237761033,0.0005947743128869751,0.0006970011479144239,0.0008735747720527446,0.0010873217907465013,0.0014125889931065657,0.0015612825713283095,0.003178325234489773,0.0021374701869375664,0.0026578977107136696,0.00320620528040635,0.0038381529878487607,0.004107660098375671,0.0040983667497368126,0.0040983667497368126,0.0038846197310430557,0.0037823928960156075,0.00366157936371044,0.0036429926664327222,0.0036336993177938635,0.003931086474237351,0.004107660098375671,0.004395753906180301,0.004163420190208826,0.004377167208902582,0.004962648173150698,0.004693141062623788,0.0047303144571792235,0.005975623174786327,0.008206026848112485,0.006468170652645854,0.007787826159363831,0.008949494739221204,0.010231976851383743,0.011310005293491385,0.01016692341091173,0.010724524329243269,0.009841656208551666,0.009079601620165228,0.008308253683139933,0.008317547031778791,0.007481145654281484,0.007667012627058663,0.007546199094753496,0.007174465149199136,0.007843586251196983,0.006588984184951021,0.006765557809089342,0.006449583955368136,0.007416092213809471,0.010836044512909577,0.010631590842854678
40143,0.0004460807346652313,0.0004367873860263723,0.0004646674319429493,0.0004832541292206673,0.0004925474778595262,0.0005204275237761033,0.0005947743128869751,0.0006970011479144239,0.0008735747720527446,0.0010873217907465013,0.0014125889931065657,0.0015612825713283095,0.003178325234489773,0.0021374701869375664,0.0026578977107136696,0.00320620528040635,0.0038381529878487607,0.004107660098375671,0.0040983667497368126,0.0040983667497368126,0.0038846197310430557,0.0037823928960156075,0.00366157936371044,0.0036429926664327222,0.0036336993177938635,0.003931086474237351,0.004107660098375671,0.004395753906180301,0.004163420190208826,0.004377167208902582,0.004962648173150698,0.004693141062623788,0.0047303144571792235,0.005975623174786327,0.008206026848112485,0.006468170652645854,0.007787826159363831,0.008949494739221204,0.010231976851383743,0.011310005293491385,0.01016692341091173,0.010724524329243269,0.009841656208551666,0.009079601620165228,0.008308253683139933,0.008317547031778791,0.007481145654281484,0.007667012627058663,0.007546199094753496,0.007174465149199136,0.007843586251196983,0.006588984184951021,0.006765557809089342,0.006449583955368136,0.007416092213809471,0.010836044512909577,0.010631590842854678
40145,0.0004460807346652313,0.0004367873860263723,0.0004646674319429493,0.0004832541292206673,0.0004925474778595262,0.0005204275237761033,0.0005947743128869751,0.0006970011479144239,0.0008735747720527446,0.0010873217907465013,0.0014125889931065657,0.0015612825713283095,0.003178325234489773,0.0021374701869375664,0.0026578977107136696,0.00320620528040635,0.0038381529878487607,0.004107660098375671,0.0040983667497368126,0.0040983667497368126,0.0038846197310430557,0.0037823928960156075,0.00366157936371044,0.0036429926664327222,0.0036336993177938635,0.003931086474237351,0.004107660098375671,0.004395753906180301,0.004163420190208826,0.004377167208902582,0.004962648173150698,0.004693141062623788,0.0047303144571792235,0.005975623174786327,0.008206026848112485,0.006468170652645854,0.007787826159363831,0.008949494739221204,0.010231976851383743,0.011310005293491385,0.01016692341091173,0.010724524329243269,0.009841656208551666,0.009079601620165228,0.008308253683139933,0.008317547031778791,0.007481145654281484,0.007667012627058663,0.007546199094753496,0.007174465149199136,0.007843586251196983,0.006588984184951021,0.006765557809089342,0.006449583955368136,0.007416092213809471,0.010836044512909577,0.010631590842854678
40147,0.0004460807346652313,0.0004367873860263723,0.0004646674319429493,0.0004832541292206673,0.0004925474778595262,0.0005204275237761033,0.0005947743128869751,0.0006970011479144239,0.0008735747720527446,0.0010873217907465013,0.0014125889931065657,0.0015612825713283095,0.003178325234489773,0.0021374701869375664,0.0026578977107136696,0.00320620528040635,0.0038381529878487607,0.004107660098375671,0.0040983667497368126,0.0040983667497368126,0.0038846197310430557,0.0037823928960156075,0.00366157936371044,0.0036429926664327222,0.0036336993177938635,0.003931086474237351,0.004107660098375671,0.004395753906180301,0.004163420190208826,0.004377167208902582,0.004962648173150698,0.004693141062623788,0.0047303144571792235,0.005975623174786327,0.008206026848112485,0.006468170652645854,0.007787826159363831,0.008949494739221204,0.010231976851383743,0.011310005293491385,0.01016692341091173,0.010724524329243269,0.009841656208551666,0.009079601620165228,0.008308253683139933,0.008317547031778791,0.007481145654281484,0.007667012627058663,0.007546199094753496,0.007174465149199136,0.007843586251196983,0.006588984184951021,0.006765557809089342,0.006449583955368136,0.007416092213809471,0.010836044512909577,0.010631590842854678
40149,0.0004460807346652313,0.0004367873860263723,0.0004646674319429493,0.0004832541292206673,0.0004925474778595262,0.0005204275237761033,0.0005947743128869751,0.0006970011479144239,0.0008735747720527446,0.0010873217907465013,0.0014125889931065657,0.0015612825713283095,0.003178325234489773,0.0021374701869375664,0.0026578977107136696,0.00320620528040635,0.0038381529878487607,0.004107660098375671,0.0040983667497368126,0.0040983667497368126,0.0038846197310430557,0.0037823928960156075,0.00366157936371044,0.0036429926664327222,0.0036336993177938635,0.003931086474237351,0.004107660098375671,0.004395753906180301,0.004163420190208826,0.004377167208902582,0.004962648173150698,0.004693141062623788,0.0047303144571792235,0.005975623174786327,0.008206026848112485,0.006468170652645854,0.007787826159363831,0.008949494739221204,0.010231976851383743,0.011310005293491385,0.01016692341091173,0.010724524329243269,0.009841656208551666,0.009079601620165228,0.008308253683139933,0.008317547031778791,0.007481145654281484,0.007667012627058663,0.007546199094753496,0.007174465149199136,0.007843586251196983,0.006588984184951021,0.006765557809089342,0.006449583955368136,0.007416092213809471,0.010836044512909577,0.010631590842854678
40151,0.0004460807346652313,0.0004367873860263723,0.0004646674319429493,0.0004832541292206673,0.0004925474778595262,0.0005204275237761033,0.0005947743128869751,0.0006970011479144239,0.0008735747720527446,0.0010873217907465013,0.0014125889931065657,0.0015612825713283095,0.003178325234489773,0.0021374701869375664,0.0026578977107136696,0.00320620528040635,0.0038381529878487607,0.004107660098375671,0.0040983667497368126,0.0040983667497368126,0.0038846197310430557,0.0037823928960156075,0.00366157936371044,0.0036429926664327222,0.0036336993177938635,0.003931086474237351,0.004107660098375671,0.004395753906180301,0.004163420190208826,0.004377167208902582,0.004962648173150698,0.004693141062623788,0.0047303144571792235,0.005975623174786327,0.008206026848112485,0.006468170652645854,0.007787826159363831,0.008949494739221204,0.010231976851383743,0.011310005293491385,0.01016692341091173,0.010724524329243269,0.009841656208551666,0.009079601620165228,0.008308253683139933,0.008317547031778791,0.007481145654281484,0.007667012627058663,0.007546199094753496,0.007174465149199136,0.007843586251196983,0.006588984184951021,0.006765557809089342,0.006449583955368136,0.007416092213809471,0.010836044512909577,0.010631590842854678
40153,0.0004460807346652313,0.0004367873860263723,0.0004646674319429493,0.0004832541292206673,0.0004925474778595262,0.0005204275237761033,0.0005947743128869751,0.0006970011479144239,0.0008735747720527446,0.0010873217907465013,0.0014125889931065657,0.0015612825713283095,0.003178325234489773,0.0021374701869375664,0.0026578977107136696,0.00320620528040635,0.0038381529878487607,0.004107660098375671,0.0040983667497368126,0.0040983667497368126,0.0038846197310430557,0.0037823928960156075,0.00366157936371044,0.0036429926664327222,0.0036336993177938635,0.003931086474237351,0.004107660098375671,0.004395753906180301,0.004163420190208826,0.004377167208902582,0.004962648173150698,0.004693141062623788,0.0047303144571792235,0.005975623174786327,0.008206026848112485,0.006468170652645854,0.007787826159363831,0.008949494739221204,0.010231976851383743,0.011310005293491385,0.01016692341091173,0.010724524329243269,0.009841656208551666,0.009079601620165228,0.008308253683139933,0.008317547031778791,0.007481145654281484,0.007667012627058663,0.007546199094753496,0.007174465149199136,0.007843586251196983,0.006588984184951021,0.006765557809089342,0.006449583955368136,0.007416092213809471,0.010836044512909577,0.010631590842854678
41001,0.001291775460801399,0.0012546020662459632,0.0011802552771350912,0.0011895486257739501,0.0012174286716905272,0.0013289488553568348,0.0013475355526345529,0.0015891626172448866,0.0017285628468277714,0.0022025236274095797,0.0028623513807685677,0.003150445188573196,0.003457125693655543,0.004748901154456942,0.005046288310900429,0.005845516293842302,0.006031383266619482,0.006087143358452635,0.005808342899286866,0.005194981889122173,0.004934768127234121,0.004981234870428416,0.0044608073466523126,0.004507274089846608,0.004414340603458018,0.004395753906180301,0.004683847713984929,0.005129928448650159,0.00486042133812325,0.004507274089846608,0.00430282041979171,0.0048790080354009675,0.005260035329594186,0.006022089917980623,0.00742538556244833,0.007304572030143163,0.007351038773337457,0.008707867674610868,0.009683669281691063,0.012025593138683528,0.011486578917629706,0.010752404375159846,0.011021911485686757,0.009386282125247575,0.008921614693304625,0.008280373637223356,0.007992279829418728,0.008772921115082882,0.00944204221708073,0.008642814234138858,0.008122386710362754,0.00788075964575242,0.00732315872742088,0.007667012627058663,0.008280373637223356,0.009600029143941332,0.011356472036685682
41003,0.001291775460801399,0.0012546020662459632,0.0011802552771350912,0.0011895486257739501,0.0012174286716905272,0.0013289488553568348,0.0013475355526345529,0.0015891626172448866,0.0017285628468277714,0.0022025236274095797,0.0028623513807685677,0.003150445188573196,0.003457125693655543,0.004748901154456942,0.005046288310900429,0.005845516293842302,0.006031383266619482,0.006087143358452635,0.005808342899286866,0.005194981889122173,0.004934768127234121,0.004981234870428416,0.0044608073466523126,0.004507274089846608,0.004414340603458018,0.004395753906180301,0.004683847713984929,0.005129928448650159,0.00486042133812325,0.004507274089846608,0.00430282041979171,0.0048790080354009675,0.005260035329594186,0.006022089917980623,0.00742538556244833,0.007304572030143163,0.007351038773337457,0.008707867674610868,0.009683669281691063,0.012025593138683528,0.011486578917629706,0.010752404375159846,0.011021911485686757,0.009386282125247575,0.008921614693304625,0.008280373637223356,0.007992279829418728,0.008772921115082882,0.00944204221708073,0.008642814234138858,0.008122386710362754,0.00788075964575242,0.00732315872742088,0.007667012627058663,0.008280373637223356,0.009600029143941332,0.011356472036685682
41005,0.001291775460801399,0.0012546020662459632,0.0011802552771350912,0.0011895486257739501,0.0012174286716905272,0.0013289488553568348,0.0013475355526345529,0.0015891626172448866,0.0017285628468277714,0.0022025236274095797,0.0028623513807685677,0.003150445188573196,0.003457125693655543,0.004748901154456942,0.005046288310900429,0.005845516293842302,0.006031383266619482,0.006087143358452635,0.005808342899286866,0.005194981889122173,0.004934768127234121,0.004981234870428416,0.0044608073466523126,0.004507274089846608,0.004414340603458018,0.004395753906180301,0.004683847713984929,0.005129928448650159,0.00486042133812325,0.004507274089846608,0.00430282041979171,0.0048790080354009675,0.005260035329594186,0.006022089917980623,0.00742538556244833,0.007304572030143163,0.007351038773337457,0.008707867674610868,0.009683669281691063,0.012025593138683528,0.011486578917629706,0.010752404375159846,0.011021911485686757,0.009386282125247575,0.008921614693304625,0.008280373637223356,0.007992279829418728,0.008772921115082882,0.00944204221708073,0.008642814234138858,0.008122386710362754,0.00788075964575242,0.00732315872742088,0.007667012627058663,0.008280373637223356,0.009600029143941332,0.011356472036685682
41007,0.001291775460801399,0.0012546020662459632,0.0011802552771350912,0.0011895486257739501,0.0012174286716905272,0.0013289488553568348,0.0013475355526345529,0.0015891626172448866,0.0017285628468277714,0.0022025236274095797,0.0028623513807685677,0.003150445188573196,0.003457125693655543,0.004748901154456942,0.005046288310900429,0.005845516293842302,0.006031383266619482,0.006087143358452635,0.005808342899286866,0.005194981889122173,0.004934768127234121,0.004981234870428416,0.0044608073466523126,0.004507274089846608,0.004414340603458018,0.004395753906180301,0.004683847713984929,0.005129928448650159,0.00486042133812325,0.004507274089846608,0.00430282041979171,0.0048790080354009675,0.005260035329594186,0.006022089917980623,0.00742538556244833,0.007304572030143163,0.007351038773337457,0.008707867674610868,0.009683669281691063,0.012025593138683528,0.011486578917629706,0.010752404375159846,0.011021911485686757,0.009386282125247575,0.008921614693304625,0.008280373637223356,0.007992279829418728,0.008772921115082882,0.00944204221708073,0.008642814234138858,0.008122386710362754,0.00788075964575242,0.00732315872742088,0.007667012627058663,0.008280373637223356,0.009600029143941332,0.011356472036685682
41009,0.001291775460801399,0.0012546020662459632,0.0011802552771350912,0.0011895486257739501,0.0012174286716905272,0.0013289488553568348,0.0013475355526345529,0.0015891626172448866,0.0017285628468277714,0.0022025236274095797,0.0028623513807685677,0.003150445188573196,0.003457125693655543,0.004748901154456942,0.005046288310900429,0.005845516293842302,0.006031383266619482,0.006087143358452635,0.005808342899286866,0.005194981889122173,0.004934768127234121,0.004981234870428416,0.0044608073466523126,0.004507274089846608,0.004414340603458018,0.004395753906180301,0.004683847713984929,0.005129928448650159,0.00486042133812325,0.004507274089846608,0.00430282041979171,0.0048790080354009675,0.005260035329594186,0.006022089917980623,0.00742538556244833,0.007304572030143163,0.007351038773337457,0.008707867674610868,0.009683669281691063,0.012025593138683528,0.011486578917629706,0.010752404375159846,0.011021911485686757,0.009386282125247575,0.008921614693304625,0.008280373637223356,0.007992279829418728,0.008772921115082882,0.00944204221708073,0.008642814234138858,0.008122386710362754,0.00788075964575242,0.00732315872742088,0.007667012627058663,0.008280373637223356,0.009600029143941332,0.011356472036685682
41011,0.001291775460801399,0.0012546020662459632,0.0011802552771350912,0.0011895486257739501,0.0012174286716905272,0.0013289488553568348,0.0013475355526345529,0.0015891626172448866,0.0017285628468277714,0.0022025236274095797,0.0028623513807685677,0.003150445188573196,0.003457125693655543,0.004748901154456942,0.005046288310900429,0.005845516293842302,0.006031383266619482,0.006087143358452635,0.005808342899286866,0.005194981889122173,0.004934768127234121,0.004981234870428416,0.0044608073466523126,0.004507274089846608,0.004414340603458018,0.004395753906180301,0.004683847713984929,0.005129928448650159,0.00486042133812325,0.004507274089846608,0.00430282041979171,0.0048790080354009675,0.005260035329594186,0.006022089917980623,0.00742538556244833,0.007304572030143163,0.007351038773337457,0.008707867674610868,0.009683669281691063,0.012025593138683528,0.011486578917629706,0.010752404375159846,0.011021911485686757,0.009386282125247575,0.008921614693304625,0.008280373637223356,0.007992279829418728,0.008772921115082882,0.00944204221708073,0.008642814234138858,0.008122386710362754,0.00788075964575242,0.00732315872742088,0.007667012627058663,0.008280373637223356,0.009600029143941332,0.011356472036685682
41013,0.001291775460801399,0.0012546020662459632,0.0011802552771350912,0.0011895486257739501,0.0012174286716905272,0.0013289488553568348,0.0013475355526345529,0.0015891626172448866,0.0017285628468277714,0.0022025236274095797,0.0028623513807685677,0.003150445188573196,0.003457125693655543,0.004748901154456942,0.005046288310900429,0.005845516293842302,0.006031383266619482,0.006087143358452635,0.005808342899286866,0.005194981889122173,0.004934768127234121,0.004981234870428416,0.0044608073466523126,0.004507274089846608,0.004414340603458018,0.004395753906180301,0.004683847713984929,0.005129928448650159,0.00486042133812325,0.004507274089846608,0.00430282041979171,0.0048790080354009675,0.005260035329594186,0.006022089917980623,0.00742538556244833,0.007304572030143163,0.007351038773337457,0.008707867674610868,0.009683669281691063,0.012025593138683528,0.011486578917629706,0.010752404375159846,0.011021911485686757,0.009386282125247575,0.008921614693304625,0.008280373637223356,0.007992279829418728,0.008772921115082882,0.00944204221708073,0.008642814234138858,0.008122386710362754,0.00788075964575242,0.00732315872742088,0.007667012627058663,0.008280373637223356,0.009600029143941332,0.011356472036685682
41015,0.001291775460801399,0.0012546020662459632,0.0011802552771350912,0.0011895486257739501,0.0012174286716905272,0.0013289488553568348,0.0013475355526345529,0.0015891626172448866,0.0017285628468277714,0.0022025236274095797,0.0028623513807685677,0.003150445188573196,0.003457125693655543,0.004748901154456942,0.005046288310900429,0.005845516293842302,0.006031383266619482,0.006087143358452635,0.005808342899286866,0.005194981889122173,0.004934768127234121,0.004981234870428416,0.0044608073466523126,0.004507274089846608,0.004414340603458018,0.004395753906180301,0.004683847713984929,0.005129928448650159,0.00486042133812325,0.004507274089846608,0.00430282041979171,0.0048790080354009675,0.005260035329594186,0.006022089917980623,0.00742538556244833,0.007304572030143163,0.007351038773337457,0.008707867674610868,0.009683669281691063,0.012025593138683528,0.011486578917629706,0.010752404375159846,0.011021911485686757,0.009386282125247575,0.008921614693304625,0.008280373637223356,0.007992279829418728,0.008772921115082882,0.00944204221708073,0.008642814234138858,0.008122386710362754,0.00788075964575242,0.00732315872742088,0.007667012627058663,0.008280373637223356,0.009600029143941332,0.011356472036685682
41017,0.001291775460801399,0.0012546020662459632,0.0011802552771350912,0.0011895486257739501,0.0012174286716905272,0.0013289488553568348,0.0013475355526345529,0.0015891626172448866,0.0017285628468277714,0.0022025236274095797,0.0028623513807685677,0.003150445188573196,0.003457125693655543,0.004748901154456942,0.005046288310900429,0.005845516293842302,0.006031383266619482,0.006087143358452635,0.005808342899286866,0.005194981889122173,0.004934768127234121,0.004981234870428416,0.0044608073466523126,0.004507274089846608,0.004414340603458018,0.004395753906180301,0.004683847713984929,0.005129928448650159,0.00486042133812325,0.004507274089846608,0.00430282041979171,0.0048790080354009675,0.005260035329594186,0.006022089917980623,0.00742538556244833,0.007304572030143163,0.007351038773337457,0.008707867674610868,0.009683669281691063,0.012025593138683528,0.011486578917629706,0.010752404375159846,0.011021911485686757,0.009386282125247575,0.008921614693304625,0.008280373637223356,0.007992279829418728,0.008772921115082882,0.00944204221708073,0.008642814234138858,0.008122386710362754,0.00788075964575242,0.00732315872742088,0.007667012627058663,0.008280373637223356,0.009600029143941332,0.011356472036685682
41019,0.001291775460801399,0.0012546020662459632,0.0011802552771350912,0.0011895486257739501,0.0012174286716905272,0.0013289488553568348,0.0013475355526345529,0.0015891626172448866,0.0017285628468277714,0.0022025236274095797,0.0028623513807685677,0.003150445188573196,0.003457125693655543,0.004748901154456942,0.005046288310900429,0.005845516293842302,0.006031383266619482,0.006087143358452635,0.005808342899286866,0.005194981889122173,0.004934768127234121,0.004981234870428416,0.0044608073466523126,0.004507274089846608,0.004414340603458018,0.004395753906180301,0.004683847713984929,0.005129928448650159,0.00486042133812325,0.004507274089846608,0.00430282041979171,0.0048790080354009675,0.005260035329594186,0.006022089917980623,0.00742538556244833,0.007304572030143163,0.007351038773337457,0.008707867674610868,0.009683669281691063,0.012025593138683528,0.011486578917629706,0.010752404375159846,0.011021911485686757,0.009386282125247575,0.008921614693304625,0.008280373637223356,0.007992279829418728,0.008772921115082882,0.00944204221708073,0.008642814234138858,0.008122386710362754,0.00788075964575242,0.00732315872742088,0.007667012627058663,0.008280373637223356,0.009600029143941332,0.011356472036685682
41021,0.001291775460801399,0.0012546020662459632,0.0011802552771350912,0.0011895486257739501,0.0012174286716905272,0.0013289488553568348,0.0013475355526345529,0.0015891626172448866,0.0017285628468277714,0.0022025236274095797,0.0028623513807685677,0.003150445188573196,0.003457125693655543,0.004748901154456942,0.005046288310900429,0.005845516293842302,0.006031383266619482,0.006087143358452635,0.005808342899286866,0.005194981889122173,0.004934768127234121,0.004981234870428416,0.0044608073466523126,0.004507274089846608,0.004414340603458018,0.004395753906180301,0.004683847713984929,0.005129928448650159,0.00486042133812325,0.004507274089846608,0.00430282041979171,0.0048790080354009675,0.005260035329594186,0.006022089917980623,0.00742538556244833,0.007304572030143163,0.007351038773337457,0.008707867674610868,0.009683669281691063,0.012025593138683528,0.011486578917629706,0.010752404375159846,0.011021911485686757,0.009386282125247575,0.008921614693304625,0.008280373637223356,0.007992279829418728,0.008772921115082882,0.00944204221708073,0.008642814234138858,0.008122386710362754,0.00788075964575242,0.00732315872742088,0.007667012627058663,0.008280373637223356,0.009600029143941332,0.011356472036685682
41023,0.001291775460801399,0.0012546020662459632,0.0011802552771350912,0.0011895486257739501,0.0012174286716905272,0.0013289488553568348,0.0013475355526345529,0.0015891626172448866,0.0017285628468277714,0.0022025236274095797,0.0028623513807685677,0.003150445188573196,0.003457125693655543,0.004748901154456942,0.005046288310900429,0.005845516293842302,0.006031383266619482,0.006087143358452635,0.005808342899286866,0.005194981889122173,0.004934768127234121,0.004981234870428416,0.0044608073466523126,0.004507274089846608,0.004414340603458018,0.004395753906180301,0.004683847713984929,0.005129928448650159,0.00486042133812325,0.004507274089846608,0.00430282041979171,0.0048790080354009675,0.005260035329594186,0.006022089917980623,0.00742538556244833,0.007304572030143163,0.007351038773337457,0.008707867674610868,0.009683669281691063,0.012025593138683528,0.011486578917629706,0.010752404375159846,0.011021911485686757,0.009386282125247575,0.008921614693304625,0.008280373637223356,0.007992279829418728,0.008772921115082882,0.00944204221708073,0.008642814234138858,0.008122386710362754,0.00788075964575242,0.00732315872742088,0.007667012627058663,0.008280373637223356,0.009600029143941332,0.011356472036685682
41025,0.001291775460801399,0.0012546020662459632,0.0011802552771350912,0.0011895486257739501,0.0012174286716905272,0.0013289488553568348,0.0013475355526345529,0.0015891626172448866,0.0017285628468277714,0.0022025236274095797,0.0028623513807685677,0.003150445188573196,0.003457125693655543,0.004748901154456942,0.005046288310900429,0.005845516293842302,0.006031383266619482,0.006087143358452635,0.005808342899286866,0.005194981889122173,0.004934768127234121,0.004981234870428416,0.0044608073466523126,0.004507274089846608,0.004414340603458018,0.004395753906180301,0.004683847713984929,0.005129928448650159,0.00486042133812325,0.004507274089846608,0.00430282041979171,0.0048790080354009675,0.005260035329594186,0.006022089917980623,0.00742538556244833,0.007304572030143163,0.007351038773337457,0.008707867674610868,0.009683669281691063,0.012025593138683528,0.011486578917629706,0.010752404375159846,0.011021911485686757,0.009386282125247575,0.008921614693304625,0.008280373637223356,0.007992279829418728,0.008772921115082882,0.00944204221708073,0.008642814234138858,0.008122386710362754,0.00788075964575242,0.00732315872742088,0.007667012627058663,0.008280373637223356,0.009600029143941332,0.011356472036685682
41027,0.001291775460801399,0.0012546020662459632,0.0011802552771350912,0.0011895486257739501,0.0012174286716905272,0.0013289488553568348,0.0013475355526345529,0.0015891626172448866,0.0017285628468277714,0.0022025236274095797,0.0028623513807685677,0.003150445188573196,0.003457125693655543,0.004748901154456942,0.005046288310900429,0.005845516293842302,0.006031383266619482,0.006087143358452635,0.005808342899286866,0.005194981889122173,0.004934768127234121,0.004981234870428416,0.0044608073466523126,0.004507274089846608,0.004414340603458018,0.004395753906180301,0.004683847713984929,0.005129928448650159,0.00486042133812325,0.004507274089846608,0.00430282041979171,0.0048790080354009675,0.005260035329594186,0.006022089917980623,0.00742538556244833,0.007304572030143163,0.007351038773337457,0.008707867674610868,0.009683669281691063,0.012025593138683528,0.011486578917629706,0.010752404375159846,0.011021911485686757,0.009386282125247575,0.008921614693304625,0.008280373637223356,0.007992279829418728,0.008772921115082882,0.00944204221708073,0.008642814234138858,0.008122386710362754,0.00788075964575242,0.00732315872742088,0.007667012627058663,0.008280373637223356,0.009600029143941332,0.011356472036685682
41029,0.001291775460801399,0.0012546020662459632,0.0011802552771350912,0.0011895486257739501,0.0012174286716905272,0.0013289488553568348,0.0013475355526345529,0.0015891626172448866,0.0017285628468277714,0.0022025236274095797,0.0028623513807685677,0.003150445188573196,0.003457125693655543,0.004748901154456942,0.005046288310900429,0.005845516293842302,0.006031383266619482,0.006087143358452635,0.005808342899286866,0.005194981889122173,0.004934768127234121,0.004981234870428416,0.0044608073466523126,0.004507274089846608,0.004414340603458018,0.004395753906180301,0.004683847713984929,0.005129928448650159,0.00486042133812325,0.004507274089846608,0.00430282041979171,0.0048790080354009675,0.005260035329594186,0.006022089917980623,0.00742538556244833,0.007304572030143163,0.007351038773337457,0.008707867674610868,0.009683669281691063,0.012025593138683528,0.011486578917629706,0.010752404375159846,0.011021911485686757,0.009386282125247575,0.008921614693304625,0.008280373637223356,0.007992279829418728,0.008772921115082882,0.00944204221708073,0.008642814234138858,0.008122386710362754,0.00788075964575242,0.00732315872742088,0.007667012627058663,0.008280373637223356,0.009600029143941332,0.011356472036685682
41031,0.001291775460801399,0.0012546020662459632,0.0011802552771350912,0.0011895486257739501,0.0012174286716905272,0.0013289488553568348,0.0013475355526345529,0.0015891626172448866,0.0017285628468277714,0.0022025236274095797,0.0028623513807685677,0.003150445188573196,0.003457125693655543,0.004748901154456942,0.005046288310900429,0.005845516293842302,0.006031383266619482,0.006087143358452635,0.005808342899286866,0.005194981889122173,0.004934768127234121,0.004981234870428416,0.0044608073466523126,0.004507274089846608,0.004414340603458018,0.004395753906180301,0.004683847713984929,0.005129928448650159,0.00486042133812325,0.004507274089846608,0.00430282041979171,0.0048790080354009675,0.005260035329594186,0.006022089917980623,0.00742538556244833,0.007304572030143163,0.007351038773337457,0.008707867674610868,0.009683669281691063,0.012025593138683528,0.011486578917629706,0.010752404375159846,0.011021911485686757,0.009386282125247575,0.008921614693304625,0.008280373637223356,0.007992279829418728,0.008772921115082882,0.00944204221708073,0.008642814234138858,0.008122386710362754,0.00788075964575242,0.00732315872742088,0.007667012627058663,0.008280373637223356,0.009600029143941332,0.011356472036685682
41033,0.001291775460801399,0.0012546020662459632,0.0011802552771350912,0.0011895486257739501,0.0012174286716905272,0.0013289488553568348,0.0013475355526345529,0.0015891626172448866,0.0017285628468277714,0.0022025236274095797,0.0028623513807685677,0.003150445188573196,0.003457125693655543,0.004748901154456942,0.005046288310900429,0.005845516293842302,0.006031383266619482,0.006087143358452635,0.005808342899286866,0.005194981889122173,0.004934768127234121,0.004981234870428416,0.0044608073466523126,0.004507274089846608,0.004414340603458018,0.004395753906180301,0.004683847713984929,0.005129928448650159,0.00486042133812325,0.004507274089846608,0.00430282041979171,0.0048790080354009675,0.005260035329594186,0.006022089917980623,0.00742538556244833,0.007304572030143163,0.007351038773337457,0.008707867674610868,0.009683669281691063,0.012025593138683528,0.011486578917629706,0.010752404375159846,0.011021911485686757,0.009386282125247575,0.008921614693304625,0.008280373637223356,0.007992279829418728,0.008772921115082882,0.00944204221708073,0.008642814234138858,0.008122386710362754,0.00788075964575242,0.00732315872742088,0.007667012627058663,0.008280373637223356,0.009600029143941332,0.011356472036685682
41035,0.001291775460801399,0.0012546020662459632,0.0011802552771350912,0.0011895486257739501,0.0012174286716905272,0.0013289488553568348,0.0013475355526345529,0.0015891626172448866,0.0017285628468277714,0.0022025236274095797,0.0028623513807685677,0.003150445188573196,0.003457125693655543,0.004748901154456942,0.005046288310900429,0.005845516293842302,0.006031383266619482,0.006087143358452635,0.005808342899286866,0.005194981889122173,0.004934768127234121,0.004981234870428416,0.0044608073466523126,0.004507274089846608,0.004414340603458018,0.004395753906180301,0.004683847713984929,0.005129928448650159,0.00486042133812325,0.004507274089846608,0.00430282041979171,0.0048790080354009675,0.005260035329594186,0.006022089917980623,0.00742538556244833,0.007304572030143163,0.007351038773337457,0.008707867674610868,0.009683669281691063,0.012025593138683528,0.011486578917629706,0.010752404375159846,0.011021911485686757,0.009386282125247575,0.008921614693304625,0.008280373637223356,0.007992279829418728,0.008772921115082882,0.00944204221708073,0.008642814234138858,0.008122386710362754,0.00788075964575242,0.00732315872742088,0.007667012627058663,0.008280373637223356,0.009600029143941332,0.011356472036685682
41037,0.001291775460801399,0.0012546020662459632,0.0011802552771350912,0.0011895486257739501,0.0012174286716905272,0.0013289488553568348,0.0013475355526345529,0.0015891626172448866,0.0017285628468277714,0.0022025236274095797,0.0028623513807685677,0.003150445188573196,0.003457125693655543,0.004748901154456942,0.005046288310900429,0.005845516293842302,0.006031383266619482,0.006087143358452635,0.005808342899286866,0.005194981889122173,0.004934768127234121,0.004981234870428416,0.0044608073466523126,0.004507274089846608,0.004414340603458018,0.004395753906180301,0.004683847713984929,0.005129928448650159,0.00486042133812325,0.004507274089846608,0.00430282041979171,0.0048790080354009675,0.005260035329594186,0.006022089917980623,0.00742538556244833,0.007304572030143163,0.007351038773337457,0.008707867674610868,0.009683669281691063,0.012025593138683528,0.011486578917629706,0.010752404375159846,0.011021911485686757,0.009386282125247575,0.008921614693304625,0.008280373637223356,0.007992279829418728,0.008772921115082882,0.00944204221708073,0.008642814234138858,0.008122386710362754,0.00788075964575242,0.00732315872742088,0.007667012627058663,0.008280373637223356,0.009600029143941332,0.011356472036685682
41039,0.001291775460801399,0.0012546020662459632,0.0011802552771350912,0.0011895486257739501,0.0012174286716905272,0.0013289488553568348,0.0013475355526345529,0.0015891626172448866,0.0017285628468277714,0.0022025236274095797,0.0028623513807685677,0.003150445188573196,0.003457125693655543,0.004748901154456942,0.005046288310900429,0.005845516293842302,0.006031383266619482,0.006087143358452635,0.005808342899286866,0.005194981889122173,0.004934768127234121,0.004981234870428416,0.0044608073466523126,0.004507274089846608,0.004414340603458018,0.004395753906180301,0.004683847713984929,0.005129928448650159,0.00486042133812325,0.004507274089846608,0.00430282041979171,0.0048790080354009675,0.005260035329594186,0.006022089917980623,0.00742538556244833,0.007304572030143163,0.007351038773337457,0.008707867674610868,0.009683669281691063,0.012025593138683528,0.011486578917629706,0.010752404375159846,0.011021911485686757,0.009386282125247575,0.008921614693304625,0.008280373637223356,0.007992279829418728,0.008772921115082882,0.00944204221708073,0.008642814234138858,0.008122386710362754,0.00788075964575242,0.00732315872742088,0.007667012627058663,0.008280373637223356,0.009600029143941332,0.011356472036685682
41041,0.001291775460801399,0.0012546020662459632,0.0011802552771350912,0.0011895486257739501,0.0012174286716905272,0.0013289488553568348,0.0013475355526345529,0.0015891626172448866,0.0017285628468277714,0.0022025236274095797,0.0028623513807685677,0.003150445188573196,0.003457125693655543,0.004748901154456942,0.005046288310900429,0.005845516293842302,0.006031383266619482,0.006087143358452635,0.005808342899286866,0.005194981889122173,0.004934768127234121,0.004981234870428416,0.0044608073466523126,0.004507274089846608,0.004414340603458018,0.004395753906180301,0.004683847713984929,0.005129928448650159,0.00486042133812325,0.004507274089846608,0.00430282041979171,0.0048790080354009675,0.005260035329594186,0.006022089917980623,0.00742538556244833,0.007304572030143163,0.007351038773337457,0.008707867674610868,0.009683669281691063,0.012025593138683528,0.011486578917629706,0.010752404375159846,0.011021911485686757,0.009386282125247575,0.008921614693304625,0.008280373637223356,0.007992279829418728,0.008772921115082882,0.00944204221708073,0.008642814234138858,0.008122386710362754,0.00788075964575242,0.00732315872742088,0.007667012627058663,0.008280373637223356,0.009600029143941332,0.011356472036685682
41043,0.001291775460801399,0.0012546020662459632,0.0011802552771350912,0.0011895486257739501,0.0012174286716905272,0.0013289488553568348,0.0013475355526345529,0.0015891626172448866,0.0017285628468277714,0.0022025236274095797,0.0028623513807685677,0.003150445188573196,0.003457125693655543,0.004748901154456942,0.005046288310900429,0.005845516293842302,0.006031383266619482,0.006087143358452635,0.005808342899286866,0.005194981889122173,0.004934768127234121,0.004981234870428416,0.0044608073466523126,0.004507274089846608,0.004414340603458018,0.004395753906180301,0.004683847713984929,0.005129928448650159,0.00486042133812325,0.004507274089846608,0.00430282041979171,0.0048790080354009675,0.005260035329594186,0.006022089917980623,0.00742538556244833,0.007304572030143163,0.007351038773337457,0.008707867674610868,0.009683669281691063,0.012025593138683528,0.011486578917629706,0.010752404375159846,0.011021911485686757,0.009386282125247575,0.008921614693304625,0.008280373637223356,0.007992279829418728,0.008772921115082882,0.00944204221708073,0.008642814234138858,0.008122386710362754,0.00788075964575242,0.00732315872742088,0.007667012627058663,0.008280373637223356,0.009600029143941332,0.011356472036685682
41045,0.001291775460801399,0.0012546020662459632,0.0011802552771350912,0.0011895486257739501,0.0012174286716905272,0.0013289488553568348,0.0013475355526345529,0.0015891626172448866,0.0017285628468277714,0.0022025236274095797,0.0028623513807685677,0.003150445188573196,0.003457125693655543,0.004748901154456942,0.005046288310900429,0.005845516293842302,0.006031383266619482,0.006087143358452635,0.005808342899286866,0.005194981889122173,0.004934768127234121,0.004981234870428416,0.0044608073466523126,0.004507274089846608,0.004414340603458018,0.004395753906180301,0.004683847713984929,0.005129928448650159,0.00486042133812325,0.004507274089846608,0.00430282041979171,0.0048790080354009675,0.005260035329594186,0.006022089917980623,0.00742538556244833,0.007304572030143163,0.007351038773337457,0.008707867674610868,0.009683669281691063,0.012025593138683528,0.011486578917629706,0.010752404375159846,0.011021911485686757,0.009386282125247575,0.008921614693304625,0.008280373637223356,0.007992279829418728,0.008772921115082882,0.00944204221708073,0.008642814234138858,0.008122386710362754,0.00788075964575242,0.00732315872742088,0.007667012627058663,0.008280373637223356,0.009600029143941332,0.011356472036685682
41047,0.001291775460801399,0.0012546020662459632,0.0011802552771350912,0.0011895486257739501,0.0012174286716905272,0.0013289488553568348,0.0013475355526345529,0.0015891626172448866,0.0017285628468277714,0.0022025236274095797,0.0028623513807685677,0.003150445188573196,0.003457125693655543,0.004748901154456942,0.005046288310900429,0.005845516293842302,0.006031383266619482,0.006087143358452635,0.005808342899286866,0.005194981889122173,0.004934768127234121,0.004981234870428416,0.0044608073466523126,0.004507274089846608,0.004414340603458018,0.004395753906180301,0.004683847713984929,0.005129928448650159,0.00486042133812325,0.004507274089846608,0.00430282041979171,0.0048790080354009675,0.005260035329594186,0.006022089917980623,0.00742538556244833,0.007304572030143163,0.007351038773337457,0.008707867674610868,0.009683669281691063,0.012025593138683528,0.011486578917629706,0.010752404375159846,0.011021911485686757,0.009386282125247575,0.008921614693304625,0.008280373637223356,0.007992279829418728,0.008772921115082882,0.00944204221708073,0.008642814234138858,0.008122386710362754,0.00788075964575242,0.00732315872742088,0.007667012627058663,0.008280373637223356,0.009600029143941332,0.011356472036685682
41049,0.001291775460801399,0.0012546020662459632,0.0011802552771350912,0.0011895486257739501,0.0012174286716905272,0.0013289488553568348,0.0013475355526345529,0.0015891626172448866,0.0017285628468277714,0.0022025236274095797,0.0028623513807685677,0.003150445188573196,0.003457125693655543,0.004748901154456942,0.005046288310900429,0.005845516293842302,0.006031383266619482,0.006087143358452635,0.005808342899286866,0.005194981889122173,0.004934768127234121,0.004981234870428416,0.0044608073466523126,0.004507274089846608,0.004414340603458018,0.004395753906180301,0.004683847713984929,0.005129928448650159,0.00486042133812325,0.004507274089846608,0.00430282041979171,0.0048790080354009675,0.005260035329594186,0.006022089917980623,0.00742538556244833,0.007304572030143163,0.007351038773337457,0.008707867674610868,0.009683669281691063,0.012025593138683528,0.011486578917629706,0.010752404375159846,0.011021911485686757,0.009386282125247575,0.008921614693304625,0.008280373637223356,0.007992279829418728,0.008772921115082882,0.00944204221708073,0.008642814234138858,0.008122386710362754,0.00788075964575242,0.00732315872742088,0.007667012627058663,0.008280373637223356,0.009600029143941332,0.011356472036685682
41051,0.001291775460801399,0.0012546020662459632,0.0011802552771350912,0.0011895486257739501,0.0012174286716905272,0.0013289488553568348,0.0013475355526345529,0.0015891626172448866,0.0017285628468277714,0.0022025236274095797,0.0028623513807685677,0.003150445188573196,0.003457125693655543,0.004748901154456942,0.005046288310900429,0.005845516293842302,0.006031383266619482,0.006087143358452635,0.005808342899286866,0.005194981889122173,0.004934768127234121,0.004981234870428416,0.0044608073466523126,0.004507274089846608,0.004414340603458018,0.004395753906180301,0.004683847713984929,0.005129928448650159,0.00486042133812325,0.004507274089846608,0.00430282041979171,0.0048790080354009675,0.005260035329594186,0.006022089917980623,0.00742538556244833,0.007304572030143163,0.007351038773337457,0.008707867674610868,0.009683669281691063,0.012025593138683528,0.011486578917629706,0.010752404375159846,0.011021911485686757,0.009386282125247575,0.008921614693304625,0.008280373637223356,0.007992279829418728,0.008772921115082882,0.00944204221708073,0.008642814234138858,0.008122386710362754,0.00788075964575242,0.00732315872742088,0.007667012627058663,0.008280373637223356,0.009600029143941332,0.011356472036685682
41053,0.001291775460801399,0.0012546020662459632,0.0011802552771350912,0.0011895486257739501,0.0012174286716905272,0.0013289488553568348,0.0013475355526345529,0.0015891626172448866,0.0017285628468277714,0.0022025236274095797,0.0028623513807685677,0.003150445188573196,0.003457125693655543,0.004748901154456942,0.005046288310900429,0.005845516293842302,0.006031383266619482,0.006087143358452635,0.005808342899286866,0.005194981889122173,0.004934768127234121,0.004981234870428416,0.0044608073466523126,0.004507274089846608,0.004414340603458018,0.004395753906180301,0.004683847713984929,0.005129928448650159,0.00486042133812325,0.004507274089846608,0.00430282041979171,0.0048790080354009675,0.005260035329594186,0.006022089917980623,0.00742538556244833,0.007304572030143163,0.007351038773337457,0.008707867674610868,0.009683669281691063,0.012025593138683528,0.011486578917629706,0.010752404375159846,0.011021911485686757,0.009386282125247575,0.008921614693304625,0.008280373637223356,0.007992279829418728,0.008772921115082882,0.00944204221708073,0.008642814234138858,0.008122386710362754,0.00788075964575242,0.00732315872742088,0.007667012627058663,0.008280373637223356,0.009600029143941332,0.011356472036685682
41055,0.001291775460801399,0.0012546020662459632,0.0011802552771350912,0.0011895486257739501,0.0012174286716905272,0.0013289488553568348,0.0013475355526345529,0.0015891626172448866,0.0017285628468277714,0.0022025236274095797,0.0028623513807685677,0.003150445188573196,0.003457125693655543,0.004748901154456942,0.005046288310900429,0.005845516293842302,0.006031383266619482,0.006087143358452635,0.005808342899286866,0.005194981889122173,0.004934768127234121,0.004981234870428416,0.0044608073466523126,0.004507274089846608,0.004414340603458018,0.004395753906180301,0.004683847713984929,0.005129928448650159,0.00486042133812325,0.004507274089846608,0.00430282041979171,0.0048790080354009675,0.005260035329594186,0.006022089917980623,0.00742538556244833,0.007304572030143163,0.007351038773337457,0.008707867674610868,0.009683669281691063,0.012025593138683528,0.011486578917629706,0.010752404375159846,0.011021911485686757,0.009386282125247575,0.008921614693304625,0.008280373637223356,0.007992279829418728,0.008772921115082882,0.00944204221708073,0.008642814234138858,0.008122386710362754,0.00788075964575242,0.00732315872742088,0.007667012627058663,0.008280373637223356,0.009600029143941332,0.011356472036685682
41057,0.001291775460801399,0.0012546020662459632,0.0011802552771350912,0.0011895486257739501,0.0012174286716905272,0.0013289488553568348,0.0013475355526345529,0.0015891626172448866,0.0017285628468277714,0.0022025236274095797,0.0028623513807685677,0.003150445188573196,0.003457125693655543,0.004748901154456942,0.005046288310900429,0.005845516293842302,0.006031383266619482,0.006087143358452635,0.005808342899286866,0.005194981889122173,0.004934768127234121,0.004981234870428416,0.0044608073466523126,0.004507274089846608,0.004414340603458018,0.004395753906180301,0.004683847713984929,0.005129928448650159,0.00486042133812325,0.004507274089846608,0.00430282041979171,0.0048790080354009675,0.005260035329594186,0.006022089917980623,0.00742538556244833,0.007304572030143163,0.007351038773337457,0.008707867674610868,0.009683669281691063,0.012025593138683528,0.011486578917629706,0.010752404375159846,0.011021911485686757,0.009386282125247575,0.008921614693304625,0.008280373637223356,0.007992279829418728,0.008772921115082882,0.00944204221708073,0.008642814234138858,0.008122386710362754,0.00788075964575242,0.00732315872742088,0.007667012627058663,0.008280373637223356,0.009600029143941332,0.011356472036685682
41059,0.001291775460801399,0.0012546020662459632,0.0011802552771350912,0.0011895486257739501,0.0012174286716905272,0.0013289488553568348,0.0013475355526345529,0.0015891626172448866,0.0017285628468277714,0.0022025236274095797,0.0028623513807685677,0.003150445188573196,0.003457125693655543,0.004748901154456942,0.005046288310900429,0.005845516293842302,0.006031383266619482,0.006087143358452635,0.005808342899286866,0.005194981889122173,0.004934768127234121,0.004981234870428416,0.0044608073466523126,0.004507274089846608,0.004414340603458018,0.004395753906180301,0.004683847713984929,0.005129928448650159,0.00486042133812325,0.004507274089846608,0.00430282041979171,0.0048790080354009675,0.005260035329594186,0.006022089917980623,0.00742538556244833,0.007304572030143163,0.007351038773337457,0.008707867674610868,0.009683669281691063,0.012025593138683528,0.011486578917629706,0.010752404375159846,0.011021911485686757,0.009386282125247575,0.008921614693304625,0.008280373637223356,0.007992279829418728,0.008772921115082882,0.00944204221708073,0.008642814234138858,0.008122386710362754,0.00788075964575242,0.00732315872742088,0.007667012627058663,0.008280373637223356,0.009600029143941332,0.011356472036685682
41061,0.001291775460801399,0.0012546020662459632,0.0011802552771350912,0.0011895486257739501,0.0012174286716905272,0.0013289488553568348,0.0013475355526345529,0.0015891626172448866,0.0017285628468277714,0.0022025236274095797,0.0028623513807685677,0.003150445188573196,0.003457125693655543,0.004748901154456942,0.005046288310900429,0.005845516293842302,0.006031383266619482,0.006087143358452635,0.005808342899286866,0.005194981889122173,0.004934768127234121,0.004981234870428416,0.0044608073466523126,0.004507274089846608,0.004414340603458018,0.004395753906180301,0.004683847713984929,0.005129928448650159,0.00486042133812325,0.004507274089846608,0.00430282041979171,0.0048790080354009675,0.005260035329594186,0.006022089917980623,0.00742538556244833,0.007304572030143163,0.007351038773337457,0.008707867674610868,0.009683669281691063,0.012025593138683528,0.011486578917629706,0.010752404375159846,0.011021911485686757,0.009386282125247575,0.008921614693304625,0.008280373637223356,0.007992279829418728,0.008772921115082882,0.00944204221708073,0.008642814234138858,0.008122386710362754,0.00788075964575242,0.00732315872742088,0.007667012627058663,0.008280373637223356,0.009600029143941332,0.011356472036685682
41063,0.001291775460801399,0.0012546020662459632,0.0011802552771350912,0.0011895486257739501,0.0012174286716905272,0.0013289488553568348,0.0013475355526345529,0.0015891626172448866,0.0017285628468277714,0.0022025236274095797,0.0028623513807685677,0.003150445188573196,0.003457125693655543,0.004748901154456942,0.005046288310900429,0.005845516293842302,0.006031383266619482,0.006087143358452635,0.005808342899286866,0.005194981889122173,0.004934768127234121,0.004981234870428416,0.0044608073466523126,0.004507274089846608,0.004414340603458018,0.004395753906180301,0.004683847713984929,0.005129928448650159,0.00486042133812325,0.004507274089846608,0.00430282041979171,0.0048790080354009675,0.005260035329594186,0.006022089917980623,0.00742538556244833,0.007304572030143163,0.007351038773337457,0.008707867674610868,0.009683669281691063,0.012025593138683528,0.011486578917629706,0.010752404375159846,0.011021911485686757,0.009386282125247575,0.008921614693304625,0.008280373637223356,0.007992279829418728,0.008772921115082882,0.00944204221708073,0.008642814234138858,0.008122386710362754,0.00788075964575242,0.00732315872742088,0.007667012627058663,0.008280373637223356,0.009600029143941332,0.011356472036685682
41065,0.001291775460801399,0.0012546020662459632,0.0011802552771350912,0.0011895486257739501,0.0012174286716905272,0.0013289488553568348,0.0013475355526345529,0.0015891626172448866,0.0017285628468277714,0.0022025236274095797,0.0028623513807685677,0.003150445188573196,0.003457125693655543,0.004748901154456942,0.005046288310900429,0.005845516293842302,0.006031383266619482,0.006087143358452635,0.005808342899286866,0.005194981889122173,0.004934768127234121,0.004981234870428416,0.0044608073466523126,0.004507274089846608,0.004414340603458018,0.004395753906180301,0.004683847713984929,0.005129928448650159,0.00486042133812325,0.004507274089846608,0.00430282041979171,0.0048790080354009675,0.005260035329594186,0.006022089917980623,0.00742538556244833,0.007304572030143163,0.007351038773337457,0.008707867674610868,0.009683669281691063,0.012025593138683528,0.011486578917629706,0.010752404375159846,0.011021911485686757,0.009386282125247575,0.008921614693304625,0.008280373637223356,0.007992279829418728,0.008772921115082882,0.00944204221708073,0.008642814234138858,0.008122386710362754,0.00788075964575242,0.00732315872742088,0.007667012627058663,0.008280373637223356,0.009600029143941332,0.011356472036685682
41067,0.001291775460801399,0.0012546020662459632,0.0011802552771350912,0.0011895486257739501,0.0012174286716905272,0.0013289488553568348,0.0013475355526345529,0.0015891626172448866,0.0017285628468277714,0.0022025236274095797,0.0028623513807685677,0.003150445188573196,0.003457125693655543,0.004748901154456942,0.005046288310900429,0.005845516293842302,0.006031383266619482,0.006087143358452635,0.005808342899286866,0.005194981889122173,0.004934768127234121,0.004981234870428416,0.0044608073466523126,0.004507274089846608,0.004414340603458018,0.004395753906180301,0.004683847713984929,0.005129928448650159,0.00486042133812325,0.004507274089846608,0.00430282041979171,0.0048790080354009675,0.005260035329594186,0.006022089917980623,0.00742538556244833,0.007304572030143163,0.007351038773337457,0.008707867674610868,0.009683669281691063,0.012025593138683528,0.011486578917629706,0.010752404375159846,0.011021911485686757,0.009386282125247575,0.008921614693304625,0.008280373637223356,0.007992279829418728,0.008772921115082882,0.00944204221708073,0.008642814234138858,0.008122386710362754,0.00788075964575242,0.00732315872742088,0.007667012627058663,0.008280373637223356,0.009600029143941332,0.011356472036685682
41069,0.001291775460801399,0.0012546020662459632,0.0011802552771350912,0.0011895486257739501,0.0012174286716905272,0.0013289488553568348,0.0013475355526345529,0.0015891626172448866,0.0017285628468277714,0.0022025236274095797,0.0028623513807685677,0.003150445188573196,0.003457125693655543,0.004748901154456942,0.005046288310900429,0.005845516293842302,0.006031383266619482,0.006087143358452635,0.005808342899286866,0.005194981889122173,0.004934768127234121,0.004981234870428416,0.0044608073466523126,0.004507274089846608,0.004414340603458018,0.004395753906180301,0.004683847713984929,0.005129928448650159,0.00486042133812325,0.004507274089846608,0.00430282041979171,0.0048790080354009675,0.005260035329594186,0.006022089917980623,0.00742538556244833,0.007304572030143163,0.007351038773337457,0.008707867674610868,0.009683669281691063,0.012025593138683528,0.011486578917629706,0.010752404375159846,0.011021911485686757,0.009386282125247575,0.008921614693304625,0.008280373637223356,0.007992279829418728,0.008772921115082882,0.00944204221708073,0.008642814234138858,0.008122386710362754,0.00788075964575242,0.00732315872742088,0.007667012627058663,0.008280373637223356,0.009600029143941332,0.011356472036685682
41071,0.001291775460801399,0.0012546020662459632,0.0011802552771350912,0.0011895486257739501,0.0012174286716905272,0.0013289488553568348,0.0013475355526345529,0.0015891626172448866,0.0017285628468277714,0.0022025236274095797,0.0028623513807685677,0.003150445188573196,0.003457125693655543,0.004748901154456942,0.005046288310900429,0.005845516293842302,0.006031383266619482,0.006087143358452635,0.005808342899286866,0.005194981889122173,0.004934768127234121,0.004981234870428416,0.0044608073466523126,0.004507274089846608,0.004414340603458018,0.004395753906180301,0.004683847713984929,0.005129928448650159,0.00486042133812325,0.004507274089846608,0.00430282041979171,0.0048790080354009675,0.005260035329594186,0.006022089917980623,0.00742538556244833,0.007304572030143163,0.007351038773337457,0.008707867674610868,0.009683669281691063,0.012025593138683528,0.011486578917629706,0.010752404375159846,0.011021911485686757,0.009386282125247575,0.008921614693304625,0.008280373637223356,0.007992279829418728,0.008772921115082882,0.00944204221708073,0.008642814234138858,0.008122386710362754,0.00788075964575242,0.00732315872742088,0.007667012627058663,0.008280373637223356,0.009600029143941332,0.011356472036685682
42001,0.0008364013774973088,0.0008364013774973088,0.0008549880747750267,0.0008921614693304626,0.0009386282125247575,0.0010129750016356295,0.0010687350934687832,0.0011895486257739501,0.0015891626172448866,0.0015984559658837455,0.0021467635355764255,0.0022211103246872975,0.0027415378484634007,0.0033177254640726576,0.0039217931255984915,0.004683847713984929,0.005641062623787404,0.005761876156092571,0.005761876156092571,0.00540872890781593,0.00503699496226157,0.0047303144571792235,0.0049719415217895566,0.005576009183315391,0.005576009183315391,0.005455195651010224,0.005566715834676533,0.006040676615258341,0.005836222945203444,0.005984916523425187,0.006830611249561354,0.006904958038672226,0.0067748511577282,0.007174465149199136,0.009916002997662538,0.007155878451921419,0.00860564083958342,0.009850949557190524,0.012118526625072117,0.01328948855356835,0.011867606211822925,0.01328019520492949,0.01099403143977018,0.009730136024885358,0.009683669281691063,0.009516389006191601,0.009395575473886433,0.009414162171164153,0.008661400931416575,0.007574079140670074,0.00851270735319483,0.008707867674610868,0.008819387858277178,0.008456947261361676,0.008912321344665767,0.011402938779879974,
42003,0.0008364013774973088,0.0008364013774973088,0.0008549880747750267,0.0008921614693304626,0.0009386282125247575,0.0010129750016356295,0.0010687350934687832,0.0011895486257739501,0.0015891626172448866,0.0015984559658837455,0.0021467635355764255,0.0022211103246872975,0.0027415378484634007,0.0033177254640726576,0.0039217931255984915,0.004683847713984929,0.005641062623787404,0.005761876156092571,0.005761876156092571,0.00540872890781593,0.00503699496226157,0.0047303144571792235,0.0049719415217895566,0.005576009183315391,0.005576009183315391,0.005455195651010224,0.005566715834676533,0.006040676615258341,0.005836222945203444,0.005984916523425187,0.006830611249561354,0.006904958038672226,0.0067748511577282,0.007174465149199136,0.009916002997662538,0.007155878451921419,0.00860564083958342,0.009850949557190524,0.012118526625072117,0.01328948855356835,0.011867606211822925,0.01328019520492949,0.01099403143977018,0.009730136024885358,0.009683669281691063,0.009516389006191601,0.009395575473886433,0.009414162171164153,0.008661400931416575,0.007574079140670074,0.00851270735319483,0.008707867674610868,0.008819387858277178,0.008456947261361676,0.008912321344665767,0.011402938779879974,
42005,0.0008364013774973088,0.0008364013774973088,0.0008549880747750267,0.0008921614693304626,0.0009386282125247575,0.0010129750016356295,0.0010687350934687832,0.0011895486257739501,0.0015891626172448866,0.0015984559658837455,0.0021467635355764255,0.0022211103246872975,0.0027415378484634007,0.0033177254640726576,0.0039217931255984915,0.004683847713984929,0.005641062623787404,0.005761876156092571,0.005761876156092571,0.00540872890781593,0.00503699496226157,0.0047303144571792235,0.0049719415217895566,0.005576009183315391,0.005576009183315391,0.005455195651010224,0.005566715834676533,0.006040676615258341,0.005836222945203444,0.005984916523425187,0.006830611249561354,0.006904958038672226,0.0067748511577282,0.007174465149199136,0.009916002997662538,0.007155878451921419,0.00860564083958342,0.009850949557190524,0.012118526625072117,0.01328948855356835,0.011867606211822925,0.01328019520492949,0.01099403143977018,0.009730136024885358,0.009683669281691063,0.009516389006191601,0.009395575473886433,0.009414162171164153,0.008661400931416575,0.007574079140670074,0.00851270735319483,0.008707867674610868,0.008819387858277178,0.008456947261361676,0.008912321344665767,0.011402938779879974,
42007,0.0008364013774973088,0.0008364013774973088,0.0008549880747750267,0.0008921614693304626,0.0009386282125247575,0.0010129750016356295,0.0010687350934687832,0.0011895486257739501,0.0015891626172448866,0.0015984559658837455,0.0021467635355764255,0.0022211103246872975,0.0027415378484634007,0.0033177254640726576,0.0039217931255984915,0.004683847713984929,0.005641062623787404,0.005761876156092571,0.005761876156092571,0.00540872890781593,0.00503699496226157,0.0047303144571792235,0.0049719415217895566,0.005576009183315391,0.005576009183315391,0.005455195651010224,0.005566715834676533,0.006040676615258341,0.005836222945203444,0.005984916523425187,0.006830611249561354,0.006904958038672226,0.0067748511577282,0.007174465149199136,0.009916002997662538,0.007155878451921419,0.00860564083958342,0.009850949557190524,0.012118526625072117,0.01328948855356835,0.011867606211822925,0.01328019520492949,0.01099403143977018,0.009730136024885358,0.009683669281691063,0.009516389006191601,0.009395575473886433,0.009414162171164153,0.008661400931416575,0.007574079140670074,0.00851270735319483,0.008707867674610868,0.008819387858277178,0.008456947261361676,0.008912321344665767,0.011402938779879974,
42009,0.0008364013774973088,0.0008364013774973088,0.0008549880747750267,0.0008921614693304626,0.0009386282125247575,0.0010129750016356295,0.0010687350934687832,0.0011895486257739501,0.0015891626172448866,0.0015984559658837455,0.0021467635355764255,0.0022211103246872975,0.0027415378484634007,0.0033177254640726576,0.0039217931255984915,0.004683847713984929,0.005641062623787404,0.005761876156092571,0.005761876156092571,0.00540872890781593,0.00503699496226157,0.0047303144571792235,0.0049719415217895566,0.005576009183315391,0.005576009183315391,0.005455195651010224,0.005566715834676533,0.006040676615258341,0.005836222945203444,0.005984916523425187,0.006830611249561354,0.006904958038672226,0.0067748511577282,0.007174465149199136,0.009916002997662538,0.007155878451921419,0.00860564083958342,0.009850949557190524,0.012118526625072117,0.01328948855356835,0.011867606211822925,0.01328019520492949,0.01099403143977018,0.009730136024885358,0.009683669281691063,0.009516389006191601,0.009395575473886433,0.009414162171164153,0.008661400931416575,0.007574079140670074,0.00851270735319483,0.008707867674610868,0.008819387858277178,0.008456947261361676,0.008912321344665767,0.011402938779879974,
42011,0.0008364013774973088,0.0008364013774973088,0.0008549880747750267,0.0008921614693304626,0.0009386282125247575,0.0010129750016356295,0.0010687350934687832,0.0011895486257739501,0.0015891626172448866,0.0015984559658837455,0.0021467635355764255,0.0022211103246872975,0.0027415378484634007,0.0033177254640726576,0.0039217931255984915,0.004683847713984929,0.005641062623787404,0.005761876156092571,0.005761876156092571,0.00540872890781593,0.00503699496226157,0.0047303144571792235,0.0049719415217895566,0.005576009183315391,0.005576009183315391,0.005455195651010224,0.005566715834676533,0.006040676615258341,0.005836222945203444,0.005984916523425187,0.006830611249561354,0.006904958038672226,0.0067748511577282,0.007174465149199136,0.009916002997662538,0.007155878451921419,0.00860564083958342,0.009850949557190524,0.012118526625072117,0.01328948855356835,0.011867606211822925,0.01328019520492949,0.01099403143977018,0.009730136024885358,0.009683669281691063,0.009516389006191601,0.009395575473886433,0.009414162171164153,0.008661400931416575,0.007574079140670074,0.00851270735319483,0.008707867674610868,0.008819387858277178,0.008456947261361676,0.008912321344665767,0.011402938779879974,
42013,0.0008364013774973088,0.0008364013774973088,0.0008549880747750267,0.0008921614693304626,0.0009386282125247575,0.0010129750016356295,0.0010687350934687832,0.0011895486257739501,0.0015891626172448866,0.0015984559658837455,0.0021467635355764255,0.0022211103246872975,0.0027415378484634007,0.0033177254640726576,0.0039217931255984915,0.004683847713984929,0.005641062623787404,0.005761876156092571,0.005761876156092571,0.00540872890781593,0.00503699496226157,0.0047303144571792235,0.0049719415217895566,0.005576009183315391,0.005576009183315391,0.005455195651010224,0.005566715834676533,0.006040676615258341,0.005836222945203444,0.005984916523425187,0.006830611249561354,0.006904958038672226,0.0067748511577282,0.007174465149199136,0.009916002997662538,0.007155878451921419,0.00860564083958342,0.009850949557190524,0.012118526625072117,0.01328948855356835,0.011867606211822925,0.01328019520492949,0.01099403143977018,0.009730136024885358,0.009683669281691063,0.009516389006191601,0.009395575473886433,0.009414162171164153,0.008661400931416575,0.007574079140670074,0.00851270735319483,0.008707867674610868,0.008819387858277178,0.008456947261361676,0.008912321344665767,0.011402938779879974,
42015,0.0008364013774973088,0.0008364013774973088,0.0008549880747750267,0.0008921614693304626,0.0009386282125247575,0.0010129750016356295,0.0010687350934687832,0.0011895486257739501,0.0015891626172448866,0.0015984559658837455,0.0021467635355764255,0.0022211103246872975,0.0027415378484634007,0.0033177254640726576,0.0039217931255984915,0.004683847713984929,0.005641062623787404,0.005761876156092571,0.005761876156092571,0.00540872890781593,0.00503699496226157,0.0047303144571792235,0.0049719415217895566,0.005576009183315391,0.005576009183315391,0.005455195651010224,0.005566715834676533,0.006040676615258341,0.005836222945203444,0.005984916523425187,0.006830611249561354,0.006904958038672226,0.0067748511577282,0.007174465149199136,0.009916002997662538,0.007155878451921419,0.00860564083958342,0.009850949557190524,0.012118526625072117,0.01328948855356835,0.011867606211822925,0.01328019520492949,0.01099403143977018,0.009730136024885358,0.009683669281691063,0.009516389006191601,0.009395575473886433,0.009414162171164153,0.008661400931416575,0.007574079140670074,0.00851270735319483,0.008707867674610868,0.008819387858277178,0.008456947261361676,0.008912321344665767,0.011402938779879974,
42017,0.0008364013774973088,0.0008364013774973088,0.0008549880747750267,0.0008921614693304626,0.0009386282125247575,0.0010129750016356295,0.0010687350934687832,0.0011895486257739501,0.0015891626172448866,0.0015984559658837455,0.0021467635355764255,0.0022211103246872975,0.0027415378484634007,0.0033177254640726576,0.0039217931255984915,0.004683847713984929,0.005641062623787404,0.005761876156092571,0.005761876156092571,0.00540872890781593,0.00503699496226157,0.0047303144571792235,0.0049719415217895566,0.005576009183315391,0.005576009183315391,0.005455195651010224,0.005566715834676533,0.006040676615258341,0.005836222945203444,0.005984916523425187,0.006830611249561354,0.006904958038672226,0.0067748511577282,0.007174465149199136,0.009916002997662538,0.007155878451921419,0.00860564083958342,0.009850949557190524,0.012118526625072117,0.01328948855356835,0.011867606211822925,0.01328019520492949,0.01099403143977018,0.009730136024885358,0.009683669281691063,0.009516389006191601,0.009395575473886433,0.009414162171164153,0.008661400931416575,0.007574079140670074,0.00851270735319483,0.008707867674610868,0.008819387858277178,0.008456947261361676,0.008912321344665767,0.011402938779879974,
42019,0.0008364013774973088,0.0008364013774973088,0.0008549880747750267,0.0008921614693304626,0.0009386282125247575,0.0010129750016356295,0.0010687350934687832,0.0011895486257739501,0.0015891626172448866,0.0015984559658837455,0.0021467635355764255,0.0022211103246872975,0.0027415378484634007,0.0033177254640726576,0.0039217931255984915,0.004683847713984929,0.005641062623787404,0.005761876156092571,0.005761876156092571,0.00540872890781593,0.00503699496226157,0.0047303144571792235,0.0049719415217895566,0.005576009183315391,0.005576009183315391,0.005455195651010224,0.005566715834676533,0.006040676615258341,0.005836222945203444,0.005984916523425187,0.006830611249561354,0.006904958038672226,0.0067748511577282,0.007174465149199136,0.009916002997662538,0.007155878451921419,0.00860564083958342,0.009850949557190524,0.012118526625072117,0.01328948855356835,0.011867606211822925,0.01328019520492949,0.01099403143977018,0.009730136024885358,0.009683669281691063,0.009516389006191601,0.009395575473886433,0.009414162171164153,0.008661400931416575,0.007574079140670074,0.00851270735319483,0.008707867674610868,0.008819387858277178,0.008456947261361676,0.008912321344665767,0.011402938779879974,
42021,0.0008364013774973088,0.0008364013774973088,0.0008549880747750267,0.0008921614693304626,0.0009386282125247575,0.0010129750016356295,0.0010687350934687832,0.0011895486257739501,0.0015891626172448866,0.0015984559658837455,0.0021467635355764255,0.0022211103246872975,0.0027415378484634007,0.0033177254640726576,0.0039217931255984915,0.004683847713984929,0.005641062623787404,0.005761876156092571,0.005761876156092571,0.00540872890781593,0.00503699496226157,0.0047303144571792235,0.0049719415217895566,0.005576009183315391,0.005576009183315391,0.005455195651010224,0.005566715834676533,0.006040676615258341,0.005836222945203444,0.005984916523425187,0.006830611249561354,0.006904958038672226,0.0067748511577282,0.007174465149199136,0.009916002997662538,0.007155878451921419,0.00860564083958342,0.009850949557190524,0.012118526625072117,0.01328948855356835,0.011867606211822925,0.01328019520492949,0.01099403143977018,0.009730136024885358,0.009683669281691063,0.009516389006191601,0.009395575473886433,0.009414162171164153,0.008661400931416575,0.007574079140670074,0.00851270735319483,0.008707867674610868,0.008819387858277178,0.008456947261361676,0.008912321344665767,0.011402938779879974,
42023,0.0008364013774973088,0.0008364013774973088,0.0008549880747750267,0.0008921614693304626,0.0009386282125247575,0.0010129750016356295,0.0010687350934687832,0.0011895486257739501,0.0015891626172448866,0.0015984559658837455,0.0021467635355764255,0.0022211103246872975,0.0027415378484634007,0.0033177254640726576,0.0039217931255984915,0.004683847713984929,0.005641062623787404,0.005761876156092571,0.005761876156092571,0.00540872890781593,0.00503699496226157,0.0047303144571792235,0.0049719415217895566,0.005576009183315391,0.005576009183315391,0.005455195651010224,0.005566715834676533,0.006040676615258341,0.005836222945203444,0.005984916523425187,0.006830611249561354,0.006904958038672226,0.0067748511577282,0.007174465149199136,0.009916002997662538,0.007155878451921419,0.00860564083958342,0.009850949557190524,0.012118526625072117,0.01328948855356835,0.011867606211822925,0.01328019520492949,0.01099403143977018,0.009730136024885358,0.009683669281691063,0.009516389006191601,0.009395575473886433,0.009414162171164153,0.008661400931416575,0.007574079140670074,0.00851270735319483,0.008707867674610868,0.008819387858277178,0.008456947261361676,0.008912321344665767,0.011402938779879974,
42025,0.0008364013774973088,0.0008364013774973088,0.0008549880747750267,0.0008921614693304626,0.0009386282125247575,0.0010129750016356295,0.0010687350934687832,0.0011895486257739501,0.0015891626172448866,0.0015984559658837455,0.0021467635355764255,0.0022211103246872975,0.0027415378484634007,0.0033177254640726576,0.0039217931255984915,0.004683847713984929,0.005641062623787404,0.005761876156092571,0.005761876156092571,0.00540872890781593,0.00503699496226157,0.0047303144571792235,0.0049719415217895566,0.005576009183315391,0.005576009183315391,0.005455195651010224,0.005566715834676533,0.006040676615258341,0.005836222945203444,0.005984916523425187,0.006830611249561354,0.006904958038672226,0.0067748511577282,0.007174465149199136,0.009916002997662538,0.007155878451921419,0.00860564083958342,0.009850949557190524,0.012118526625072117,0.01328948855356835,0.011867606211822925,0.01328019520492949,0.01099403143977018,0.009730136024885358,0.009683669281691063,0.009516389006191601,0.009395575473886433,0.009414162171164153,0.008661400931416575,0.007574079140670074,0.00851270735319483,0.008707867674610868,0.008819387858277178,0.008456947261361676,0.008912321344665767,0.011402938779879974,
42027,0.0008364013774973088,0.0008364013774973088,0.0008549880747750267,0.0008921614693304626,0.0009386282125247575,0.0010129750016356295,0.0010687350934687832,0.0011895486257739501,0.0015891626172448866,0.0015984559658837455,0.0021467635355764255,0.0022211103246872975,0.0027415378484634007,0.0033177254640726576,0.0039217931255984915,0.004683847713984929,0.005641062623787404,0.005761876156092571,0.005761876156092571,0.00540872890781593,0.00503699496226157,0.0047303144571792235,0.0049719415217895566,0.005576009183315391,0.005576009183315391,0.005455195651010224,0.005566715834676533,0.006040676615258341,0.005836222945203444,0.005984916523425187,0.006830611249561354,0.006904958038672226,0.0067748511577282,0.007174465149199136,0.009916002997662538,0.007155878451921419,0.00860564083958342,0.009850949557190524,0.012118526625072117,0.01328948855356835,0.011867606211822925,0.01328019520492949,0.01099403143977018,0.009730136024885358,0.009683669281691063,0.009516389006191601,0.009395575473886433,0.009414162171164153,0.008661400931416575,0.007574079140670074,0.00851270735319483,0.008707867674610868,0.008819387858277178,0.008456947261361676,0.008912321344665767,0.011402938779879974,
42029,0.0008364013774973088,0.0008364013774973088,0.0008549880747750267,0.0008921614693304626,0.0009386282125247575,0.0010129750016356295,0.0010687350934687832,0.0011895486257739501,0.0015891626172448866,0.0015984559658837455,0.0021467635355764255,0.0022211103246872975,0.0027415378484634007,0.0033177254640726576,0.0039217931255984915,0.004683847713984929,0.005641062623787404,0.005761876156092571,0.005761876156092571,0.00540872890781593,0.00503699496226157,0.0047303144571792235,0.0049719415217895566,0.005576009183315391,0.005576009183315391,0.005455195651010224,0.005566715834676533,0.006040676615258341,0.005836222945203444,0.005984916523425187,0.006830611249561354,0.006904958038672226,0.0067748511577282,0.007174465149199136,0.009916002997662538,0.007155878451921419,0.00860564083958342,0.009850949557190524,0.012118526625072117,0.01328948855356835,0.011867606211822925,0.01328019520492949,0.01099403143977018,0.009730136024885358,0.009683669281691063,0.009516389006191601,0.009395575473886433,0.009414162171164153,0.008661400931416575,0.007574079140670074,0.00851270735319483,0.008707867674610868,0.008819387858277178,0.008456947261361676,0.008912321344665767,0.011402938779879974,
42031,0.0008364013774973088,0.0008364013774973088,0.0008549880747750267,0.0008921614693304626,0.0009386282125247575,0.0010129750016356295,0.0010687350934687832,0.0011895486257739501,0.0015891626172448866,0.0015984559658837455,0.0021467635355764255,0.0022211103246872975,0.0027415378484634007,0.0033177254640726576,0.0039217931255984915,0.004683847713984929,0.005641062623787404,0.005761876156092571,0.005761876156092571,0.00540872890781593,0.00503699496226157,0.0047303144571792235,0.0049719415217895566,0.005576009183315391,0.005576009183315391,0.005455195651010224,0.005566715834676533,0.006040676615258341,0.005836222945203444,0.005984916523425187,0.006830611249561354,0.006904958038672226,0.0067748511577282,0.007174465149199136,0.009916002997662538,0.007155878451921419,0.00860564083958342,0.009850949557190524,0.012118526625072117,0.01328948855356835,0.011867606211822925,0.01328019520492949,0.01099403143977018,0.009730136024885358,0.009683669281691063,0.009516389006191601,0.009395575473886433,0.009414162171164153,0.008661400931416575,0.007574079140670074,0.00851270735319483,0.008707867674610868,0.008819387858277178,0.008456947261361676,0.008912321344665767,0.011402938779879974,
42033,0.0008364013774973088,0.0008364013774973088,0.0008549880747750267,0.0008921614693304626,0.0009386282125247575,0.0010129750016356295,0.0010687350934687832,0.0011895486257739501,0.0015891626172448866,0.0015984559658837455,0.0021467635355764255,0.0022211103246872975,0.0027415378484634007,0.0033177254640726576,0.0039217931255984915,0.004683847713984929,0.005641062623787404,0.005761876156092571,0.005761876156092571,0.00540872890781593,0.00503699496226157,0.0047303144571792235,0.0049719415217895566,0.005576009183315391,0.005576009183315391,0.005455195651010224,0.005566715834676533,0.006040676615258341,0.005836222945203444,0.005984916523425187,0.006830611249561354,0.006904958038672226,0.0067748511577282,0.007174465149199136,0.009916002997662538,0.007155878451921419,0.00860564083958342,0.009850949557190524,0.012118526625072117,0.01328948855356835,0.011867606211822925,0.01328019520492949,0.01099403143977018,0.009730136024885358,0.009683669281691063,0.009516389006191601,0.009395575473886433,0.009414162171164153,0.008661400931416575,0.007574079140670074,0.00851270735319483,0.008707867674610868,0.008819387858277178,0.008456947261361676,0.008912321344665767,0.011402938779879974,
42035,0.0008364013774973088,0.0008364013774973088,0.0008549880747750267,0.0008921614693304626,0.0009386282125247575,0.0010129750016356295,0.0010687350934687832,0.0011895486257739501,0.0015891626172448866,0.0015984559658837455,0.0021467635355764255,0.0022211103246872975,0.0027415378484634007,0.0033177254640726576,0.0039217931255984915,0.004683847713984929,0.005641062623787404,0.005761876156092571,0.005761876156092571,0.00540872890781593,0.00503699496226157,0.0047303144571792235,0.0049719415217895566,0.005576009183315391,0.005576009183315391,0.005455195651010224,0.005566715834676533,0.006040676615258341,0.005836222945203444,0.005984916523425187,0.006830611249561354,0.006904958038672226,0.0067748511577282,0.007174465149199136,0.009916002997662538,0.007155878451921419,0.00860564083958342,0.009850949557190524,0.012118526625072117,0.01328948855356835,0.011867606211822925,0.01328019520492949,0.01099403143977018,0.009730136024885358,0.009683669281691063,0.009516389006191601,0.009395575473886433,0.009414162171164153,0.008661400931416575,0.007574079140670074,0.00851270735319483,0.008707867674610868,0.008819387858277178,0.008456947261361676,0.008912321344665767,0.011402938779879974,
42037,0.0008364013774973088,0.0008364013774973088,0.0008549880747750267,0.0008921614693304626,0.0009386282125247575,0.0010129750016356295,0.0010687350934687832,0.0011895486257739501,0.0015891626172448866,0.0015984559658837455,0.0021467635355764255,0.0022211103246872975,0.0027415378484634007,0.0033177254640726576,0.0039217931255984915,0.004683847713984929,0.005641062623787404,0.005761876156092571,0.005761876156092571,0.00540872890781593,0.00503699496226157,0.0047303144571792235,0.0049719415217895566,0.005576009183315391,0.005576009183315391,0.005455195651010224,0.005566715834676533,0.006040676615258341,0.005836222945203444,0.005984916523425187,0.006830611249561354,0.006904958038672226,0.0067748511577282,0.007174465149199136,0.009916002997662538,0.007155878451921419,0.00860564083958342,0.009850949557190524,0.012118526625072117,0.01328948855356835,0.011867606211822925,0.01328019520492949,0.01099403143977018,0.009730136024885358,0.009683669281691063,0.009516389006191601,0.009395575473886433,0.009414162171164153,0.008661400931416575,0.007574079140670074,0.00851270735319483,0.008707867674610868,0.008819387858277178,0.008456947261361676,0.008912321344665767,0.011402938779879974,
42039,0.0008364013774973088,0.0008364013774973088,0.0008549880747750267,0.0008921614693304626,0.0009386282125247575,0.0010129750016356295,0.0010687350934687832,0.0011895486257739501,0.0015891626172448866,0.0015984559658837455,0.0021467635355764255,0.0022211103246872975,0.0027415378484634007,0.0033177254640726576,0.0039217931255984915,0.004683847713984929,0.005641062623787404,0.005761876156092571,0.005761876156092571,0.00540872890781593,0.00503699496226157,0.0047303144571792235,0.0049719415217895566,0.005576009183315391,0.005576009183315391,0.005455195651010224,0.005566715834676533,0.006040676615258341,0.005836222945203444,0.005984916523425187,0.006830611249561354,0.006904958038672226,0.0067748511577282,0.007174465149199136,0.009916002997662538,0.007155878451921419,0.00860564083958342,0.009850949557190524,0.012118526625072117,0.01328948855356835,0.011867606211822925,0.01328019520492949,0.01099403143977018,0.009730136024885358,0.009683669281691063,0.009516389006191601,0.009395575473886433,0.009414162171164153,0.008661400931416575,0.007574079140670074,0.00851270735319483,0.008707867674610868,0.008819387858277178,0.008456947261361676,0.008912321344665767,0.011402938779879974,
42041,0.0008364013774973088,0.0008364013774973088,0.0008549880747750267,0.0008921614693304626,0.0009386282125247575,0.0010129750016356295,0.0010687350934687832,0.0011895486257739501,0.0015891626172448866,0.0015984559658837455,0.0021467635355764255,0.0022211103246872975,0.0027415378484634007,0.0033177254640726576,0.0039217931255984915,0.004683847713984929,0.005641062623787404,0.005761876156092571,0.005761876156092571,0.00540872890781593,0.00503699496226157,0.0047303144571792235,0.0049719415217895566,0.005576009183315391,0.005576009183315391,0.005455195651010224,0.005566715834676533,0.006040676615258341,0.005836222945203444,0.005984916523425187,0.006830611249561354,0.006904958038672226,0.0067748511577282,0.007174465149199136,0.009916002997662538,0.007155878451921419,0.00860564083958342,0.009850949557190524,0.012118526625072117,0.01328948855356835,0.011867606211822925,0.01328019520492949,0.01099403143977018,0.009730136024885358,0.009683669281691063,0.009516389006191601,0.009395575473886433,0.009414162171164153,0.008661400931416575,0.007574079140670074,0.00851270735319483,0.008707867674610868,0.008819387858277178,0.008456947261361676,0.008912321344665767,0.011402938779879974,
42043,0.0008364013774973088,0.0008364013774973088,0.0008549880747750267,0.0008921614693304626,0.0009386282125247575,0.0010129750016356295,0.0010687350934687832,0.0011895486257739501,0.0015891626172448866,0.0015984559658837455,0.0021467635355764255,0.0022211103246872975,0.0027415378484634007,0.0033177254640726576,0.0039217931255984915,0.004683847713984929,0.005641062623787404,0.005761876156092571,0.005761876156092571,0.00540872890781593,0.00503699496226157,0.0047303144571792235,0.0049719415217895566,0.005576009183315391,0.005576009183315391,0.005455195651010224,0.005566715834676533,0.006040676615258341,0.005836222945203444,0.005984916523425187,0.006830611249561354,0.006904958038672226,0.0067748511577282,0.007174465149199136,0.009916002997662538,0.007155878451921419,0.00860564083958342,0.009850949557190524,0.012118526625072117,0.01328948855356835,0.011867606211822925,0.01328019520492949,0.01099403143977018,0.009730136024885358,0.009683669281691063,0.009516389006191601,0.009395575473886433,0.009414162171164153,0.008661400931416575,0.007574079140670074,0.00851270735319483,0.008707867674610868,0.008819387858277178,0.008456947261361676,0.008912321344665767,0.011402938779879974,
42045,0.0008364013774973088,0.0008364013774973088,0.0008549880747750267,0.0008921614693304626,0.0009386282125247575,0.0010129750016356295,0.0010687350934687832,0.0011895486257739501,0.0015891626172448866,0.0015984559658837455,0.0021467635355764255,0.0022211103246872975,0.0027415378484634007,0.0033177254640726576,0.0039217931255984915,0.004683847713984929,0.005641062623787404,0.005761876156092571,0.005761876156092571,0.00540872890781593,0.00503699496226157,0.0047303144571792235,0.0049719415217895566,0.005576009183315391,0.005576009183315391,0.005455195651010224,0.005566715834676533,0.006040676615258341,0.005836222945203444,0.005984916523425187,0.006830611249561354,0.006904958038672226,0.0067748511577282,0.007174465149199136,0.009916002997662538,0.007155878451921419,0.00860564083958342,0.009850949557190524,0.012118526625072117,0.01328948855356835,0.011867606211822925,0.01328019520492949,0.01099403143977018,0.009730136024885358,0.009683669281691063,0.009516389006191601,0.009395575473886433,0.009414162171164153,0.008661400931416575,0.007574079140670074,0.00851270735319483,0.008707867674610868,0.008819387858277178,0.008456947261361676,0.008912321344665767,0.011402938779879974,
42047,0.0008364013774973088,0.0008364013774973088,0.0008549880747750267,0.0008921614693304626,0.0009386282125247575,0.0010129750016356295,0.0010687350934687832,0.0011895486257739501,0.0015891626172448866,0.0015984559658837455,0.0021467635355764255,0.0022211103246872975,0.0027415378484634007,0.0033177254640726576,0.0039217931255984915,0.004683847713984929,0.005641062623787404,0.005761876156092571,0.005761876156092571,0.00540872890781593,0.00503699496226157,0.0047303144571792235,0.0049719415217895566,0.005576009183315391,0.005576009183315391,0.005455195651010224,0.005566715834676533,0.006040676615258341,0.005836222945203444,0.005984916523425187,0.006830611249561354,0.006904958038672226,0.0067748511577282,0.007174465149199136,0.009916002997662538,0.007155878451921419,0.00860564083958342,0.009850949557190524,0.012118526625072117,0.01328948855356835,0.011867606211822925,0.01328019520492949,0.01099403143977018,0.009730136024885358,0.009683669281691063,0.009516389006191601,0.009395575473886433,0.009414162171164153,0.008661400931416575,0.007574079140670074,0.00851270735319483,0.008707867674610868,0.008819387858277178,0.008456947261361676,0.008912321344665767,0.011402938779879974,
42049,0.0008364013774973088,0.0008364013774973088,0.0008549880747750267,0.0008921614693304626,0.0009386282125247575,0.0010129750016356295,0.0010687350934687832,0.0011895486257739501,0.0015891626172448866,0.0015984559658837455,0.0021467635355764255,0.0022211103246872975,0.0027415378484634007,0.0033177254640726576,0.0039217931255984915,0.004683847713984929,0.005641062623787404,0.005761876156092571,0.005761876156092571,0.00540872890781593,0.00503699496226157,0.0047303144571792235,0.0049719415217895566,0.005576009183315391,0.005576009183315391,0.005455195651010224,0.005566715834676533,0.006040676615258341,0.005836222945203444,0.005984916523425187,0.006830611249561354,0.006904958038672226,0.0067748511577282,0.007174465149199136,0.009916002997662538,0.007155878451921419,0.00860564083958342,0.009850949557190524,0.012118526625072117,0.01328948855356835,0.011867606211822925,0.01328019520492949,0.01099403143977018,0.009730136024885358,0.009683669281691063,0.009516389006191601,0.009395575473886433,0.009414162171164153,0.008661400931416575,0.007574079140670074,0.00851270735319483,0.008707867674610868,0.008819387858277178,0.008456947261361676,0.008912321344665767,0.011402938779879974,
42051,0.0008364013774973088,0.0008364013774973088,0.0008549880747750267,0.0008921614693304626,0.0009386282125247575,0.0010129750016356295,0.0010687350934687832,0.0011895486257739501,0.0015891626172448866,0.0015984559658837455,0.0021467635355764255,0.0022211103246872975,0.0027415378484634007,0.0033177254640726576,0.0039217931255984915,0.004683847713984929,0.005641062623787404,0.005761876156092571,0.005761876156092571,0.00540872890781593,0.00503699496226157,0.0047303144571792235,0.0049719415217895566,0.005576009183315391,0.005576009183315391,0.005455195651010224,0.005566715834676533,0.006040676615258341,0.005836222945203444,0.005984916523425187,0.006830611249561354,0.006904958038672226,0.0067748511577282,0.007174465149199136,0.009916002997662538,0.007155878451921419,0.00860564083958342,0.009850949557190524,0.012118526625072117,0.01328948855356835,0.011867606211822925,0.01328019520492949,0.01099403143977018,0.009730136024885358,0.009683669281691063,0.009516389006191601,0.009395575473886433,0.009414162171164153,0.008661400931416575,0.007574079140670074,0.00851270735319483,0.008707867674610868,0.008819387858277178,0.008456947261361676,0.008912321344665767,0.011402938779879974,
42053,0.0008364013774973088,0.0008364013774973088,0.0008549880747750267,0.0008921614693304626,0.0009386282125247575,0.0010129750016356295,0.0010687350934687832,0.0011895486257739501,0.0015891626172448866,0.0015984559658837455,0.0021467635355764255,0.0022211103246872975,0.0027415378484634007,0.0033177254640726576,0.0039217931255984915,0.004683847713984929,0.005641062623787404,0.005761876156092571,0.005761876156092571,0.00540872890781593,0.00503699496226157,0.0047303144571792235,0.0049719415217895566,0.005576009183315391,0.005576009183315391,0.005455195651010224,0.005566715834676533,0.006040676615258341,0.005836222945203444,0.005984916523425187,0.006830611249561354,0.006904958038672226,0.0067748511577282,0.007174465149199136,0.009916002997662538,0.007155878451921419,0.00860564083958342,0.009850949557190524,0.012118526625072117,0.01328948855356835,0.011867606211822925,0.01328019520492949,0.01099403143977018,0.009730136024885358,0.009683669281691063,0.009516389006191601,0.009395575473886433,0.009414162171164153,0.008661400931416575,0.007574079140670074,0.00851270735319483,0.008707867674610868,0.008819387858277178,0.008456947261361676,0.008912321344665767,0.011402938779879974,
42055,0.0008364013774973088,0.0008364013774973088,0.0008549880747750267,0.0008921614693304626,0.0009386282125247575,0.0010129750016356295,0.0010687350934687832,0.0011895486257739501,0.0015891626172448866,0.0015984559658837455,0.0021467635355764255,0.0022211103246872975,0.0027415378484634007,0.0033177254640726576,0.0039217931255984915,0.004683847713984929,0.005641062623787404,0.005761876156092571,0.005761876156092571,0.00540872890781593,0.00503699496226157,0.0047303144571792235,0.0049719415217895566,0.005576009183315391,0.005576009183315391,0.005455195651010224,0.005566715834676533,0.006040676615258341,0.005836222945203444,0.005984916523425187,0.006830611249561354,0.006904958038672226,0.0067748511577282,0.007174465149199136,0.009916002997662538,0.007155878451921419,0.00860564083958342,0.009850949557190524,0.012118526625072117,0.01328948855356835,0.011867606211822925,0.01328019520492949,0.01099403143977018,0.009730136024885358,0.009683669281691063,0.009516389006191601,0.009395575473886433,0.009414162171164153,0.008661400931416575,0.007574079140670074,0.00851270735319483,0.008707867674610868,0.008819387858277178,0.008456947261361676,0.008912321344665767,0.011402938779879974,
42057,0.0008364013774973088,0.0008364013774973088,0.0008549880747750267,0.0008921614693304626,0.0009386282125247575,0.0010129750016356295,0.0010687350934687832,0.0011895486257739501,0.0015891626172448866,0.0015984559658837455,0.0021467635355764255,0.0022211103246872975,0.0027415378484634007,0.0033177254640726576,0.0039217931255984915,0.004683847713984929,0.005641062623787404,0.005761876156092571,0.005761876156092571,0.00540872890781593,0.00503699496226157,0.0047303144571792235,0.0049719415217895566,0.005576009183315391,0.005576009183315391,0.005455195651010224,0.005566715834676533,0.006040676615258341,0.005836222945203444,0.005984916523425187,0.006830611249561354,0.006904958038672226,0.0067748511577282,0.007174465149199136,0.009916002997662538,0.007155878451921419,0.00860564083958342,0.009850949557190524,0.012118526625072117,0.01328948855356835,0.011867606211822925,0.01328019520492949,0.01099403143977018,0.009730136024885358,0.009683669281691063,0.009516389006191601,0.009395575473886433,0.009414162171164153,0.008661400931416575,0.007574079140670074,0.00851270735319483,0.008707867674610868,0.008819387858277178,0.008456947261361676,0.008912321344665767,0.011402938779879974,
42059,0.0008364013774973088,0.0008364013774973088,0.0008549880747750267,0.0008921614693304626,0.0009386282125247575,0.0010129750016356295,0.0010687350934687832,0.0011895486257739501,0.0015891626172448866,0.0015984559658837455,0.0021467635355764255,0.0022211103246872975,0.0027415378484634007,0.0033177254640726576,0.0039217931255984915,0.004683847713984929,0.005641062623787404,0.005761876156092571,0.005761876156092571,0.00540872890781593,0.00503699496226157,0.0047303144571792235,0.0049719415217895566,0.005576009183315391,0.005576009183315391,0.005455195651010224,0.005566715834676533,0.006040676615258341,0.005836222945203444,0.005984916523425187,0.006830611249561354,0.006904958038672226,0.0067748511577282,0.007174465149199136,0.009916002997662538,0.007155878451921419,0.00860564083958342,0.009850949557190524,0.012118526625072117,0.01328948855356835,0.011867606211822925,0.01328019520492949,0.01099403143977018,0.009730136024885358,0.009683669281691063,0.009516389006191601,0.009395575473886433,0.009414162171164153,0.008661400931416575,0.007574079140670074,0.00851270735319483,0.008707867674610868,0.008819387858277178,0.008456947261361676,0.008912321344665767,0.011402938779879974,
42061,0.0008364013774973088,0.0008364013774973088,0.0008549880747750267,0.0008921614693304626,0.0009386282125247575,0.0010129750016356295,0.0010687350934687832,0.0011895486257739501,0.0015891626172448866,0.0015984559658837455,0.0021467635355764255,0.0022211103246872975,0.0027415378484634007,0.0033177254640726576,0.0039217931255984915,0.004683847713984929,0.005641062623787404,0.005761876156092571,0.005761876156092571,0.00540872890781593,0.00503699496226157,0.0047303144571792235,0.0049719415217895566,0.005576009183315391,0.005576009183315391,0.005455195651010224,0.005566715834676533,0.006040676615258341,0.005836222945203444,0.005984916523425187,0.006830611249561354,0.006904958038672226,0.0067748511577282,0.007174465149199136,0.009916002997662538,0.007155878451921419,0.00860564083958342,0.009850949557190524,0.012118526625072117,0.01328948855356835,0.011867606211822925,0.01328019520492949,0.01099403143977018,0.009730136024885358,0.009683669281691063,0.009516389006191601,0.009395575473886433,0.009414162171164153,0.008661400931416575,0.007574079140670074,0.00851270735319483,0.008707867674610868,0.008819387858277178,0.008456947261361676,0.008912321344665767,0.011402938779879974,
42063,0.0008364013774973088,0.0008364013774973088,0.0008549880747750267,0.0008921614693304626,0.0009386282125247575,0.0010129750016356295,0.0010687350934687832,0.0011895486257739501,0.0015891626172448866,0.0015984559658837455,0.0021467635355764255,0.0022211103246872975,0.0027415378484634007,0.0033177254640726576,0.0039217931255984915,0.004683847713984929,0.005641062623787404,0.005761876156092571,0.005761876156092571,0.00540872890781593,0.00503699496226157,0.0047303144571792235,0.0049719415217895566,0.005576009183315391,0.005576009183315391,0.005455195651010224,0.005566715834676533,0.006040676615258341,0.005836222945203444,0.005984916523425187,0.006830611249561354,0.006904958038672226,0.0067748511577282,0.007174465149199136,0.009916002997662538,0.007155878451921419,0.00860564083958342,0.009850949557190524,0.012118526625072117,0.01328948855356835,0.011867606211822925,0.01328019520492949,0.01099403143977018,0.009730136024885358,0.009683669281691063,0.009516389006191601,0.009395575473886433,0.009414162171164153,0.008661400931416575,0.007574079140670074,0.00851270735319483,0.008707867674610868,0.008819387858277178,0.008456947261361676,0.008912321344665767,0.011402938779879974,
42065,0.0008364013774973088,0.0008364013774973088,0.0008549880747750267,0.0008921614693304626,0.0009386282125247575,0.0010129750016356295,0.0010687350934687832,0.0011895486257739501,0.0015891626172448866,0.0015984559658837455,0.0021467635355764255,0.0022211103246872975,0.0027415378484634007,0.0033177254640726576,0.0039217931255984915,0.004683847713984929,0.005641062623787404,0.005761876156092571,0.005761876156092571,0.00540872890781593,0.00503699496226157,0.0047303144571792235,0.0049719415217895566,0.005576009183315391,0.005576009183315391,0.005455195651010224,0.005566715834676533,0.006040676615258341,0.005836222945203444,0.005984916523425187,0.006830611249561354,0.006904958038672226,0.0067748511577282,0.007174465149199136,0.009916002997662538,0.007155878451921419,0.00860564083958342,0.009850949557190524,0.012118526625072117,0.01328948855356835,0.011867606211822925,0.01328019520492949,0.01099403143977018,0.009730136024885358,0.009683669281691063,0.009516389006191601,0.009395575473886433,0.009414162171164153,0.008661400931416575,0.007574079140670074,0.00851270735319483,0.008707867674610868,0.008819387858277178,0.008456947261361676,0.008912321344665767,0.011402938779879974,
42067,0.0008364013774973088,0.0008364013774973088,0.0008549880747750267,0.0008921614693304626,0.0009386282125247575,0.0010129750016356295,0.0010687350934687832,0.0011895486257739501,0.0015891626172448866,0.0015984559658837455,0.0021467635355764255,0.0022211103246872975,0.0027415378484634007,0.0033177254640726576,0.0039217931255984915,0.004683847713984929,0.005641062623787404,0.005761876156092571,0.005761876156092571,0.00540872890781593,0.00503699496226157,0.0047303144571792235,0.0049719415217895566,0.005576009183315391,0.005576009183315391,0.005455195651010224,0.005566715834676533,0.006040676615258341,0.005836222945203444,0.005984916523425187,0.006830611249561354,0.006904958038672226,0.0067748511577282,0.007174465149199136,0.009916002997662538,0.007155878451921419,0.00860564083958342,0.009850949557190524,0.012118526625072117,0.01328948855356835,0.011867606211822925,0.01328019520492949,0.01099403143977018,0.009730136024885358,0.009683669281691063,0.009516389006191601,0.009395575473886433,0.009414162171164153,0.008661400931416575,0.007574079140670074,0.00851270735319483,0.008707867674610868,0.008819387858277178,0.008456947261361676,0.008912321344665767,0.011402938779879974,
42069,0.0008364013774973088,0.0008364013774973088,0.0008549880747750267,0.0008921614693304626,0.0009386282125247575,0.0010129750016356295,0.0010687350934687832,0.0011895486257739501,0.0015891626172448866,0.0015984559658837455,0.0021467635355764255,0.0022211103246872975,0.0027415378484634007,0.0033177254640726576,0.0039217931255984915,0.004683847713984929,0.005641062623787404,0.005761876156092571,0.005761876156092571,0.00540872890781593,0.00503699496226157,0.0047303144571792235,0.0049719415217895566,0.005576009183315391,0.005576009183315391,0.005455195651010224,0.005566715834676533,0.006040676615258341,0.005836222945203444,0.005984916523425187,0.006830611249561354,0.006904958038672226,0.0067748511577282,0.007174465149199136,0.009916002997662538,0.007155878451921419,0.00860564083958342,0.009850949557190524,0.012118526625072117,0.01328948855356835,0.011867606211822925,0.01328019520492949,0.01099403143977018,0.009730136024885358,0.009683669281691063,0.009516389006191601,0.009395575473886433,0.009414162171164153,0.008661400931416575,0.007574079140670074,0.00851270735319483,0.008707867674610868,0.008819387858277178,0.008456947261361676,0.008912321344665767,0.011402938779879974,
42071,0.0008364013774973088,0.0008364013774973088,0.0008549880747750267,0.0008921614693304626,0.0009386282125247575,0.0010129750016356295,0.0010687350934687832,0.0011895486257739501,0.0015891626172448866,0.0015984559658837455,0.0021467635355764255,0.0022211103246872975,0.0027415378484634007,0.0033177254640726576,0.0039217931255984915,0.004683847713984929,0.005641062623787404,0.005761876156092571,0.005761876156092571,0.00540872890781593,0.00503699496226157,0.0047303144571792235,0.0049719415217895566,0.005576009183315391,0.005576009183315391,0.005455195651010224,0.005566715834676533,0.006040676615258341,0.005836222945203444,0.005984916523425187,0.006830611249561354,0.006904958038672226,0.0067748511577282,0.007174465149199136,0.009916002997662538,0.007155878451921419,0.00860564083958342,0.009850949557190524,0.012118526625072117,0.01328948855356835,0.011867606211822925,0.01328019520492949,0.01099403143977018,0.009730136024885358,0.009683669281691063,0.009516389006191601,0.009395575473886433,0.009414162171164153,0.008661400931416575,0.007574079140670074,0.00851270735319483,0.008707867674610868,0.008819387858277178,0.008456947261361676,0.008912321344665767,0.011402938779879974,
42073,0.0008364013774973088,0.0008364013774973088,0.0008549880747750267,0.0008921614693304626,0.0009386282125247575,0.0010129750016356295,0.0010687350934687832,0.0011895486257739501,0.0015891626172448866,0.0015984559658837455,0.0021467635355764255,0.0022211103246872975,0.0027415378484634007,0.0033177254640726576,0.0039217931255984915,0.004683847713984929,0.005641062623787404,0.005761876156092571,0.005761876156092571,0.00540872890781593,0.00503699496226157,0.0047303144571792235,0.0049719415217895566,0.005576009183315391,0.005576009183315391,0.005455195651010224,0.005566715834676533,0.006040676615258341,0.005836222945203444,0.005984916523425187,0.006830611249561354,0.006904958038672226,0.0067748511577282,0.007174465149199136,0.009916002997662538,0.007155878451921419,0.00860564083958342,0.009850949557190524,0.012118526625072117,0.01328948855356835,0.011867606211822925,0.01328019520492949,0.01099403143977018,0.009730136024885358,0.009683669281691063,0.009516389006191601,0.009395575473886433,0.009414162171164153,0.008661400931416575,0.007574079140670074,0.00851270735319483,0.008707867674610868,0.008819387858277178,0.008456947261361676,0.008912321344665767,0.011402938779879974,
42075,0.0008364013774973088,0.0008364013774973088,0.0008549880747750267,0.0008921614693304626,0.0009386282125247575,0.0010129750016356295,0.0010687350934687832,0.0011895486257739501,0.0015891626172448866,0.0015984559658837455,0.0021467635355764255,0.0022211103246872975,0.0027415378484634007,0.0033177254640726576,0.0039217931255984915,0.004683847713984929,0.005641062623787404,0.005761876156092571,0.005761876156092571,0.00540872890781593,0.00503699496226157,0.0047303144571792235,0.0049719415217895566,0.005576009183315391,0.005576009183315391,0.005455195651010224,0.005566715834676533,0.006040676615258341,0.005836222945203444,0.005984916523425187,0.006830611249561354,0.006904958038672226,0.0067748511577282,0.007174465149199136,0.009916002997662538,0.007155878451921419,0.00860564083958342,0.009850949557190524,0.012118526625072117,0.01328948855356835,0.011867606211822925,0.01328019520492949,0.01099403143977018,0.009730136024885358,0.009683669281691063,0.009516389006191601,0.009395575473886433,0.009414162171164153,0.008661400931416575,0.007574079140670074,0.00851270735319483,0.008707867674610868,0.008819387858277178,0.008456947261361676,0.008912321344665767,0.011402938779879974,
42077,0.0008364013774973088,0.0008364013774973088,0.0008549880747750267,0.0008921614693304626,0.0009386282125247575,0.0010129750016356295,0.0010687350934687832,0.0011895486257739501,0.0015891626172448866,0.0015984559658837455,0.0021467635355764255,0.0022211103246872975,0.0027415378484634007,0.0033177254640726576,0.0039217931255984915,0.004683847713984929,0.005641062623787404,0.005761876156092571,0.005761876156092571,0.00540872890781593,0.00503699496226157,0.0047303144571792235,0.0049719415217895566,0.005576009183315391,0.005576009183315391,0.005455195651010224,0.005566715834676533,0.006040676615258341,0.005836222945203444,0.005984916523425187,0.006830611249561354,0.006904958038672226,0.0067748511577282,0.007174465149199136,0.009916002997662538,0.007155878451921419,0.00860564083958342,0.009850949557190524,0.012118526625072117,0.01328948855356835,0.011867606211822925,0.01328019520492949,0.01099403143977018,0.009730136024885358,0.009683669281691063,0.009516389006191601,0.009395575473886433,0.009414162171164153,0.008661400931416575,0.007574079140670074,0.00851270735319483,0.008707867674610868,0.008819387858277178,0.008456947261361676,0.008912321344665767,0.011402938779879974,
42079,0.0008364013774973088,0.0008364013774973088,0.0008549880747750267,0.0008921614693304626,0.0009386282125247575,0.0010129750016356295,0.0010687350934687832,0.0011895486257739501,0.0015891626172448866,0.0015984559658837455,0.0021467635355764255,0.0022211103246872975,0.0027415378484634007,0.0033177254640726576,0.0039217931255984915,0.004683847713984929,0.005641062623787404,0.005761876156092571,0.005761876156092571,0.00540872890781593,0.00503699496226157,0.0047303144571792235,0.0049719415217895566,0.005576009183315391,0.005576009183315391,0.005455195651010224,0.005566715834676533,0.006040676615258341,0.005836222945203444,0.005984916523425187,0.006830611249561354,0.006904958038672226,0.0067748511577282,0.007174465149199136,0.009916002997662538,0.007155878451921419,0.00860564083958342,0.009850949557190524,0.012118526625072117,0.01328948855356835,0.011867606211822925,0.01328019520492949,0.01099403143977018,0.009730136024885358,0.009683669281691063,0.009516389006191601,0.009395575473886433,0.009414162171164153,0.008661400931416575,0.007574079140670074,0.00851270735319483,0.008707867674610868,0.008819387858277178,0.008456947261361676,0.008912321344665767,0.011402938779879974,
42081,0.0008364013774973088,0.0008364013774973088,0.0008549880747750267,0.0008921614693304626,0.0009386282125247575,0.0010129750016356295,0.0010687350934687832,0.0011895486257739501,0.0015891626172448866,0.0015984559658837455,0.0021467635355764255,0.0022211103246872975,0.0027415378484634007,0.0033177254640726576,0.0039217931255984915,0.004683847713984929,0.005641062623787404,0.005761876156092571,0.005761876156092571,0.00540872890781593,0.00503699496226157,0.0047303144571792235,0.0049719415217895566,0.005576009183315391,0.005576009183315391,0.005455195651010224,0.005566715834676533,0.006040676615258341,0.005836222945203444,0.005984916523425187,0.006830611249561354,0.006904958038672226,0.0067748511577282,0.007174465149199136,0.009916002997662538,0.007155878451921419,0.00860564083958342,0.009850949557190524,0.012118526625072117,0.01328948855356835,0.011867606211822925,0.01328019520492949,0.01099403143977018,0.009730136024885358,0.009683669281691063,0.009516389006191601,0.009395575473886433,0.009414162171164153,0.008661400931416575,0.007574079140670074,0.00851270735319483,0.008707867674610868,0.008819387858277178,0.008456947261361676,0.008912321344665767,0.011402938779879974,
42083,0.0008364013774973088,0.0008364013774973088,0.0008549880747750267,0.0008921614693304626,0.0009386282125247575,0.0010129750016356295,0.0010687350934687832,0.0011895486257739501,0.0015891626172448866,0.0015984559658837455,0.0021467635355764255,0.0022211103246872975,0.0027415378484634007,0.0033177254640726576,0.0039217931255984915,0.004683847713984929,0.005641062623787404,0.005761876156092571,0.005761876156092571,0.00540872890781593,0.00503699496226157,0.0047303144571792235,0.0049719415217895566,0.005576009183315391,0.005576009183315391,0.005455195651010224,0.005566715834676533,0.006040676615258341,0.005836222945203444,0.005984916523425187,0.006830611249561354,0.006904958038672226,0.0067748511577282,0.007174465149199136,0.009916002997662538,0.007155878451921419,0.00860564083958342,0.009850949557190524,0.012118526625072117,0.01328948855356835,0.011867606211822925,0.01328019520492949,0.01099403143977018,0.009730136024885358,0.009683669281691063,0.009516389006191601,0.009395575473886433,0.009414162171164153,0.008661400931416575,0.007574079140670074,0.00851270735319483,0.008707867674610868,0.008819387858277178,0.008456947261361676,0.008912321344665767,0.011402938779879974,
42085,0.0008364013774973088,0.0008364013774973088,0.0008549880747750267,0.0008921614693304626,0.0009386282125247575,0.0010129750016356295,0.0010687350934687832,0.0011895486257739501,0.0015891626172448866,0.0015984559658837455,0.0021467635355764255,0.0022211103246872975,0.0027415378484634007,0.0033177254640726576,0.0039217931255984915,0.004683847713984929,0.005641062623787404,0.005761876156092571,0.005761876156092571,0.00540872890781593,0.00503699496226157,0.0047303144571792235,0.0049719415217895566,0.005576009183315391,0.005576009183315391,0.005455195651010224,0.005566715834676533,0.006040676615258341,0.005836222945203444,0.005984916523425187,0.006830611249561354,0.006904958038672226,0.0067748511577282,0.007174465149199136,0.009916002997662538,0.007155878451921419,0.00860564083958342,0.009850949557190524,0.012118526625072117,0.01328948855356835,0.011867606211822925,0.01328019520492949,0.01099403143977018,0.009730136024885358,0.009683669281691063,0.009516389006191601,0.009395575473886433,0.009414162171164153,0.008661400931416575,0.007574079140670074,0.00851270735319483,0.008707867674610868,0.008819387858277178,0.008456947261361676,0.008912321344665767,0.011402938779879974,
42087,0.0008364013774973088,0.0008364013774973088,0.0008549880747750267,0.0008921614693304626,0.0009386282125247575,0.0010129750016356295,0.0010687350934687832,0.0011895486257739501,0.0015891626172448866,0.0015984559658837455,0.0021467635355764255,0.0022211103246872975,0.0027415378484634007,0.0033177254640726576,0.0039217931255984915,0.004683847713984929,0.005641062623787404,0.005761876156092571,0.005761876156092571,0.00540872890781593,0.00503699496226157,0.0047303144571792235,0.0049719415217895566,0.005576009183315391,0.005576009183315391,0.005455195651010224,0.005566715834676533,0.006040676615258341,0.005836222945203444,0.005984916523425187,0.006830611249561354,0.006904958038672226,0.0067748511577282,0.007174465149199136,0.009916002997662538,0.007155878451921419,0.00860564083958342,0.009850949557190524,0.012118526625072117,0.01328948855356835,0.011867606211822925,0.01328019520492949,0.01099403143977018,0.009730136024885358,0.009683669281691063,0.009516389006191601,0.009395575473886433,0.009414162171164153,0.008661400931416575,0.007574079140670074,0.00851270735319483,0.008707867674610868,0.008819387858277178,0.008456947261361676,0.008912321344665767,0.011402938779879974,
42089,0.0008364013774973088,0.0008364013774973088,0.0008549880747750267,0.0008921614693304626,0.0009386282125247575,0.0010129750016356295,0.0010687350934687832,0.0011895486257739501,0.0015891626172448866,0.0015984559658837455,0.0021467635355764255,0.0022211103246872975,0.0027415378484634007,0.0033177254640726576,0.0039217931255984915,0.004683847713984929,0.005641062623787404,0.005761876156092571,0.005761876156092571,0.00540872890781593,0.00503699496226157,0.0047303144571792235,0.0049719415217895566,0.005576009183315391,0.005576009183315391,0.005455195651010224,0.005566715834676533,0.006040676615258341,0.005836222945203444,0.005984916523425187,0.006830611249561354,0.006904958038672226,0.0067748511577282,0.007174465149199136,0.009916002997662538,0.007155878451921419,0.00860564083958342,0.009850949557190524,0.012118526625072117,0.01328948855356835,0.011867606211822925,0.01328019520492949,0.01099403143977018,0.009730136024885358,0.009683669281691063,0.009516389006191601,0.009395575473886433,0.009414162171164153,0.008661400931416575,0.007574079140670074,0.00851270735319483,0.008707867674610868,0.008819387858277178,0.008456947261361676,0.008912321344665767,0.011402938779879974,
42091,0.0008364013774973088,0.0008364013774973088,0.0008549880747750267,0.0008921614693304626,0.0009386282125247575,0.0010129750016356295,0.0010687350934687832,0.0011895486257739501,0.0015891626172448866,0.0015984559658837455,0.0021467635355764255,0.0022211103246872975,0.0027415378484634007,0.0033177254640726576,0.0039217931255984915,0.004683847713984929,0.005641062623787404,0.005761876156092571,0.005761876156092571,0.00540872890781593,0.00503699496226157,0.0047303144571792235,0.0049719415217895566,0.005576009183315391,0.005576009183315391,0.005455195651010224,0.005566715834676533,0.006040676615258341,0.005836222945203444,0.005984916523425187,0.006830611249561354,0.006904958038672226,0.0067748511577282,0.007174465149199136,0.009916002997662538,0.007155878451921419,0.00860564083958342,0.009850949557190524,0.012118526625072117,0.01328948855356835,0.011867606211822925,0.01328019520492949,0.01099403143977018,0.009730136024885358,0.009683669281691063,0.009516389006191601,0.009395575473886433,0.009414162171164153,0.008661400931416575,0.007574079140670074,0.00851270735319483,0.008707867674610868,0.008819387858277178,0.008456947261361676,0.008912321344665767,0.011402938779879974,
42093,0.0008364013774973088,0.0008364013774973088,0.0008549880747750267,0.0008921614693304626,0.0009386282125247575,0.0010129750016356295,0.0010687350934687832,0.0011895486257739501,0.0015891626172448866,0.0015984559658837455,0.0021467635355764255,0.0022211103246872975,0.0027415378484634007,0.0033177254640726576,0.0039217931255984915,0.004683847713984929,0.005641062623787404,0.005761876156092571,0.005761876156092571,0.00540872890781593,0.00503699496226157,0.0047303144571792235,0.0049719415217895566,0.005576009183315391,0.005576009183315391,0.005455195651010224,0.005566715834676533,0.006040676615258341,0.005836222945203444,0.005984916523425187,0.006830611249561354,0.006904958038672226,0.0067748511577282,0.007174465149199136,0.009916002997662538,0.007155878451921419,0.00860564083958342,0.009850949557190524,0.012118526625072117,0.01328948855356835,0.011867606211822925,0.01328019520492949,0.01099403143977018,0.009730136024885358,0.009683669281691063,0.009516389006191601,0.009395575473886433,0.009414162171164153,0.008661400931416575,0.007574079140670074,0.00851270735319483,0.008707867674610868,0.008819387858277178,0.008456947261361676,0.008912321344665767,0.011402938779879974,
42095,0.0008364013774973088,0.0008364013774973088,0.0008549880747750267,0.0008921614693304626,0.0009386282125247575,0.0010129750016356295,0.0010687350934687832,0.0011895486257739501,0.0015891626172448866,0.0015984559658837455,0.0021467635355764255,0.0022211103246872975,0.0027415378484634007,0.0033177254640726576,0.0039217931255984915,0.004683847713984929,0.005641062623787404,0.005761876156092571,0.005761876156092571,0.00540872890781593,0.00503699496226157,0.0047303144571792235,0.0049719415217895566,0.005576009183315391,0.005576009183315391,0.005455195651010224,0.005566715834676533,0.006040676615258341,0.005836222945203444,0.005984916523425187,0.006830611249561354,0.006904958038672226,0.0067748511577282,0.007174465149199136,0.009916002997662538,0.007155878451921419,0.00860564083958342,0.009850949557190524,0.012118526625072117,0.01328948855356835,0.011867606211822925,0.01328019520492949,0.01099403143977018,0.009730136024885358,0.009683669281691063,0.009516389006191601,0.009395575473886433,0.009414162171164153,0.008661400931416575,0.007574079140670074,0.00851270735319483,0.008707867674610868,0.008819387858277178,0.008456947261361676,0.008912321344665767,0.011402938779879974,
42097,0.0008364013774973088,0.0008364013774973088,0.0008549880747750267,0.0008921614693304626,0.0009386282125247575,0.0010129750016356295,0.0010687350934687832,0.0011895486257739501,0.0015891626172448866,0.0015984559658837455,0.0021467635355764255,0.0022211103246872975,0.0027415378484634007,0.0033177254640726576,0.0039217931255984915,0.004683847713984929,0.005641062623787404,0.005761876156092571,0.005761876156092571,0.00540872890781593,0.00503699496226157,0.0047303144571792235,0.0049719415217895566,0.005576009183315391,0.005576009183315391,0.005455195651010224,0.005566715834676533,0.006040676615258341,0.005836222945203444,0.005984916523425187,0.006830611249561354,0.006904958038672226,0.0067748511577282,0.007174465149199136,0.009916002997662538,0.007155878451921419,0.00860564083958342,0.009850949557190524,0.012118526625072117,0.01328948855356835,0.011867606211822925,0.01328019520492949,0.01099403143977018,0.009730136024885358,0.009683669281691063,0.009516389006191601,0.009395575473886433,0.009414162171164153,0.008661400931416575,0.007574079140670074,0.00851270735319483,0.008707867674610868,0.008819387858277178,0.008456947261361676,0.008912321344665767,0.011402938779879974,
42099,0.0008364013774973088,0.0008364013774973088,0.0008549880747750267,0.0008921614693304626,0.0009386282125247575,0.0010129750016356295,0.0010687350934687832,0.0011895486257739501,0.0015891626172448866,0.0015984559658837455,0.0021467635355764255,0.0022211103246872975,0.0027415378484634007,0.0033177254640726576,0.0039217931255984915,0.004683847713984929,0.005641062623787404,0.005761876156092571,0.005761876156092571,0.00540872890781593,0.00503699496226157,0.0047303144571792235,0.0049719415217895566,0.005576009183315391,0.005576009183315391,0.005455195651010224,0.005566715834676533,0.006040676615258341,0.005836222945203444,0.005984916523425187,0.006830611249561354,0.006904958038672226,0.0067748511577282,0.007174465149199136,0.009916002997662538,0.007155878451921419,0.00860564083958342,0.009850949557190524,0.012118526625072117,0.01328948855356835,0.011867606211822925,0.01328019520492949,0.01099403143977018,0.009730136024885358,0.009683669281691063,0.009516389006191601,0.009395575473886433,0.009414162171164153,0.008661400931416575,0.007574079140670074,0.00851270735319483,0.008707867674610868,0.008819387858277178,0.008456947261361676,0.008912321344665767,0.011402938779879974,
42101,0.0008364013774973088,0.0008364013774973088,0.0008549880747750267,0.0008921614693304626,0.0009386282125247575,0.0010129750016356295,0.0010687350934687832,0.0011895486257739501,0.0015891626172448866,0.0015984559658837455,0.0021467635355764255,0.0022211103246872975,0.0027415378484634007,0.0033177254640726576,0.0039217931255984915,0.004683847713984929,0.005641062623787404,0.005761876156092571,0.005761876156092571,0.00540872890781593,0.00503699496226157,0.0047303144571792235,0.0049719415217895566,0.005576009183315391,0.005576009183315391,0.005455195651010224,0.005566715834676533,0.006040676615258341,0.005836222945203444,0.005984916523425187,0.006830611249561354,0.006904958038672226,0.0067748511577282,0.007174465149199136,0.009916002997662538,0.007155878451921419,0.00860564083958342,0.009850949557190524,0.012118526625072117,0.01328948855356835,0.011867606211822925,0.01328019520492949,0.01099403143977018,0.009730136024885358,0.009683669281691063,0.009516389006191601,0.009395575473886433,0.009414162171164153,0.008661400931416575,0.007574079140670074,0.00851270735319483,0.008707867674610868,0.008819387858277178,0.008456947261361676,0.008912321344665767,0.011402938779879974,
42103,0.0008364013774973088,0.0008364013774973088,0.0008549880747750267,0.0008921614693304626,0.0009386282125247575,0.0010129750016356295,0.0010687350934687832,0.0011895486257739501,0.0015891626172448866,0.0015984559658837455,0.0021467635355764255,0.0022211103246872975,0.0027415378484634007,0.0033177254640726576,0.0039217931255984915,0.004683847713984929,0.005641062623787404,0.005761876156092571,0.005761876156092571,0.00540872890781593,0.00503699496226157,0.0047303144571792235,0.0049719415217895566,0.005576009183315391,0.005576009183315391,0.005455195651010224,0.005566715834676533,0.006040676615258341,0.005836222945203444,0.005984916523425187,0.006830611249561354,0.006904958038672226,0.0067748511577282,0.007174465149199136,0.009916002997662538,0.007155878451921419,0.00860564083958342,0.009850949557190524,0.012118526625072117,0.01328948855356835,0.011867606211822925,0.01328019520492949,0.01099403143977018,0.009730136024885358,0.009683669281691063,0.009516389006191601,0.009395575473886433,0.009414162171164153,0.008661400931416575,0.007574079140670074,0.00851270735319483,0.008707867674610868,0.008819387858277178,0.008456947261361676,0.008912321344665767,0.011402938779879974,
42105,0.0008364013774973088,0.0008364013774973088,0.0008549880747750267,0.0008921614693304626,0.0009386282125247575,0.0010129750016356295,0.0010687350934687832,0.0011895486257739501,0.0015891626172448866,0.0015984559658837455,0.0021467635355764255,0.0022211103246872975,0.0027415378484634007,0.0033177254640726576,0.0039217931255984915,0.004683847713984929,0.005641062623787404,0.005761876156092571,0.005761876156092571,0.00540872890781593,0.00503699496226157,0.0047303144571792235,0.0049719415217895566,0.005576009183315391,0.005576009183315391,0.005455195651010224,0.005566715834676533,0.006040676615258341,0.005836222945203444,0.005984916523425187,0.006830611249561354,0.006904958038672226,0.0067748511577282,0.007174465149199136,0.009916002997662538,0.007155878451921419,0.00860564083958342,0.009850949557190524,0.012118526625072117,0.01328948855356835,0.011867606211822925,0.01328019520492949,0.01099403143977018,0.009730136024885358,0.009683669281691063,0.009516389006191601,0.009395575473886433,0.009414162171164153,0.008661400931416575,0.007574079140670074,0.00851270735319483,0.008707867674610868,0.008819387858277178,0.008456947261361676,0.008912321344665767,0.011402938779879974,
42107,0.0008364013774973088,0.0008364013774973088,0.0008549880747750267,0.0008921614693304626,0.0009386282125247575,0.0010129750016356295,0.0010687350934687832,0.0011895486257739501,0.0015891626172448866,0.0015984559658837455,0.0021467635355764255,0.0022211103246872975,0.0027415378484634007,0.0033177254640726576,0.0039217931255984915,0.004683847713984929,0.005641062623787404,0.005761876156092571,0.005761876156092571,0.00540872890781593,0.00503699496226157,0.0047303144571792235,0.0049719415217895566,0.005576009183315391,0.005576009183315391,0.005455195651010224,0.005566715834676533,0.006040676615258341,0.005836222945203444,0.005984916523425187,0.006830611249561354,0.006904958038672226,0.0067748511577282,0.007174465149199136,0.009916002997662538,0.007155878451921419,0.00860564083958342,0.009850949557190524,0.012118526625072117,0.01328948855356835,0.011867606211822925,0.01328019520492949,0.01099403143977018,0.009730136024885358,0.009683669281691063,0.009516389006191601,0.009395575473886433,0.009414162171164153,0.008661400931416575,0.007574079140670074,0.00851270735319483,0.008707867674610868,0.008819387858277178,0.008456947261361676,0.008912321344665767,0.011402938779879974,
42109,0.0008364013774973088,0.0008364013774973088,0.0008549880747750267,0.0008921614693304626,0.0009386282125247575,0.0010129750016356295,0.0010687350934687832,0.0011895486257739501,0.0015891626172448866,0.0015984559658837455,0.0021467635355764255,0.0022211103246872975,0.0027415378484634007,0.0033177254640726576,0.0039217931255984915,0.004683847713984929,0.005641062623787404,0.005761876156092571,0.005761876156092571,0.00540872890781593,0.00503699496226157,0.0047303144571792235,0.0049719415217895566,0.005576009183315391,0.005576009183315391,0.005455195651010224,0.005566715834676533,0.006040676615258341,0.005836222945203444,0.005984916523425187,0.006830611249561354,0.006904958038672226,0.0067748511577282,0.007174465149199136,0.009916002997662538,0.007155878451921419,0.00860564083958342,0.009850949557190524,0.012118526625072117,0.01328948855356835,0.011867606211822925,0.01328019520492949,0.01099403143977018,0.009730136024885358,0.009683669281691063,0.009516389006191601,0.009395575473886433,0.009414162171164153,0.008661400931416575,0.007574079140670074,0.00851270735319483,0.008707867674610868,0.008819387858277178,0.008456947261361676,0.008912321344665767,0.011402938779879974,
42111,0.0008364013774973088,0.0008364013774973088,0.0008549880747750267,0.0008921614693304626,0.0009386282125247575,0.0010129750016356295,0.0010687350934687832,0.0011895486257739501,0.0015891626172448866,0.0015984559658837455,0.0021467635355764255,0.0022211103246872975,0.0027415378484634007,0.0033177254640726576,0.0039217931255984915,0.004683847713984929,0.005641062623787404,0.005761876156092571,0.005761876156092571,0.00540872890781593,0.00503699496226157,0.0047303144571792235,0.0049719415217895566,0.005576009183315391,0.005576009183315391,0.005455195651010224,0.005566715834676533,0.006040676615258341,0.005836222945203444,0.005984916523425187,0.006830611249561354,0.006904958038672226,0.0067748511577282,0.007174465149199136,0.009916002997662538,0.007155878451921419,0.00860564083958342,0.009850949557190524,0.012118526625072117,0.01328948855356835,0.011867606211822925,0.01328019520492949,0.01099403143977018,0.009730136024885358,0.009683669281691063,0.009516389006191601,0.009395575473886433,0.009414162171164153,0.008661400931416575,0.007574079140670074,0.00851270735319483,0.008707867674610868,0.008819387858277178,0.008456947261361676,0.008912321344665767,0.011402938779879974,
42113,0.0008364013774973088,0.0008364013774973088,0.0008549880747750267,0.0008921614693304626,0.0009386282125247575,0.0010129750016356295,0.0010687350934687832,0.0011895486257739501,0.0015891626172448866,0.0015984559658837455,0.0021467635355764255,0.0022211103246872975,0.0027415378484634007,0.0033177254640726576,0.0039217931255984915,0.004683847713984929,0.005641062623787404,0.005761876156092571,0.005761876156092571,0.00540872890781593,0.00503699496226157,0.0047303144571792235,0.0049719415217895566,0.005576009183315391,0.005576009183315391,0.005455195651010224,0.005566715834676533,0.006040676615258341,0.005836222945203444,0.005984916523425187,0.006830611249561354,0.006904958038672226,0.0067748511577282,0.007174465149199136,0.009916002997662538,0.007155878451921419,0.00860564083958342,0.009850949557190524,0.012118526625072117,0.01328948855356835,0.011867606211822925,0.01328019520492949,0.01099403143977018,0.009730136024885358,0.009683669281691063,0.009516389006191601,0.009395575473886433,0.009414162171164153,0.008661400931416575,0.007574079140670074,0.00851270735319483,0.008707867674610868,0.008819387858277178,0.008456947261361676,0.008912321344665767,0.011402938779879974,
42115,0.0008364013774973088,0.0008364013774973088,0.0008549880747750267,0.0008921614693304626,0.0009386282125247575,0.0010129750016356295,0.0010687350934687832,0.0011895486257739501,0.0015891626172448866,0.0015984559658837455,0.0021467635355764255,0.0022211103246872975,0.0027415378484634007,0.0033177254640726576,0.0039217931255984915,0.004683847713984929,0.005641062623787404,0.005761876156092571,0.005761876156092571,0.00540872890781593,0.00503699496226157,0.0047303144571792235,0.0049719415217895566,0.005576009183315391,0.005576009183315391,0.005455195651010224,0.005566715834676533,0.006040676615258341,0.005836222945203444,0.005984916523425187,0.006830611249561354,0.006904958038672226,0.0067748511577282,0.007174465149199136,0.009916002997662538,0.007155878451921419,0.00860564083958342,0.009850949557190524,0.012118526625072117,0.01328948855356835,0.011867606211822925,0.01328019520492949,0.01099403143977018,0.009730136024885358,0.009683669281691063,0.009516389006191601,0.009395575473886433,0.009414162171164153,0.008661400931416575,0.007574079140670074,0.00851270735319483,0.008707867674610868,0.008819387858277178,0.008456947261361676,0.008912321344665767,0.011402938779879974,
42117,0.0008364013774973088,0.0008364013774973088,0.0008549880747750267,0.0008921614693304626,0.0009386282125247575,0.0010129750016356295,0.0010687350934687832,0.0011895486257739501,0.0015891626172448866,0.0015984559658837455,0.0021467635355764255,0.0022211103246872975,0.0027415378484634007,0.0033177254640726576,0.0039217931255984915,0.004683847713984929,0.005641062623787404,0.005761876156092571,0.005761876156092571,0.00540872890781593,0.00503699496226157,0.0047303144571792235,0.0049719415217895566,0.005576009183315391,0.005576009183315391,0.005455195651010224,0.005566715834676533,0.006040676615258341,0.005836222945203444,0.005984916523425187,0.006830611249561354,0.006904958038672226,0.0067748511577282,0.007174465149199136,0.009916002997662538,0.007155878451921419,0.00860564083958342,0.009850949557190524,0.012118526625072117,0.01328948855356835,0.011867606211822925,0.01328019520492949,0.01099403143977018,0.009730136024885358,0.009683669281691063,0.009516389006191601,0.009395575473886433,0.009414162171164153,0.008661400931416575,0.007574079140670074,0.00851270735319483,0.008707867674610868,0.008819387858277178,0.008456947261361676,0.008912321344665767,0.011402938779879974,
42119,0.0008364013774973088,0.0008364013774973088,0.0008549880747750267,0.0008921614693304626,0.0009386282125247575,0.0010129750016356295,0.0010687350934687832,0.0011895486257739501,0.0015891626172448866,0.0015984559658837455,0.0021467635355764255,0.0022211103246872975,0.0027415378484634007,0.0033177254640726576,0.0039217931255984915,0.004683847713984929,0.005641062623787404,0.005761876156092571,0.005761876156092571,0.00540872890781593,0.00503699496226157,0.0047303144571792235,0.0049719415217895566,0.005576009183315391,0.005576009183315391,0.005455195651010224,0.005566715834676533,0.006040676615258341,0.005836222945203444,0.005984916523425187,0.006830611249561354,0.006904958038672226,0.0067748511577282,0.007174465149199136,0.009916002997662538,0.007155878451921419,0.00860564083958342,0.009850949557190524,0.012118526625072117,0.01328948855356835,0.011867606211822925,0.01328019520492949,0.01099403143977018,0.009730136024885358,0.009683669281691063,0.009516389006191601,0.009395575473886433,0.009414162171164153,0.008661400931416575,0.007574079140670074,0.00851270735319483,0.008707867674610868,0.008819387858277178,0.008456947261361676,0.008912321344665767,0.011402938779879974,
42121,0.0008364013774973088,0.0008364013774973088,0.0008549880747750267,0.0008921614693304626,0.0009386282125247575,0.0010129750016356295,0.0010687350934687832,0.0011895486257739501,0.0015891626172448866,0.0015984559658837455,0.0021467635355764255,0.0022211103246872975,0.0027415378484634007,0.0033177254640726576,0.0039217931255984915,0.004683847713984929,0.005641062623787404,0.005761876156092571,0.005761876156092571,0.00540872890781593,0.00503699496226157,0.0047303144571792235,0.0049719415217895566,0.005576009183315391,0.005576009183315391,0.005455195651010224,0.005566715834676533,0.006040676615258341,0.005836222945203444,0.005984916523425187,0.006830611249561354,0.006904958038672226,0.0067748511577282,0.007174465149199136,0.009916002997662538,0.007155878451921419,0.00860564083958342,0.009850949557190524,0.012118526625072117,0.01328948855356835,0.011867606211822925,0.01328019520492949,0.01099403143977018,0.009730136024885358,0.009683669281691063,0.009516389006191601,0.009395575473886433,0.009414162171164153,0.008661400931416575,0.007574079140670074,0.00851270735319483,0.008707867674610868,0.008819387858277178,0.008456947261361676,0.008912321344665767,0.011402938779879974,
42123,0.0008364013774973088,0.0008364013774973088,0.0008549880747750267,0.0008921614693304626,0.0009386282125247575,0.0010129750016356295,0.0010687350934687832,0.0011895486257739501,0.0015891626172448866,0.0015984559658837455,0.0021467635355764255,0.0022211103246872975,0.0027415378484634007,0.0033177254640726576,0.0039217931255984915,0.004683847713984929,0.005641062623787404,0.005761876156092571,0.005761876156092571,0.00540872890781593,0.00503699496226157,0.0047303144571792235,0.0049719415217895566,0.005576009183315391,0.005576009183315391,0.005455195651010224,0.005566715834676533,0.006040676615258341,0.005836222945203444,0.005984916523425187,0.006830611249561354,0.006904958038672226,0.0067748511577282,0.007174465149199136,0.009916002997662538,0.007155878451921419,0.00860564083958342,0.009850949557190524,0.012118526625072117,0.01328948855356835,0.011867606211822925,0.01328019520492949,0.01099403143977018,0.009730136024885358,0.009683669281691063,0.009516389006191601,0.009395575473886433,0.009414162171164153,0.008661400931416575,0.007574079140670074,0.00851270735319483,0.008707867674610868,0.008819387858277178,0.008456947261361676,0.008912321344665767,0.011402938779879974,
42125,0.0008364013774973088,0.0008364013774973088,0.0008549880747750267,0.0008921614693304626,0.0009386282125247575,0.0010129750016356295,0.0010687350934687832,0.0011895486257739501,0.0015891626172448866,0.0015984559658837455,0.0021467635355764255,0.0022211103246872975,0.0027415378484634007,0.0033177254640726576,0.0039217931255984915,0.004683847713984929,0.005641062623787404,0.005761876156092571,0.005761876156092571,0.00540872890781593,0.00503699496226157,0.0047303144571792235,0.0049719415217895566,0.005576009183315391,0.005576009183315391,0.005455195651010224,0.005566715834676533,0.006040676615258341,0.005836222945203444,0.005984916523425187,0.006830611249561354,0.006904958038672226,0.0067748511577282,0.007174465149199136,0.009916002997662538,0.007155878451921419,0.00860564083958342,0.009850949557190524,0.012118526625072117,0.01328948855356835,0.011867606211822925,0.01328019520492949,0.01099403143977018,0.009730136024885358,0.009683669281691063,0.009516389006191601,0.009395575473886433,0.009414162171164153,0.008661400931416575,0.007574079140670074,0.00851270735319483,0.008707867674610868,0.008819387858277178,0.008456947261361676,0.008912321344665767,0.011402938779879974,
42127,0.0008364013774973088,0.0008364013774973088,0.0008549880747750267,0.0008921614693304626,0.0009386282125247575,0.0010129750016356295,0.0010687350934687832,0.0011895486257739501,0.0015891626172448866,0.0015984559658837455,0.0021467635355764255,0.0022211103246872975,0.0027415378484634007,0.0033177254640726576,0.0039217931255984915,0.004683847713984929,0.005641062623787404,0.005761876156092571,0.005761876156092571,0.00540872890781593,0.00503699496226157,0.0047303144571792235,0.0049719415217895566,0.005576009183315391,0.005576009183315391,0.005455195651010224,0.005566715834676533,0.006040676615258341,0.005836222945203444,0.005984916523425187,0.006830611249561354,0.006904958038672226,0.0067748511577282,0.007174465149199136,0.009916002997662538,0.007155878451921419,0.00860564083958342,0.009850949557190524,0.012118526625072117,0.01328948855356835,0.011867606211822925,0.01328019520492949,0.01099403143977018,0.009730136024885358,0.009683669281691063,0.009516389006191601,0.009395575473886433,0.009414162171164153,0.008661400931416575,0.007574079140670074,0.00851270735319483,0.008707867674610868,0.008819387858277178,0.008456947261361676,0.008912321344665767,0.011402938779879974,
42129,0.0008364013774973088,0.0008364013774973088,0.0008549880747750267,0.0008921614693304626,0.0009386282125247575,0.0010129750016356295,0.0010687350934687832,0.0011895486257739501,0.0015891626172448866,0.0015984559658837455,0.0021467635355764255,0.0022211103246872975,0.0027415378484634007,0.0033177254640726576,0.0039217931255984915,0.004683847713984929,0.005641062623787404,0.005761876156092571,0.005761876156092571,0.00540872890781593,0.00503699496226157,0.0047303144571792235,0.0049719415217895566,0.005576009183315391,0.005576009183315391,0.005455195651010224,0.005566715834676533,0.006040676615258341,0.005836222945203444,0.005984916523425187,0.006830611249561354,0.006904958038672226,0.0067748511577282,0.007174465149199136,0.009916002997662538,0.007155878451921419,0.00860564083958342,0.009850949557190524,0.012118526625072117,0.01328948855356835,0.011867606211822925,0.01328019520492949,0.01099403143977018,0.009730136024885358,0.009683669281691063,0.009516389006191601,0.009395575473886433,0.009414162171164153,0.008661400931416575,0.007574079140670074,0.00851270735319483,0.008707867674610868,0.008819387858277178,0.008456947261361676,0.008912321344665767,0.011402938779879974,
42131,0.0008364013774973088,0.0008364013774973088,0.0008549880747750267,0.0008921614693304626,0.0009386282125247575,0.0010129750016356295,0.0010687350934687832,0.0011895486257739501,0.0015891626172448866,0.0015984559658837455,0.0021467635355764255,0.0022211103246872975,0.0027415378484634007,0.0033177254640726576,0.0039217931255984915,0.004683847713984929,0.005641062623787404,0.005761876156092571,0.005761876156092571,0.00540872890781593,0.00503699496226157,0.0047303144571792235,0.0049719415217895566,0.005576009183315391,0.005576009183315391,0.005455195651010224,0.005566715834676533,0.006040676615258341,0.005836222945203444,0.005984916523425187,0.006830611249561354,0.006904958038672226,0.0067748511577282,0.007174465149199136,0.009916002997662538,0.007155878451921419,0.00860564083958342,0.009850949557190524,0.012118526625072117,0.01328948855356835,0.011867606211822925,0.01328019520492949,0.01099403143977018,0.009730136024885358,0.009683669281691063,0.009516389006191601,0.009395575473886433,0.009414162171164153,0.008661400931416575,0.007574079140670074,0.00851270735319483,0.008707867674610868,0.008819387858277178,0.008456947261361676,0.008912321344665767,0.011402938779879974,
42133,0.0008364013774973088,0.0008364013774973088,0.0008549880747750267,0.0008921614693304626,0.0009386282125247575,0.0010129750016356295,0.0010687350934687832,0.0011895486257739501,0.0015891626172448866,0.0015984559658837455,0.0021467635355764255,0.0022211103246872975,0.0027415378484634007,0.0033177254640726576,0.0039217931255984915,0.004683847713984929,0.005641062623787404,0.005761876156092571,0.005761876156092571,0.00540872890781593,0.00503699496226157,0.0047303144571792235,0.0049719415217895566,0.005576009183315391,0.005576009183315391,0.005455195651010224,0.005566715834676533,0.006040676615258341,0.005836222945203444,0.005984916523425187,0.006830611249561354,0.006904958038672226,0.0067748511577282,0.007174465149199136,0.009916002997662538,0.007155878451921419,0.00860564083958342,0.009850949557190524,0.012118526625072117,0.01328948855356835,0.011867606211822925,0.01328019520492949,0.01099403143977018,0.009730136024885358,0.009683669281691063,0.009516389006191601,0.009395575473886433,0.009414162171164153,0.008661400931416575,0.007574079140670074,0.00851270735319483,0.008707867674610868,0.008819387858277178,0.008456947261361676,0.008912321344665767,0.011402938779879974,
44001,0.0013661222499122708,0.0013475355526345529,0.0013568289012734118,0.0013661222499122708,0.0015055224794951558,0.0016913894522723354,0.0017564428927443483,0.0019794832600769636,0.002555670875686221,0.003150445188573196,0.003215498629045209,0.003048218353545747,0.0028716447294074264,0.004748901154456942,0.005418022256454789,0.006375237166257265,0.006598277533589879,0.006068556661174918,0.006198663542118944,0.005938449780230891,0.005139221797289019,0.0053901422105382115,0.00595703647750861,0.005761876156092571,0.005603889229231968,0.005873396339758879,0.006598277533589879,0.007035064919616253,0.00595703647750861,0.006970011479144239,0.007629839232503228,0.007546199094753496,0.007462558957003765,0.007945813086224433,0.009934589694940255,0.00934910873069214,0.00960932249258019,0.010938271347937026,0.01237874038696017,0.014813597730341223,0.013856382820538747,0.014432570436148004,0.014070129839232505,0.013438182131790094,0.012388033735599028,0.011440112174435411,0.011495872266268565,0.011979126395489233,0.011142725017991923,0.010371377080966629,0.010501483961910654,0.012062766533238964,0.011960539698211514,0.011440112174435411,0.012276513551932721,0.014209530068815389,0.01614254658569806
44003,0.0013661222499122708,0.0013475355526345529,0.0013568289012734118,0.0013661222499122708,0.0015055224794951558,0.0016913894522723354,0.0017564428927443483,0.0019794832600769636,0.002555670875686221,0.003150445188573196,0.003215498629045209,0.003048218353545747,0.0028716447294074264,0.004748901154456942,0.005418022256454789,0.006375237166257265,0.006598277533589879,0.006068556661174918,0.006198663542118944,0.005938449780230891,0.005139221797289019,0.0053901422105382115,0.00595703647750861,0.005761876156092571,0.005603889229231968,0.005873396339758879,0.006598277533589879,0.007035064919616253,0.00595703647750861,0.006970011479144239,0.007629839232503228,0.007546199094753496,0.007462558957003765,0.007945813086224433,0.009934589694940255,0.00934910873069214,0.00960932249258019,0.010938271347937026,0.01237874038696017,0.014813597730341223,0.013856382820538747,0.014432570436148004,0.014070129839232505,0.013438182131790094,0.012388033735599028,0.011440112174435411,0.011495872266268565,0.011979126395489233,0.011142725017991923,0.010371377080966629,0.010501483961910654,0.012062766533238964,0.011960539698211514,0.011440112174435411,0.012276513551932721,0.014209530068815389,0.01614254658569806
44005,0.0013661222499122708,0.0013475355526345529,0.0013568289012734118,0.0013661222499122708,0.0015055224794951558,0.0016913894522723354,0.0017564428927443483,0.0019794832600769636,0.002555670875686221,0.003150445188573196,0.003215498629045209,0.003048218353545747,0.0028716447294074264,0.004748901154456942,0.005418022256454789,0.006375237166257265,0.006598277533589879,0.006068556661174918,0.006198663542118944,0.005938449780230891,0.005139221797289019,0.0053901422105382115,0.00595703647750861,0.005761876156092571,0.005603889229231968,0.005873396339758879,0.006598277533589879,0.007035064919616253,0.00595703647750861,0.006970011479144239,0.007629839232503228,0.007546199094753496,0.007462558957003765,0.007945813086224433,0.009934589694940255,0.00934910873069214,0.00960932249258019,0.010938271347937026,0.01237874038696017,0.014813597730341223,0.013856382820538747,0.014432570436148004,0.014070129839232505,0.013438182131790094,0.012388033735599028,0.011440112174435411,0.011495872266268565,0.011979126395489233,0.011142725017991923,0.010371377080966629,0.010501483961910654,0.012062766533238964,0.011960539698211514,0.011440112174435411,0.012276513551932721,0.014209530068815389,0.01614254658569806
44007,0.0013661222499122708,0.0013475355526345529,0.0013568289012734118,0.0013661222499122708,0.0015055224794951558,0.0016913894522723354,0.0017564428927443483,0.0019794832600769636,0.002555670875686221,0.003150445188573196,0.003215498629045209,0.003048218353545747,0.0028716447294074264,0.004748901154456942,0.005418022256454789,0.006375237166257265,0.006598277533589879,0.006068556661174918,0.006198663542118944,0.005938449780230891,0.005139221797289019,0.0053901422105382115,0.00595703647750861,0.005761876156092571,0.005603889229231968,0.005873396339758879,0.006598277533589879,0.007035064919616253,0.00595703647750861,0.006970011479144239,0.007629839232503228,0.007546199094753496,0.007462558957003765,0.007945813086224433,0.009934589694940255,0.00934910873069214,0.00960932249258019,0.010938271347937026,0.01237874038696017,0.014813597730341223,0.013856382820538747,0.014432570436148004,0.014070129839232505,0.013438182131790094,0.012388033735599028,0.011440112174435411,0.011495872266268565,0.011979126395489233,0.011142725017991923,0.010371377080966629,0.010501483961910654,0.012062766533238964,0.011960539698211514,0.011440112174435411,0.012276513551932721,0.014209530068815389,0.01614254658569806
44009,0.0013661222499122708,0.0013475355526345529,0.0013568289012734118,0.0013661222499122708,0.0015055224794951558,0.0016913894522723354,0.0017564428927443483,0.0019794832600769636,0.002555670875686221,0.003150445188573196,0.003215498629045209,0.003048218353545747,0.0028716447294074264,0.004748901154456942,0.005418022256454789,0.006375237166257265,0.006598277533589879,0.006068556661174918,0.006198663542118944,0.005938449780230891,0.005139221797289019,0.0053901422105382115,0.00595703647750861,0.005761876156092571,0.005603889229231968,0.005873396339758879,0.006598277533589879,0.007035064919616253,0.00595703647750861,0.006970011479144239,0.007629839232503228,0.007546199094753496,0.007462558957003765,0.007945813086224433,0.009934589694940255,0.00934910873069214,0.00960932249258019,0.010938271347937026,0.01237874038696017,0.014813597730341223,0.013856382820538747,0.014432570436148004,0.014070129839232505,0.013438182131790094,0.012388033735599028,0.011440112174435411,0.011495872266268565,0.011979126395489233,0.011142725017991923,0.010371377080966629,0.010501483961910654,0.012062766533238964,0.011960539698211514,0.011440112174435411,0.012276513551932721,0.014209530068815389,0.01614254658569806
45001,0.0008735747720527446,0.0008828681206916036,0.0008085213315807317,0.0008271080288584497,0.0009107481666081806,0.0009386282125247575,0.0009479215611636166,0.0010501483961910653,0.0011616685798573733,0.00137541559855113,0.001970189911438105,0.0022861637651593104,0.002583550921602798,0.002983164913073734,0.0036801660609881584,0.004470100695291171,0.005139221797289019,0.005445902302371366,0.005352968815982776,0.005232155283677609,0.005204275237761032,0.005194981889122173,0.005250741980955327,0.0054830756969268014,0.005167101843205596,0.005250741980955327,0.00540872890781593,0.005678236018342841,0.0056596493210651225,0.005817636247925724,0.006263716982590956,0.006022089917980623,0.006077850009813777,0.007174465149199136,0.009321228684775562,0.007360332121976317,0.008921614693304625,0.010046109878606563,0.012769061029792247,0.01309432823215231,0.012583194057015065,0.013252315159012913,0.010371377080966629,0.00960932249258019,0.008995961482415498,0.00805733326989074,0.008456947261361676,0.008875147950110332,0.007917933040307855,0.007824999553919266,0.008661400931416575,0.008707867674610868,0.008020159875335305,0.008001573178057586,0.009191121803831538,0.011291418596213668,
45003,0.0008735747720527446,0.0008828681206916036,0.0008085213315807317,0.0008271080288584497,0.0009107481666081806,0.0009386282125247575,0.0009479215611636166,0.0010501483961910653,0.0011616685798573733,0.00137541559855113,0.001970189911438105,0.0022861637651593104,0.002583550921602798,0.002983164913073734,0.0036801660609881584,0.004470100695291171,0.005139221797289019,0.005445902302371366,0.005352968815982776,0.005232155283677609,0.005204275237761032,0.005194981889122173,0.005250741980955327,0.0054830756969268014,0.005167101843205596,0.005250741980955327,0.00540872890781593,0.005678236018342841,0.0056596493210651225,0.005817636247925724,0.006263716982590956,0.006022089917980623,0.006077850009813777,0.007174465149199136,0.009321228684775562,0.007360332121976317,0.008921614693304625,0.010046109878606563,0.012769061029792247,0.01309432823215231,0.012583194057015065,0.013252315159012913,0.010371377080966629,0.00960932249258019,0.008995961482415498,0.00805733326989074,0.008456947261361676,0.008875147950110332,0.007917933040307855,0.007824999553919266,0.008661400931416575,0.008707867674610868,0.008020159875335305,0.008001573178057586,0.009191121803831538,0.011291418596213668,
45005,0.0008735747720527446,0.0008828681206916036,0.0008085213315807317,0.0008271080288584497,0.0009107481666081806,0.0009386282125247575,0.0009479215611636166,0.0010501483961910653,0.0011616685798573733,0.00137541559855113,0.001970189911438105,0.0022861637651593104,0.002583550921602798,0.002983164913073734,0.0036801660609881584,0.004470100695291171,0.005139221797289019,0.005445902302371366,0.005352968815982776,0.005232155283677609,0.005204275237761032,0.005194981889122173,0.005250741980955327,0.0054830756969268014,0.005167101843205596,0.005250741980955327,0.00540872890781593,0.005678236018342841,0.0056596493210651225,0.005817636247925724,0.006263716982590956,0.006022089917980623,0.006077850009813777,0.007174465149199136,0.009321228684775562,0.007360332121976317,0.008921614693304625,0.010046109878606563,0.012769061029792247,0.01309432823215231,0.012583194057015065,0.013252315159012913,0.010371377080966629,0.00960932249258019,0.008995961482415498,0.00805733326989074,0.008456947261361676,0.008875147950110332,0.007917933040307855,0.007824999553919266,0.008661400931416575,0.008707867674610868,0.008020159875335305,0.008001573178057586,0.009191121803831538,0.011291418596213668,
45007,0.0008735747720527446,0.0008828681206916036,0.0008085213315807317,0.0008271080288584497,0.0009107481666081806,0.0009386282125247575,0.0009479215611636166,0.0010501483961910653,0.0011616685798573733,0.00137541559855113,0.001970189911438105,0.0022861637651593104,0.002583550921602798,0.002983164913073734,0.0036801660609881584,0.004470100695291171,0.005139221797289019,0.005445902302371366,0.005352968815982776,0.005232155283677609,0.005204275237761032,0.005194981889122173,0.005250741980955327,0.0054830756969268014,0.005167101843205596,0.005250741980955327,0.00540872890781593,0.005678236018342841,0.0056596493210651225,0.005817636247925724,0.006263716982590956,0.006022089917980623,0.006077850009813777,0.007174465149199136,0.009321228684775562,0.007360332121976317,0.008921614693304625,0.010046109878606563,0.012769061029792247,0.01309432823215231,0.012583194057015065,0.013252315159012913,0.010371377080966629,0.00960932249258019,0.008995961482415498,0.00805733326989074,0.008456947261361676,0.008875147950110332,0.007917933040307855,0.007824999553919266,0.008661400931416575,0.008707867674610868,0.008020159875335305,0.008001573178057586,0.009191121803831538,0.011291418596213668,
45009,0.0008735747720527446,0.0008828681206916036,0.0008085213315807317,0.0008271080288584497,0.0009107481666081806,0.0009386282125247575,0.0009479215611636166,0.0010501483961910653,0.0011616685798573733,0.00137541559855113,0.001970189911438105,0.0022861637651593104,0.002583550921602798,0.002983164913073734,0.0036801660609881584,0.004470100695291171,0.005139221797289019,0.005445902302371366,0.005352968815982776,0.005232155283677609,0.005204275237761032,0.005194981889122173,0.005250741980955327,0.0054830756969268014,0.005167101843205596,0.005250741980955327,0.00540872890781593,0.005678236018342841,0.0056596493210651225,0.005817636247925724,0.006263716982590956,0.006022089917980623,0.006077850009813777,0.007174465149199136,0.009321228684775562,0.007360332121976317,0.008921614693304625,0.010046109878606563,0.012769061029792247,0.01309432823215231,0.012583194057015065,0.013252315159012913,0.010371377080966629,0.00960932249258019,0.008995961482415498,0.00805733326989074,0.008456947261361676,0.008875147950110332,0.007917933040307855,0.007824999553919266,0.008661400931416575,0.008707867674610868,0.008020159875335305,0.008001573178057586,0.009191121803831538,0.011291418596213668,
45011,0.0008735747720527446,0.0008828681206916036,0.0008085213315807317,0.0008271080288584497,0.0009107481666081806,0.0009386282125247575,0.0009479215611636166,0.0010501483961910653,0.0011616685798573733,0.00137541559855113,0.001970189911438105,0.0022861637651593104,0.002583550921602798,0.002983164913073734,0.0036801660609881584,0.004470100695291171,0.005139221797289019,0.005445902302371366,0.005352968815982776,0.005232155283677609,0.005204275237761032,0.005194981889122173,0.005250741980955327,0.0054830756969268014,0.005167101843205596,0.005250741980955327,0.00540872890781593,0.005678236018342841,0.0056596493210651225,0.005817636247925724,0.006263716982590956,0.006022089917980623,0.006077850009813777,0.007174465149199136,0.009321228684775562,0.007360332121976317,0.008921614693304625,0.010046109878606563,0.012769061029792247,0.01309432823215231,0.012583194057015065,0.013252315159012913,0.010371377080966629,0.00960932249258019,0.008995961482415498,0.00805733326989074,0.008456947261361676,0.008875147950110332,0.007917933040307855,0.007824999553919266,0.008661400931416575,0.008707867674610868,0.008020159875335305,0.008001573178057586,0.009191121803831538,0.011291418596213668,
45013,0.0008735747720527446,0.0008828681206916036,0.0008085213315807317,0.0008271080288584497,0.0009107481666081806,0.0009386282125247575,0.0009479215611636166,0.0010501483961910653,0.0011616685798573733,0.00137541559855113,0.001970189911438105,0.0022861637651593104,0.002583550921602798,0.002983164913073734,0.0036801660609881584,0.004470100695291171,0.005139221797289019,0.005445902302371366,0.005352968815982776,0.005232155283677609,0.005204275237761032,0.005194981889122173,0.005250741980955327,0.0054830756969268014,0.005167101843205596,0.005250741980955327,0.00540872890781593,0.005678236018342841,0.0056596493210651225,0.005817636247925724,0.006263716982590956,0.006022089917980623,0.006077850009813777,0.007174465149199136,0.009321228684775562,0.007360332121976317,0.008921614693304625,0.010046109878606563,0.012769061029792247,0.01309432823215231,0.012583194057015065,0.013252315159012913,0.010371377080966629,0.00960932249258019,0.008995961482415498,0.00805733326989074,0.008456947261361676,0.008875147950110332,0.007917933040307855,0.007824999553919266,0.008661400931416575,0.008707867674610868,0.008020159875335305,0.008001573178057586,0.009191121803831538,0.011291418596213668,
45015,0.0008735747720527446,0.0008828681206916036,0.0008085213315807317,0.0008271080288584497,0.0009107481666081806,0.0009386282125247575,0.0009479215611636166,0.0010501483961910653,0.0011616685798573733,0.00137541559855113,0.001970189911438105,0.0022861637651593104,0.002583550921602798,0.002983164913073734,0.0036801660609881584,0.004470100695291171,0.005139221797289019,0.005445902302371366,0.005352968815982776,0.005232155283677609,0.005204275237761032,0.005194981889122173,0.005250741980955327,0.0054830756969268014,0.005167101843205596,0.005250741980955327,0.00540872890781593,0.005678236018342841,0.0056596493210651225,0.005817636247925724,0.006263716982590956,0.006022089917980623,0.006077850009813777,0.007174465149199136,0.009321228684775562,0.007360332121976317,0.008921614693304625,0.010046109878606563,0.012769061029792247,0.01309432823215231,0.012583194057015065,0.013252315159012913,0.010371377080966629,0.00960932249258019,0.008995961482415498,0.00805733326989074,0.008456947261361676,0.008875147950110332,0.007917933040307855,0.007824999553919266,0.008661400931416575,0.008707867674610868,0.008020159875335305,0.008001573178057586,0.009191121803831538,0.011291418596213668,
45017,0.0008735747720527446,0.0008828681206916036,0.0008085213315807317,0.0008271080288584497,0.0009107481666081806,0.0009386282125247575,0.0009479215611636166,0.0010501483961910653,0.0011616685798573733,0.00137541559855113,0.001970189911438105,0.0022861637651593104,0.002583550921602798,0.002983164913073734,0.0036801660609881584,0.004470100695291171,0.005139221797289019,0.005445902302371366,0.005352968815982776,0.005232155283677609,0.005204275237761032,0.005194981889122173,0.005250741980955327,0.0054830756969268014,0.005167101843205596,0.005250741980955327,0.00540872890781593,0.005678236018342841,0.0056596493210651225,0.005817636247925724,0.006263716982590956,0.006022089917980623,0.006077850009813777,0.007174465149199136,0.009321228684775562,0.007360332121976317,0.008921614693304625,0.010046109878606563,0.012769061029792247,0.01309432823215231,0.012583194057015065,0.013252315159012913,0.010371377080966629,0.00960932249258019,0.008995961482415498,0.00805733326989074,0.008456947261361676,0.008875147950110332,0.007917933040307855,0.007824999553919266,0.008661400931416575,0.008707867674610868,0.008020159875335305,0.008001573178057586,0.009191121803831538,0.011291418596213668,
45019,0.0008735747720527446,0.0008828681206916036,0.0008085213315807317,0.0008271080288584497,0.0009107481666081806,0.0009386282125247575,0.0009479215611636166,0.0010501483961910653,0.0011616685798573733,0.00137541559855113,0.001970189911438105,0.0022861637651593104,0.002583550921602798,0.002983164913073734,0.0036801660609881584,0.004470100695291171,0.005139221797289019,0.005445902302371366,0.005352968815982776,0.005232155283677609,0.005204275237761032,0.005194981889122173,0.005250741980955327,0.0054830756969268014,0.005167101843205596,0.005250741980955327,0.00540872890781593,0.005678236018342841,0.0056596493210651225,0.005817636247925724,0.006263716982590956,0.006022089917980623,0.006077850009813777,0.007174465149199136,0.009321228684775562,0.007360332121976317,0.008921614693304625,0.010046109878606563,0.012769061029792247,0.01309432823215231,0.012583194057015065,0.013252315159012913,0.010371377080966629,0.00960932249258019,0.008995961482415498,0.00805733326989074,0.008456947261361676,0.008875147950110332,0.007917933040307855,0.007824999553919266,0.008661400931416575,0.008707867674610868,0.008020159875335305,0.008001573178057586,0.009191121803831538,0.011291418596213668,
45021,0.0008735747720527446,0.0008828681206916036,0.0008085213315807317,0.0008271080288584497,0.0009107481666081806,0.0009386282125247575,0.0009479215611636166,0.0010501483961910653,0.0011616685798573733,0.00137541559855113,0.001970189911438105,0.0022861637651593104,0.002583550921602798,0.002983164913073734,0.0036801660609881584,0.004470100695291171,0.005139221797289019,0.005445902302371366,0.005352968815982776,0.005232155283677609,0.005204275237761032,0.005194981889122173,0.005250741980955327,0.0054830756969268014,0.005167101843205596,0.005250741980955327,0.00540872890781593,0.005678236018342841,0.0056596493210651225,0.005817636247925724,0.006263716982590956,0.006022089917980623,0.006077850009813777,0.007174465149199136,0.009321228684775562,0.007360332121976317,0.008921614693304625,0.010046109878606563,0.012769061029792247,0.01309432823215231,0.012583194057015065,0.013252315159012913,0.010371377080966629,0.00960932249258019,0.008995961482415498,0.00805733326989074,0.008456947261361676,0.008875147950110332,0.007917933040307855,0.007824999553919266,0.008661400931416575,0.008707867674610868,0.008020159875335305,0.008001573178057586,0.009191121803831538,0.011291418596213668,
45023,0.0008735747720527446,0.0008828681206916036,0.0008085213315807317,0.0008271080288584497,0.0009107481666081806,0.0009386282125247575,0.0009479215611636166,0.0010501483961910653,0.0011616685798573733,0.00137541559855113,0.001970189911438105,0.0022861637651593104,0.002583550921602798,0.002983164913073734,0.0036801660609881584,0.004470100695291171,0.005139221797289019,0.005445902302371366,0.005352968815982776,0.005232155283677609,0.005204275237761032,0.005194981889122173,0.005250741980955327,0.0054830756969268014,0.005167101843205596,0.005250741980955327,0.00540872890781593,0.005678236018342841,0.0056596493210651225,0.005817636247925724,0.006263716982590956,0.006022089917980623,0.006077850009813777,0.007174465149199136,0.009321228684775562,0.007360332121976317,0.008921614693304625,0.010046109878606563,0.012769061029792247,0.01309432823215231,0.012583194057015065,0.013252315159012913,0.010371377080966629,0.00960932249258019,0.008995961482415498,0.00805733326989074,0.008456947261361676,0.008875147950110332,0.007917933040307855,0.007824999553919266,0.008661400931416575,0.008707867674610868,0.008020159875335305,0.008001573178057586,0.009191121803831538,0.011291418596213668,
45025,0.0008735747720527446,0.0008828681206916036,0.0008085213315807317,0.0008271080288584497,0.0009107481666081806,0.0009386282125247575,0.0009479215611636166,0.0010501483961910653,0.0011616685798573733,0.00137541559855113,0.001970189911438105,0.0022861637651593104,0.002583550921602798,0.002983164913073734,0.0036801660609881584,0.004470100695291171,0.005139221797289019,0.005445902302371366,0.005352968815982776,0.005232155283677609,0.005204275237761032,0.005194981889122173,0.005250741980955327,0.0054830756969268014,0.005167101843205596,0.005250741980955327,0.00540872890781593,0.005678236018342841,0.0056596493210651225,0.005817636247925724,0.006263716982590956,0.006022089917980623,0.006077850009813777,0.007174465149199136,0.009321228684775562,0.007360332121976317,0.008921614693304625,0.010046109878606563,0.012769061029792247,0.01309432823215231,0.012583194057015065,0.013252315159012913,0.010371377080966629,0.00960932249258019,0.008995961482415498,0.00805733326989074,0.008456947261361676,0.008875147950110332,0.007917933040307855,0.007824999553919266,0.008661400931416575,0.008707867674610868,0.008020159875335305,0.008001573178057586,0.009191121803831538,0.011291418596213668,
45027,0.0008735747720527446,0.0008828681206916036,0.0008085213315807317,0.0008271080288584497,0.0009107481666081806,0.0009386282125247575,0.0009479215611636166,0.0010501483961910653,0.0011616685798573733,0.00137541559855113,0.001970189911438105,0.0022861637651593104,0.002583550921602798,0.002983164913073734,0.0036801660609881584,0.004470100695291171,0.005139221797289019,0.005445902302371366,0.005352968815982776,0.005232155283677609,0.005204275237761032,0.005194981889122173,0.005250741980955327,0.0054830756969268014,0.005167101843205596,0.005250741980955327,0.00540872890781593,0.005678236018342841,0.0056596493210651225,0.005817636247925724,0.006263716982590956,0.006022089917980623,0.006077850009813777,0.007174465149199136,0.009321228684775562,0.007360332121976317,0.008921614693304625,0.010046109878606563,0.012769061029792247,0.01309432823215231,0.012583194057015065,0.013252315159012913,0.010371377080966629,0.00960932249258019,0.008995961482415498,0.00805733326989074,0.008456947261361676,0.008875147950110332,0.007917933040307855,0.007824999553919266,0.008661400931416575,0.008707867674610868,0.008020159875335305,0.008001573178057586,0.009191121803831538,0.011291418596213668,
45029,0.0008735747720527446,0.0008828681206916036,0.0008085213315807317,0.0008271080288584497,0.0009107481666081806,0.0009386282125247575,0.0009479215611636166,0.0010501483961910653,0.0011616685798573733,0.00137541559855113,0.001970189911438105,0.0022861637651593104,0.002583550921602798,0.002983164913073734,0.0036801660609881584,0.004470100695291171,0.005139221797289019,0.005445902302371366,0.005352968815982776,0.005232155283677609,0.005204275237761032,0.005194981889122173,0.005250741980955327,0.0054830756969268014,0.005167101843205596,0.005250741980955327,0.00540872890781593,0.005678236018342841,0.0056596493210651225,0.005817636247925724,0.006263716982590956,0.006022089917980623,0.006077850009813777,0.007174465149199136,0.009321228684775562,0.007360332121976317,0.008921614693304625,0.010046109878606563,0.012769061029792247,0.01309432823215231,0.012583194057015065,0.013252315159012913,0.010371377080966629,0.00960932249258019,0.008995961482415498,0.00805733326989074,0.008456947261361676,0.008875147950110332,0.007917933040307855,0.007824999553919266,0.008661400931416575,0.008707867674610868,0.008020159875335305,0.008001573178057586,0.009191121803831538,0.011291418596213668,
45031,0.0008735747720527446,0.0008828681206916036,0.0008085213315807317,0.0008271080288584497,0.0009107481666081806,0.0009386282125247575,0.0009479215611636166,0.0010501483961910653,0.0011616685798573733,0.00137541559855113,0.001970189911438105,0.0022861637651593104,0.002583550921602798,0.002983164913073734,0.0036801660609881584,0.004470100695291171,0.005139221797289019,0.005445902302371366,0.005352968815982776,0.005232155283677609,0.005204275237761032,0.005194981889122173,0.005250741980955327,0.0054830756969268014,0.005167101843205596,0.005250741980955327,0.00540872890781593,0.005678236018342841,0.0056596493210651225,0.005817636247925724,0.006263716982590956,0.006022089917980623,0.006077850009813777,0.007174465149199136,0.009321228684775562,0.007360332121976317,0.008921614693304625,0.010046109878606563,0.012769061029792247,0.01309432823215231,0.012583194057015065,0.013252315159012913,0.010371377080966629,0.00960932249258019,0.008995961482415498,0.00805733326989074,0.008456947261361676,0.008875147950110332,0.007917933040307855,0.007824999553919266,0.008661400931416575,0.008707867674610868,0.008020159875335305,0.008001573178057586,0.009191121803831538,0.011291418596213668,
45033,0.0008735747720527446,0.0008828681206916036,0.0008085213315807317,0.0008271080288584497,0.0009107481666081806,0.0009386282125247575,0.0009479215611636166,0.0010501483961910653,0.0011616685798573733,0.00137541559855113,0.001970189911438105,0.0022861637651593104,0.002583550921602798,0.002983164913073734,0.0036801660609881584,0.004470100695291171,0.005139221797289019,0.005445902302371366,0.005352968815982776,0.005232155283677609,0.005204275237761032,0.005194981889122173,0.005250741980955327,0.0054830756969268014,0.005167101843205596,0.005250741980955327,0.00540872890781593,0.005678236018342841,0.0056596493210651225,0.005817636247925724,0.006263716982590956,0.006022089917980623,0.006077850009813777,0.007174465149199136,0.009321228684775562,0.007360332121976317,0.008921614693304625,0.010046109878606563,0.012769061029792247,0.01309432823215231,0.012583194057015065,0.013252315159012913,0.010371377080966629,0.00960932249258019,0.008995961482415498,0.00805733326989074,0.008456947261361676,0.008875147950110332,0.007917933040307855,0.007824999553919266,0.008661400931416575,0.008707867674610868,0.008020159875335305,0.008001573178057586,0.009191121803831538,0.011291418596213668,
45035,0.0008735747720527446,0.0008828681206916036,0.0008085213315807317,0.0008271080288584497,0.0009107481666081806,0.0009386282125247575,0.0009479215611636166,0.0010501483961910653,0.0011616685798573733,0.00137541559855113,0.001970189911438105,0.0022861637651593104,0.002583550921602798,0.002983164913073734,0.0036801660609881584,0.004470100695291171,0.005139221797289019,0.005445902302371366,0.005352968815982776,0.005232155283677609,0.005204275237761032,0.005194981889122173,0.005250741980955327,0.0054830756969268014,0.005167101843205596,0.005250741980955327,0.00540872890781593,0.005678236018342841,0.0056596493210651225,0.005817636247925724,0.006263716982590956,0.006022089917980623,0.006077850009813777,0.007174465149199136,0.009321228684775562,0.007360332121976317,0.008921614693304625,0.010046109878606563,0.012769061029792247,0.01309432823215231,0.012583194057015065,0.013252315159012913,0.010371377080966629,0.00960932249258019,0.008995961482415498,0.00805733326989074,0.008456947261361676,0.008875147950110332,0.007917933040307855,0.007824999553919266,0.008661400931416575,0.008707867674610868,0.008020159875335305,0.008001573178057586,0.009191121803831538,0.011291418596213668,
45037,0.0008735747720527446,0.0008828681206916036,0.0008085213315807317,0.0008271080288584497,0.0009107481666081806,0.0009386282125247575,0.0009479215611636166,0.0010501483961910653,0.0011616685798573733,0.00137541559855113,0.001970189911438105,0.0022861637651593104,0.002583550921602798,0.002983164913073734,0.0036801660609881584,0.004470100695291171,0.005139221797289019,0.005445902302371366,0.005352968815982776,0.005232155283677609,0.005204275237761032,0.005194981889122173,0.005250741980955327,0.0054830756969268014,0.005167101843205596,0.005250741980955327,0.00540872890781593,0.005678236018342841,0.0056596493210651225,0.005817636247925724,0.006263716982590956,0.006022089917980623,0.006077850009813777,0.007174465149199136,0.009321228684775562,0.007360332121976317,0.008921614693304625,0.010046109878606563,0.012769061029792247,0.01309432823215231,0.012583194057015065,0.013252315159012913,0.010371377080966629,0.00960932249258019,0.008995961482415498,0.00805733326989074,0.008456947261361676,0.008875147950110332,0.007917933040307855,0.007824999553919266,0.008661400931416575,0.008707867674610868,0.008020159875335305,0.008001573178057586,0.009191121803831538,0.011291418596213668,
45039,0.0008735747720527446,0.0008828681206916036,0.0008085213315807317,0.0008271080288584497,0.0009107481666081806,0.0009386282125247575,0.0009479215611636166,0.0010501483961910653,0.0011616685798573733,0.00137541559855113,0.001970189911438105,0.0022861637651593104,0.002583550921602798,0.002983164913073734,0.0036801660609881584,0.004470100695291171,0.005139221797289019,0.005445902302371366,0.005352968815982776,0.005232155283677609,0.005204275237761032,0.005194981889122173,0.005250741980955327,0.0054830756969268014,0.005167101843205596,0.005250741980955327,0.00540872890781593,0.005678236018342841,0.0056596493210651225,0.005817636247925724,0.006263716982590956,0.006022089917980623,0.006077850009813777,0.007174465149199136,0.009321228684775562,0.007360332121976317,0.008921614693304625,0.010046109878606563,0.012769061029792247,0.01309432823215231,0.012583194057015065,0.013252315159012913,0.010371377080966629,0.00960932249258019,0.008995961482415498,0.00805733326989074,0.008456947261361676,0.008875147950110332,0.007917933040307855,0.007824999553919266,0.008661400931416575,0.008707867674610868,0.008020159875335305,0.008001573178057586,0.009191121803831538,0.011291418596213668,
45041,0.0008735747720527446,0.0008828681206916036,0.0008085213315807317,0.0008271080288584497,0.0009107481666081806,0.0009386282125247575,0.0009479215611636166,0.0010501483961910653,0.0011616685798573733,0.00137541559855113,0.001970189911438105,0.0022861637651593104,0.002583550921602798,0.002983164913073734,0.0036801660609881584,0.004470100695291171,0.005139221797289019,0.005445902302371366,0.005352968815982776,0.005232155283677609,0.005204275237761032,0.005194981889122173,0.005250741980955327,0.0054830756969268014,0.005167101843205596,0.005250741980955327,0.00540872890781593,0.005678236018342841,0.0056596493210651225,0.005817636247925724,0.006263716982590956,0.006022089917980623,0.006077850009813777,0.007174465149199136,0.009321228684775562,0.007360332121976317,0.008921614693304625,0.010046109878606563,0.012769061029792247,0.01309432823215231,0.012583194057015065,0.013252315159012913,0.010371377080966629,0.00960932249258019,0.008995961482415498,0.00805733326989074,0.008456947261361676,0.008875147950110332,0.007917933040307855,0.007824999553919266,0.008661400931416575,0.008707867674610868,0.008020159875335305,0.008001573178057586,0.009191121803831538,0.011291418596213668,
45043,0.0008735747720527446,0.0008828681206916036,0.0008085213315807317,0.0008271080288584497,0.0009107481666081806,0.0009386282125247575,0.0009479215611636166,0.0010501483961910653,0.0011616685798573733,0.00137541559855113,0.001970189911438105,0.0022861637651593104,0.002583550921602798,0.002983164913073734,0.0036801660609881584,0.004470100695291171,0.005139221797289019,0.005445902302371366,0.005352968815982776,0.005232155283677609,0.005204275237761032,0.005194981889122173,0.005250741980955327,0.0054830756969268014,0.005167101843205596,0.005250741980955327,0.00540872890781593,0.005678236018342841,0.0056596493210651225,0.005817636247925724,0.006263716982590956,0.006022089917980623,0.006077850009813777,0.007174465149199136,0.009321228684775562,0.007360332121976317,0.008921614693304625,0.010046109878606563,0.012769061029792247,0.01309432823215231,0.012583194057015065,0.013252315159012913,0.010371377080966629,0.00960932249258019,0.008995961482415498,0.00805733326989074,0.008456947261361676,0.008875147950110332,0.007917933040307855,0.007824999553919266,0.008661400931416575,0.008707867674610868,0.008020159875335305,0.008001573178057586,0.009191121803831538,0.011291418596213668,
45045,0.0008735747720527446,0.0008828681206916036,0.0008085213315807317,0.0008271080288584497,0.0009107481666081806,0.0009386282125247575,0.0009479215611636166,0.0010501483961910653,0.0011616685798573733,0.00137541559855113,0.001970189911438105,0.0022861637651593104,0.002583550921602798,0.002983164913073734,0.0036801660609881584,0.004470100695291171,0.005139221797289019,0.005445902302371366,0.005352968815982776,0.005232155283677609,0.005204275237761032,0.005194981889122173,0.005250741980955327,0.0054830756969268014,0.005167101843205596,0.005250741980955327,0.00540872890781593,0.005678236018342841,0.0056596493210651225,0.005817636247925724,0.006263716982590956,0.006022089917980623,0.006077850009813777,0.007174465149199136,0.009321228684775562,0.007360332121976317,0.008921614693304625,0.010046109878606563,0.012769061029792247,0.01309432823215231,0.012583194057015065,0.013252315159012913,0.010371377080966629,0.00960932249258019,0.008995961482415498,0.00805733326989074,0.008456947261361676,0.008875147950110332,0.007917933040307855,0.007824999553919266,0.008661400931416575,0.008707867674610868,0.008020159875335305,0.008001573178057586,0.009191121803831538,0.011291418596213668,
45047,0.0008735747720527446,0.0008828681206916036,0.0008085213315807317,0.0008271080288584497,0.0009107481666081806,0.0009386282125247575,0.0009479215611636166,0.0010501483961910653,0.0011616685798573733,0.00137541559855113,0.001970189911438105,0.0022861637651593104,0.002583550921602798,0.002983164913073734,0.0036801660609881584,0.004470100695291171,0.005139221797289019,0.005445902302371366,0.005352968815982776,0.005232155283677609,0.005204275237761032,0.005194981889122173,0.005250741980955327,0.0054830756969268014,0.005167101843205596,0.005250741980955327,0.00540872890781593,0.005678236018342841,0.0056596493210651225,0.005817636247925724,0.006263716982590956,0.006022089917980623,0.006077850009813777,0.007174465149199136,0.009321228684775562,0.007360332121976317,0.008921614693304625,0.010046109878606563,0.012769061029792247,0.01309432823215231,0.012583194057015065,0.013252315159012913,0.010371377080966629,0.00960932249258019,0.008995961482415498,0.00805733326989074,0.008456947261361676,0.008875147950110332,0.007917933040307855,0.007824999553919266,0.008661400931416575,0.008707867674610868,0.008020159875335305,0.008001573178057586,0.009191121803831538,0.011291418596213668,
45049,0.0008735747720527446,0.0008828681206916036,0.0008085213315807317,0.0008271080288584497,0.0009107481666081806,0.0009386282125247575,0.0009479215611636166,0.0010501483961910653,0.0011616685798573733,0.00137541559855113,0.001970189911438105,0.0022861637651593104,0.002583550921602798,0.002983164913073734,0.0036801660609881584,0.004470100695291171,0.005139221797289019,0.005445902302371366,0.005352968815982776,0.005232155283677609,0.005204275237761032,0.005194981889122173,0.005250741980955327,0.0054830756969268014,0.005167101843205596,0.005250741980955327,0.00540872890781593,0.005678236018342841,0.0056596493210651225,0.005817636247925724,0.006263716982590956,0.006022089917980623,0.006077850009813777,0.007174465149199136,0.009321228684775562,0.007360332121976317,0.008921614693304625,0.010046109878606563,0.012769061029792247,0.01309432823215231,0.012583194057015065,0.013252315159012913,0.010371377080966629,0.00960932249258019,0.008995961482415498,0.00805733326989074,0.008456947261361676,0.008875147950110332,0.007917933040307855,0.007824999553919266,0.008661400931416575,0.008707867674610868,0.008020159875335305,0.008001573178057586,0.009191121803831538,0.011291418596213668,
45051,0.0008735747720527446,0.0008828681206916036,0.0008085213315807317,0.0008271080288584497,0.0009107481666081806,0.0009386282125247575,0.0009479215611636166,0.0010501483961910653,0.0011616685798573733,0.00137541559855113,0.001970189911438105,0.0022861637651593104,0.002583550921602798,0.002983164913073734,0.0036801660609881584,0.004470100695291171,0.005139221797289019,0.005445902302371366,0.005352968815982776,0.005232155283677609,0.005204275237761032,0.005194981889122173,0.005250741980955327,0.0054830756969268014,0.005167101843205596,0.005250741980955327,0.00540872890781593,0.005678236018342841,0.0056596493210651225,0.005817636247925724,0.006263716982590956,0.006022089917980623,0.006077850009813777,0.007174465149199136,0.009321228684775562,0.007360332121976317,0.008921614693304625,0.010046109878606563,0.012769061029792247,0.01309432823215231,0.012583194057015065,0.013252315159012913,0.010371377080966629,0.00960932249258019,0.008995961482415498,0.00805733326989074,0.008456947261361676,0.008875147950110332,0.007917933040307855,0.007824999553919266,0.008661400931416575,0.008707867674610868,0.008020159875335305,0.008001573178057586,0.009191121803831538,0.011291418596213668,
45053,0.0008735747720527446,0.0008828681206916036,0.0008085213315807317,0.0008271080288584497,0.0009107481666081806,0.0009386282125247575,0.0009479215611636166,0.0010501483961910653,0.0011616685798573733,0.00137541559855113,0.001970189911438105,0.0022861637651593104,0.002583550921602798,0.002983164913073734,0.0036801660609881584,0.004470100695291171,0.005139221797289019,0.005445902302371366,0.005352968815982776,0.005232155283677609,0.005204275237761032,0.005194981889122173,0.005250741980955327,0.0054830756969268014,0.005167101843205596,0.005250741980955327,0.00540872890781593,0.005678236018342841,0.0056596493210651225,0.005817636247925724,0.006263716982590956,0.006022089917980623,0.006077850009813777,0.007174465149199136,0.009321228684775562,0.007360332121976317,0.008921614693304625,0.010046109878606563,0.012769061029792247,0.01309432823215231,0.012583194057015065,0.013252315159012913,0.010371377080966629,0.00960932249258019,0.008995961482415498,0.00805733326989074,0.008456947261361676,0.008875147950110332,0.007917933040307855,0.007824999553919266,0.008661400931416575,0.008707867674610868,0.008020159875335305,0.008001573178057586,0.009191121803831538,0.011291418596213668,
45055,0.0008735747720527446,0.0008828681206916036,0.0008085213315807317,0.0008271080288584497,0.0009107481666081806,0.0009386282125247575,0.0009479215611636166,0.0010501483961910653,0.0011616685798573733,0.00137541559855113,0.001970189911438105,0.0022861637651593104,0.002583550921602798,0.002983164913073734,0.0036801660609881584,0.004470100695291171,0.005139221797289019,0.005445902302371366,0.005352968815982776,0.005232155283677609,0.005204275237761032,0.005194981889122173,0.005250741980955327,0.0054830756969268014,0.005167101843205596,0.005250741980955327,0.00540872890781593,0.005678236018342841,0.0056596493210651225,0.005817636247925724,0.006263716982590956,0.006022089917980623,0.006077850009813777,0.007174465149199136,0.009321228684775562,0.007360332121976317,0.008921614693304625,0.010046109878606563,0.012769061029792247,0.01309432823215231,0.012583194057015065,0.013252315159012913,0.010371377080966629,0.00960932249258019,0.008995961482415498,0.00805733326989074,0.008456947261361676,0.008875147950110332,0.007917933040307855,0.007824999553919266,0.008661400931416575,0.008707867674610868,0.008020159875335305,0.008001573178057586,0.009191121803831538,0.011291418596213668,
45057,0.0008735747720527446,0.0008828681206916036,0.0008085213315807317,0.0008271080288584497,0.0009107481666081806,0.0009386282125247575,0.0009479215611636166,0.0010501483961910653,0.0011616685798573733,0.00137541559855113,0.001970189911438105,0.0022861637651593104,0.002583550921602798,0.002983164913073734,0.0036801660609881584,0.004470100695291171,0.005139221797289019,0.005445902302371366,0.005352968815982776,0.005232155283677609,0.005204275237761032,0.005194981889122173,0.005250741980955327,0.0054830756969268014,0.005167101843205596,0.005250741980955327,0.00540872890781593,0.005678236018342841,0.0056596493210651225,0.005817636247925724,0.006263716982590956,0.006022089917980623,0.006077850009813777,0.007174465149199136,0.009321228684775562,0.007360332121976317,0.008921614693304625,0.010046109878606563,0.012769061029792247,0.01309432823215231,0.012583194057015065,0.013252315159012913,0.010371377080966629,0.00960932249258019,0.008995961482415498,0.00805733326989074,0.008456947261361676,0.008875147950110332,0.007917933040307855,0.007824999553919266,0.008661400931416575,0.008707867674610868,0.008020159875335305,0.008001573178057586,0.009191121803831538,0.011291418596213668,
45059,0.0008735747720527446,0.0008828681206916036,0.0008085213315807317,0.0008271080288584497,0.0009107481666081806,0.0009386282125247575,0.0009479215611636166,0.0010501483961910653,0.0011616685798573733,0.00137541559855113,0.001970189911438105,0.0022861637651593104,0.002583550921602798,0.002983164913073734,0.0036801660609881584,0.004470100695291171,0.005139221797289019,0.005445902302371366,0.005352968815982776,0.005232155283677609,0.005204275237761032,0.005194981889122173,0.005250741980955327,0.0054830756969268014,0.005167101843205596,0.005250741980955327,0.00540872890781593,0.005678236018342841,0.0056596493210651225,0.005817636247925724,0.006263716982590956,0.006022089917980623,0.006077850009813777,0.007174465149199136,0.009321228684775562,0.007360332121976317,0.008921614693304625,0.010046109878606563,0.012769061029792247,0.01309432823215231,0.012583194057015065,0.013252315159012913,0.010371377080966629,0.00960932249258019,0.008995961482415498,0.00805733326989074,0.008456947261361676,0.008875147950110332,0.007917933040307855,0.007824999553919266,0.008661400931416575,0.008707867674610868,0.008020159875335305,0.008001573178057586,0.009191121803831538,0.011291418596213668,
45061,0.0008735747720527446,0.0008828681206916036,0.0008085213315807317,0.0008271080288584497,0.0009107481666081806,0.0009386282125247575,0.0009479215611636166,0.0010501483961910653,0.0011616685798573733,0.00137541559855113,0.001970189911438105,0.0022861637651593104,0.002583550921602798,0.002983164913073734,0.0036801660609881584,0.004470100695291171,0.005139221797289019,0.005445902302371366,0.005352968815982776,0.005232155283677609,0.005204275237761032,0.005194981889122173,0.005250741980955327,0.0054830756969268014,0.005167101843205596,0.005250741980955327,0.00540872890781593,0.005678236018342841,0.0056596493210651225,0.005817636247925724,0.006263716982590956,0.006022089917980623,0.006077850009813777,0.007174465149199136,0.009321228684775562,0.007360332121976317,0.008921614693304625,0.010046109878606563,0.012769061029792247,0.01309432823215231,0.012583194057015065,0.013252315159012913,0.010371377080966629,0.00960932249258019,0.008995961482415498,0.00805733326989074,0.008456947261361676,0.008875147950110332,0.007917933040307855,0.007824999553919266,0.008661400931416575,0.008707867674610868,0.008020159875335305,0.008001573178057586,0.009191121803831538,0.011291418596213668,
45063,0.0008735747720527446,0.0008828681206916036,0.0008085213315807317,0.0008271080288584497,0.0009107481666081806,0.0009386282125247575,0.0009479215611636166,0.0010501483961910653,0.0011616685798573733,0.00137541559855113,0.001970189911438105,0.0022861637651593104,0.002583550921602798,0.002983164913073734,0.0036801660609881584,0.004470100695291171,0.005139221797289019,0.005445902302371366,0.005352968815982776,0.005232155283677609,0.005204275237761032,0.005194981889122173,0.005250741980955327,0.0054830756969268014,0.005167101843205596,0.005250741980955327,0.00540872890781593,0.005678236018342841,0.0056596493210651225,0.005817636247925724,0.006263716982590956,0.006022089917980623,0.006077850009813777,0.007174465149199136,0.009321228684775562,0.007360332121976317,0.008921614693304625,0.010046109878606563,0.012769061029792247,0.01309432823215231,0.012583194057015065,0.013252315159012913,0.010371377080966629,0.00960932249258019,0.008995961482415498,0.00805733326989074,0.008456947261361676,0.008875147950110332,0.007917933040307855,0.007824999553919266,0.008661400931416575,0.008707867674610868,0.008020159875335305,0.008001573178057586,0.009191121803831538,0.011291418596213668,
45065,0.0008735747720527446,0.0008828681206916036,0.0008085213315807317,0.0008271080288584497,0.0009107481666081806,0.0009386282125247575,0.0009479215611636166,0.0010501483961910653,0.0011616685798573733,0.00137541559855113,0.001970189911438105,0.0022861637651593104,0.002583550921602798,0.002983164913073734,0.0036801660609881584,0.004470100695291171,0.005139221797289019,0.005445902302371366,0.005352968815982776,0.005232155283677609,0.005204275237761032,0.005194981889122173,0.005250741980955327,0.0054830756969268014,0.005167101843205596,0.005250741980955327,0.00540872890781593,0.005678236018342841,0.0056596493210651225,0.005817636247925724,0.006263716982590956,0.006022089917980623,0.006077850009813777,0.007174465149199136,0.009321228684775562,0.007360332121976317,0.008921614693304625,0.010046109878606563,0.012769061029792247,0.01309432823215231,0.012583194057015065,0.013252315159012913,0.010371377080966629,0.00960932249258019,0.008995961482415498,0.00805733326989074,0.008456947261361676,0.008875147950110332,0.007917933040307855,0.007824999553919266,0.008661400931416575,0.008707867674610868,0.008020159875335305,0.008001573178057586,0.009191121803831538,0.011291418596213668,
45067,0.0008735747720527446,0.0008828681206916036,0.0008085213315807317,0.0008271080288584497,0.0009107481666081806,0.0009386282125247575,0.0009479215611636166,0.0010501483961910653,0.0011616685798573733,0.00137541559855113,0.001970189911438105,0.0022861637651593104,0.002583550921602798,0.002983164913073734,0.0036801660609881584,0.004470100695291171,0.005139221797289019,0.005445902302371366,0.005352968815982776,0.005232155283677609,0.005204275237761032,0.005194981889122173,0.005250741980955327,0.0054830756969268014,0.005167101843205596,0.005250741980955327,0.00540872890781593,0.005678236018342841,0.0056596493210651225,0.005817636247925724,0.006263716982590956,0.006022089917980623,0.006077850009813777,0.007174465149199136,0.009321228684775562,0.007360332121976317,0.008921614693304625,0.010046109878606563,0.012769061029792247,0.01309432823215231,0.012583194057015065,0.013252315159012913,0.010371377080966629,0.00960932249258019,0.008995961482415498,0.00805733326989074,0.008456947261361676,0.008875147950110332,0.007917933040307855,0.007824999553919266,0.008661400931416575,0.008707867674610868,0.008020159875335305,0.008001573178057586,0.009191121803831538,0.011291418596213668,
45069,0.0008735747720527446,0.0008828681206916036,0.0008085213315807317,0.0008271080288584497,0.0009107481666081806,0.0009386282125247575,0.0009479215611636166,0.0010501483961910653,0.0011616685798573733,0.00137541559855113,0.001970189911438105,0.0022861637651593104,0.002583550921602798,0.002983164913073734,0.0036801660609881584,0.004470100695291171,0.005139221797289019,0.005445902302371366,0.005352968815982776,0.005232155283677609,0.005204275237761032,0.005194981889122173,0.005250741980955327,0.0054830756969268014,0.005167101843205596,0.005250741980955327,0.00540872890781593,0.005678236018342841,0.0056596493210651225,0.005817636247925724,0.006263716982590956,0.006022089917980623,0.006077850009813777,0.007174465149199136,0.009321228684775562,0.007360332121976317,0.008921614693304625,0.010046109878606563,0.012769061029792247,0.01309432823215231,0.012583194057015065,0.013252315159012913,0.010371377080966629,0.00960932249258019,0.008995961482415498,0.00805733326989074,0.008456947261361676,0.008875147950110332,0.007917933040307855,0.007824999553919266,0.008661400931416575,0.008707867674610868,0.008020159875335305,0.008001573178057586,0.009191121803831538,0.011291418596213668,
45071,0.0008735747720527446,0.0008828681206916036,0.0008085213315807317,0.0008271080288584497,0.0009107481666081806,0.0009386282125247575,0.0009479215611636166,0.0010501483961910653,0.0011616685798573733,0.00137541559855113,0.001970189911438105,0.0022861637651593104,0.002583550921602798,0.002983164913073734,0.0036801660609881584,0.004470100695291171,0.005139221797289019,0.005445902302371366,0.005352968815982776,0.005232155283677609,0.005204275237761032,0.005194981889122173,0.005250741980955327,0.0054830756969268014,0.005167101843205596,0.005250741980955327,0.00540872890781593,0.005678236018342841,0.0056596493210651225,0.005817636247925724,0.006263716982590956,0.006022089917980623,0.006077850009813777,0.007174465149199136,0.009321228684775562,0.007360332121976317,0.008921614693304625,0.010046109878606563,0.012769061029792247,0.01309432823215231,0.012583194057015065,0.013252315159012913,0.010371377080966629,0.00960932249258019,0.008995961482415498,0.00805733326989074,0.008456947261361676,0.008875147950110332,0.007917933040307855,0.007824999553919266,0.008661400931416575,0.008707867674610868,0.008020159875335305,0.008001573178057586,0.009191121803831538,0.011291418596213668,
45073,0.0008735747720527446,0.0008828681206916036,0.0008085213315807317,0.0008271080288584497,0.0009107481666081806,0.0009386282125247575,0.0009479215611636166,0.0010501483961910653,0.0011616685798573733,0.00137541559855113,0.001970189911438105,0.0022861637651593104,0.002583550921602798,0.002983164913073734,0.0036801660609881584,0.004470100695291171,0.005139221797289019,0.005445902302371366,0.005352968815982776,0.005232155283677609,0.005204275237761032,0.005194981889122173,0.005250741980955327,0.0054830756969268014,0.005167101843205596,0.005250741980955327,0.00540872890781593,0.005678236018342841,0.0056596493210651225,0.005817636247925724,0.006263716982590956,0.006022089917980623,0.006077850009813777,0.007174465149199136,0.009321228684775562,0.007360332121976317,0.008921614693304625,0.010046109878606563,0.012769061029792247,0.01309432823215231,0.012583194057015065,0.013252315159012913,0.010371377080966629,0.00960932249258019,0.008995961482415498,0.00805733326989074,0.008456947261361676,0.008875147950110332,0.007917933040307855,0.007824999553919266,0.008661400931416575,0.008707867674610868,0.008020159875335305,0.008001573178057586,0.009191121803831538,0.011291418596213668,
45075,0.0008735747720527446,0.0008828681206916036,0.0008085213315807317,0.0008271080288584497,0.0009107481666081806,0.0009386282125247575,0.0009479215611636166,0.0010501483961910653,0.0011616685798573733,0.00137541559855113,0.001970189911438105,0.0022861637651593104,0.002583550921602798,0.002983164913073734,0.0036801660609881584,0.004470100695291171,0.005139221797289019,0.005445902302371366,0.005352968815982776,0.005232155283677609,0.005204275237761032,0.005194981889122173,0.005250741980955327,0.0054830756969268014,0.005167101843205596,0.005250741980955327,0.00540872890781593,0.005678236018342841,0.0056596493210651225,0.005817636247925724,0.006263716982590956,0.006022089917980623,0.006077850009813777,0.007174465149199136,0.009321228684775562,0.007360332121976317,0.008921614693304625,0.010046109878606563,0.012769061029792247,0.01309432823215231,0.012583194057015065,0.013252315159012913,0.010371377080966629,0.00960932249258019,0.008995961482415498,0.00805733326989074,0.008456947261361676,0.008875147950110332,0.007917933040307855,0.007824999553919266,0.008661400931416575,0.008707867674610868,0.008020159875335305,0.008001573178057586,0.009191121803831538,0.011291418596213668,
45077,0.0008735747720527446,0.0008828681206916036,0.0008085213315807317,0.0008271080288584497,0.0009107481666081806,0.0009386282125247575,0.0009479215611636166,0.0010501483961910653,0.0011616685798573733,0.00137541559855113,0.001970189911438105,0.0022861637651593104,0.002583550921602798,0.002983164913073734,0.0036801660609881584,0.004470100695291171,0.005139221797289019,0.005445902302371366,0.005352968815982776,0.005232155283677609,0.005204275237761032,0.005194981889122173,0.005250741980955327,0.0054830756969268014,0.005167101843205596,0.005250741980955327,0.00540872890781593,0.005678236018342841,0.0056596493210651225,0.005817636247925724,0.006263716982590956,0.006022089917980623,0.006077850009813777,0.007174465149199136,0.009321228684775562,0.007360332121976317,0.008921614693304625,0.010046109878606563,0.012769061029792247,0.01309432823215231,0.012583194057015065,0.013252315159012913,0.010371377080966629,0.00960932249258019,0.008995961482415498,0.00805733326989074,0.008456947261361676,0.008875147950110332,0.007917933040307855,0.007824999553919266,0.008661400931416575,0.008707867674610868,0.008020159875335305,0.008001573178057586,0.009191121803831538,0.011291418596213668,
45079,0.0008735747720527446,0.0008828681206916036,0.0008085213315807317,0.0008271080288584497,0.0009107481666081806,0.0009386282125247575,0.0009479215611636166,0.0010501483961910653,0.0011616685798573733,0.00137541559855113,0.001970189911438105,0.0022861637651593104,0.002583550921602798,0.002983164913073734,0.0036801660609881584,0.004470100695291171,0.005139221797289019,0.005445902302371366,0.005352968815982776,0.005232155283677609,0.005204275237761032,0.005194981889122173,0.005250741980955327,0.0054830756969268014,0.005167101843205596,0.005250741980955327,0.00540872890781593,0.005678236018342841,0.0056596493210651225,0.005817636247925724,0.006263716982590956,0.006022089917980623,0.006077850009813777,0.007174465149199136,0.009321228684775562,0.007360332121976317,0.008921614693304625,0.010046109878606563,0.012769061029792247,0.01309432823215231,0.012583194057015065,0.013252315159012913,0.010371377080966629,0.00960932249258019,0.008995961482415498,0.00805733326989074,0.008456947261361676,0.008875147950110332,0.007917933040307855,0.007824999553919266,0.008661400931416575,0.008707867674610868,0.008020159875335305,0.008001573178057586,0.009191121803831538,0.011291418596213668,
45081,0.0008735747720527446,0.0008828681206916036,0.0008085213315807317,0.0008271080288584497,0.0009107481666081806,0.0009386282125247575,0.0009479215611636166,0.0010501483961910653,0.0011616685798573733,0.00137541559855113,0.001970189911438105,0.0022861637651593104,0.002583550921602798,0.002983164913073734,0.0036801660609881584,0.004470100695291171,0.005139221797289019,0.005445902302371366,0.005352968815982776,0.005232155283677609,0.005204275237761032,0.005194981889122173,0.005250741980955327,0.0054830756969268014,0.005167101843205596,0.005250741980955327,0.00540872890781593,0.005678236018342841,0.0056596493210651225,0.005817636247925724,0.006263716982590956,0.006022089917980623,0.006077850009813777,0.007174465149199136,0.009321228684775562,0.007360332121976317,0.008921614693304625,0.010046109878606563,0.012769061029792247,0.01309432823215231,0.012583194057015065,0.013252315159012913,0.010371377080966629,0.00960932249258019,0.008995961482415498,0.00805733326989074,0.008456947261361676,0.008875147950110332,0.007917933040307855,0.007824999553919266,0.008661400931416575,0.008707867674610868,0.008020159875335305,0.008001573178057586,0.009191121803831538,0.011291418596213668,
45083,0.0008735747720527446,0.0008828681206916036,0.0008085213315807317,0.0008271080288584497,0.0009107481666081806,0.0009386282125247575,0.0009479215611636166,0.0010501483961910653,0.0011616685798573733,0.00137541559855113,0.001970189911438105,0.0022861637651593104,0.002583550921602798,0.002983164913073734,0.0036801660609881584,0.004470100695291171,0.005139221797289019,0.005445902302371366,0.005352968815982776,0.005232155283677609,0.005204275237761032,0.005194981889122173,0.005250741980955327,0.0054830756969268014,0.005167101843205596,0.005250741980955327,0.00540872890781593,0.005678236018342841,0.0056596493210651225,0.005817636247925724,0.006263716982590956,0.006022089917980623,0.006077850009813777,0.007174465149199136,0.009321228684775562,0.007360332121976317,0.008921614693304625,0.010046109878606563,0.012769061029792247,0.01309432823215231,0.012583194057015065,0.013252315159012913,0.010371377080966629,0.00960932249258019,0.008995961482415498,0.00805733326989074,0.008456947261361676,0.008875147950110332,0.007917933040307855,0.007824999553919266,0.008661400931416575,0.008707867674610868,0.008020159875335305,0.008001573178057586,0.009191121803831538,0.011291418596213668,
45085,0.0008735747720527446,0.0008828681206916036,0.0008085213315807317,0.0008271080288584497,0.0009107481666081806,0.0009386282125247575,0.0009479215611636166,0.0010501483961910653,0.0011616685798573733,0.00137541559855113,0.001970189911438105,0.0022861637651593104,0.002583550921602798,0.002983164913073734,0.0036801660609881584,0.004470100695291171,0.005139221797289019,0.005445902302371366,0.005352968815982776,0.005232155283677609,0.005204275237761032,0.005194981889122173,0.005250741980955327,0.0054830756969268014,0.005167101843205596,0.005250741980955327,0.00540872890781593,0.005678236018342841,0.0056596493210651225,0.005817636247925724,0.006263716982590956,0.006022089917980623,0.006077850009813777,0.007174465149199136,0.009321228684775562,0.007360332121976317,0.008921614693304625,0.010046109878606563,0.012769061029792247,0.01309432823215231,0.012583194057015065,0.013252315159012913,0.010371377080966629,0.00960932249258019,0.008995961482415498,0.00805733326989074,0.008456947261361676,0.008875147950110332,0.007917933040307855,0.007824999553919266,0.008661400931416575,0.008707867674610868,0.008020159875335305,0.008001573178057586,0.009191121803831538,0.011291418596213668,
45087,0.0008735747720527446,0.0008828681206916036,0.0008085213315807317,0.0008271080288584497,0.0009107481666081806,0.0009386282125247575,0.0009479215611636166,0.0010501483961910653,0.0011616685798573733,0.00137541559855113,0.001970189911438105,0.0022861637651593104,0.002583550921602798,0.002983164913073734,0.0036801660609881584,0.004470100695291171,0.005139221797289019,0.005445902302371366,0.005352968815982776,0.005232155283677609,0.005204275237761032,0.005194981889122173,0.005250741980955327,0.0054830756969268014,0.005167101843205596,0.005250741980955327,0.00540872890781593,0.005678236018342841,0.0056596493210651225,0.005817636247925724,0.006263716982590956,0.006022089917980623,0.006077850009813777,0.007174465149199136,0.009321228684775562,0.007360332121976317,0.008921614693304625,0.010046109878606563,0.012769061029792247,0.01309432823215231,0.012583194057015065,0.013252315159012913,0.010371377080966629,0.00960932249258019,0.008995961482415498,0.00805733326989074,0.008456947261361676,0.008875147950110332,0.007917933040307855,0.007824999553919266,0.008661400931416575,0.008707867674610868,0.008020159875335305,0.008001573178057586,0.009191121803831538,0.011291418596213668,
45089,0.0008735747720527446,0.0008828681206916036,0.0008085213315807317,0.0008271080288584497,0.0009107481666081806,0.0009386282125247575,0.0009479215611636166,0.0010501483961910653,0.0011616685798573733,0.00137541559855113,0.001970189911438105,0.0022861637651593104,0.002583550921602798,0.002983164913073734,0.0036801660609881584,0.004470100695291171,0.005139221797289019,0.005445902302371366,0.005352968815982776,0.005232155283677609,0.005204275237761032,0.005194981889122173,0.005250741980955327,0.0054830756969268014,0.005167101843205596,0.005250741980955327,0.00540872890781593,0.005678236018342841,0.0056596493210651225,0.005817636247925724,0.006263716982590956,0.006022089917980623,0.006077850009813777,0.007174465149199136,0.009321228684775562,0.007360332121976317,0.008921614693304625,0.010046109878606563,0.012769061029792247,0.01309432823215231,0.012583194057015065,0.013252315159012913,0.010371377080966629,0.00960932249258019,0.008995961482415498,0.00805733326989074,0.008456947261361676,0.008875147950110332,0.007917933040307855,0.007824999553919266,0.008661400931416575,0.008707867674610868,0.008020159875335305,0.008001573178057586,0.009191121803831538,0.011291418596213668,
45091,0.0008735747720527446,0.0008828681206916036,0.0008085213315807317,0.0008271080288584497,0.0009107481666081806,0.0009386282125247575,0.0009479215611636166,0.0010501483961910653,0.0011616685798573733,0.00137541559855113,0.001970189911438105,0.0022861637651593104,0.002583550921602798,0.002983164913073734,0.0036801660609881584,0.004470100695291171,0.005139221797289019,0.005445902302371366,0.005352968815982776,0.005232155283677609,0.005204275237761032,0.005194981889122173,0.005250741980955327,0.0054830756969268014,0.005167101843205596,0.005250741980955327,0.00540872890781593,0.005678236018342841,0.0056596493210651225,0.005817636247925724,0.006263716982590956,0.006022089917980623,0.006077850009813777,0.007174465149199136,0.009321228684775562,0.007360332121976317,0.008921614693304625,0.010046109878606563,0.012769061029792247,0.01309432823215231,0.012583194057015065,0.013252315159012913,0.010371377080966629,0.00960932249258019,0.008995961482415498,0.00805733326989074,0.008456947261361676,0.008875147950110332,0.007917933040307855,0.007824999553919266,0.008661400931416575,0.008707867674610868,0.008020159875335305,0.008001573178057586,0.009191121803831538,0.011291418596213668,
46003,0.0005668942669703981,0.0005390142210538212,0.0005668942669703981,0.0005947743128869751,0.000622654358803552,0.0006412410560812699,0.0007155878451921419,0.0010501483961910653,0.0009200415152470396,0.0010501483961910653,0.001338242203995694,0.0015984559658837455,0.002072416746465554,0.0025277908297696443,0.003169031885850914,0.003800979593293325,0.004535154135763185,0.0049719415217895566,0.004274940373875133,0.0040426066579036584,0.0039217931255984915,0.0038102729419321837,0.0037080461069047355,0.003903206428320774,0.00375451285009903,0.0038939130796819153,0.004061193355181377,0.0040426066579036584,0.0037080461069047355,0.003903206428320774,0.004377167208902582,0.00411695344701453,0.004200593584764261,0.005622475926509686,0.0066540376254230335,0.004888301384039826,0.006616864230867598,0.00751831904883692,0.00960932249258019,0.008791507812360601,0.008187440150834767,0.00907030827152637,0.006895664690033367,0.006626157579506456,0.006486757349923572,0.0059942098720640455,0.006124316753008071,0.007109411708727124,0.005780462853370289,0.0052414486323164675,0.005817636247925724,0.00549236904556566,0.005111341751372442,0.004897594732678685,0.007267398635587727,0.008596347490944562,0.007527612397475778
46005,0.0005668942669703981,0.0005390142210538212,0.0005668942669703981,0.0005947743128869751,0.000622654358803552,0.0006412410560812699,0.0007155878451921419,0.0010501483961910653,0.0009200415152470396,0.0010501483961910653,0.001338242203995694,0.0015984559658837455,0.002072416746465554,0.0025277908297696443,0.003169031885850914,0.003800979593293325,0.004535154135763185,0.0049719415217895566,0.004274940373875133,0.0040426066579036584,0.0039217931255984915,0.0038102729419321837,0.0037080461069047355,0.003903206428320774,0.00375451285009903,0.0038939130796819153,0.004061193355181377,0.0040426066579036584,0.0037080461069047355,0.003903206428320774,0.004377167208902582,0.00411695344701453,0.004200593584764261,0.005622475926509686,0.0066540376254230335,0.004888301384039826,0.006616864230867598,0.00751831904883692,0.00960932249258019,0.008791507812360601,0.008187440150834767,0.00907030827152637,0.006895664690033367,0.006626157579506456,0.006486757349923572,0.0059942098720640455,0.006124316753008071,0.007109411708727124,0.005780462853370289,0.0052414486323164675,0.005817636247925724,0.00549236904556566,0.005111341751372442,0.004897594732678685,0.007267398635587727,0.008596347490944562,0.007527612397475778
46007,0.0005668942669703981,0.0005390142210538212,0.0005668942669703981,0.0005947743128869751,0.000622654358803552,0.0006412410560812699,0.0007155878451921419,0.0010501483961910653,0.0009200415152470396,0.0010501483961910653,0.001338242203995694,0.0015984559658837455,0.002072416746465554,0.0025277908297696443,0.003169031885850914,0.003800979593293325,0.004535154135763185,0.0049719415217895566,0.004274940373875133,0.0040426066579036584,0.0039217931255984915,0.0038102729419321837,0.0037080461069047355,0.003903206428320774,0.00375451285009903,0.0038939130796819153,0.004061193355181377,0.0040426066579036584,0.0037080461069047355,0.003903206428320774,0.004377167208902582,0.00411695344701453,0.004200593584764261,0.005622475926509686,0.0066540376254230335,0.004888301384039826,0.006616864230867598,0.00751831904883692,0.00960932249258019,0.008791507812360601,0.008187440150834767,0.00907030827152637,0.006895664690033367,0.006626157579506456,0.006486757349923572,0.0059942098720640455,0.006124316753008071,0.007109411708727124,0.005780462853370289,0.0052414486323164675,0.005817636247925724,0.00549236904556566,0.005111341751372442,0.004897594732678685,0.007267398635587727,0.008596347490944562,0.007527612397475778
46009,0.0005668942669703981,0.0005390142210538212,0.0005668942669703981,0.0005947743128869751,0.000622654358803552,0.0006412410560812699,0.0007155878451921419,0.0010501483961910653,0.0009200415152470396,0.0010501483961910653,0.001338242203995694,0.0015984559658837455,0.002072416746465554,0.0025277908297696443,0.003169031885850914,0.003800979593293325,0.004535154135763185,0.0049719415217895566,0.004274940373875133,0.0040426066579036584,0.0039217931255984915,0.0038102729419321837,0.0037080461069047355,0.003903206428320774,0.00375451285009903,0.0038939130796819153,0.004061193355181377,0.0040426066579036584,0.0037080461069047355,0.003903206428320774,0.004377167208902582,0.00411695344701453,0.004200593584764261,0.005622475926509686,0.0066540376254230335,0.004888301384039826,0.006616864230867598,0.00751831904883692,0.00960932249258019,0.008791507812360601,0.008187440150834767,0.00907030827152637,0.006895664690033367,0.006626157579506456,0.006486757349923572,0.0059942098720640455,0.006124316753008071,0.007109411708727124,0.005780462853370289,0.0052414486323164675,0.005817636247925724,0.00549236904556566,0.005111341751372442,0.004897594732678685,0.007267398635587727,0.008596347490944562,0.007527612397475778
46011,0.0005668942669703981,0.0005390142210538212,0.0005668942669703981,0.0005947743128869751,0.000622654358803552,0.0006412410560812699,0.0007155878451921419,0.0010501483961910653,0.0009200415152470396,0.0010501483961910653,0.001338242203995694,0.0015984559658837455,0.002072416746465554,0.0025277908297696443,0.003169031885850914,0.003800979593293325,0.004535154135763185,0.0049719415217895566,0.004274940373875133,0.0040426066579036584,0.0039217931255984915,0.0038102729419321837,0.0037080461069047355,0.003903206428320774,0.00375451285009903,0.0038939130796819153,0.004061193355181377,0.0040426066579036584,0.0037080461069047355,0.003903206428320774,0.004377167208902582,0.00411695344701453,0.004200593584764261,0.005622475926509686,0.0066540376254230335,0.004888301384039826,0.006616864230867598,0.00751831904883692,0.00960932249258019,0.008791507812360601,0.008187440150834767,0.00907030827152637,0.006895664690033367,0.006626157579506456,0.006486757349923572,0.0059942098720640455,0.006124316753008071,0.007109411708727124,0.005780462853370289,0.0052414486323164675,0.005817636247925724,0.00549236904556566,0.005111341751372442,0.004897594732678685,0.007267398635587727,0.008596347490944562,0.007527612397475778
46013,0.0005668942669703981,0.0005390142210538212,0.0005668942669703981,0.0005947743128869751,0.000622654358803552,0.0006412410560812699,0.0007155878451921419,0.0010501483961910653,0.0009200415152470396,0.0010501483961910653,0.001338242203995694,0.0015984559658837455,0.002072416746465554,0.0025277908297696443,0.003169031885850914,0.003800979593293325,0.004535154135763185,0.0049719415217895566,0.004274940373875133,0.0040426066579036584,0.0039217931255984915,0.0038102729419321837,0.0037080461069047355,0.003903206428320774,0.00375451285009903,0.0038939130796819153,0.004061193355181377,0.0040426066579036584,0.0037080461069047355,0.003903206428320774,0.004377167208902582,0.00411695344701453,0.004200593584764261,0.005622475926509686,0.0066540376254230335,0.004888301384039826,0.006616864230867598,0.00751831904883692,0.00960932249258019,0.008791507812360601,0.008187440150834767,0.00907030827152637,0.006895664690033367,0.006626157579506456,0.006486757349923572,0.0059942098720640455,0.006124316753008071,0.007109411708727124,0.005780462853370289,0.0052414486323164675,0.005817636247925724,0.00549236904556566,0.005111341751372442,0.004897594732678685,0.007267398635587727,0.008596347490944562,0.007527612397475778
46015,0.0005668942669703981,0.0005390142210538212,0.0005668942669703981,0.0005947743128869751,0.000622654358803552,0.0006412410560812699,0.0007155878451921419,0.0010501483961910653,0.0009200415152470396,0.0010501483961910653,0.001338242203995694,0.0015984559658837455,0.002072416746465554,0.0025277908297696443,0.003169031885850914,0.003800979593293325,0.004535154135763185,0.0049719415217895566,0.004274940373875133,0.0040426066579036584,0.0039217931255984915,0.0038102729419321837,0.0037080461069047355,0.003903206428320774,0.00375451285009903,0.0038939130796819153,0.004061193355181377,0.0040426066579036584,0.0037080461069047355,0.003903206428320774,0.004377167208902582,0.00411695344701453,0.004200593584764261,0.005622475926509686,0.0066540376254230335,0.004888301384039826,0.006616864230867598,0.00751831904883692,0.00960932249258019,0.008791507812360601,0.008187440150834767,0.00907030827152637,0.006895664690033367,0.006626157579506456,0.006486757349923572,0.0059942098720640455,0.006124316753008071,0.007109411708727124,0.005780462853370289,0.0052414486323164675,0.005817636247925724,0.00549236904556566,0.005111341751372442,0.004897594732678685,0.007267398635587727,0.008596347490944562,0.007527612397475778
46017,0.0005668942669703981,0.0005390142210538212,0.0005668942669703981,0.0005947743128869751,0.000622654358803552,0.0006412410560812699,0.0007155878451921419,0.0010501483961910653,0.0009200415152470396,0.0010501483961910653,0.001338242203995694,0.0015984559658837455,0.002072416746465554,0.0025277908297696443,0.003169031885850914,0.003800979593293325,0.004535154135763185,0.0049719415217895566,0.004274940373875133,0.0040426066579036584,0.0039217931255984915,0.0038102729419321837,0.0037080461069047355,0.003903206428320774,0.00375451285009903,0.0038939130796819153,0.004061193355181377,0.0040426066579036584,0.0037080461069047355,0.003903206428320774,0.004377167208902582,0.00411695344701453,0.004200593584764261,0.005622475926509686,0.0066540376254230335,0.004888301384039826,0.006616864230867598,0.00751831904883692,0.00960932249258019,0.008791507812360601,0.008187440150834767,0.00907030827152637,0.006895664690033367,0.006626157579506456,0.006486757349923572,0.0059942098720640455,0.006124316753008071,0.007109411708727124,0.005780462853370289,0.0052414486323164675,0.005817636247925724,0.00549236904556566,0.005111341751372442,0.004897594732678685,0.007267398635587727,0.008596347490944562,0.007527612397475778
46019,0.0005668942669703981,0.0005390142210538212,0.0005668942669703981,0.0005947743128869751,0.000622654358803552,0.0006412410560812699,0.0007155878451921419,0.0010501483961910653,0.0009200415152470396,0.0010501483961910653,0.001338242203995694,0.0015984559658837455,0.002072416746465554,0.0025277908297696443,0.003169031885850914,0.003800979593293325,0.004535154135763185,0.0049719415217895566,0.004274940373875133,0.0040426066579036584,0.0039217931255984915,0.0038102729419321837,0.0037080461069047355,0.003903206428320774,0.00375451285009903,0.0038939130796819153,0.004061193355181377,0.0040426066579036584,0.0037080461069047355,0.003903206428320774,0.004377167208902582,0.00411695344701453,0.004200593584764261,0.005622475926509686,0.0066540376254230335,0.004888301384039826,0.006616864230867598,0.00751831904883692,0.00960932249258019,0.008791507812360601,0.008187440150834767,0.00907030827152637,0.006895664690033367,0.006626157579506456,0.006486757349923572,0.0059942098720640455,0.006124316753008071,0.007109411708727124,0.005780462853370289,0.0052414486323164675,0.005817636247925724,0.00549236904556566,0.005111341751372442,0.004897594732678685,0.007267398635587727,0.008596347490944562,0.007527612397475778
46021,0.0005668942669703981,0.0005390142210538212,0.0005668942669703981,0.0005947743128869751,0.000622654358803552,0.0006412410560812699,0.0007155878451921419,0.0010501483961910653,0.0009200415152470396,0.0010501483961910653,0.001338242203995694,0.0015984559658837455,0.002072416746465554,0.0025277908297696443,0.003169031885850914,0.003800979593293325,0.004535154135763185,0.0049719415217895566,0.004274940373875133,0.0040426066579036584,0.0039217931255984915,0.0038102729419321837,0.0037080461069047355,0.003903206428320774,0.00375451285009903,0.0038939130796819153,0.004061193355181377,0.0040426066579036584,0.0037080461069047355,0.003903206428320774,0.004377167208902582,0.00411695344701453,0.004200593584764261,0.005622475926509686,0.0066540376254230335,0.004888301384039826,0.006616864230867598,0.00751831904883692,0.00960932249258019,0.008791507812360601,0.008187440150834767,0.00907030827152637,0.006895664690033367,0.006626157579506456,0.006486757349923572,0.0059942098720640455,0.006124316753008071,0.007109411708727124,0.005780462853370289,0.0052414486323164675,0.005817636247925724,0.00549236904556566,0.005111341751372442,0.004897594732678685,0.007267398635587727,0.008596347490944562,0.007527612397475778
46023,0.0005668942669703981,0.0005390142210538212,0.0005668942669703981,0.0005947743128869751,0.000622654358803552,0.0006412410560812699,0.0007155878451921419,0.0010501483961910653,0.0009200415152470396,0.0010501483961910653,0.001338242203995694,0.0015984559658837455,0.002072416746465554,0.0025277908297696443,0.003169031885850914,0.003800979593293325,0.004535154135763185,0.0049719415217895566,0.004274940373875133,0.0040426066579036584,0.0039217931255984915,0.0038102729419321837,0.0037080461069047355,0.003903206428320774,0.00375451285009903,0.0038939130796819153,0.004061193355181377,0.0040426066579036584,0.0037080461069047355,0.003903206428320774,0.004377167208902582,0.00411695344701453,0.004200593584764261,0.005622475926509686,0.0066540376254230335,0.004888301384039826,0.006616864230867598,0.00751831904883692,0.00960932249258019,0.008791507812360601,0.008187440150834767,0.00907030827152637,0.006895664690033367,0.006626157579506456,0.006486757349923572,0.0059942098720640455,0.006124316753008071,0.007109411708727124,0.005780462853370289,0.0052414486323164675,0.005817636247925724,0.00549236904556566,0.005111341751372442,0.004897594732678685,0.007267398635587727,0.008596347490944562,0.007527612397475778
46025,0.0005668942669703981,0.0005390142210538212,0.0005668942669703981,0.0005947743128869751,0.000622654358803552,0.0006412410560812699,0.0007155878451921419,0.0010501483961910653,0.0009200415152470396,0.0010501483961910653,0.001338242203995694,0.0015984559658837455,0.002072416746465554,0.0025277908297696443,0.003169031885850914,0.003800979593293325,0.004535154135763185,0.0049719415217895566,0.004274940373875133,0.0040426066579036584,0.0039217931255984915,0.0038102729419321837,0.0037080461069047355,0.003903206428320774,0.00375451285009903,0.0038939130796819153,0.004061193355181377,0.0040426066579036584,0.0037080461069047355,0.003903206428320774,0.004377167208902582,0.00411695344701453,0.004200593584764261,0.005622475926509686,0.0066540376254230335,0.004888301384039826,0.006616864230867598,0.00751831904883692,0.00960932249258019,0.008791507812360601,0.008187440150834767,0.00907030827152637,0.006895664690033367,0.006626157579506456,0.006486757349923572,0.0059942098720640455,0.006124316753008071,0.007109411708727124,0.005780462853370289,0.0052414486323164675,0.005817636247925724,0.00549236904556566,0.005111341751372442,0.004897594732678685,0.007267398635587727,0.008596347490944562,0.007527612397475778
46027,0.0005668942669703981,0.0005390142210538212,0.0005668942669703981,0.0005947743128869751,0.000622654358803552,0.0006412410560812699,0.0007155878451921419,0.0010501483961910653,0.0009200415152470396,0.0010501483961910653,0.001338242203995694,0.0015984559658837455,0.002072416746465554,0.0025277908297696443,0.003169031885850914,0.003800979593293325,0.004535154135763185,0.0049719415217895566,0.004274940373875133,0.0040426066579036584,0.0039217931255984915,0.0038102729419321837,0.0037080461069047355,0.003903206428320774,0.00375451285009903,0.0038939130796819153,0.004061193355181377,0.0040426066579036584,0.0037080461069047355,0.003903206428320774,0.004377167208902582,0.00411695344701453,0.004200593584764261,0.005622475926509686,0.0066540376254230335,0.004888301384039826,0.006616864230867598,0.00751831904883692,0.00960932249258019,0.008791507812360601,0.008187440150834767,0.00907030827152637,0.006895664690033367,0.006626157579506456,0.006486757349923572,0.0059942098720640455,0.006124316753008071,0.007109411708727124,0.005780462853370289,0.0052414486323164675,0.005817636247925724,0.00549236904556566,0.005111341751372442,0.004897594732678685,0.007267398635587727,0.008596347490944562,0.007527612397475778
46029,0.0005668942669703981,0.0005390142210538212,0.0005668942669703981,0.0005947743128869751,0.000622654358803552,0.0006412410560812699,0.0007155878451921419,0.0010501483961910653,0.0009200415152470396,0.0010501483961910653,0.001338242203995694,0.0015984559658837455,0.002072416746465554,0.0025277908297696443,0.003169031885850914,0.003800979593293325,0.004535154135763185,0.0049719415217895566,0.004274940373875133,0.0040426066579036584,0.0039217931255984915,0.0038102729419321837,0.0037080461069047355,0.003903206428320774,0.00375451285009903,0.0038939130796819153,0.004061193355181377,0.0040426066579036584,0.0037080461069047355,0.003903206428320774,0.004377167208902582,0.00411695344701453,0.004200593584764261,0.005622475926509686,0.0066540376254230335,0.004888301384039826,0.006616864230867598,0.00751831904883692,0.00960932249258019,0.008791507812360601,0.008187440150834767,0.00907030827152637,0.006895664690033367,0.006626157579506456,0.006486757349923572,0.0059942098720640455,0.006124316753008071,0.007109411708727124,0.005780462853370289,0.0052414486323164675,0.005817636247925724,0.00549236904556566,0.005111341751372442,0.004897594732678685,0.007267398635587727,0.008596347490944562,0.007527612397475778
46031,0.0005668942669703981,0.0005390142210538212,0.0005668942669703981,0.0005947743128869751,0.000622654358803552,0.0006412410560812699,0.0007155878451921419,0.0010501483961910653,0.0009200415152470396,0.0010501483961910653,0.001338242203995694,0.0015984559658837455,0.002072416746465554,0.0025277908297696443,0.003169031885850914,0.003800979593293325,0.004535154135763185,0.0049719415217895566,0.004274940373875133,0.0040426066579036584,0.0039217931255984915,0.0038102729419321837,0.0037080461069047355,0.003903206428320774,0.00375451285009903,0.0038939130796819153,0.004061193355181377,0.0040426066579036584,0.0037080461069047355,0.003903206428320774,0.004377167208902582,0.00411695344701453,0.004200593584764261,0.005622475926509686,0.0066540376254230335,0.004888301384039826,0.006616864230867598,0.00751831904883692,0.00960932249258019,0.008791507812360601,0.008187440150834767,0.00907030827152637,0.006895664690033367,0.006626157579506456,0.006486757349923572,0.0059942098720640455,0.006124316753008071,0.007109411708727124,0.005780462853370289,0.0052414486323164675,0.005817636247925724,0.00549236904556566,0.005111341751372442,0.004897594732678685,0.007267398635587727,0.008596347490944562,0.007527612397475778
46033,0.0005668942669703981,0.0005390142210538212,0.0005668942669703981,0.0005947743128869751,0.000622654358803552,0.0006412410560812699,0.0007155878451921419,0.0010501483961910653,0.0009200415152470396,0.0010501483961910653,0.001338242203995694,0.0015984559658837455,0.002072416746465554,0.0025277908297696443,0.003169031885850914,0.003800979593293325,0.004535154135763185,0.0049719415217895566,0.004274940373875133,0.0040426066579036584,0.0039217931255984915,0.0038102729419321837,0.0037080461069047355,0.003903206428320774,0.00375451285009903,0.0038939130796819153,0.004061193355181377,0.0040426066579036584,0.0037080461069047355,0.003903206428320774,0.004377167208902582,0.00411695344701453,0.004200593584764261,0.005622475926509686,0.0066540376254230335,0.004888301384039826,0.006616864230867598,0.00751831904883692,0.00960932249258019,0.008791507812360601,0.008187440150834767,0.00907030827152637,0.006895664690033367,0.006626157579506456,0.006486757349923572,0.0059942098720640455,0.006124316753008071,0.007109411708727124,0.005780462853370289,0.0052414486323164675,0.005817636247925724,0.00549236904556566,0.005111341751372442,0.004897594732678685,0.007267398635587727,0.008596347490944562,0.007527612397475778
46035,0.0005668942669703981,0.0005390142210538212,0.0005668942669703981,0.0005947743128869751,0.000622654358803552,0.0006412410560812699,0.0007155878451921419,0.0010501483961910653,0.0009200415152470396,0.0010501483961910653,0.001338242203995694,0.0015984559658837455,0.002072416746465554,0.0025277908297696443,0.003169031885850914,0.003800979593293325,0.004535154135763185,0.0049719415217895566,0.004274940373875133,0.0040426066579036584,0.0039217931255984915,0.0038102729419321837,0.0037080461069047355,0.003903206428320774,0.00375451285009903,0.0038939130796819153,0.004061193355181377,0.0040426066579036584,0.0037080461069047355,0.003903206428320774,0.004377167208902582,0.00411695344701453,0.004200593584764261,0.005622475926509686,0.0066540376254230335,0.004888301384039826,0.006616864230867598,0.00751831904883692,0.00960932249258019,0.008791507812360601,0.008187440150834767,0.00907030827152637,0.006895664690033367,0.006626157579506456,0.006486757349923572,0.0059942098720640455,0.006124316753008071,0.007109411708727124,0.005780462853370289,0.0052414486323164675,0.005817636247925724,0.00549236904556566,0.005111341751372442,0.004897594732678685,0.007267398635587727,0.008596347490944562,0.007527612397475778
46037,0.0005668942669703981,0.0005390142210538212,0.0005668942669703981,0.0005947743128869751,0.000622654358803552,0.0006412410560812699,0.0007155878451921419,0.0010501483961910653,0.0009200415152470396,0.0010501483961910653,0.001338242203995694,0.0015984559658837455,0.002072416746465554,0.0025277908297696443,0.003169031885850914,0.003800979593293325,0.004535154135763185,0.0049719415217895566,0.004274940373875133,0.0040426066579036584,0.0039217931255984915,0.0038102729419321837,0.0037080461069047355,0.003903206428320774,0.00375451285009903,0.0038939130796819153,0.004061193355181377,0.0040426066579036584,0.0037080461069047355,0.003903206428320774,0.004377167208902582,0.00411695344701453,0.004200593584764261,0.005622475926509686,0.0066540376254230335,0.004888301384039826,0.006616864230867598,0.00751831904883692,0.00960932249258019,0.008791507812360601,0.008187440150834767,0.00907030827152637,0.006895664690033367,0.006626157579506456,0.006486757349923572,0.0059942098720640455,0.006124316753008071,0.007109411708727124,0.005780462853370289,0.0052414486323164675,0.005817636247925724,0.00549236904556566,0.005111341751372442,0.004897594732678685,0.007267398635587727,0.008596347490944562,0.007527612397475778
46039,0.0005668942669703981,0.0005390142210538212,0.0005668942669703981,0.0005947743128869751,0.000622654358803552,0.0006412410560812699,0.0007155878451921419,0.0010501483961910653,0.0009200415152470396,0.0010501483961910653,0.001338242203995694,0.0015984559658837455,0.002072416746465554,0.0025277908297696443,0.003169031885850914,0.003800979593293325,0.004535154135763185,0.0049719415217895566,0.004274940373875133,0.0040426066579036584,0.0039217931255984915,0.0038102729419321837,0.0037080461069047355,0.003903206428320774,0.00375451285009903,0.0038939130796819153,0.004061193355181377,0.0040426066579036584,0.0037080461069047355,0.003903206428320774,0.004377167208902582,0.00411695344701453,0.004200593584764261,0.005622475926509686,0.0066540376254230335,0.004888301384039826,0.006616864230867598,0.00751831904883692,0.00960932249258019,0.008791507812360601,0.008187440150834767,0.00907030827152637,0.006895664690033367,0.006626157579506456,0.006486757349923572,0.0059942098720640455,0.006124316753008071,0.007109411708727124,0.005780462853370289,0.0052414486323164675,0.005817636247925724,0.00549236904556566,0.005111341751372442,0.004897594732678685,0.007267398635587727,0.008596347490944562,0.007527612397475778
46041,0.0005668942669703981,0.0005390142210538212,0.0005668942669703981,0.0005947743128869751,0.000622654358803552,0.0006412410560812699,0.0007155878451921419,0.0010501483961910653,0.0009200415152470396,0.0010501483961910653,0.001338242203995694,0.0015984559658837455,0.002072416746465554,0.0025277908297696443,0.003169031885850914,0.003800979593293325,0.004535154135763185,0.0049719415217895566,0.004274940373875133,0.0040426066579036584,0.0039217931255984915,0.0038102729419321837,0.0037080461069047355,0.003903206428320774,0.00375451285009903,0.0038939130796819153,0.004061193355181377,0.0040426066579036584,0.0037080461069047355,0.003903206428320774,0.004377167208902582,0.00411695344701453,0.004200593584764261,0.005622475926509686,0.0066540376254230335,0.004888301384039826,0.006616864230867598,0.00751831904883692,0.00960932249258019,0.008791507812360601,0.008187440150834767,0.00907030827152637,0.006895664690033367,0.006626157579506456,0.006486757349923572,0.0059942098720640455,0.006124316753008071,0.007109411708727124,0.005780462853370289,0.0052414486323164675,0.005817636247925724,0.00549236904556566,0.005111341751372442,0.004897594732678685,0.007267398635587727,0.008596347490944562,0.007527612397475778
46043,0.0005668942669703981,0.0005390142210538212,0.0005668942669703981,0.0005947743128869751,0.000622654358803552,0.0006412410560812699,0.0007155878451921419,0.0010501483961910653,0.0009200415152470396,0.0010501483961910653,0.001338242203995694,0.0015984559658837455,0.002072416746465554,0.0025277908297696443,0.003169031885850914,0.003800979593293325,0.004535154135763185,0.0049719415217895566,0.004274940373875133,0.0040426066579036584,0.0039217931255984915,0.0038102729419321837,0.0037080461069047355,0.003903206428320774,0.00375451285009903,0.0038939130796819153,0.004061193355181377,0.0040426066579036584,0.0037080461069047355,0.003903206428320774,0.004377167208902582,0.00411695344701453,0.004200593584764261,0.005622475926509686,0.0066540376254230335,0.004888301384039826,0.006616864230867598,0.00751831904883692,0.00960932249258019,0.008791507812360601,0.008187440150834767,0.00907030827152637,0.006895664690033367,0.006626157579506456,0.006486757349923572,0.0059942098720640455,0.006124316753008071,0.007109411708727124,0.005780462853370289,0.0052414486323164675,0.005817636247925724,0.00549236904556566,0.005111341751372442,0.004897594732678685,0.007267398635587727,0.008596347490944562,0.007527612397475778
46045,0.0005668942669703981,0.0005390142210538212,0.0005668942669703981,0.0005947743128869751,0.000622654358803552,0.0006412410560812699,0.0007155878451921419,0.0010501483961910653,0.0009200415152470396,0.0010501483961910653,0.001338242203995694,0.0015984559658837455,0.002072416746465554,0.0025277908297696443,0.003169031885850914,0.003800979593293325,0.004535154135763185,0.0049719415217895566,0.004274940373875133,0.0040426066579036584,0.0039217931255984915,0.0038102729419321837,0.0037080461069047355,0.003903206428320774,0.00375451285009903,0.0038939130796819153,0.004061193355181377,0.0040426066579036584,0.0037080461069047355,0.003903206428320774,0.004377167208902582,0.00411695344701453,0.004200593584764261,0.005622475926509686,0.0066540376254230335,0.004888301384039826,0.006616864230867598,0.00751831904883692,0.00960932249258019,0.008791507812360601,0.008187440150834767,0.00907030827152637,0.006895664690033367,0.006626157579506456,0.006486757349923572,0.0059942098720640455,0.006124316753008071,0.007109411708727124,0.005780462853370289,0.0052414486323164675,0.005817636247925724,0.00549236904556566,0.005111341751372442,0.004897594732678685,0.007267398635587727,0.008596347490944562,0.007527612397475778
46047,0.0005668942669703981,0.0005390142210538212,0.0005668942669703981,0.0005947743128869751,0.000622654358803552,0.0006412410560812699,0.0007155878451921419,0.0010501483961910653,0.0009200415152470396,0.0010501483961910653,0.001338242203995694,0.0015984559658837455,0.002072416746465554,0.0025277908297696443,0.003169031885850914,0.003800979593293325,0.004535154135763185,0.0049719415217895566,0.004274940373875133,0.0040426066579036584,0.0039217931255984915,0.0038102729419321837,0.0037080461069047355,0.003903206428320774,0.00375451285009903,0.0038939130796819153,0.004061193355181377,0.0040426066579036584,0.0037080461069047355,0.003903206428320774,0.004377167208902582,0.00411695344701453,0.004200593584764261,0.005622475926509686,0.0066540376254230335,0.004888301384039826,0.006616864230867598,0.00751831904883692,0.00960932249258019,0.008791507812360601,0.008187440150834767,0.00907030827152637,0.006895664690033367,0.006626157579506456,0.006486757349923572,0.0059942098720640455,0.006124316753008071,0.007109411708727124,0.005780462853370289,0.0052414486323164675,0.005817636247925724,0.00549236904556566,0.005111341751372442,0.004897594732678685,0.007267398635587727,0.008596347490944562,0.007527612397475778
46049,0.0005668942669703981,0.0005390142210538212,0.0005668942669703981,0.0005947743128869751,0.000622654358803552,0.0006412410560812699,0.0007155878451921419,0.0010501483961910653,0.0009200415152470396,0.0010501483961910653,0.001338242203995694,0.0015984559658837455,0.002072416746465554,0.0025277908297696443,0.003169031885850914,0.003800979593293325,0.004535154135763185,0.0049719415217895566,0.004274940373875133,0.0040426066579036584,0.0039217931255984915,0.0038102729419321837,0.0037080461069047355,0.003903206428320774,0.00375451285009903,0.0038939130796819153,0.004061193355181377,0.0040426066579036584,0.0037080461069047355,0.003903206428320774,0.004377167208902582,0.00411695344701453,0.004200593584764261,0.005622475926509686,0.0066540376254230335,0.004888301384039826,0.006616864230867598,0.00751831904883692,0.00960932249258019,0.008791507812360601,0.008187440150834767,0.00907030827152637,0.006895664690033367,0.006626157579506456,0.006486757349923572,0.0059942098720640455,0.006124316753008071,0.007109411708727124,0.005780462853370289,0.0052414486323164675,0.005817636247925724,0.00549236904556566,0.005111341751372442,0.004897594732678685,0.007267398635587727,0.008596347490944562,0.007527612397475778
46051,0.0005668942669703981,0.0005390142210538212,0.0005668942669703981,0.0005947743128869751,0.000622654358803552,0.0006412410560812699,0.0007155878451921419,0.0010501483961910653,0.0009200415152470396,0.0010501483961910653,0.001338242203995694,0.0015984559658837455,0.002072416746465554,0.0025277908297696443,0.003169031885850914,0.003800979593293325,0.004535154135763185,0.0049719415217895566,0.004274940373875133,0.0040426066579036584,0.0039217931255984915,0.0038102729419321837,0.0037080461069047355,0.003903206428320774,0.00375451285009903,0.0038939130796819153,0.004061193355181377,0.0040426066579036584,0.0037080461069047355,0.003903206428320774,0.004377167208902582,0.00411695344701453,0.004200593584764261,0.005622475926509686,0.0066540376254230335,0.004888301384039826,0.006616864230867598,0.00751831904883692,0.00960932249258019,0.008791507812360601,0.008187440150834767,0.00907030827152637,0.006895664690033367,0.006626157579506456,0.006486757349923572,0.0059942098720640455,0.006124316753008071,0.007109411708727124,0.005780462853370289,0.0052414486323164675,0.005817636247925724,0.00549236904556566,0.005111341751372442,0.004897594732678685,0.007267398635587727,0.008596347490944562,0.007527612397475778
46053,0.0005668942669703981,0.0005390142210538212,0.0005668942669703981,0.0005947743128869751,0.000622654358803552,0.0006412410560812699,0.0007155878451921419,0.0010501483961910653,0.0009200415152470396,0.0010501483961910653,0.001338242203995694,0.0015984559658837455,0.002072416746465554,0.0025277908297696443,0.003169031885850914,0.003800979593293325,0.004535154135763185,0.0049719415217895566,0.004274940373875133,0.0040426066579036584,0.0039217931255984915,0.0038102729419321837,0.0037080461069047355,0.003903206428320774,0.00375451285009903,0.0038939130796819153,0.004061193355181377,0.0040426066579036584,0.0037080461069047355,0.003903206428320774,0.004377167208902582,0.00411695344701453,0.004200593584764261,0.005622475926509686,0.0066540376254230335,0.004888301384039826,0.006616864230867598,0.00751831904883692,0.00960932249258019,0.008791507812360601,0.008187440150834767,0.00907030827152637,0.006895664690033367,0.006626157579506456,0.006486757349923572,0.0059942098720640455,0.006124316753008071,0.007109411708727124,0.005780462853370289,0.0052414486323164675,0.005817636247925724,0.00549236904556566,0.005111341751372442,0.004897594732678685,0.007267398635587727,0.008596347490944562,0.007527612397475778
46055,0.0005668942669703981,0.0005390142210538212,0.0005668942669703981,0.0005947743128869751,0.000622654358803552,0.0006412410560812699,0.0007155878451921419,0.0010501483961910653,0.0009200415152470396,0.0010501483961910653,0.001338242203995694,0.0015984559658837455,0.002072416746465554,0.0025277908297696443,0.003169031885850914,0.003800979593293325,0.004535154135763185,0.0049719415217895566,0.004274940373875133,0.0040426066579036584,0.0039217931255984915,0.0038102729419321837,0.0037080461069047355,0.003903206428320774,0.00375451285009903,0.0038939130796819153,0.004061193355181377,0.0040426066579036584,0.0037080461069047355,0.003903206428320774,0.004377167208902582,0.00411695344701453,0.004200593584764261,0.005622475926509686,0.0066540376254230335,0.004888301384039826,0.006616864230867598,0.00751831904883692,0.00960932249258019,0.008791507812360601,0.008187440150834767,0.00907030827152637,0.006895664690033367,0.006626157579506456,0.006486757349923572,0.0059942098720640455,0.006124316753008071,0.007109411708727124,0.005780462853370289,0.0052414486323164675,0.005817636247925724,0.00549236904556566,0.005111341751372442,0.004897594732678685,0.007267398635587727,0.008596347490944562,0.007527612397475778
46057,0.0005668942669703981,0.0005390142210538212,0.0005668942669703981,0.0005947743128869751,0.000622654358803552,0.0006412410560812699,0.0007155878451921419,0.0010501483961910653,0.0009200415152470396,0.0010501483961910653,0.001338242203995694,0.0015984559658837455,0.002072416746465554,0.0025277908297696443,0.003169031885850914,0.003800979593293325,0.004535154135763185,0.0049719415217895566,0.004274940373875133,0.0040426066579036584,0.0039217931255984915,0.0038102729419321837,0.0037080461069047355,0.003903206428320774,0.00375451285009903,0.0038939130796819153,0.004061193355181377,0.0040426066579036584,0.0037080461069047355,0.003903206428320774,0.004377167208902582,0.00411695344701453,0.004200593584764261,0.005622475926509686,0.0066540376254230335,0.004888301384039826,0.006616864230867598,0.00751831904883692,0.00960932249258019,0.008791507812360601,0.008187440150834767,0.00907030827152637,0.006895664690033367,0.006626157579506456,0.006486757349923572,0.0059942098720640455,0.006124316753008071,0.007109411708727124,0.005780462853370289,0.0052414486323164675,0.005817636247925724,0.00549236904556566,0.005111341751372442,0.004897594732678685,0.007267398635587727,0.008596347490944562,0.007527612397475778
46059,0.0005668942669703981,0.0005390142210538212,0.0005668942669703981,0.0005947743128869751,0.000622654358803552,0.0006412410560812699,0.0007155878451921419,0.0010501483961910653,0.0009200415152470396,0.0010501483961910653,0.001338242203995694,0.0015984559658837455,0.002072416746465554,0.0025277908297696443,0.003169031885850914,0.003800979593293325,0.004535154135763185,0.0049719415217895566,0.004274940373875133,0.0040426066579036584,0.0039217931255984915,0.0038102729419321837,0.0037080461069047355,0.003903206428320774,0.00375451285009903,0.0038939130796819153,0.004061193355181377,0.0040426066579036584,0.0037080461069047355,0.003903206428320774,0.004377167208902582,0.00411695344701453,0.004200593584764261,0.005622475926509686,0.0066540376254230335,0.004888301384039826,0.006616864230867598,0.00751831904883692,0.00960932249258019,0.008791507812360601,0.008187440150834767,0.00907030827152637,0.006895664690033367,0.006626157579506456,0.006486757349923572,0.0059942098720640455,0.006124316753008071,0.007109411708727124,0.005780462853370289,0.0052414486323164675,0.005817636247925724,0.00549236904556566,0.005111341751372442,0.004897594732678685,0.007267398635587727,0.008596347490944562,0.007527612397475778
46061,0.0005668942669703981,0.0005390142210538212,0.0005668942669703981,0.0005947743128869751,0.000622654358803552,0.0006412410560812699,0.0007155878451921419,0.0010501483961910653,0.0009200415152470396,0.0010501483961910653,0.001338242203995694,0.0015984559658837455,0.002072416746465554,0.0025277908297696443,0.003169031885850914,0.003800979593293325,0.004535154135763185,0.0049719415217895566,0.004274940373875133,0.0040426066579036584,0.0039217931255984915,0.0038102729419321837,0.0037080461069047355,0.003903206428320774,0.00375451285009903,0.0038939130796819153,0.004061193355181377,0.0040426066579036584,0.0037080461069047355,0.003903206428320774,0.004377167208902582,0.00411695344701453,0.004200593584764261,0.005622475926509686,0.0066540376254230335,0.004888301384039826,0.006616864230867598,0.00751831904883692,0.00960932249258019,0.008791507812360601,0.008187440150834767,0.00907030827152637,0.006895664690033367,0.006626157579506456,0.006486757349923572,0.0059942098720640455,0.006124316753008071,0.007109411708727124,0.005780462853370289,0.0052414486323164675,0.005817636247925724,0.00549236904556566,0.005111341751372442,0.004897594732678685,0.007267398635587727,0.008596347490944562,0.007527612397475778
46063,0.0005668942669703981,0.0005390142210538212,0.0005668942669703981,0.0005947743128869751,0.000622654358803552,0.0006412410560812699,0.0007155878451921419,0.0010501483961910653,0.0009200415152470396,0.0010501483961910653,0.001338242203995694,0.0015984559658837455,0.002072416746465554,0.0025277908297696443,0.003169031885850914,0.003800979593293325,0.004535154135763185,0.0049719415217895566,0.004274940373875133,0.0040426066579036584,0.0039217931255984915,0.0038102729419321837,0.0037080461069047355,0.003903206428320774,0.00375451285009903,0.0038939130796819153,0.004061193355181377,0.0040426066579036584,0.0037080461069047355,0.003903206428320774,0.004377167208902582,0.00411695344701453,0.004200593584764261,0.005622475926509686,0.0066540376254230335,0.004888301384039826,0.006616864230867598,0.00751831904883692,0.00960932249258019,0.008791507812360601,0.008187440150834767,0.00907030827152637,0.006895664690033367,0.006626157579506456,0.006486757349923572,0.0059942098720640455,0.006124316753008071,0.007109411708727124,0.005780462853370289,0.0052414486323164675,0.005817636247925724,0.00549236904556566,0.005111341751372442,0.004897594732678685,0.007267398635587727,0.008596347490944562,0.007527612397475778
46065,0.0005668942669703981,0.0005390142210538212,0.0005668942669703981,0.0005947743128869751,0.000622654358803552,0.0006412410560812699,0.0007155878451921419,0.0010501483961910653,0.0009200415152470396,0.0010501483961910653,0.001338242203995694,0.0015984559658837455,0.002072416746465554,0.0025277908297696443,0.003169031885850914,0.003800979593293325,0.004535154135763185,0.0049719415217895566,0.004274940373875133,0.0040426066579036584,0.0039217931255984915,0.0038102729419321837,0.0037080461069047355,0.003903206428320774,0.00375451285009903,0.0038939130796819153,0.004061193355181377,0.0040426066579036584,0.0037080461069047355,0.003903206428320774,0.004377167208902582,0.00411695344701453,0.004200593584764261,0.005622475926509686,0.0066540376254230335,0.004888301384039826,0.006616864230867598,0.00751831904883692,0.00960932249258019,0.008791507812360601,0.008187440150834767,0.00907030827152637,0.006895664690033367,0.006626157579506456,0.006486757349923572,0.0059942098720640455,0.006124316753008071,0.007109411708727124,0.005780462853370289,0.0052414486323164675,0.005817636247925724,0.00549236904556566,0.005111341751372442,0.004897594732678685,0.007267398635587727,0.008596347490944562,0.007527612397475778
46067,0.0005668942669703981,0.0005390142210538212,0.0005668942669703981,0.0005947743128869751,0.000622654358803552,0.0006412410560812699,0.0007155878451921419,0.0010501483961910653,0.0009200415152470396,0.0010501483961910653,0.001338242203995694,0.0015984559658837455,0.002072416746465554,0.0025277908297696443,0.003169031885850914,0.003800979593293325,0.004535154135763185,0.0049719415217895566,0.004274940373875133,0.0040426066579036584,0.0039217931255984915,0.0038102729419321837,0.0037080461069047355,0.003903206428320774,0.00375451285009903,0.0038939130796819153,0.004061193355181377,0.0040426066579036584,0.0037080461069047355,0.003903206428320774,0.004377167208902582,0.00411695344701453,0.004200593584764261,0.005622475926509686,0.0066540376254230335,0.004888301384039826,0.006616864230867598,0.00751831904883692,0.00960932249258019,0.008791507812360601,0.008187440150834767,0.00907030827152637,0.006895664690033367,0.006626157579506456,0.006486757349923572,0.0059942098720640455,0.006124316753008071,0.007109411708727124,0.005780462853370289,0.0052414486323164675,0.005817636247925724,0.00549236904556566,0.005111341751372442,0.004897594732678685,0.007267398635587727,0.008596347490944562,0.007527612397475778
46069,0.0005668942669703981,0.0005390142210538212,0.0005668942669703981,0.0005947743128869751,0.000622654358803552,0.0006412410560812699,0.0007155878451921419,0.0010501483961910653,0.0009200415152470396,0.0010501483961910653,0.001338242203995694,0.0015984559658837455,0.002072416746465554,0.0025277908297696443,0.003169031885850914,0.003800979593293325,0.004535154135763185,0.0049719415217895566,0.004274940373875133,0.0040426066579036584,0.0039217931255984915,0.0038102729419321837,0.0037080461069047355,0.003903206428320774,0.00375451285009903,0.0038939130796819153,0.004061193355181377,0.0040426066579036584,0.0037080461069047355,0.003903206428320774,0.004377167208902582,0.00411695344701453,0.004200593584764261,0.005622475926509686,0.0066540376254230335,0.004888301384039826,0.006616864230867598,0.00751831904883692,0.00960932249258019,0.008791507812360601,0.008187440150834767,0.00907030827152637,0.006895664690033367,0.006626157579506456,0.006486757349923572,0.0059942098720640455,0.006124316753008071,0.007109411708727124,0.005780462853370289,0.0052414486323164675,0.005817636247925724,0.00549236904556566,0.005111341751372442,0.004897594732678685,0.007267398635587727,0.008596347490944562,0.007527612397475778
46071,0.0005668942669703981,0.0005390142210538212,0.0005668942669703981,0.0005947743128869751,0.000622654358803552,0.0006412410560812699,0.0007155878451921419,0.0010501483961910653,0.0009200415152470396,0.0010501483961910653,0.001338242203995694,0.0015984559658837455,0.002072416746465554,0.0025277908297696443,0.003169031885850914,0.003800979593293325,0.004535154135763185,0.0049719415217895566,0.004274940373875133,0.0040426066579036584,0.0039217931255984915,0.0038102729419321837,0.0037080461069047355,0.003903206428320774,0.00375451285009903,0.0038939130796819153,0.004061193355181377,0.0040426066579036584,0.0037080461069047355,0.003903206428320774,0.004377167208902582,0.00411695344701453,0.004200593584764261,0.005622475926509686,0.0066540376254230335,0.004888301384039826,0.006616864230867598,0.00751831904883692,0.00960932249258019,0.008791507812360601,0.008187440150834767,0.00907030827152637,0.006895664690033367,0.006626157579506456,0.006486757349923572,0.0059942098720640455,0.006124316753008071,0.007109411708727124,0.005780462853370289,0.0052414486323164675,0.005817636247925724,0.00549236904556566,0.005111341751372442,0.004897594732678685,0.007267398635587727,0.008596347490944562,0.007527612397475778
46073,0.0005668942669703981,0.0005390142210538212,0.0005668942669703981,0.0005947743128869751,0.000622654358803552,0.0006412410560812699,0.0007155878451921419,0.0010501483961910653,0.0009200415152470396,0.0010501483961910653,0.001338242203995694,0.0015984559658837455,0.002072416746465554,0.0025277908297696443,0.003169031885850914,0.003800979593293325,0.004535154135763185,0.0049719415217895566,0.004274940373875133,0.0040426066579036584,0.0039217931255984915,0.0038102729419321837,0.0037080461069047355,0.003903206428320774,0.00375451285009903,0.0038939130796819153,0.004061193355181377,0.0040426066579036584,0.0037080461069047355,0.003903206428320774,0.004377167208902582,0.00411695344701453,0.004200593584764261,0.005622475926509686,0.0066540376254230335,0.004888301384039826,0.006616864230867598,0.00751831904883692,0.00960932249258019,0.008791507812360601,0.008187440150834767,0.00907030827152637,0.006895664690033367,0.006626157579506456,0.006486757349923572,0.0059942098720640455,0.006124316753008071,0.007109411708727124,0.005780462853370289,0.0052414486323164675,0.005817636247925724,0.00549236904556566,0.005111341751372442,0.004897594732678685,0.007267398635587727,0.008596347490944562,0.007527612397475778
46075,0.0005668942669703981,0.0005390142210538212,0.0005668942669703981,0.0005947743128869751,0.000622654358803552,0.0006412410560812699,0.0007155878451921419,0.0010501483961910653,0.0009200415152470396,0.0010501483961910653,0.001338242203995694,0.0015984559658837455,0.002072416746465554,0.0025277908297696443,0.003169031885850914,0.003800979593293325,0.004535154135763185,0.0049719415217895566,0.004274940373875133,0.0040426066579036584,0.0039217931255984915,0.0038102729419321837,0.0037080461069047355,0.003903206428320774,0.00375451285009903,0.0038939130796819153,0.004061193355181377,0.0040426066579036584,0.0037080461069047355,0.003903206428320774,0.004377167208902582,0.00411695344701453,0.004200593584764261,0.005622475926509686,0.0066540376254230335,0.004888301384039826,0.006616864230867598,0.00751831904883692,0.00960932249258019,0.008791507812360601,0.008187440150834767,0.00907030827152637,0.006895664690033367,0.006626157579506456,0.006486757349923572,0.0059942098720640455,0.006124316753008071,0.007109411708727124,0.005780462853370289,0.0052414486323164675,0.005817636247925724,0.00549236904556566,0.005111341751372442,0.004897594732678685,0.007267398635587727,0.008596347490944562,0.007527612397475778
46077,0.0005668942669703981,0.0005390142210538212,0.0005668942669703981,0.0005947743128869751,0.000622654358803552,0.0006412410560812699,0.0007155878451921419,0.0010501483961910653,0.0009200415152470396,0.0010501483961910653,0.001338242203995694,0.0015984559658837455,0.002072416746465554,0.0025277908297696443,0.003169031885850914,0.003800979593293325,0.004535154135763185,0.0049719415217895566,0.004274940373875133,0.0040426066579036584,0.0039217931255984915,0.0038102729419321837,0.0037080461069047355,0.003903206428320774,0.00375451285009903,0.0038939130796819153,0.004061193355181377,0.0040426066579036584,0.0037080461069047355,0.003903206428320774,0.004377167208902582,0.00411695344701453,0.004200593584764261,0.005622475926509686,0.0066540376254230335,0.004888301384039826,0.006616864230867598,0.00751831904883692,0.00960932249258019,0.008791507812360601,0.008187440150834767,0.00907030827152637,0.006895664690033367,0.006626157579506456,0.006486757349923572,0.0059942098720640455,0.006124316753008071,0.007109411708727124,0.005780462853370289,0.0052414486323164675,0.005817636247925724,0.00549236904556566,0.005111341751372442,0.004897594732678685,0.007267398635587727,0.008596347490944562,0.007527612397475778
46079,0.0005668942669703981,0.0005390142210538212,0.0005668942669703981,0.0005947743128869751,0.000622654358803552,0.0006412410560812699,0.0007155878451921419,0.0010501483961910653,0.0009200415152470396,0.0010501483961910653,0.001338242203995694,0.0015984559658837455,0.002072416746465554,0.0025277908297696443,0.003169031885850914,0.003800979593293325,0.004535154135763185,0.0049719415217895566,0.004274940373875133,0.0040426066579036584,0.0039217931255984915,0.0038102729419321837,0.0037080461069047355,0.003903206428320774,0.00375451285009903,0.0038939130796819153,0.004061193355181377,0.0040426066579036584,0.0037080461069047355,0.003903206428320774,0.004377167208902582,0.00411695344701453,0.004200593584764261,0.005622475926509686,0.0066540376254230335,0.004888301384039826,0.006616864230867598,0.00751831904883692,0.00960932249258019,0.008791507812360601,0.008187440150834767,0.00907030827152637,0.006895664690033367,0.006626157579506456,0.006486757349923572,0.0059942098720640455,0.006124316753008071,0.007109411708727124,0.005780462853370289,0.0052414486323164675,0.005817636247925724,0.00549236904556566,0.005111341751372442,0.004897594732678685,0.007267398635587727,0.008596347490944562,0.007527612397475778
46081,0.0005668942669703981,0.0005390142210538212,0.0005668942669703981,0.0005947743128869751,0.000622654358803552,0.0006412410560812699,0.0007155878451921419,0.0010501483961910653,0.0009200415152470396,0.0010501483961910653,0.001338242203995694,0.0015984559658837455,0.002072416746465554,0.0025277908297696443,0.003169031885850914,0.003800979593293325,0.004535154135763185,0.0049719415217895566,0.004274940373875133,0.0040426066579036584,0.0039217931255984915,0.0038102729419321837,0.0037080461069047355,0.003903206428320774,0.00375451285009903,0.0038939130796819153,0.004061193355181377,0.0040426066579036584,0.0037080461069047355,0.003903206428320774,0.004377167208902582,0.00411695344701453,0.004200593584764261,0.005622475926509686,0.0066540376254230335,0.004888301384039826,0.006616864230867598,0.00751831904883692,0.00960932249258019,0.008791507812360601,0.008187440150834767,0.00907030827152637,0.006895664690033367,0.006626157579506456,0.006486757349923572,0.0059942098720640455,0.006124316753008071,0.007109411708727124,0.005780462853370289,0.0052414486323164675,0.005817636247925724,0.00549236904556566,0.005111341751372442,0.004897594732678685,0.007267398635587727,0.008596347490944562,0.007527612397475778
46083,0.0005668942669703981,0.0005390142210538212,0.0005668942669703981,0.0005947743128869751,0.000622654358803552,0.0006412410560812699,0.0007155878451921419,0.0010501483961910653,0.0009200415152470396,0.0010501483961910653,0.001338242203995694,0.0015984559658837455,0.002072416746465554,0.0025277908297696443,0.003169031885850914,0.003800979593293325,0.004535154135763185,0.0049719415217895566,0.004274940373875133,0.0040426066579036584,0.0039217931255984915,0.0038102729419321837,0.0037080461069047355,0.003903206428320774,0.00375451285009903,0.0038939130796819153,0.004061193355181377,0.0040426066579036584,0.0037080461069047355,0.003903206428320774,0.004377167208902582,0.00411695344701453,0.004200593584764261,0.005622475926509686,0.0066540376254230335,0.004888301384039826,0.006616864230867598,0.00751831904883692,0.00960932249258019,0.008791507812360601,0.008187440150834767,0.00907030827152637,0.006895664690033367,0.006626157579506456,0.006486757349923572,0.0059942098720640455,0.006124316753008071,0.007109411708727124,0.005780462853370289,0.0052414486323164675,0.005817636247925724,0.00549236904556566,0.005111341751372442,0.004897594732678685,0.007267398635587727,0.008596347490944562,0.007527612397475778
46085,0.0005668942669703981,0.0005390142210538212,0.0005668942669703981,0.0005947743128869751,0.000622654358803552,0.0006412410560812699,0.0007155878451921419,0.0010501483961910653,0.0009200415152470396,0.0010501483961910653,0.001338242203995694,0.0015984559658837455,0.002072416746465554,0.0025277908297696443,0.003169031885850914,0.003800979593293325,0.004535154135763185,0.0049719415217895566,0.004274940373875133,0.0040426066579036584,0.0039217931255984915,0.0038102729419321837,0.0037080461069047355,0.003903206428320774,0.00375451285009903,0.0038939130796819153,0.004061193355181377,0.0040426066579036584,0.0037080461069047355,0.003903206428320774,0.004377167208902582,0.00411695344701453,0.004200593584764261,0.005622475926509686,0.0066540376254230335,0.004888301384039826,0.006616864230867598,0.00751831904883692,0.00960932249258019,0.008791507812360601,0.008187440150834767,0.00907030827152637,0.006895664690033367,0.006626157579506456,0.006486757349923572,0.0059942098720640455,0.006124316753008071,0.007109411708727124,0.005780462853370289,0.0052414486323164675,0.005817636247925724,0.00549236904556566,0.005111341751372442,0.004897594732678685,0.007267398635587727,0.008596347490944562,0.007527612397475778
46087,0.0005668942669703981,0.0005390142210538212,0.0005668942669703981,0.0005947743128869751,0.000622654358803552,0.0006412410560812699,0.0007155878451921419,0.0010501483961910653,0.0009200415152470396,0.0010501483961910653,0.001338242203995694,0.0015984559658837455,0.002072416746465554,0.0025277908297696443,0.003169031885850914,0.003800979593293325,0.004535154135763185,0.0049719415217895566,0.004274940373875133,0.0040426066579036584,0.0039217931255984915,0.0038102729419321837,0.0037080461069047355,0.003903206428320774,0.00375451285009903,0.0038939130796819153,0.004061193355181377,0.0040426066579036584,0.0037080461069047355,0.003903206428320774,0.004377167208902582,0.00411695344701453,0.004200593584764261,0.005622475926509686,0.0066540376254230335,0.004888301384039826,0.006616864230867598,0.00751831904883692,0.00960932249258019,0.008791507812360601,0.008187440150834767,0.00907030827152637,0.006895664690033367,0.006626157579506456,0.006486757349923572,0.0059942098720640455,0.006124316753008071,0.007109411708727124,0.005780462853370289,0.0052414486323164675,0.005817636247925724,0.00549236904556566,0.005111341751372442,0.004897594732678685,0.007267398635587727,0.008596347490944562,0.007527612397475778
46089,0.0005668942669703981,0.0005390142210538212,0.0005668942669703981,0.0005947743128869751,0.000622654358803552,0.0006412410560812699,0.0007155878451921419,0.0010501483961910653,0.0009200415152470396,0.0010501483961910653,0.001338242203995694,0.0015984559658837455,0.002072416746465554,0.0025277908297696443,0.003169031885850914,0.003800979593293325,0.004535154135763185,0.0049719415217895566,0.004274940373875133,0.0040426066579036584,0.0039217931255984915,0.0038102729419321837,0.0037080461069047355,0.003903206428320774,0.00375451285009903,0.0038939130796819153,0.004061193355181377,0.0040426066579036584,0.0037080461069047355,0.003903206428320774,0.004377167208902582,0.00411695344701453,0.004200593584764261,0.005622475926509686,0.0066540376254230335,0.004888301384039826,0.006616864230867598,0.00751831904883692,0.00960932249258019,0.008791507812360601,0.008187440150834767,0.00907030827152637,0.006895664690033367,0.006626157579506456,0.006486757349923572,0.0059942098720640455,0.006124316753008071,0.007109411708727124,0.005780462853370289,0.0052414486323164675,0.005817636247925724,0.00549236904556566,0.005111341751372442,0.004897594732678685,0.007267398635587727,0.008596347490944562,0.007527612397475778
46091,0.0005668942669703981,0.0005390142210538212,0.0005668942669703981,0.0005947743128869751,0.000622654358803552,0.0006412410560812699,0.0007155878451921419,0.0010501483961910653,0.0009200415152470396,0.0010501483961910653,0.001338242203995694,0.0015984559658837455,0.002072416746465554,0.0025277908297696443,0.003169031885850914,0.003800979593293325,0.004535154135763185,0.0049719415217895566,0.004274940373875133,0.0040426066579036584,0.0039217931255984915,0.0038102729419321837,0.0037080461069047355,0.003903206428320774,0.00375451285009903,0.0038939130796819153,0.004061193355181377,0.0040426066579036584,0.0037080461069047355,0.003903206428320774,0.004377167208902582,0.00411695344701453,0.004200593584764261,0.005622475926509686,0.0066540376254230335,0.004888301384039826,0.006616864230867598,0.00751831904883692,0.00960932249258019,0.008791507812360601,0.008187440150834767,0.00907030827152637,0.006895664690033367,0.006626157579506456,0.006486757349923572,0.0059942098720640455,0.006124316753008071,0.007109411708727124,0.005780462853370289,0.0052414486323164675,0.005817636247925724,0.00549236904556566,0.005111341751372442,0.004897594732678685,0.007267398635587727,0.008596347490944562,0.007527612397475778
46093,0.0005668942669703981,0.0005390142210538212,0.0005668942669703981,0.0005947743128869751,0.000622654358803552,0.0006412410560812699,0.0007155878451921419,0.0010501483961910653,0.0009200415152470396,0.0010501483961910653,0.001338242203995694,0.0015984559658837455,0.002072416746465554,0.0025277908297696443,0.003169031885850914,0.003800979593293325,0.004535154135763185,0.0049719415217895566,0.004274940373875133,0.0040426066579036584,0.0039217931255984915,0.0038102729419321837,0.0037080461069047355,0.003903206428320774,0.00375451285009903,0.0038939130796819153,0.004061193355181377,0.0040426066579036584,0.0037080461069047355,0.003903206428320774,0.004377167208902582,0.00411695344701453,0.004200593584764261,0.005622475926509686,0.0066540376254230335,0.004888301384039826,0.006616864230867598,0.00751831904883692,0.00960932249258019,0.008791507812360601,0.008187440150834767,0.00907030827152637,0.006895664690033367,0.006626157579506456,0.006486757349923572,0.0059942098720640455,0.006124316753008071,0.007109411708727124,0.005780462853370289,0.0052414486323164675,0.005817636247925724,0.00549236904556566,0.005111341751372442,0.004897594732678685,0.007267398635587727,0.008596347490944562,0.007527612397475778
46095,0.0005668942669703981,0.0005390142210538212,0.0005668942669703981,0.0005947743128869751,0.000622654358803552,0.0006412410560812699,0.0007155878451921419,0.0010501483961910653,0.0009200415152470396,0.0010501483961910653,0.001338242203995694,0.0015984559658837455,0.002072416746465554,0.0025277908297696443,0.003169031885850914,0.003800979593293325,0.004535154135763185,0.0049719415217895566,0.004274940373875133,0.0040426066579036584,0.0039217931255984915,0.0038102729419321837,0.0037080461069047355,0.003903206428320774,0.00375451285009903,0.0038939130796819153,0.004061193355181377,0.0040426066579036584,0.0037080461069047355,0.003903206428320774,0.004377167208902582,0.00411695344701453,0.004200593584764261,0.005622475926509686,0.0066540376254230335,0.004888301384039826,0.006616864230867598,0.00751831904883692,0.00960932249258019,0.008791507812360601,0.008187440150834767,0.00907030827152637,0.006895664690033367,0.006626157579506456,0.006486757349923572,0.0059942098720640455,0.006124316753008071,0.007109411708727124,0.005780462853370289,0.0052414486323164675,0.005817636247925724,0.00549236904556566,0.005111341751372442,0.004897594732678685,0.007267398635587727,0.008596347490944562,0.007527612397475778
46097,0.0005668942669703981,0.0005390142210538212,0.0005668942669703981,0.0005947743128869751,0.000622654358803552,0.0006412410560812699,0.0007155878451921419,0.0010501483961910653,0.0009200415152470396,0.0010501483961910653,0.001338242203995694,0.0015984559658837455,0.002072416746465554,0.0025277908297696443,0.003169031885850914,0.003800979593293325,0.004535154135763185,0.0049719415217895566,0.004274940373875133,0.0040426066579036584,0.0039217931255984915,0.0038102729419321837,0.0037080461069047355,0.003903206428320774,0.00375451285009903,0.0038939130796819153,0.004061193355181377,0.0040426066579036584,0.0037080461069047355,0.003903206428320774,0.004377167208902582,0.00411695344701453,0.004200593584764261,0.005622475926509686,0.0066540376254230335,0.004888301384039826,0.006616864230867598,0.00751831904883692,0.00960932249258019,0.008791507812360601,0.008187440150834767,0.00907030827152637,0.006895664690033367,0.006626157579506456,0.006486757349923572,0.0059942098720640455,0.006124316753008071,0.007109411708727124,0.005780462853370289,0.0052414486323164675,0.005817636247925724,0.00549236904556566,0.005111341751372442,0.004897594732678685,0.007267398635587727,0.008596347490944562,0.007527612397475778
46099,0.0005668942669703981,0.0005390142210538212,0.0005668942669703981,0.0005947743128869751,0.000622654358803552,0.0006412410560812699,0.0007155878451921419,0.0010501483961910653,0.0009200415152470396,0.0010501483961910653,0.001338242203995694,0.0015984559658837455,0.002072416746465554,0.0025277908297696443,0.003169031885850914,0.003800979593293325,0.004535154135763185,0.0049719415217895566,0.004274940373875133,0.0040426066579036584,0.0039217931255984915,0.0038102729419321837,0.0037080461069047355,0.003903206428320774,0.00375451285009903,0.0038939130796819153,0.004061193355181377,0.0040426066579036584,0.0037080461069047355,0.003903206428320774,0.004377167208902582,0.00411695344701453,0.004200593584764261,0.005622475926509686,0.0066540376254230335,0.004888301384039826,0.006616864230867598,0.00751831904883692,0.00960932249258019,0.008791507812360601,0.008187440150834767,0.00907030827152637,0.006895664690033367,0.006626157579506456,0.006486757349923572,0.0059942098720640455,0.006124316753008071,0.007109411708727124,0.005780462853370289,0.0052414486323164675,0.005817636247925724,0.00549236904556566,0.005111341751372442,0.004897594732678685,0.007267398635587727,0.008596347490944562,0.007527612397475778
46101,0.0005668942669703981,0.0005390142210538212,0.0005668942669703981,0.0005947743128869751,0.000622654358803552,0.0006412410560812699,0.0007155878451921419,0.0010501483961910653,0.0009200415152470396,0.0010501483961910653,0.001338242203995694,0.0015984559658837455,0.002072416746465554,0.0025277908297696443,0.003169031885850914,0.003800979593293325,0.004535154135763185,0.0049719415217895566,0.004274940373875133,0.0040426066579036584,0.0039217931255984915,0.0038102729419321837,0.0037080461069047355,0.003903206428320774,0.00375451285009903,0.0038939130796819153,0.004061193355181377,0.0040426066579036584,0.0037080461069047355,0.003903206428320774,0.004377167208902582,0.00411695344701453,0.004200593584764261,0.005622475926509686,0.0066540376254230335,0.004888301384039826,0.006616864230867598,0.00751831904883692,0.00960932249258019,0.008791507812360601,0.008187440150834767,0.00907030827152637,0.006895664690033367,0.006626157579506456,0.006486757349923572,0.0059942098720640455,0.006124316753008071,0.007109411708727124,0.005780462853370289,0.0052414486323164675,0.005817636247925724,0.00549236904556566,0.005111341751372442,0.004897594732678685,0.007267398635587727,0.008596347490944562,0.007527612397475778
46102,0.0005668942669703981,0.0005390142210538212,0.0005668942669703981,0.0005947743128869751,0.000622654358803552,0.0006412410560812699,0.0007155878451921419,0.0010501483961910653,0.0009200415152470396,0.0010501483961910653,0.001338242203995694,0.0015984559658837455,0.002072416746465554,0.0025277908297696443,0.003169031885850914,0.003800979593293325,0.004535154135763185,0.0049719415217895566,0.004274940373875133,0.0040426066579036584,0.0039217931255984915,0.0038102729419321837,0.0037080461069047355,0.003903206428320774,0.00375451285009903,0.0038939130796819153,0.004061193355181377,0.0040426066579036584,0.0037080461069047355,0.003903206428320774,0.004377167208902582,0.00411695344701453,0.004200593584764261,0.005622475926509686,0.0066540376254230335,0.004888301384039826,0.006616864230867598,0.00751831904883692,0.00960932249258019,0.008791507812360601,0.008187440150834767,0.00907030827152637,0.006895664690033367,0.006626157579506456,0.006486757349923572,0.0059942098720640455,0.006124316753008071,0.007109411708727124,0.005780462853370289,0.0052414486323164675,0.005817636247925724,0.00549236904556566,0.005111341751372442,0.004897594732678685,0.007267398635587727,0.008596347490944562,0.007527612397475778
46103,0.0005668942669703981,0.0005390142210538212,0.0005668942669703981,0.0005947743128869751,0.000622654358803552,0.0006412410560812699,0.0007155878451921419,0.0010501483961910653,0.0009200415152470396,0.0010501483961910653,0.001338242203995694,0.0015984559658837455,0.002072416746465554,0.0025277908297696443,0.003169031885850914,0.003800979593293325,0.004535154135763185,0.0049719415217895566,0.004274940373875133,0.0040426066579036584,0.0039217931255984915,0.0038102729419321837,0.0037080461069047355,0.003903206428320774,0.00375451285009903,0.0038939130796819153,0.004061193355181377,0.0040426066579036584,0.0037080461069047355,0.003903206428320774,0.004377167208902582,0.00411695344701453,0.004200593584764261,0.005622475926509686,0.0066540376254230335,0.004888301384039826,0.006616864230867598,0.00751831904883692,0.00960932249258019,0.008791507812360601,0.008187440150834767,0.00907030827152637,0.006895664690033367,0.006626157579506456,0.006486757349923572,0.0059942098720640455,0.006124316753008071,0.007109411708727124,0.005780462853370289,0.0052414486323164675,0.005817636247925724,0.00549236904556566,0.005111341751372442,0.004897594732678685,0.007267398635587727,0.008596347490944562,0.007527612397475778
46105,0.0005668942669703981,0.0005390142210538212,0.0005668942669703981,0.0005947743128869751,0.000622654358803552,0.0006412410560812699,0.0007155878451921419,0.0010501483961910653,0.0009200415152470396,0.0010501483961910653,0.001338242203995694,0.0015984559658837455,0.002072416746465554,0.0025277908297696443,0.003169031885850914,0.003800979593293325,0.004535154135763185,0.0049719415217895566,0.004274940373875133,0.0040426066579036584,0.0039217931255984915,0.0038102729419321837,0.0037080461069047355,0.003903206428320774,0.00375451285009903,0.0038939130796819153,0.004061193355181377,0.0040426066579036584,0.0037080461069047355,0.003903206428320774,0.004377167208902582,0.00411695344701453,0.004200593584764261,0.005622475926509686,0.0066540376254230335,0.004888301384039826,0.006616864230867598,0.00751831904883692,0.00960932249258019,0.008791507812360601,0.008187440150834767,0.00907030827152637,0.006895664690033367,0.006626157579506456,0.006486757349923572,0.0059942098720640455,0.006124316753008071,0.007109411708727124,0.005780462853370289,0.0052414486323164675,0.005817636247925724,0.00549236904556566,0.005111341751372442,0.004897594732678685,0.007267398635587727,0.008596347490944562,0.007527612397475778
46107,0.0005668942669703981,0.0005390142210538212,0.0005668942669703981,0.0005947743128869751,0.000622654358803552,0.0006412410560812699,0.0007155878451921419,0.0010501483961910653,0.0009200415152470396,0.0010501483961910653,0.001338242203995694,0.0015984559658837455,0.002072416746465554,0.0025277908297696443,0.003169031885850914,0.003800979593293325,0.004535154135763185,0.0049719415217895566,0.004274940373875133,0.0040426066579036584,0.0039217931255984915,0.0038102729419321837,0.0037080461069047355,0.003903206428320774,0.00375451285009903,0.0038939130796819153,0.004061193355181377,0.0040426066579036584,0.0037080461069047355,0.003903206428320774,0.004377167208902582,0.00411695344701453,0.004200593584764261,0.005622475926509686,0.0066540376254230335,0.004888301384039826,0.006616864230867598,0.00751831904883692,0.00960932249258019,0.008791507812360601,0.008187440150834767,0.00907030827152637,0.006895664690033367,0.006626157579506456,0.006486757349923572,0.0059942098720640455,0.006124316753008071,0.007109411708727124,0.005780462853370289,0.0052414486323164675,0.005817636247925724,0.00549236904556566,0.005111341751372442,0.004897594732678685,0.007267398635587727,0.008596347490944562,0.007527612397475778
46109,0.0005668942669703981,0.0005390142210538212,0.0005668942669703981,0.0005947743128869751,0.000622654358803552,0.0006412410560812699,0.0007155878451921419,0.0010501483961910653,0.0009200415152470396,0.0010501483961910653,0.001338242203995694,0.0015984559658837455,0.002072416746465554,0.0025277908297696443,0.003169031885850914,0.003800979593293325,0.004535154135763185,0.0049719415217895566,0.004274940373875133,0.0040426066579036584,0.0039217931255984915,0.0038102729419321837,0.0037080461069047355,0.003903206428320774,0.00375451285009903,0.0038939130796819153,0.004061193355181377,0.0040426066579036584,0.0037080461069047355,0.003903206428320774,0.004377167208902582,0.00411695344701453,0.004200593584764261,0.005622475926509686,0.0066540376254230335,0.004888301384039826,0.006616864230867598,0.00751831904883692,0.00960932249258019,0.008791507812360601,0.008187440150834767,0.00907030827152637,0.006895664690033367,0.006626157579506456,0.006486757349923572,0.0059942098720640455,0.006124316753008071,0.007109411708727124,0.005780462853370289,0.0052414486323164675,0.005817636247925724,0.00549236904556566,0.005111341751372442,0.004897594732678685,0.007267398635587727,0.008596347490944562,0.007527612397475778
46111,0.0005668942669703981,0.0005390142210538212,0.0005668942669703981,0.0005947743128869751,0.000622654358803552,0.0006412410560812699,0.0007155878451921419,0.0010501483961910653,0.0009200415152470396,0.0010501483961910653,0.001338242203995694,0.0015984559658837455,0.002072416746465554,0.0025277908297696443,0.003169031885850914,0.003800979593293325,0.004535154135763185,0.0049719415217895566,0.004274940373875133,0.0040426066579036584,0.0039217931255984915,0.0038102729419321837,0.0037080461069047355,0.003903206428320774,0.00375451285009903,0.0038939130796819153,0.004061193355181377,0.0040426066579036584,0.0037080461069047355,0.003903206428320774,0.004377167208902582,0.00411695344701453,0.004200593584764261,0.005622475926509686,0.0066540376254230335,0.004888301384039826,0.006616864230867598,0.00751831904883692,0.00960932249258019,0.008791507812360601,0.008187440150834767,0.00907030827152637,0.006895664690033367,0.006626157579506456,0.006486757349923572,0.0059942098720640455,0.006124316753008071,0.007109411708727124,0.005780462853370289,0.0052414486323164675,0.005817636247925724,0.00549236904556566,0.005111341751372442,0.004897594732678685,0.007267398635587727,0.008596347490944562,0.007527612397475778
46115,0.0005668942669703981,0.0005390142210538212,0.0005668942669703981,0.0005947743128869751,0.000622654358803552,0.0006412410560812699,0.0007155878451921419,0.0010501483961910653,0.0009200415152470396,0.0010501483961910653,0.001338242203995694,0.0015984559658837455,0.002072416746465554,0.0025277908297696443,0.003169031885850914,0.003800979593293325,0.004535154135763185,0.0049719415217895566,0.004274940373875133,0.0040426066579036584,0.0039217931255984915,0.0038102729419321837,0.0037080461069047355,0.003903206428320774,0.00375451285009903,0.0038939130796819153,0.004061193355181377,0.0040426066579036584,0.0037080461069047355,0.003903206428320774,0.004377167208902582,0.00411695344701453,0.004200593584764261,0.005622475926509686,0.0066540376254230335,0.004888301384039826,0.006616864230867598,0.00751831904883692,0.00960932249258019,0.008791507812360601,0.008187440150834767,0.00907030827152637,0.006895664690033367,0.006626157579506456,0.006486757349923572,0.0059942098720640455,0.006124316753008071,0.007109411708727124,0.005780462853370289,0.0052414486323164675,0.005817636247925724,0.00549236904556566,0.005111341751372442,0.004897594732678685,0.007267398635587727,0.008596347490944562,0.007527612397475778
46117,0.0005668942669703981,0.0005390142210538212,0.0005668942669703981,0.0005947743128869751,0.000622654358803552,0.0006412410560812699,0.0007155878451921419,0.0010501483961910653,0.0009200415152470396,0.0010501483961910653,0.001338242203995694,0.0015984559658837455,0.002072416746465554,0.0025277908297696443,0.003169031885850914,0.003800979593293325,0.004535154135763185,0.0049719415217895566,0.004274940373875133,0.0040426066579036584,0.0039217931255984915,0.0038102729419321837,0.0037080461069047355,0.003903206428320774,0.00375451285009903,0.0038939130796819153,0.004061193355181377,0.0040426066579036584,0.0037080461069047355,0.003903206428320774,0.004377167208902582,0.00411695344701453,0.004200593584764261,0.005622475926509686,0.0066540376254230335,0.004888301384039826,0.006616864230867598,0.00751831904883692,0.00960932249258019,0.008791507812360601,0.008187440150834767,0.00907030827152637,0.006895664690033367,0.006626157579506456,0.006486757349923572,0.0059942098720640455,0.006124316753008071,0.007109411708727124,0.005780462853370289,0.0052414486323164675,0.005817636247925724,0.00549236904556566,0.005111341751372442,0.004897594732678685,0.007267398635587727,0.008596347490944562,0.007527612397475778
46119,0.0005668942669703981,0.0005390142210538212,0.0005668942669703981,0.0005947743128869751,0.000622654358803552,0.0006412410560812699,0.0007155878451921419,0.0010501483961910653,0.0009200415152470396,0.0010501483961910653,0.001338242203995694,0.0015984559658837455,0.002072416746465554,0.0025277908297696443,0.003169031885850914,0.003800979593293325,0.004535154135763185,0.0049719415217895566,0.004274940373875133,0.0040426066579036584,0.0039217931255984915,0.0038102729419321837,0.0037080461069047355,0.003903206428320774,0.00375451285009903,0.0038939130796819153,0.004061193355181377,0.0040426066579036584,0.0037080461069047355,0.003903206428320774,0.004377167208902582,0.00411695344701453,0.004200593584764261,0.005622475926509686,0.0066540376254230335,0.004888301384039826,0.006616864230867598,0.00751831904883692,0.00960932249258019,0.008791507812360601,0.008187440150834767,0.00907030827152637,0.006895664690033367,0.006626157579506456,0.006486757349923572,0.0059942098720640455,0.006124316753008071,0.007109411708727124,0.005780462853370289,0.0052414486323164675,0.005817636247925724,0.00549236904556566,0.005111341751372442,0.004897594732678685,0.007267398635587727,0.008596347490944562,0.007527612397475778
46121,0.0005668942669703981,0.0005390142210538212,0.0005668942669703981,0.0005947743128869751,0.000622654358803552,0.0006412410560812699,0.0007155878451921419,0.0010501483961910653,0.0009200415152470396,0.0010501483961910653,0.001338242203995694,0.0015984559658837455,0.002072416746465554,0.0025277908297696443,0.003169031885850914,0.003800979593293325,0.004535154135763185,0.0049719415217895566,0.004274940373875133,0.0040426066579036584,0.0039217931255984915,0.0038102729419321837,0.0037080461069047355,0.003903206428320774,0.00375451285009903,0.0038939130796819153,0.004061193355181377,0.0040426066579036584,0.0037080461069047355,0.003903206428320774,0.004377167208902582,0.00411695344701453,0.004200593584764261,0.005622475926509686,0.0066540376254230335,0.004888301384039826,0.006616864230867598,0.00751831904883692,0.00960932249258019,0.008791507812360601,0.008187440150834767,0.00907030827152637,0.006895664690033367,0.006626157579506456,0.006486757349923572,0.0059942098720640455,0.006124316753008071,0.007109411708727124,0.005780462853370289,0.0052414486323164675,0.005817636247925724,0.00549236904556566,0.005111341751372442,0.004897594732678685,0.007267398635587727,0.008596347490944562,0.007527612397475778
46123,0.0005668942669703981,0.0005390142210538212,0.0005668942669703981,0.0005947743128869751,0.000622654358803552,0.0006412410560812699,0.0007155878451921419,0.0010501483961910653,0.0009200415152470396,0.0010501483961910653,0.001338242203995694,0.0015984559658837455,0.002072416746465554,0.0025277908297696443,0.003169031885850914,0.003800979593293325,0.004535154135763185,0.0049719415217895566,0.004274940373875133,0.0040426066579036584,0.0039217931255984915,0.0038102729419321837,0.0037080461069047355,0.003903206428320774,0.00375451285009903,0.0038939130796819153,0.004061193355181377,0.0040426066579036584,0.0037080461069047355,0.003903206428320774,0.004377167208902582,0.00411695344701453,0.004200593584764261,0.005622475926509686,0.0066540376254230335,0.004888301384039826,0.006616864230867598,0.00751831904883692,0.00960932249258019,0.008791507812360601,0.008187440150834767,0.00907030827152637,0.006895664690033367,0.006626157579506456,0.006486757349923572,0.0059942098720640455,0.006124316753008071,0.007109411708727124,0.005780462853370289,0.0052414486323164675,0.005817636247925724,0.00549236904556566,0.005111341751372442,0.004897594732678685,0.007267398635587727,0.008596347490944562,0.007527612397475778
46125,0.0005668942669703981,0.0005390142210538212,0.0005668942669703981,0.0005947743128869751,0.000622654358803552,0.0006412410560812699,0.0007155878451921419,0.0010501483961910653,0.0009200415152470396,0.0010501483961910653,0.001338242203995694,0.0015984559658837455,0.002072416746465554,0.0025277908297696443,0.003169031885850914,0.003800979593293325,0.004535154135763185,0.0049719415217895566,0.004274940373875133,0.0040426066579036584,0.0039217931255984915,0.0038102729419321837,0.0037080461069047355,0.003903206428320774,0.00375451285009903,0.0038939130796819153,0.004061193355181377,0.0040426066579036584,0.0037080461069047355,0.003903206428320774,0.004377167208902582,0.00411695344701453,0.004200593584764261,0.005622475926509686,0.0066540376254230335,0.004888301384039826,0.006616864230867598,0.00751831904883692,0.00960932249258019,0.008791507812360601,0.008187440150834767,0.00907030827152637,0.006895664690033367,0.006626157579506456,0.006486757349923572,0.0059942098720640455,0.006124316753008071,0.007109411708727124,0.005780462853370289,0.0052414486323164675,0.005817636247925724,0.00549236904556566,0.005111341751372442,0.004897594732678685,0.007267398635587727,0.008596347490944562,0.007527612397475778
46127,0.0005668942669703981,0.0005390142210538212,0.0005668942669703981,0.0005947743128869751,0.000622654358803552,0.0006412410560812699,0.0007155878451921419,0.0010501483961910653,0.0009200415152470396,0.0010501483961910653,0.001338242203995694,0.0015984559658837455,0.002072416746465554,0.0025277908297696443,0.003169031885850914,0.003800979593293325,0.004535154135763185,0.0049719415217895566,0.004274940373875133,0.0040426066579036584,0.0039217931255984915,0.0038102729419321837,0.0037080461069047355,0.003903206428320774,0.00375451285009903,0.0038939130796819153,0.004061193355181377,0.0040426066579036584,0.0037080461069047355,0.003903206428320774,0.004377167208902582,0.00411695344701453,0.004200593584764261,0.005622475926509686,0.0066540376254230335,0.004888301384039826,0.006616864230867598,0.00751831904883692,0.00960932249258019,0.008791507812360601,0.008187440150834767,0.00907030827152637,0.006895664690033367,0.006626157579506456,0.006486757349923572,0.0059942098720640455,0.006124316753008071,0.007109411708727124,0.005780462853370289,0.0052414486323164675,0.005817636247925724,0.00549236904556566,0.005111341751372442,0.004897594732678685,0.007267398635587727,0.008596347490944562,0.007527612397475778
46129,0.0005668942669703981,0.0005390142210538212,0.0005668942669703981,0.0005947743128869751,0.000622654358803552,0.0006412410560812699,0.0007155878451921419,0.0010501483961910653,0.0009200415152470396,0.0010501483961910653,0.001338242203995694,0.0015984559658837455,0.002072416746465554,0.0025277908297696443,0.003169031885850914,0.003800979593293325,0.004535154135763185,0.0049719415217895566,0.004274940373875133,0.0040426066579036584,0.0039217931255984915,0.0038102729419321837,0.0037080461069047355,0.003903206428320774,0.00375451285009903,0.0038939130796819153,0.004061193355181377,0.0040426066579036584,0.0037080461069047355,0.003903206428320774,0.004377167208902582,0.00411695344701453,0.004200593584764261,0.005622475926509686,0.0066540376254230335,0.004888301384039826,0.006616864230867598,0.00751831904883692,0.00960932249258019,0.008791507812360601,0.008187440150834767,0.00907030827152637,0.006895664690033367,0.006626157579506456,0.006486757349923572,0.0059942098720640455,0.006124316753008071,0.007109411708727124,0.005780462853370289,0.0052414486323164675,0.005817636247925724,0.00549236904556566,0.005111341751372442,0.004897594732678685,0.007267398635587727,0.008596347490944562,0.007527612397475778
46135,0.0005668942669703981,0.0005390142210538212,0.0005668942669703981,0.0005947743128869751,0.000622654358803552,0.0006412410560812699,0.0007155878451921419,0.0010501483961910653,0.0009200415152470396,0.0010501483961910653,0.001338242203995694,0.0015984559658837455,0.002072416746465554,0.0025277908297696443,0.003169031885850914,0.003800979593293325,0.004535154135763185,0.0049719415217895566,0.004274940373875133,0.0040426066579036584,0.0039217931255984915,0.0038102729419321837,0.0037080461069047355,0.003903206428320774,0.00375451285009903,0.0038939130796819153,0.004061193355181377,0.0040426066579036584,0.0037080461069047355,0.003903206428320774,0.004377167208902582,0.00411695344701453,0.004200593584764261,0.005622475926509686,0.0066540376254230335,0.004888301384039826,0.006616864230867598,0.00751831904883692,0.00960932249258019,0.008791507812360601,0.008187440150834767,0.00907030827152637,0.006895664690033367,0.006626157579506456,0.006486757349923572,0.0059942098720640455,0.006124316753008071,0.007109411708727124,0.005780462853370289,0.0052414486323164675,0.005817636247925724,0.00549236904556566,0.005111341751372442,0.004897594732678685,0.007267398635587727,0.008596347490944562,0.007527612397475778
46137,0.0005668942669703981,0.0005390142210538212,0.0005668942669703981,0.0005947743128869751,0.000622654358803552,0.0006412410560812699,0.0007155878451921419,0.0010501483961910653,0.0009200415152470396,0.0010501483961910653,0.001338242203995694,0.0015984559658837455,0.002072416746465554,0.0025277908297696443,0.003169031885850914,0.003800979593293325,0.004535154135763185,0.0049719415217895566,0.004274940373875133,0.0040426066579036584,0.0039217931255984915,0.0038102729419321837,0.0037080461069047355,0.003903206428320774,0.00375451285009903,0.0038939130796819153,0.004061193355181377,0.0040426066579036584,0.0037080461069047355,0.003903206428320774,0.004377167208902582,0.00411695344701453,0.004200593584764261,0.005622475926509686,0.0066540376254230335,0.004888301384039826,0.006616864230867598,0.00751831904883692,0.00960932249258019,0.008791507812360601,0.008187440150834767,0.00907030827152637,0.006895664690033367,0.006626157579506456,0.006486757349923572,0.0059942098720640455,0.006124316753008071,0.007109411708727124,0.005780462853370289,0.0052414486323164675,0.005817636247925724,0.00549236904556566,0.005111341751372442,0.004897594732678685,0.007267398635587727,0.008596347490944562,0.007527612397475778
47001,0.0006412410560812699,0.0006412410560812699,0.0006412410560812699,0.0006598277533589879,0.0007155878451921419,0.0007992279829418728,0.0008456947261361677,0.0009107481666081806,0.0010501483961910653,0.0013289488553568348,0.00192372316824381,0.0018958431223272331,0.0022954571137981696,0.0027880045916576957,0.003289845418156081,0.00411695344701453,0.004786074549012378,0.004525860787124326,0.004563034181679762,0.0043399938143471465,0.004024019960625941,0.0040704867038202355,0.004172713538847685,0.0044608073466523126,0.004423633952096877,0.0047024344112626465,0.004897594732678685,0.005167101843205596,0.004813954594928955,0.005315795421427339,0.005678236018342841,0.005613182577870827,0.005325088770066199,0.006347357120340688,0.008735747720527447,0.006849197946839073,0.00823390689402906,0.008837974555554896,0.011588805752657156,0.012137113322349836,0.011142725017991923,0.01209064657915554,0.009916002997662538,0.008726454371888587,0.008401187169528522,0.007769239462086111,0.007815706205280408,0.008642814234138858,0.007862172948474702,0.007248811938310009,0.008122386710362754,0.007815706205280408,0.007527612397475778,0.007183758497837996,0.008466240610000536,0.01071523098060441,
47003,0.0006412410560812699,0.0006412410560812699,0.0006412410560812699,0.0006598277533589879,0.0007155878451921419,0.0007992279829418728,0.0008456947261361677,0.0009107481666081806,0.0010501483961910653,0.0013289488553568348,0.00192372316824381,0.0018958431223272331,0.0022954571137981696,0.0027880045916576957,0.003289845418156081,0.00411695344701453,0.004786074549012378,0.004525860787124326,0.004563034181679762,0.0043399938143471465,0.004024019960625941,0.0040704867038202355,0.004172713538847685,0.0044608073466523126,0.004423633952096877,0.0047024344112626465,0.004897594732678685,0.005167101843205596,0.004813954594928955,0.005315795421427339,0.005678236018342841,0.005613182577870827,0.005325088770066199,0.006347357120340688,0.008735747720527447,0.006849197946839073,0.00823390689402906,0.008837974555554896,0.011588805752657156,0.012137113322349836,0.011142725017991923,0.01209064657915554,0.009916002997662538,0.008726454371888587,0.008401187169528522,0.007769239462086111,0.007815706205280408,0.008642814234138858,0.007862172948474702,0.007248811938310009,0.008122386710362754,0.007815706205280408,0.007527612397475778,0.007183758497837996,0.008466240610000536,0.01071523098060441,
47005,0.0006412410560812699,0.0006412410560812699,0.0006412410560812699,0.0006598277533589879,0.0007155878451921419,0.0007992279829418728,0.0008456947261361677,0.0009107481666081806,0.0010501483961910653,0.0013289488553568348,0.00192372316824381,0.0018958431223272331,0.0022954571137981696,0.0027880045916576957,0.003289845418156081,0.00411695344701453,0.004786074549012378,0.004525860787124326,0.004563034181679762,0.0043399938143471465,0.004024019960625941,0.0040704867038202355,0.004172713538847685,0.0044608073466523126,0.004423633952096877,0.0047024344112626465,0.004897594732678685,0.005167101843205596,0.004813954594928955,0.005315795421427339,0.005678236018342841,0.005613182577870827,0.005325088770066199,0.006347357120340688,0.008735747720527447,0.006849197946839073,0.00823390689402906,0.008837974555554896,0.011588805752657156,0.012137113322349836,0.011142725017991923,0.01209064657915554,0.009916002997662538,0.008726454371888587,0.008401187169528522,0.007769239462086111,0.007815706205280408,0.008642814234138858,0.007862172948474702,0.007248811938310009,0.008122386710362754,0.007815706205280408,0.007527612397475778,0.007183758497837996,0.008466240610000536,0.01071523098060441,
47007,0.0006412410560812699,0.0006412410560812699,0.0006412410560812699,0.0006598277533589879,0.0007155878451921419,0.0007992279829418728,0.0008456947261361677,0.0009107481666081806,0.0010501483961910653,0.0013289488553568348,0.00192372316824381,0.0018958431223272331,0.0022954571137981696,0.0027880045916576957,0.003289845418156081,0.00411695344701453,0.004786074549012378,0.004525860787124326,0.004563034181679762,0.0043399938143471465,0.004024019960625941,0.0040704867038202355,0.004172713538847685,0.0044608073466523126,0.004423633952096877,0.0047024344112626465,0.004897594732678685,0.005167101843205596,0.004813954594928955,0.005315795421427339,0.005678236018342841,0.005613182577870827,0.005325088770066199,0.006347357120340688,0.008735747720527447,0.006849197946839073,0.00823390689402906,0.008837974555554896,0.011588805752657156,0.012137113322349836,0.011142725017991923,0.01209064657915554,0.009916002997662538,0.008726454371888587,0.008401187169528522,0.007769239462086111,0.007815706205280408,0.008642814234138858,0.007862172948474702,0.007248811938310009,0.008122386710362754,0.007815706205280408,0.007527612397475778,0.007183758497837996,0.008466240610000536,0.01071523098060441,
47009,0.0006412410560812699,0.0006412410560812699,0.0006412410560812699,0.0006598277533589879,0.0007155878451921419,0.0007992279829418728,0.0008456947261361677,0.0009107481666081806,0.0010501483961910653,0.0013289488553568348,0.00192372316824381,0.0018958431223272331,0.0022954571137981696,0.0027880045916576957,0.003289845418156081,0.00411695344701453,0.004786074549012378,0.004525860787124326,0.004563034181679762,0.0043399938143471465,0.004024019960625941,0.0040704867038202355,0.004172713538847685,0.0044608073466523126,0.004423633952096877,0.0047024344112626465,0.004897594732678685,0.005167101843205596,0.004813954594928955,0.005315795421427339,0.005678236018342841,0.005613182577870827,0.005325088770066199,0.006347357120340688,0.008735747720527447,0.006849197946839073,0.00823390689402906,0.008837974555554896,0.011588805752657156,0.012137113322349836,0.011142725017991923,0.01209064657915554,0.009916002997662538,0.008726454371888587,0.008401187169528522,0.007769239462086111,0.007815706205280408,0.008642814234138858,0.007862172948474702,0.007248811938310009,0.008122386710362754,0.007815706205280408,0.007527612397475778,0.007183758497837996,0.008466240610000536,0.01071523098060441,
47011,0.0006412410560812699,0.0006412410560812699,0.0006412410560812699,0.0006598277533589879,0.0007155878451921419,0.0007992279829418728,0.0008456947261361677,0.0009107481666081806,0.0010501483961910653,0.0013289488553568348,0.00192372316824381,0.0018958431223272331,0.0022954571137981696,0.0027880045916576957,0.003289845418156081,0.00411695344701453,0.004786074549012378,0.004525860787124326,0.004563034181679762,0.0043399938143471465,0.004024019960625941,0.0040704867038202355,0.004172713538847685,0.0044608073466523126,0.004423633952096877,0.0047024344112626465,0.004897594732678685,0.005167101843205596,0.004813954594928955,0.005315795421427339,0.005678236018342841,0.005613182577870827,0.005325088770066199,0.006347357120340688,0.008735747720527447,0.006849197946839073,0.00823390689402906,0.008837974555554896,0.011588805752657156,0.012137113322349836,0.011142725017991923,0.01209064657915554,0.009916002997662538,0.008726454371888587,0.008401187169528522,0.007769239462086111,0.007815706205280408,0.008642814234138858,0.007862172948474702,0.007248811938310009,0.008122386710362754,0.007815706205280408,0.007527612397475778,0.007183758497837996,0.008466240610000536,0.01071523098060441,
47013,0.0006412410560812699,0.0006412410560812699,0.0006412410560812699,0.0006598277533589879,0.0007155878451921419,0.0007992279829418728,0.0008456947261361677,0.0009107481666081806,0.0010501483961910653,0.0013289488553568348,0.00192372316824381,0.0018958431223272331,0.0022954571137981696,0.0027880045916576957,0.003289845418156081,0.00411695344701453,0.004786074549012378,0.004525860787124326,0.004563034181679762,0.0043399938143471465,0.004024019960625941,0.0040704867038202355,0.004172713538847685,0.0044608073466523126,0.004423633952096877,0.0047024344112626465,0.004897594732678685,0.005167101843205596,0.004813954594928955,0.005315795421427339,0.005678236018342841,0.005613182577870827,0.005325088770066199,0.006347357120340688,0.008735747720527447,0.006849197946839073,0.00823390689402906,0.008837974555554896,0.011588805752657156,0.012137113322349836,0.011142725017991923,0.01209064657915554,0.009916002997662538,0.008726454371888587,0.008401187169528522,0.007769239462086111,0.007815706205280408,0.008642814234138858,0.007862172948474702,0.007248811938310009,0.008122386710362754,0.007815706205280408,0.007527612397475778,0.007183758497837996,0.008466240610000536,0.01071523098060441,
47015,0.0006412410560812699,0.0006412410560812699,0.0006412410560812699,0.0006598277533589879,0.0007155878451921419,0.0007992279829418728,0.0008456947261361677,0.0009107481666081806,0.0010501483961910653,0.0013289488553568348,0.00192372316824381,0.0018958431223272331,0.0022954571137981696,0.0027880045916576957,0.003289845418156081,0.00411695344701453,0.004786074549012378,0.004525860787124326,0.004563034181679762,0.0043399938143471465,0.004024019960625941,0.0040704867038202355,0.004172713538847685,0.0044608073466523126,0.004423633952096877,0.0047024344112626465,0.004897594732678685,0.005167101843205596,0.004813954594928955,0.005315795421427339,0.005678236018342841,0.005613182577870827,0.005325088770066199,0.006347357120340688,0.008735747720527447,0.006849197946839073,0.00823390689402906,0.008837974555554896,0.011588805752657156,0.012137113322349836,0.011142725017991923,0.01209064657915554,0.009916002997662538,0.008726454371888587,0.008401187169528522,0.007769239462086111,0.007815706205280408,0.008642814234138858,0.007862172948474702,0.007248811938310009,0.008122386710362754,0.007815706205280408,0.007527612397475778,0.007183758497837996,0.008466240610000536,0.01071523098060441,
47017,0.0006412410560812699,0.0006412410560812699,0.0006412410560812699,0.0006598277533589879,0.0007155878451921419,0.0007992279829418728,0.0008456947261361677,0.0009107481666081806,0.0010501483961910653,0.0013289488553568348,0.00192372316824381,0.0018958431223272331,0.0022954571137981696,0.0027880045916576957,0.003289845418156081,0.00411695344701453,0.004786074549012378,0.004525860787124326,0.004563034181679762,0.0043399938143471465,0.004024019960625941,0.0040704867038202355,0.004172713538847685,0.0044608073466523126,0.004423633952096877,0.0047024344112626465,0.004897594732678685,0.005167101843205596,0.004813954594928955,0.005315795421427339,0.005678236018342841,0.005613182577870827,0.005325088770066199,0.006347357120340688,0.008735747720527447,0.006849197946839073,0.00823390689402906,0.008837974555554896,0.011588805752657156,0.012137113322349836,0.011142725017991923,0.01209064657915554,0.009916002997662538,0.008726454371888587,0.008401187169528522,0.007769239462086111,0.007815706205280408,0.008642814234138858,0.007862172948474702,0.007248811938310009,0.008122386710362754,0.007815706205280408,0.007527612397475778,0.007183758497837996,0.008466240610000536,0.01071523098060441,
47019,0.0006412410560812699,0.0006412410560812699,0.0006412410560812699,0.0006598277533589879,0.0007155878451921419,0.0007992279829418728,0.0008456947261361677,0.0009107481666081806,0.0010501483961910653,0.0013289488553568348,0.00192372316824381,0.0018958431223272331,0.0022954571137981696,0.0027880045916576957,0.003289845418156081,0.00411695344701453,0.004786074549012378,0.004525860787124326,0.004563034181679762,0.0043399938143471465,0.004024019960625941,0.0040704867038202355,0.004172713538847685,0.0044608073466523126,0.004423633952096877,0.0047024344112626465,0.004897594732678685,0.005167101843205596,0.004813954594928955,0.005315795421427339,0.005678236018342841,0.005613182577870827,0.005325088770066199,0.006347357120340688,0.008735747720527447,0.006849197946839073,0.00823390689402906,0.008837974555554896,0.011588805752657156,0.012137113322349836,0.011142725017991923,0.01209064657915554,0.009916002997662538,0.008726454371888587,0.008401187169528522,0.007769239462086111,0.007815706205280408,0.008642814234138858,0.007862172948474702,0.007248811938310009,0.008122386710362754,0.007815706205280408,0.007527612397475778,0.007183758497837996,0.008466240610000536,0.01071523098060441,
47021,0.0006412410560812699,0.0006412410560812699,0.0006412410560812699,0.0006598277533589879,0.0007155878451921419,0.0007992279829418728,0.0008456947261361677,0.0009107481666081806,0.0010501483961910653,0.0013289488553568348,0.00192372316824381,0.0018958431223272331,0.0022954571137981696,0.0027880045916576957,0.003289845418156081,0.00411695344701453,0.004786074549012378,0.004525860787124326,0.004563034181679762,0.0043399938143471465,0.004024019960625941,0.0040704867038202355,0.004172713538847685,0.0044608073466523126,0.004423633952096877,0.0047024344112626465,0.004897594732678685,0.005167101843205596,0.004813954594928955,0.005315795421427339,0.005678236018342841,0.005613182577870827,0.005325088770066199,0.006347357120340688,0.008735747720527447,0.006849197946839073,0.00823390689402906,0.008837974555554896,0.011588805752657156,0.012137113322349836,0.011142725017991923,0.01209064657915554,0.009916002997662538,0.008726454371888587,0.008401187169528522,0.007769239462086111,0.007815706205280408,0.008642814234138858,0.007862172948474702,0.007248811938310009,0.008122386710362754,0.007815706205280408,0.007527612397475778,0.007183758497837996,0.008466240610000536,0.01071523098060441,
47023,0.0006412410560812699,0.0006412410560812699,0.0006412410560812699,0.0006598277533589879,0.0007155878451921419,0.0007992279829418728,0.0008456947261361677,0.0009107481666081806,0.0010501483961910653,0.0013289488553568348,0.00192372316824381,0.0018958431223272331,0.0022954571137981696,0.0027880045916576957,0.003289845418156081,0.00411695344701453,0.004786074549012378,0.004525860787124326,0.004563034181679762,0.0043399938143471465,0.004024019960625941,0.0040704867038202355,0.004172713538847685,0.0044608073466523126,0.004423633952096877,0.0047024344112626465,0.004897594732678685,0.005167101843205596,0.004813954594928955,0.005315795421427339,0.005678236018342841,0.005613182577870827,0.005325088770066199,0.006347357120340688,0.008735747720527447,0.006849197946839073,0.00823390689402906,0.008837974555554896,0.011588805752657156,0.012137113322349836,0.011142725017991923,0.01209064657915554,0.009916002997662538,0.008726454371888587,0.008401187169528522,0.007769239462086111,0.007815706205280408,0.008642814234138858,0.007862172948474702,0.007248811938310009,0.008122386710362754,0.007815706205280408,0.007527612397475778,0.007183758497837996,0.008466240610000536,0.01071523098060441,
47025,0.0006412410560812699,0.0006412410560812699,0.0006412410560812699,0.0006598277533589879,0.0007155878451921419,0.0007992279829418728,0.0008456947261361677,0.0009107481666081806,0.0010501483961910653,0.0013289488553568348,0.00192372316824381,0.0018958431223272331,0.0022954571137981696,0.0027880045916576957,0.003289845418156081,0.00411695344701453,0.004786074549012378,0.004525860787124326,0.004563034181679762,0.0043399938143471465,0.004024019960625941,0.0040704867038202355,0.004172713538847685,0.0044608073466523126,0.004423633952096877,0.0047024344112626465,0.004897594732678685,0.005167101843205596,0.004813954594928955,0.005315795421427339,0.005678236018342841,0.005613182577870827,0.005325088770066199,0.006347357120340688,0.008735747720527447,0.006849197946839073,0.00823390689402906,0.008837974555554896,0.011588805752657156,0.012137113322349836,0.011142725017991923,0.01209064657915554,0.009916002997662538,0.008726454371888587,0.008401187169528522,0.007769239462086111,0.007815706205280408,0.008642814234138858,0.007862172948474702,0.007248811938310009,0.008122386710362754,0.007815706205280408,0.007527612397475778,0.007183758497837996,0.008466240610000536,0.01071523098060441,
47027,0.0006412410560812699,0.0006412410560812699,0.0006412410560812699,0.0006598277533589879,0.0007155878451921419,0.0007992279829418728,0.0008456947261361677,0.0009107481666081806,0.0010501483961910653,0.0013289488553568348,0.00192372316824381,0.0018958431223272331,0.0022954571137981696,0.0027880045916576957,0.003289845418156081,0.00411695344701453,0.004786074549012378,0.004525860787124326,0.004563034181679762,0.0043399938143471465,0.004024019960625941,0.0040704867038202355,0.004172713538847685,0.0044608073466523126,0.004423633952096877,0.0047024344112626465,0.004897594732678685,0.005167101843205596,0.004813954594928955,0.005315795421427339,0.005678236018342841,0.005613182577870827,0.005325088770066199,0.006347357120340688,0.008735747720527447,0.006849197946839073,0.00823390689402906,0.008837974555554896,0.011588805752657156,0.012137113322349836,0.011142725017991923,0.01209064657915554,0.009916002997662538,0.008726454371888587,0.008401187169528522,0.007769239462086111,0.007815706205280408,0.008642814234138858,0.007862172948474702,0.007248811938310009,0.008122386710362754,0.007815706205280408,0.007527612397475778,0.007183758497837996,0.008466240610000536,0.01071523098060441,
47029,0.0006412410560812699,0.0006412410560812699,0.0006412410560812699,0.0006598277533589879,0.0007155878451921419,0.0007992279829418728,0.0008456947261361677,0.0009107481666081806,0.0010501483961910653,0.0013289488553568348,0.00192372316824381,0.0018958431223272331,0.0022954571137981696,0.0027880045916576957,0.003289845418156081,0.00411695344701453,0.004786074549012378,0.004525860787124326,0.004563034181679762,0.0043399938143471465,0.004024019960625941,0.0040704867038202355,0.004172713538847685,0.0044608073466523126,0.004423633952096877,0.0047024344112626465,0.004897594732678685,0.005167101843205596,0.004813954594928955,0.005315795421427339,0.005678236018342841,0.005613182577870827,0.005325088770066199,0.006347357120340688,0.008735747720527447,0.006849197946839073,0.00823390689402906,0.008837974555554896,0.011588805752657156,0.012137113322349836,0.011142725017991923,0.01209064657915554,0.009916002997662538,0.008726454371888587,0.008401187169528522,0.007769239462086111,0.007815706205280408,0.008642814234138858,0.007862172948474702,0.007248811938310009,0.008122386710362754,0.007815706205280408,0.007527612397475778,0.007183758497837996,0.008466240610000536,0.01071523098060441,
47031,0.0006412410560812699,0.0006412410560812699,0.0006412410560812699,0.0006598277533589879,0.0007155878451921419,0.0007992279829418728,0.0008456947261361677,0.0009107481666081806,0.0010501483961910653,0.0013289488553568348,0.00192372316824381,0.0018958431223272331,0.0022954571137981696,0.0027880045916576957,0.003289845418156081,0.00411695344701453,0.004786074549012378,0.004525860787124326,0.004563034181679762,0.0043399938143471465,0.004024019960625941,0.0040704867038202355,0.004172713538847685,0.0044608073466523126,0.004423633952096877,0.0047024344112626465,0.004897594732678685,0.005167101843205596,0.004813954594928955,0.005315795421427339,0.005678236018342841,0.005613182577870827,0.005325088770066199,0.006347357120340688,0.008735747720527447,0.006849197946839073,0.00823390689402906,0.008837974555554896,0.011588805752657156,0.012137113322349836,0.011142725017991923,0.01209064657915554,0.009916002997662538,0.008726454371888587,0.008401187169528522,0.007769239462086111,0.007815706205280408,0.008642814234138858,0.007862172948474702,0.007248811938310009,0.008122386710362754,0.007815706205280408,0.007527612397475778,0.007183758497837996,0.008466240610000536,0.01071523098060441,
47033,0.0006412410560812699,0.0006412410560812699,0.0006412410560812699,0.0006598277533589879,0.0007155878451921419,0.0007992279829418728,0.0008456947261361677,0.0009107481666081806,0.0010501483961910653,0.0013289488553568348,0.00192372316824381,0.0018958431223272331,0.0022954571137981696,0.0027880045916576957,0.003289845418156081,0.00411695344701453,0.004786074549012378,0.004525860787124326,0.004563034181679762,0.0043399938143471465,0.004024019960625941,0.0040704867038202355,0.004172713538847685,0.0044608073466523126,0.004423633952096877,0.0047024344112626465,0.004897594732678685,0.005167101843205596,0.004813954594928955,0.005315795421427339,0.005678236018342841,0.005613182577870827,0.005325088770066199,0.006347357120340688,0.008735747720527447,0.006849197946839073,0.00823390689402906,0.008837974555554896,0.011588805752657156,0.012137113322349836,0.011142725017991923,0.01209064657915554,0.009916002997662538,0.008726454371888587,0.008401187169528522,0.007769239462086111,0.007815706205280408,0.008642814234138858,0.007862172948474702,0.007248811938310009,0.008122386710362754,0.007815706205280408,0.007527612397475778,0.007183758497837996,0.008466240610000536,0.01071523098060441,
47035,0.0006412410560812699,0.0006412410560812699,0.0006412410560812699,0.0006598277533589879,0.0007155878451921419,0.0007992279829418728,0.0008456947261361677,0.0009107481666081806,0.0010501483961910653,0.0013289488553568348,0.00192372316824381,0.0018958431223272331,0.0022954571137981696,0.0027880045916576957,0.003289845418156081,0.00411695344701453,0.004786074549012378,0.004525860787124326,0.004563034181679762,0.0043399938143471465,0.004024019960625941,0.0040704867038202355,0.004172713538847685,0.0044608073466523126,0.004423633952096877,0.0047024344112626465,0.004897594732678685,0.005167101843205596,0.004813954594928955,0.005315795421427339,0.005678236018342841,0.005613182577870827,0.005325088770066199,0.006347357120340688,0.008735747720527447,0.006849197946839073,0.00823390689402906,0.008837974555554896,0.011588805752657156,0.012137113322349836,0.011142725017991923,0.01209064657915554,0.009916002997662538,0.008726454371888587,0.008401187169528522,0.007769239462086111,0.007815706205280408,0.008642814234138858,0.007862172948474702,0.007248811938310009,0.008122386710362754,0.007815706205280408,0.007527612397475778,0.007183758497837996,0.008466240610000536,0.01071523098060441,
47037,0.0006412410560812699,0.0006412410560812699,0.0006412410560812699,0.0006598277533589879,0.0007155878451921419,0.0007992279829418728,0.0008456947261361677,0.0009107481666081806,0.0010501483961910653,0.0013289488553568348,0.00192372316824381,0.0018958431223272331,0.0022954571137981696,0.0027880045916576957,0.003289845418156081,0.00411695344701453,0.004786074549012378,0.004525860787124326,0.004563034181679762,0.0043399938143471465,0.004024019960625941,0.0040704867038202355,0.004172713538847685,0.0044608073466523126,0.004423633952096877,0.0047024344112626465,0.004897594732678685,0.005167101843205596,0.004813954594928955,0.005315795421427339,0.005678236018342841,0.005613182577870827,0.005325088770066199,0.006347357120340688,0.008735747720527447,0.006849197946839073,0.00823390689402906,0.008837974555554896,0.011588805752657156,0.012137113322349836,0.011142725017991923,0.01209064657915554,0.009916002997662538,0.008726454371888587,0.008401187169528522,0.007769239462086111,0.007815706205280408,0.008642814234138858,0.007862172948474702,0.007248811938310009,0.008122386710362754,0.007815706205280408,0.007527612397475778,0.007183758497837996,0.008466240610000536,0.01071523098060441,
47039,0.0006412410560812699,0.0006412410560812699,0.0006412410560812699,0.0006598277533589879,0.0007155878451921419,0.0007992279829418728,0.0008456947261361677,0.0009107481666081806,0.0010501483961910653,0.0013289488553568348,0.00192372316824381,0.0018958431223272331,0.0022954571137981696,0.0027880045916576957,0.003289845418156081,0.00411695344701453,0.004786074549012378,0.004525860787124326,0.004563034181679762,0.0043399938143471465,0.004024019960625941,0.0040704867038202355,0.004172713538847685,0.0044608073466523126,0.004423633952096877,0.0047024344112626465,0.004897594732678685,0.005167101843205596,0.004813954594928955,0.005315795421427339,0.005678236018342841,0.005613182577870827,0.005325088770066199,0.006347357120340688,0.008735747720527447,0.006849197946839073,0.00823390689402906,0.008837974555554896,0.011588805752657156,0.012137113322349836,0.011142725017991923,0.01209064657915554,0.009916002997662538,0.008726454371888587,0.008401187169528522,0.007769239462086111,0.007815706205280408,0.008642814234138858,0.007862172948474702,0.007248811938310009,0.008122386710362754,0.007815706205280408,0.007527612397475778,0.007183758497837996,0.008466240610000536,0.01071523098060441,
47041,0.0006412410560812699,0.0006412410560812699,0.0006412410560812699,0.0006598277533589879,0.0007155878451921419,0.0007992279829418728,0.0008456947261361677,0.0009107481666081806,0.0010501483961910653,0.0013289488553568348,0.00192372316824381,0.0018958431223272331,0.0022954571137981696,0.0027880045916576957,0.003289845418156081,0.00411695344701453,0.004786074549012378,0.004525860787124326,0.004563034181679762,0.0043399938143471465,0.004024019960625941,0.0040704867038202355,0.004172713538847685,0.0044608073466523126,0.004423633952096877,0.0047024344112626465,0.004897594732678685,0.005167101843205596,0.004813954594928955,0.005315795421427339,0.005678236018342841,0.005613182577870827,0.005325088770066199,0.006347357120340688,0.008735747720527447,0.006849197946839073,0.00823390689402906,0.008837974555554896,0.011588805752657156,0.012137113322349836,0.011142725017991923,0.01209064657915554,0.009916002997662538,0.008726454371888587,0.008401187169528522,0.007769239462086111,0.007815706205280408,0.008642814234138858,0.007862172948474702,0.007248811938310009,0.008122386710362754,0.007815706205280408,0.007527612397475778,0.007183758497837996,0.008466240610000536,0.01071523098060441,
47043,0.0006412410560812699,0.0006412410560812699,0.0006412410560812699,0.0006598277533589879,0.0007155878451921419,0.0007992279829418728,0.0008456947261361677,0.0009107481666081806,0.0010501483961910653,0.0013289488553568348,0.00192372316824381,0.0018958431223272331,0.0022954571137981696,0.0027880045916576957,0.003289845418156081,0.00411695344701453,0.004786074549012378,0.004525860787124326,0.004563034181679762,0.0043399938143471465,0.004024019960625941,0.0040704867038202355,0.004172713538847685,0.0044608073466523126,0.004423633952096877,0.0047024344112626465,0.004897594732678685,0.005167101843205596,0.004813954594928955,0.005315795421427339,0.005678236018342841,0.005613182577870827,0.005325088770066199,0.006347357120340688,0.008735747720527447,0.006849197946839073,0.00823390689402906,0.008837974555554896,0.011588805752657156,0.012137113322349836,0.011142725017991923,0.01209064657915554,0.009916002997662538,0.008726454371888587,0.008401187169528522,0.007769239462086111,0.007815706205280408,0.008642814234138858,0.007862172948474702,0.007248811938310009,0.008122386710362754,0.007815706205280408,0.007527612397475778,0.007183758497837996,0.008466240610000536,0.01071523098060441,
47045,0.0006412410560812699,0.0006412410560812699,0.0006412410560812699,0.0006598277533589879,0.0007155878451921419,0.0007992279829418728,0.0008456947261361677,0.0009107481666081806,0.0010501483961910653,0.0013289488553568348,0.00192372316824381,0.0018958431223272331,0.0022954571137981696,0.0027880045916576957,0.003289845418156081,0.00411695344701453,0.004786074549012378,0.004525860787124326,0.004563034181679762,0.0043399938143471465,0.004024019960625941,0.0040704867038202355,0.004172713538847685,0.0044608073466523126,0.004423633952096877,0.0047024344112626465,0.004897594732678685,0.005167101843205596,0.004813954594928955,0.005315795421427339,0.005678236018342841,0.005613182577870827,0.005325088770066199,0.006347357120340688,0.008735747720527447,0.006849197946839073,0.00823390689402906,0.008837974555554896,0.011588805752657156,0.012137113322349836,0.011142725017991923,0.01209064657915554,0.009916002997662538,0.008726454371888587,0.008401187169528522,0.007769239462086111,0.007815706205280408,0.008642814234138858,0.007862172948474702,0.007248811938310009,0.008122386710362754,0.007815706205280408,0.007527612397475778,0.007183758497837996,0.008466240610000536,0.01071523098060441,
47047,0.0006412410560812699,0.0006412410560812699,0.0006412410560812699,0.0006598277533589879,0.0007155878451921419,0.0007992279829418728,0.0008456947261361677,0.0009107481666081806,0.0010501483961910653,0.0013289488553568348,0.00192372316824381,0.0018958431223272331,0.0022954571137981696,0.0027880045916576957,0.003289845418156081,0.00411695344701453,0.004786074549012378,0.004525860787124326,0.004563034181679762,0.0043399938143471465,0.004024019960625941,0.0040704867038202355,0.004172713538847685,0.0044608073466523126,0.004423633952096877,0.0047024344112626465,0.004897594732678685,0.005167101843205596,0.004813954594928955,0.005315795421427339,0.005678236018342841,0.005613182577870827,0.005325088770066199,0.006347357120340688,0.008735747720527447,0.006849197946839073,0.00823390689402906,0.008837974555554896,0.011588805752657156,0.012137113322349836,0.011142725017991923,0.01209064657915554,0.009916002997662538,0.008726454371888587,0.008401187169528522,0.007769239462086111,0.007815706205280408,0.008642814234138858,0.007862172948474702,0.007248811938310009,0.008122386710362754,0.007815706205280408,0.007527612397475778,0.007183758497837996,0.008466240610000536,0.01071523098060441,
47049,0.0006412410560812699,0.0006412410560812699,0.0006412410560812699,0.0006598277533589879,0.0007155878451921419,0.0007992279829418728,0.0008456947261361677,0.0009107481666081806,0.0010501483961910653,0.0013289488553568348,0.00192372316824381,0.0018958431223272331,0.0022954571137981696,0.0027880045916576957,0.003289845418156081,0.00411695344701453,0.004786074549012378,0.004525860787124326,0.004563034181679762,0.0043399938143471465,0.004024019960625941,0.0040704867038202355,0.004172713538847685,0.0044608073466523126,0.004423633952096877,0.0047024344112626465,0.004897594732678685,0.005167101843205596,0.004813954594928955,0.005315795421427339,0.005678236018342841,0.005613182577870827,0.005325088770066199,0.006347357120340688,0.008735747720527447,0.006849197946839073,0.00823390689402906,0.008837974555554896,0.011588805752657156,0.012137113322349836,0.011142725017991923,0.01209064657915554,0.009916002997662538,0.008726454371888587,0.008401187169528522,0.007769239462086111,0.007815706205280408,0.008642814234138858,0.007862172948474702,0.007248811938310009,0.008122386710362754,0.007815706205280408,0.007527612397475778,0.007183758497837996,0.008466240610000536,0.01071523098060441,
47051,0.0006412410560812699,0.0006412410560812699,0.0006412410560812699,0.0006598277533589879,0.0007155878451921419,0.0007992279829418728,0.0008456947261361677,0.0009107481666081806,0.0010501483961910653,0.0013289488553568348,0.00192372316824381,0.0018958431223272331,0.0022954571137981696,0.0027880045916576957,0.003289845418156081,0.00411695344701453,0.004786074549012378,0.004525860787124326,0.004563034181679762,0.0043399938143471465,0.004024019960625941,0.0040704867038202355,0.004172713538847685,0.0044608073466523126,0.004423633952096877,0.0047024344112626465,0.004897594732678685,0.005167101843205596,0.004813954594928955,0.005315795421427339,0.005678236018342841,0.005613182577870827,0.005325088770066199,0.006347357120340688,0.008735747720527447,0.006849197946839073,0.00823390689402906,0.008837974555554896,0.011588805752657156,0.012137113322349836,0.011142725017991923,0.01209064657915554,0.009916002997662538,0.008726454371888587,0.008401187169528522,0.007769239462086111,0.007815706205280408,0.008642814234138858,0.007862172948474702,0.007248811938310009,0.008122386710362754,0.007815706205280408,0.007527612397475778,0.007183758497837996,0.008466240610000536,0.01071523098060441,
47053,0.0006412410560812699,0.0006412410560812699,0.0006412410560812699,0.0006598277533589879,0.0007155878451921419,0.0007992279829418728,0.0008456947261361677,0.0009107481666081806,0.0010501483961910653,0.0013289488553568348,0.00192372316824381,0.0018958431223272331,0.0022954571137981696,0.0027880045916576957,0.003289845418156081,0.00411695344701453,0.004786074549012378,0.004525860787124326,0.004563034181679762,0.0043399938143471465,0.004024019960625941,0.0040704867038202355,0.004172713538847685,0.0044608073466523126,0.004423633952096877,0.0047024344112626465,0.004897594732678685,0.005167101843205596,0.004813954594928955,0.005315795421427339,0.005678236018342841,0.005613182577870827,0.005325088770066199,0.006347357120340688,0.008735747720527447,0.006849197946839073,0.00823390689402906,0.008837974555554896,0.011588805752657156,0.012137113322349836,0.011142725017991923,0.01209064657915554,0.009916002997662538,0.008726454371888587,0.008401187169528522,0.007769239462086111,0.007815706205280408,0.008642814234138858,0.007862172948474702,0.007248811938310009,0.008122386710362754,0.007815706205280408,0.007527612397475778,0.007183758497837996,0.008466240610000536,0.01071523098060441,
47055,0.0006412410560812699,0.0006412410560812699,0.0006412410560812699,0.0006598277533589879,0.0007155878451921419,0.0007992279829418728,0.0008456947261361677,0.0009107481666081806,0.0010501483961910653,0.0013289488553568348,0.00192372316824381,0.0018958431223272331,0.0022954571137981696,0.0027880045916576957,0.003289845418156081,0.00411695344701453,0.004786074549012378,0.004525860787124326,0.004563034181679762,0.0043399938143471465,0.004024019960625941,0.0040704867038202355,0.004172713538847685,0.0044608073466523126,0.004423633952096877,0.0047024344112626465,0.004897594732678685,0.005167101843205596,0.004813954594928955,0.005315795421427339,0.005678236018342841,0.005613182577870827,0.005325088770066199,0.006347357120340688,0.008735747720527447,0.006849197946839073,0.00823390689402906,0.008837974555554896,0.011588805752657156,0.012137113322349836,0.011142725017991923,0.01209064657915554,0.009916002997662538,0.008726454371888587,0.008401187169528522,0.007769239462086111,0.007815706205280408,0.008642814234138858,0.007862172948474702,0.007248811938310009,0.008122386710362754,0.007815706205280408,0.007527612397475778,0.007183758497837996,0.008466240610000536,0.01071523098060441,
47057,0.0006412410560812699,0.0006412410560812699,0.0006412410560812699,0.0006598277533589879,0.0007155878451921419,0.0007992279829418728,0.0008456947261361677,0.0009107481666081806,0.0010501483961910653,0.0013289488553568348,0.00192372316824381,0.0018958431223272331,0.0022954571137981696,0.0027880045916576957,0.003289845418156081,0.00411695344701453,0.004786074549012378,0.004525860787124326,0.004563034181679762,0.0043399938143471465,0.004024019960625941,0.0040704867038202355,0.004172713538847685,0.0044608073466523126,0.004423633952096877,0.0047024344112626465,0.004897594732678685,0.005167101843205596,0.004813954594928955,0.005315795421427339,0.005678236018342841,0.005613182577870827,0.005325088770066199,0.006347357120340688,0.008735747720527447,0.006849197946839073,0.00823390689402906,0.008837974555554896,0.011588805752657156,0.012137113322349836,0.011142725017991923,0.01209064657915554,0.009916002997662538,0.008726454371888587,0.008401187169528522,0.007769239462086111,0.007815706205280408,0.008642814234138858,0.007862172948474702,0.007248811938310009,0.008122386710362754,0.007815706205280408,0.007527612397475778,0.007183758497837996,0.008466240610000536,0.01071523098060441,
47059,0.0006412410560812699,0.0006412410560812699,0.0006412410560812699,0.0006598277533589879,0.0007155878451921419,0.0007992279829418728,0.0008456947261361677,0.0009107481666081806,0.0010501483961910653,0.0013289488553568348,0.00192372316824381,0.0018958431223272331,0.0022954571137981696,0.0027880045916576957,0.003289845418156081,0.00411695344701453,0.004786074549012378,0.004525860787124326,0.004563034181679762,0.0043399938143471465,0.004024019960625941,0.0040704867038202355,0.004172713538847685,0.0044608073466523126,0.004423633952096877,0.0047024344112626465,0.004897594732678685,0.005167101843205596,0.004813954594928955,0.005315795421427339,0.005678236018342841,0.005613182577870827,0.005325088770066199,0.006347357120340688,0.008735747720527447,0.006849197946839073,0.00823390689402906,0.008837974555554896,0.011588805752657156,0.012137113322349836,0.011142725017991923,0.01209064657915554,0.009916002997662538,0.008726454371888587,0.008401187169528522,0.007769239462086111,0.007815706205280408,0.008642814234138858,0.007862172948474702,0.007248811938310009,0.008122386710362754,0.007815706205280408,0.007527612397475778,0.007183758497837996,0.008466240610000536,0.01071523098060441,
47061,0.0006412410560812699,0.0006412410560812699,0.0006412410560812699,0.0006598277533589879,0.0007155878451921419,0.0007992279829418728,0.0008456947261361677,0.0009107481666081806,0.0010501483961910653,0.0013289488553568348,0.00192372316824381,0.0018958431223272331,0.0022954571137981696,0.0027880045916576957,0.003289845418156081,0.00411695344701453,0.004786074549012378,0.004525860787124326,0.004563034181679762,0.0043399938143471465,0.004024019960625941,0.0040704867038202355,0.004172713538847685,0.0044608073466523126,0.004423633952096877,0.0047024344112626465,0.004897594732678685,0.005167101843205596,0.004813954594928955,0.005315795421427339,0.005678236018342841,0.005613182577870827,0.005325088770066199,0.006347357120340688,0.008735747720527447,0.006849197946839073,0.00823390689402906,0.008837974555554896,0.011588805752657156,0.012137113322349836,0.011142725017991923,0.01209064657915554,0.009916002997662538,0.008726454371888587,0.008401187169528522,0.007769239462086111,0.007815706205280408,0.008642814234138858,0.007862172948474702,0.007248811938310009,0.008122386710362754,0.007815706205280408,0.007527612397475778,0.007183758497837996,0.008466240610000536,0.01071523098060441,
47063,0.0006412410560812699,0.0006412410560812699,0.0006412410560812699,0.0006598277533589879,0.0007155878451921419,0.0007992279829418728,0.0008456947261361677,0.0009107481666081806,0.0010501483961910653,0.0013289488553568348,0.00192372316824381,0.0018958431223272331,0.0022954571137981696,0.0027880045916576957,0.003289845418156081,0.00411695344701453,0.004786074549012378,0.004525860787124326,0.004563034181679762,0.0043399938143471465,0.004024019960625941,0.0040704867038202355,0.004172713538847685,0.0044608073466523126,0.004423633952096877,0.0047024344112626465,0.004897594732678685,0.005167101843205596,0.004813954594928955,0.005315795421427339,0.005678236018342841,0.005613182577870827,0.005325088770066199,0.006347357120340688,0.008735747720527447,0.006849197946839073,0.00823390689402906,0.008837974555554896,0.011588805752657156,0.012137113322349836,0.011142725017991923,0.01209064657915554,0.009916002997662538,0.008726454371888587,0.008401187169528522,0.007769239462086111,0.007815706205280408,0.008642814234138858,0.007862172948474702,0.007248811938310009,0.008122386710362754,0.007815706205280408,0.007527612397475778,0.007183758497837996,0.008466240610000536,0.01071523098060441,
47065,0.0006412410560812699,0.0006412410560812699,0.0006412410560812699,0.0006598277533589879,0.0007155878451921419,0.0007992279829418728,0.0008456947261361677,0.0009107481666081806,0.0010501483961910653,0.0013289488553568348,0.00192372316824381,0.0018958431223272331,0.0022954571137981696,0.0027880045916576957,0.003289845418156081,0.00411695344701453,0.004786074549012378,0.004525860787124326,0.004563034181679762,0.0043399938143471465,0.004024019960625941,0.0040704867038202355,0.004172713538847685,0.0044608073466523126,0.004423633952096877,0.0047024344112626465,0.004897594732678685,0.005167101843205596,0.004813954594928955,0.005315795421427339,0.005678236018342841,0.005613182577870827,0.005325088770066199,0.006347357120340688,0.008735747720527447,0.006849197946839073,0.00823390689402906,0.008837974555554896,0.011588805752657156,0.012137113322349836,0.011142725017991923,0.01209064657915554,0.009916002997662538,0.008726454371888587,0.008401187169528522,0.007769239462086111,0.007815706205280408,0.008642814234138858,0.007862172948474702,0.007248811938310009,0.008122386710362754,0.007815706205280408,0.007527612397475778,0.007183758497837996,0.008466240610000536,0.01071523098060441,
47067,0.0006412410560812699,0.0006412410560812699,0.0006412410560812699,0.0006598277533589879,0.0007155878451921419,0.0007992279829418728,0.0008456947261361677,0.0009107481666081806,0.0010501483961910653,0.0013289488553568348,0.00192372316824381,0.0018958431223272331,0.0022954571137981696,0.0027880045916576957,0.003289845418156081,0.00411695344701453,0.004786074549012378,0.004525860787124326,0.004563034181679762,0.0043399938143471465,0.004024019960625941,0.0040704867038202355,0.004172713538847685,0.0044608073466523126,0.004423633952096877,0.0047024344112626465,0.004897594732678685,0.005167101843205596,0.004813954594928955,0.005315795421427339,0.005678236018342841,0.005613182577870827,0.005325088770066199,0.006347357120340688,0.008735747720527447,0.006849197946839073,0.00823390689402906,0.008837974555554896,0.011588805752657156,0.012137113322349836,0.011142725017991923,0.01209064657915554,0.009916002997662538,0.008726454371888587,0.008401187169528522,0.007769239462086111,0.007815706205280408,0.008642814234138858,0.007862172948474702,0.007248811938310009,0.008122386710362754,0.007815706205280408,0.007527612397475778,0.007183758497837996,0.008466240610000536,0.01071523098060441,
47069,0.0006412410560812699,0.0006412410560812699,0.0006412410560812699,0.0006598277533589879,0.0007155878451921419,0.0007992279829418728,0.0008456947261361677,0.0009107481666081806,0.0010501483961910653,0.0013289488553568348,0.00192372316824381,0.0018958431223272331,0.0022954571137981696,0.0027880045916576957,0.003289845418156081,0.00411695344701453,0.004786074549012378,0.004525860787124326,0.004563034181679762,0.0043399938143471465,0.004024019960625941,0.0040704867038202355,0.004172713538847685,0.0044608073466523126,0.004423633952096877,0.0047024344112626465,0.004897594732678685,0.005167101843205596,0.004813954594928955,0.005315795421427339,0.005678236018342841,0.005613182577870827,0.005325088770066199,0.006347357120340688,0.008735747720527447,0.006849197946839073,0.00823390689402906,0.008837974555554896,0.011588805752657156,0.012137113322349836,0.011142725017991923,0.01209064657915554,0.009916002997662538,0.008726454371888587,0.008401187169528522,0.007769239462086111,0.007815706205280408,0.008642814234138858,0.007862172948474702,0.007248811938310009,0.008122386710362754,0.007815706205280408,0.007527612397475778,0.007183758497837996,0.008466240610000536,0.01071523098060441,
47071,0.0006412410560812699,0.0006412410560812699,0.0006412410560812699,0.0006598277533589879,0.0007155878451921419,0.0007992279829418728,0.0008456947261361677,0.0009107481666081806,0.0010501483961910653,0.0013289488553568348,0.00192372316824381,0.0018958431223272331,0.0022954571137981696,0.0027880045916576957,0.003289845418156081,0.00411695344701453,0.004786074549012378,0.004525860787124326,0.004563034181679762,0.0043399938143471465,0.004024019960625941,0.0040704867038202355,0.004172713538847685,0.0044608073466523126,0.004423633952096877,0.0047024344112626465,0.004897594732678685,0.005167101843205596,0.004813954594928955,0.005315795421427339,0.005678236018342841,0.005613182577870827,0.005325088770066199,0.006347357120340688,0.008735747720527447,0.006849197946839073,0.00823390689402906,0.008837974555554896,0.011588805752657156,0.012137113322349836,0.011142725017991923,0.01209064657915554,0.009916002997662538,0.008726454371888587,0.008401187169528522,0.007769239462086111,0.007815706205280408,0.008642814234138858,0.007862172948474702,0.007248811938310009,0.008122386710362754,0.007815706205280408,0.007527612397475778,0.007183758497837996,0.008466240610000536,0.01071523098060441,
47073,0.0006412410560812699,0.0006412410560812699,0.0006412410560812699,0.0006598277533589879,0.0007155878451921419,0.0007992279829418728,0.0008456947261361677,0.0009107481666081806,0.0010501483961910653,0.0013289488553568348,0.00192372316824381,0.0018958431223272331,0.0022954571137981696,0.0027880045916576957,0.003289845418156081,0.00411695344701453,0.004786074549012378,0.004525860787124326,0.004563034181679762,0.0043399938143471465,0.004024019960625941,0.0040704867038202355,0.004172713538847685,0.0044608073466523126,0.004423633952096877,0.0047024344112626465,0.004897594732678685,0.005167101843205596,0.004813954594928955,0.005315795421427339,0.005678236018342841,0.005613182577870827,0.005325088770066199,0.006347357120340688,0.008735747720527447,0.006849197946839073,0.00823390689402906,0.008837974555554896,0.011588805752657156,0.012137113322349836,0.011142725017991923,0.01209064657915554,0.009916002997662538,0.008726454371888587,0.008401187169528522,0.007769239462086111,0.007815706205280408,0.008642814234138858,0.007862172948474702,0.007248811938310009,0.008122386710362754,0.007815706205280408,0.007527612397475778,0.007183758497837996,0.008466240610000536,0.01071523098060441,
47075,0.0006412410560812699,0.0006412410560812699,0.0006412410560812699,0.0006598277533589879,0.0007155878451921419,0.0007992279829418728,0.0008456947261361677,0.0009107481666081806,0.0010501483961910653,0.0013289488553568348,0.00192372316824381,0.0018958431223272331,0.0022954571137981696,0.0027880045916576957,0.003289845418156081,0.00411695344701453,0.004786074549012378,0.004525860787124326,0.004563034181679762,0.0043399938143471465,0.004024019960625941,0.0040704867038202355,0.004172713538847685,0.0044608073466523126,0.004423633952096877,0.0047024344112626465,0.004897594732678685,0.005167101843205596,0.004813954594928955,0.005315795421427339,0.005678236018342841,0.005613182577870827,0.005325088770066199,0.006347357120340688,0.008735747720527447,0.006849197946839073,0.00823390689402906,0.008837974555554896,0.011588805752657156,0.012137113322349836,0.011142725017991923,0.01209064657915554,0.009916002997662538,0.008726454371888587,0.008401187169528522,0.007769239462086111,0.007815706205280408,0.008642814234138858,0.007862172948474702,0.007248811938310009,0.008122386710362754,0.007815706205280408,0.007527612397475778,0.007183758497837996,0.008466240610000536,0.01071523098060441,
47077,0.0006412410560812699,0.0006412410560812699,0.0006412410560812699,0.0006598277533589879,0.0007155878451921419,0.0007992279829418728,0.0008456947261361677,0.0009107481666081806,0.0010501483961910653,0.0013289488553568348,0.00192372316824381,0.0018958431223272331,0.0022954571137981696,0.0027880045916576957,0.003289845418156081,0.00411695344701453,0.004786074549012378,0.004525860787124326,0.004563034181679762,0.0043399938143471465,0.004024019960625941,0.0040704867038202355,0.004172713538847685,0.0044608073466523126,0.004423633952096877,0.0047024344112626465,0.004897594732678685,0.005167101843205596,0.004813954594928955,0.005315795421427339,0.005678236018342841,0.005613182577870827,0.005325088770066199,0.006347357120340688,0.008735747720527447,0.006849197946839073,0.00823390689402906,0.008837974555554896,0.011588805752657156,0.012137113322349836,0.011142725017991923,0.01209064657915554,0.009916002997662538,0.008726454371888587,0.008401187169528522,0.007769239462086111,0.007815706205280408,0.008642814234138858,0.007862172948474702,0.007248811938310009,0.008122386710362754,0.007815706205280408,0.007527612397475778,0.007183758497837996,0.008466240610000536,0.01071523098060441,
47079,0.0006412410560812699,0.0006412410560812699,0.0006412410560812699,0.0006598277533589879,0.0007155878451921419,0.0007992279829418728,0.0008456947261361677,0.0009107481666081806,0.0010501483961910653,0.0013289488553568348,0.00192372316824381,0.0018958431223272331,0.0022954571137981696,0.0027880045916576957,0.003289845418156081,0.00411695344701453,0.004786074549012378,0.004525860787124326,0.004563034181679762,0.0043399938143471465,0.004024019960625941,0.0040704867038202355,0.004172713538847685,0.0044608073466523126,0.004423633952096877,0.0047024344112626465,0.004897594732678685,0.005167101843205596,0.004813954594928955,0.005315795421427339,0.005678236018342841,0.005613182577870827,0.005325088770066199,0.006347357120340688,0.008735747720527447,0.006849197946839073,0.00823390689402906,0.008837974555554896,0.011588805752657156,0.012137113322349836,0.011142725017991923,0.01209064657915554,0.009916002997662538,0.008726454371888587,0.008401187169528522,0.007769239462086111,0.007815706205280408,0.008642814234138858,0.007862172948474702,0.007248811938310009,0.008122386710362754,0.007815706205280408,0.007527612397475778,0.007183758497837996,0.008466240610000536,0.01071523098060441,
47081,0.0006412410560812699,0.0006412410560812699,0.0006412410560812699,0.0006598277533589879,0.0007155878451921419,0.0007992279829418728,0.0008456947261361677,0.0009107481666081806,0.0010501483961910653,0.0013289488553568348,0.00192372316824381,0.0018958431223272331,0.0022954571137981696,0.0027880045916576957,0.003289845418156081,0.00411695344701453,0.004786074549012378,0.004525860787124326,0.004563034181679762,0.0043399938143471465,0.004024019960625941,0.0040704867038202355,0.004172713538847685,0.0044608073466523126,0.004423633952096877,0.0047024344112626465,0.004897594732678685,0.005167101843205596,0.004813954594928955,0.005315795421427339,0.005678236018342841,0.005613182577870827,0.005325088770066199,0.006347357120340688,0.008735747720527447,0.006849197946839073,0.00823390689402906,0.008837974555554896,0.011588805752657156,0.012137113322349836,0.011142725017991923,0.01209064657915554,0.009916002997662538,0.008726454371888587,0.008401187169528522,0.007769239462086111,0.007815706205280408,0.008642814234138858,0.007862172948474702,0.007248811938310009,0.008122386710362754,0.007815706205280408,0.007527612397475778,0.007183758497837996,0.008466240610000536,0.01071523098060441,
47083,0.0006412410560812699,0.0006412410560812699,0.0006412410560812699,0.0006598277533589879,0.0007155878451921419,0.0007992279829418728,0.0008456947261361677,0.0009107481666081806,0.0010501483961910653,0.0013289488553568348,0.00192372316824381,0.0018958431223272331,0.0022954571137981696,0.0027880045916576957,0.003289845418156081,0.00411695344701453,0.004786074549012378,0.004525860787124326,0.004563034181679762,0.0043399938143471465,0.004024019960625941,0.0040704867038202355,0.004172713538847685,0.0044608073466523126,0.004423633952096877,0.0047024344112626465,0.004897594732678685,0.005167101843205596,0.004813954594928955,0.005315795421427339,0.005678236018342841,0.005613182577870827,0.005325088770066199,0.006347357120340688,0.008735747720527447,0.006849197946839073,0.00823390689402906,0.008837974555554896,0.011588805752657156,0.012137113322349836,0.011142725017991923,0.01209064657915554,0.009916002997662538,0.008726454371888587,0.008401187169528522,0.007769239462086111,0.007815706205280408,0.008642814234138858,0.007862172948474702,0.007248811938310009,0.008122386710362754,0.007815706205280408,0.007527612397475778,0.007183758497837996,0.008466240610000536,0.01071523098060441,
47085,0.0006412410560812699,0.0006412410560812699,0.0006412410560812699,0.0006598277533589879,0.0007155878451921419,0.0007992279829418728,0.0008456947261361677,0.0009107481666081806,0.0010501483961910653,0.0013289488553568348,0.00192372316824381,0.0018958431223272331,0.0022954571137981696,0.0027880045916576957,0.003289845418156081,0.00411695344701453,0.004786074549012378,0.004525860787124326,0.004563034181679762,0.0043399938143471465,0.004024019960625941,0.0040704867038202355,0.004172713538847685,0.0044608073466523126,0.004423633952096877,0.0047024344112626465,0.004897594732678685,0.005167101843205596,0.004813954594928955,0.005315795421427339,0.005678236018342841,0.005613182577870827,0.005325088770066199,0.006347357120340688,0.008735747720527447,0.006849197946839073,0.00823390689402906,0.008837974555554896,0.011588805752657156,0.012137113322349836,0.011142725017991923,0.01209064657915554,0.009916002997662538,0.008726454371888587,0.008401187169528522,0.007769239462086111,0.007815706205280408,0.008642814234138858,0.007862172948474702,0.007248811938310009,0.008122386710362754,0.007815706205280408,0.007527612397475778,0.007183758497837996,0.008466240610000536,0.01071523098060441,
47087,0.0006412410560812699,0.0006412410560812699,0.0006412410560812699,0.0006598277533589879,0.0007155878451921419,0.0007992279829418728,0.0008456947261361677,0.0009107481666081806,0.0010501483961910653,0.0013289488553568348,0.00192372316824381,0.0018958431223272331,0.0022954571137981696,0.0027880045916576957,0.003289845418156081,0.00411695344701453,0.004786074549012378,0.004525860787124326,0.004563034181679762,0.0043399938143471465,0.004024019960625941,0.0040704867038202355,0.004172713538847685,0.0044608073466523126,0.004423633952096877,0.0047024344112626465,0.004897594732678685,0.005167101843205596,0.004813954594928955,0.005315795421427339,0.005678236018342841,0.005613182577870827,0.005325088770066199,0.006347357120340688,0.008735747720527447,0.006849197946839073,0.00823390689402906,0.008837974555554896,0.011588805752657156,0.012137113322349836,0.011142725017991923,0.01209064657915554,0.009916002997662538,0.008726454371888587,0.008401187169528522,0.007769239462086111,0.007815706205280408,0.008642814234138858,0.007862172948474702,0.007248811938310009,0.008122386710362754,0.007815706205280408,0.007527612397475778,0.007183758497837996,0.008466240610000536,0.01071523098060441,
47089,0.0006412410560812699,0.0006412410560812699,0.0006412410560812699,0.0006598277533589879,0.0007155878451921419,0.0007992279829418728,0.0008456947261361677,0.0009107481666081806,0.0010501483961910653,0.0013289488553568348,0.00192372316824381,0.0018958431223272331,0.0022954571137981696,0.0027880045916576957,0.003289845418156081,0.00411695344701453,0.004786074549012378,0.004525860787124326,0.004563034181679762,0.0043399938143471465,0.004024019960625941,0.0040704867038202355,0.004172713538847685,0.0044608073466523126,0.004423633952096877,0.0047024344112626465,0.004897594732678685,0.005167101843205596,0.004813954594928955,0.005315795421427339,0.005678236018342841,0.005613182577870827,0.005325088770066199,0.006347357120340688,0.008735747720527447,0.006849197946839073,0.00823390689402906,0.008837974555554896,0.011588805752657156,0.012137113322349836,0.011142725017991923,0.01209064657915554,0.009916002997662538,0.008726454371888587,0.008401187169528522,0.007769239462086111,0.007815706205280408,0.008642814234138858,0.007862172948474702,0.007248811938310009,0.008122386710362754,0.007815706205280408,0.007527612397475778,0.007183758497837996,0.008466240610000536,0.01071523098060441,
47091,0.0006412410560812699,0.0006412410560812699,0.0006412410560812699,0.0006598277533589879,0.0007155878451921419,0.0007992279829418728,0.0008456947261361677,0.0009107481666081806,0.0010501483961910653,0.0013289488553568348,0.00192372316824381,0.0018958431223272331,0.0022954571137981696,0.0027880045916576957,0.003289845418156081,0.00411695344701453,0.004786074549012378,0.004525860787124326,0.004563034181679762,0.0043399938143471465,0.004024019960625941,0.0040704867038202355,0.004172713538847685,0.0044608073466523126,0.004423633952096877,0.0047024344112626465,0.004897594732678685,0.005167101843205596,0.004813954594928955,0.005315795421427339,0.005678236018342841,0.005613182577870827,0.005325088770066199,0.006347357120340688,0.008735747720527447,0.006849197946839073,0.00823390689402906,0.008837974555554896,0.011588805752657156,0.012137113322349836,0.011142725017991923,0.01209064657915554,0.009916002997662538,0.008726454371888587,0.008401187169528522,0.007769239462086111,0.007815706205280408,0.008642814234138858,0.007862172948474702,0.007248811938310009,0.008122386710362754,0.007815706205280408,0.007527612397475778,0.007183758497837996,0.008466240610000536,0.01071523098060441,
47093,0.0006412410560812699,0.0006412410560812699,0.0006412410560812699,0.0006598277533589879,0.0007155878451921419,0.0007992279829418728,0.0008456947261361677,0.0009107481666081806,0.0010501483961910653,0.0013289488553568348,0.00192372316824381,0.0018958431223272331,0.0022954571137981696,0.0027880045916576957,0.003289845418156081,0.00411695344701453,0.004786074549012378,0.004525860787124326,0.004563034181679762,0.0043399938143471465,0.004024019960625941,0.0040704867038202355,0.004172713538847685,0.0044608073466523126,0.004423633952096877,0.0047024344112626465,0.004897594732678685,0.005167101843205596,0.004813954594928955,0.005315795421427339,0.005678236018342841,0.005613182577870827,0.005325088770066199,0.006347357120340688,0.008735747720527447,0.006849197946839073,0.00823390689402906,0.008837974555554896,0.011588805752657156,0.012137113322349836,0.011142725017991923,0.01209064657915554,0.009916002997662538,0.008726454371888587,0.008401187169528522,0.007769239462086111,0.007815706205280408,0.008642814234138858,0.007862172948474702,0.007248811938310009,0.008122386710362754,0.007815706205280408,0.007527612397475778,0.007183758497837996,0.008466240610000536,0.01071523098060441,
47095,0.0006412410560812699,0.0006412410560812699,0.0006412410560812699,0.0006598277533589879,0.0007155878451921419,0.0007992279829418728,0.0008456947261361677,0.0009107481666081806,0.0010501483961910653,0.0013289488553568348,0.00192372316824381,0.0018958431223272331,0.0022954571137981696,0.0027880045916576957,0.003289845418156081,0.00411695344701453,0.004786074549012378,0.004525860787124326,0.004563034181679762,0.0043399938143471465,0.004024019960625941,0.0040704867038202355,0.004172713538847685,0.0044608073466523126,0.004423633952096877,0.0047024344112626465,0.004897594732678685,0.005167101843205596,0.004813954594928955,0.005315795421427339,0.005678236018342841,0.005613182577870827,0.005325088770066199,0.006347357120340688,0.008735747720527447,0.006849197946839073,0.00823390689402906,0.008837974555554896,0.011588805752657156,0.012137113322349836,0.011142725017991923,0.01209064657915554,0.009916002997662538,0.008726454371888587,0.008401187169528522,0.007769239462086111,0.007815706205280408,0.008642814234138858,0.007862172948474702,0.007248811938310009,0.008122386710362754,0.007815706205280408,0.007527612397475778,0.007183758497837996,0.008466240610000536,0.01071523098060441,
47097,0.0006412410560812699,0.0006412410560812699,0.0006412410560812699,0.0006598277533589879,0.0007155878451921419,0.0007992279829418728,0.0008456947261361677,0.0009107481666081806,0.0010501483961910653,0.0013289488553568348,0.00192372316824381,0.0018958431223272331,0.0022954571137981696,0.0027880045916576957,0.003289845418156081,0.00411695344701453,0.004786074549012378,0.004525860787124326,0.004563034181679762,0.0043399938143471465,0.004024019960625941,0.0040704867038202355,0.004172713538847685,0.0044608073466523126,0.004423633952096877,0.0047024344112626465,0.004897594732678685,0.005167101843205596,0.004813954594928955,0.005315795421427339,0.005678236018342841,0.005613182577870827,0.005325088770066199,0.006347357120340688,0.008735747720527447,0.006849197946839073,0.00823390689402906,0.008837974555554896,0.011588805752657156,0.012137113322349836,0.011142725017991923,0.01209064657915554,0.009916002997662538,0.008726454371888587,0.008401187169528522,0.007769239462086111,0.007815706205280408,0.008642814234138858,0.007862172948474702,0.007248811938310009,0.008122386710362754,0.007815706205280408,0.007527612397475778,0.007183758497837996,0.008466240610000536,0.01071523098060441,
47099,0.0006412410560812699,0.0006412410560812699,0.0006412410560812699,0.0006598277533589879,0.0007155878451921419,0.0007992279829418728,0.0008456947261361677,0.0009107481666081806,0.0010501483961910653,0.0013289488553568348,0.00192372316824381,0.0018958431223272331,0.0022954571137981696,0.0027880045916576957,0.003289845418156081,0.00411695344701453,0.004786074549012378,0.004525860787124326,0.004563034181679762,0.0043399938143471465,0.004024019960625941,0.0040704867038202355,0.004172713538847685,0.0044608073466523126,0.004423633952096877,0.0047024344112626465,0.004897594732678685,0.005167101843205596,0.004813954594928955,0.005315795421427339,0.005678236018342841,0.005613182577870827,0.005325088770066199,0.006347357120340688,0.008735747720527447,0.006849197946839073,0.00823390689402906,0.008837974555554896,0.011588805752657156,0.012137113322349836,0.011142725017991923,0.01209064657915554,0.009916002997662538,0.008726454371888587,0.008401187169528522,0.007769239462086111,0.007815706205280408,0.008642814234138858,0.007862172948474702,0.007248811938310009,0.008122386710362754,0.007815706205280408,0.007527612397475778,0.007183758497837996,0.008466240610000536,0.01071523098060441,
47101,0.0006412410560812699,0.0006412410560812699,0.0006412410560812699,0.0006598277533589879,0.0007155878451921419,0.0007992279829418728,0.0008456947261361677,0.0009107481666081806,0.0010501483961910653,0.0013289488553568348,0.00192372316824381,0.0018958431223272331,0.0022954571137981696,0.0027880045916576957,0.003289845418156081,0.00411695344701453,0.004786074549012378,0.004525860787124326,0.004563034181679762,0.0043399938143471465,0.004024019960625941,0.0040704867038202355,0.004172713538847685,0.0044608073466523126,0.004423633952096877,0.0047024344112626465,0.004897594732678685,0.005167101843205596,0.004813954594928955,0.005315795421427339,0.005678236018342841,0.005613182577870827,0.005325088770066199,0.006347357120340688,0.008735747720527447,0.006849197946839073,0.00823390689402906,0.008837974555554896,0.011588805752657156,0.012137113322349836,0.011142725017991923,0.01209064657915554,0.009916002997662538,0.008726454371888587,0.008401187169528522,0.007769239462086111,0.007815706205280408,0.008642814234138858,0.007862172948474702,0.007248811938310009,0.008122386710362754,0.007815706205280408,0.007527612397475778,0.007183758497837996,0.008466240610000536,0.01071523098060441,
47103,0.0006412410560812699,0.0006412410560812699,0.0006412410560812699,0.0006598277533589879,0.0007155878451921419,0.0007992279829418728,0.0008456947261361677,0.0009107481666081806,0.0010501483961910653,0.0013289488553568348,0.00192372316824381,0.0018958431223272331,0.0022954571137981696,0.0027880045916576957,0.003289845418156081,0.00411695344701453,0.004786074549012378,0.004525860787124326,0.004563034181679762,0.0043399938143471465,0.004024019960625941,0.0040704867038202355,0.004172713538847685,0.0044608073466523126,0.004423633952096877,0.0047024344112626465,0.004897594732678685,0.005167101843205596,0.004813954594928955,0.005315795421427339,0.005678236018342841,0.005613182577870827,0.005325088770066199,0.006347357120340688,0.008735747720527447,0.006849197946839073,0.00823390689402906,0.008837974555554896,0.011588805752657156,0.012137113322349836,0.011142725017991923,0.01209064657915554,0.009916002997662538,0.008726454371888587,0.008401187169528522,0.007769239462086111,0.007815706205280408,0.008642814234138858,0.007862172948474702,0.007248811938310009,0.008122386710362754,0.007815706205280408,0.007527612397475778,0.007183758497837996,0.008466240610000536,0.01071523098060441,
47105,0.0006412410560812699,0.0006412410560812699,0.0006412410560812699,0.0006598277533589879,0.0007155878451921419,0.0007992279829418728,0.0008456947261361677,0.0009107481666081806,0.0010501483961910653,0.0013289488553568348,0.00192372316824381,0.0018958431223272331,0.0022954571137981696,0.0027880045916576957,0.003289845418156081,0.00411695344701453,0.004786074549012378,0.004525860787124326,0.004563034181679762,0.0043399938143471465,0.004024019960625941,0.0040704867038202355,0.004172713538847685,0.0044608073466523126,0.004423633952096877,0.0047024344112626465,0.004897594732678685,0.005167101843205596,0.004813954594928955,0.005315795421427339,0.005678236018342841,0.005613182577870827,0.005325088770066199,0.006347357120340688,0.008735747720527447,0.006849197946839073,0.00823390689402906,0.008837974555554896,0.011588805752657156,0.012137113322349836,0.011142725017991923,0.01209064657915554,0.009916002997662538,0.008726454371888587,0.008401187169528522,0.007769239462086111,0.007815706205280408,0.008642814234138858,0.007862172948474702,0.007248811938310009,0.008122386710362754,0.007815706205280408,0.007527612397475778,0.007183758497837996,0.008466240610000536,0.01071523098060441,
47107,0.0006412410560812699,0.0006412410560812699,0.0006412410560812699,0.0006598277533589879,0.0007155878451921419,0.0007992279829418728,0.0008456947261361677,0.0009107481666081806,0.0010501483961910653,0.0013289488553568348,0.00192372316824381,0.0018958431223272331,0.0022954571137981696,0.0027880045916576957,0.003289845418156081,0.00411695344701453,0.004786074549012378,0.004525860787124326,0.004563034181679762,0.0043399938143471465,0.004024019960625941,0.0040704867038202355,0.004172713538847685,0.0044608073466523126,0.004423633952096877,0.0047024344112626465,0.004897594732678685,0.005167101843205596,0.004813954594928955,0.005315795421427339,0.005678236018342841,0.005613182577870827,0.005325088770066199,0.006347357120340688,0.008735747720527447,0.006849197946839073,0.00823390689402906,0.008837974555554896,0.011588805752657156,0.012137113322349836,0.011142725017991923,0.01209064657915554,0.009916002997662538,0.008726454371888587,0.008401187169528522,0.007769239462086111,0.007815706205280408,0.008642814234138858,0.007862172948474702,0.007248811938310009,0.008122386710362754,0.007815706205280408,0.007527612397475778,0.007183758497837996,0.008466240610000536,0.01071523098060441,
47109,0.0006412410560812699,0.0006412410560812699,0.0006412410560812699,0.0006598277533589879,0.0007155878451921419,0.0007992279829418728,0.0008456947261361677,0.0009107481666081806,0.0010501483961910653,0.0013289488553568348,0.00192372316824381,0.0018958431223272331,0.0022954571137981696,0.0027880045916576957,0.003289845418156081,0.00411695344701453,0.004786074549012378,0.004525860787124326,0.004563034181679762,0.0043399938143471465,0.004024019960625941,0.0040704867038202355,0.004172713538847685,0.0044608073466523126,0.004423633952096877,0.0047024344112626465,0.004897594732678685,0.005167101843205596,0.004813954594928955,0.005315795421427339,0.005678236018342841,0.005613182577870827,0.005325088770066199,0.006347357120340688,0.008735747720527447,0.006849197946839073,0.00823390689402906,0.008837974555554896,0.011588805752657156,0.012137113322349836,0.011142725017991923,0.01209064657915554,0.009916002997662538,0.008726454371888587,0.008401187169528522,0.007769239462086111,0.007815706205280408,0.008642814234138858,0.007862172948474702,0.007248811938310009,0.008122386710362754,0.007815706205280408,0.007527612397475778,0.007183758497837996,0.008466240610000536,0.01071523098060441,
47111,0.0006412410560812699,0.0006412410560812699,0.0006412410560812699,0.0006598277533589879,0.0007155878451921419,0.0007992279829418728,0.0008456947261361677,0.0009107481666081806,0.0010501483961910653,0.0013289488553568348,0.00192372316824381,0.0018958431223272331,0.0022954571137981696,0.0027880045916576957,0.003289845418156081,0.00411695344701453,0.004786074549012378,0.004525860787124326,0.004563034181679762,0.0043399938143471465,0.004024019960625941,0.0040704867038202355,0.004172713538847685,0.0044608073466523126,0.004423633952096877,0.0047024344112626465,0.004897594732678685,0.005167101843205596,0.004813954594928955,0.005315795421427339,0.005678236018342841,0.005613182577870827,0.005325088770066199,0.006347357120340688,0.008735747720527447,0.006849197946839073,0.00823390689402906,0.008837974555554896,0.011588805752657156,0.012137113322349836,0.011142725017991923,0.01209064657915554,0.009916002997662538,0.008726454371888587,0.008401187169528522,0.007769239462086111,0.007815706205280408,0.008642814234138858,0.007862172948474702,0.007248811938310009,0.008122386710362754,0.007815706205280408,0.007527612397475778,0.007183758497837996,0.008466240610000536,0.01071523098060441,
47113,0.0006412410560812699,0.0006412410560812699,0.0006412410560812699,0.0006598277533589879,0.0007155878451921419,0.0007992279829418728,0.0008456947261361677,0.0009107481666081806,0.0010501483961910653,0.0013289488553568348,0.00192372316824381,0.0018958431223272331,0.0022954571137981696,0.0027880045916576957,0.003289845418156081,0.00411695344701453,0.004786074549012378,0.004525860787124326,0.004563034181679762,0.0043399938143471465,0.004024019960625941,0.0040704867038202355,0.004172713538847685,0.0044608073466523126,0.004423633952096877,0.0047024344112626465,0.004897594732678685,0.005167101843205596,0.004813954594928955,0.005315795421427339,0.005678236018342841,0.005613182577870827,0.005325088770066199,0.006347357120340688,0.008735747720527447,0.006849197946839073,0.00823390689402906,0.008837974555554896,0.011588805752657156,0.012137113322349836,0.011142725017991923,0.01209064657915554,0.009916002997662538,0.008726454371888587,0.008401187169528522,0.007769239462086111,0.007815706205280408,0.008642814234138858,0.007862172948474702,0.007248811938310009,0.008122386710362754,0.007815706205280408,0.007527612397475778,0.007183758497837996,0.008466240610000536,0.01071523098060441,
47115,0.0006412410560812699,0.0006412410560812699,0.0006412410560812699,0.0006598277533589879,0.0007155878451921419,0.0007992279829418728,0.0008456947261361677,0.0009107481666081806,0.0010501483961910653,0.0013289488553568348,0.00192372316824381,0.0018958431223272331,0.0022954571137981696,0.0027880045916576957,0.003289845418156081,0.00411695344701453,0.004786074549012378,0.004525860787124326,0.004563034181679762,0.0043399938143471465,0.004024019960625941,0.0040704867038202355,0.004172713538847685,0.0044608073466523126,0.004423633952096877,0.0047024344112626465,0.004897594732678685,0.005167101843205596,0.004813954594928955,0.005315795421427339,0.005678236018342841,0.005613182577870827,0.005325088770066199,0.006347357120340688,0.008735747720527447,0.006849197946839073,0.00823390689402906,0.008837974555554896,0.011588805752657156,0.012137113322349836,0.011142725017991923,0.01209064657915554,0.009916002997662538,0.008726454371888587,0.008401187169528522,0.007769239462086111,0.007815706205280408,0.008642814234138858,0.007862172948474702,0.007248811938310009,0.008122386710362754,0.007815706205280408,0.007527612397475778,0.007183758497837996,0.008466240610000536,0.01071523098060441,
47117,0.0006412410560812699,0.0006412410560812699,0.0006412410560812699,0.0006598277533589879,0.0007155878451921419,0.0007992279829418728,0.0008456947261361677,0.0009107481666081806,0.0010501483961910653,0.0013289488553568348,0.00192372316824381,0.0018958431223272331,0.0022954571137981696,0.0027880045916576957,0.003289845418156081,0.00411695344701453,0.004786074549012378,0.004525860787124326,0.004563034181679762,0.0043399938143471465,0.004024019960625941,0.0040704867038202355,0.004172713538847685,0.0044608073466523126,0.004423633952096877,0.0047024344112626465,0.004897594732678685,0.005167101843205596,0.004813954594928955,0.005315795421427339,0.005678236018342841,0.005613182577870827,0.005325088770066199,0.006347357120340688,0.008735747720527447,0.006849197946839073,0.00823390689402906,0.008837974555554896,0.011588805752657156,0.012137113322349836,0.011142725017991923,0.01209064657915554,0.009916002997662538,0.008726454371888587,0.008401187169528522,0.007769239462086111,0.007815706205280408,0.008642814234138858,0.007862172948474702,0.007248811938310009,0.008122386710362754,0.007815706205280408,0.007527612397475778,0.007183758497837996,0.008466240610000536,0.01071523098060441,
47119,0.0006412410560812699,0.0006412410560812699,0.0006412410560812699,0.0006598277533589879,0.0007155878451921419,0.0007992279829418728,0.0008456947261361677,0.0009107481666081806,0.0010501483961910653,0.0013289488553568348,0.00192372316824381,0.0018958431223272331,0.0022954571137981696,0.0027880045916576957,0.003289845418156081,0.00411695344701453,0.004786074549012378,0.004525860787124326,0.004563034181679762,0.0043399938143471465,0.004024019960625941,0.0040704867038202355,0.004172713538847685,0.0044608073466523126,0.004423633952096877,0.0047024344112626465,0.004897594732678685,0.005167101843205596,0.004813954594928955,0.005315795421427339,0.005678236018342841,0.005613182577870827,0.005325088770066199,0.006347357120340688,0.008735747720527447,0.006849197946839073,0.00823390689402906,0.008837974555554896,0.011588805752657156,0.012137113322349836,0.011142725017991923,0.01209064657915554,0.009916002997662538,0.008726454371888587,0.008401187169528522,0.007769239462086111,0.007815706205280408,0.008642814234138858,0.007862172948474702,0.007248811938310009,0.008122386710362754,0.007815706205280408,0.007527612397475778,0.007183758497837996,0.008466240610000536,0.01071523098060441,
47121,0.0006412410560812699,0.0006412410560812699,0.0006412410560812699,0.0006598277533589879,0.0007155878451921419,0.0007992279829418728,0.0008456947261361677,0.0009107481666081806,0.0010501483961910653,0.0013289488553568348,0.00192372316824381,0.0018958431223272331,0.0022954571137981696,0.0027880045916576957,0.003289845418156081,0.00411695344701453,0.004786074549012378,0.004525860787124326,0.004563034181679762,0.0043399938143471465,0.004024019960625941,0.0040704867038202355,0.004172713538847685,0.0044608073466523126,0.004423633952096877,0.0047024344112626465,0.004897594732678685,0.005167101843205596,0.004813954594928955,0.005315795421427339,0.005678236018342841,0.005613182577870827,0.005325088770066199,0.006347357120340688,0.008735747720527447,0.006849197946839073,0.00823390689402906,0.008837974555554896,0.011588805752657156,0.012137113322349836,0.011142725017991923,0.01209064657915554,0.009916002997662538,0.008726454371888587,0.008401187169528522,0.007769239462086111,0.007815706205280408,0.008642814234138858,0.007862172948474702,0.007248811938310009,0.008122386710362754,0.007815706205280408,0.007527612397475778,0.007183758497837996,0.008466240610000536,0.01071523098060441,
47123,0.0006412410560812699,0.0006412410560812699,0.0006412410560812699,0.0006598277533589879,0.0007155878451921419,0.0007992279829418728,0.0008456947261361677,0.0009107481666081806,0.0010501483961910653,0.0013289488553568348,0.00192372316824381,0.0018958431223272331,0.0022954571137981696,0.0027880045916576957,0.003289845418156081,0.00411695344701453,0.004786074549012378,0.004525860787124326,0.004563034181679762,0.0043399938143471465,0.004024019960625941,0.0040704867038202355,0.004172713538847685,0.0044608073466523126,0.004423633952096877,0.0047024344112626465,0.004897594732678685,0.005167101843205596,0.004813954594928955,0.005315795421427339,0.005678236018342841,0.005613182577870827,0.005325088770066199,0.006347357120340688,0.008735747720527447,0.006849197946839073,0.00823390689402906,0.008837974555554896,0.011588805752657156,0.012137113322349836,0.011142725017991923,0.01209064657915554,0.009916002997662538,0.008726454371888587,0.008401187169528522,0.007769239462086111,0.007815706205280408,0.008642814234138858,0.007862172948474702,0.007248811938310009,0.008122386710362754,0.007815706205280408,0.007527612397475778,0.007183758497837996,0.008466240610000536,0.01071523098060441,
47125,0.0006412410560812699,0.0006412410560812699,0.0006412410560812699,0.0006598277533589879,0.0007155878451921419,0.0007992279829418728,0.0008456947261361677,0.0009107481666081806,0.0010501483961910653,0.0013289488553568348,0.00192372316824381,0.0018958431223272331,0.0022954571137981696,0.0027880045916576957,0.003289845418156081,0.00411695344701453,0.004786074549012378,0.004525860787124326,0.004563034181679762,0.0043399938143471465,0.004024019960625941,0.0040704867038202355,0.004172713538847685,0.0044608073466523126,0.004423633952096877,0.0047024344112626465,0.004897594732678685,0.005167101843205596,0.004813954594928955,0.005315795421427339,0.005678236018342841,0.005613182577870827,0.005325088770066199,0.006347357120340688,0.008735747720527447,0.006849197946839073,0.00823390689402906,0.008837974555554896,0.011588805752657156,0.012137113322349836,0.011142725017991923,0.01209064657915554,0.009916002997662538,0.008726454371888587,0.008401187169528522,0.007769239462086111,0.007815706205280408,0.008642814234138858,0.007862172948474702,0.007248811938310009,0.008122386710362754,0.007815706205280408,0.007527612397475778,0.007183758497837996,0.008466240610000536,0.01071523098060441,
47127,0.0006412410560812699,0.0006412410560812699,0.0006412410560812699,0.0006598277533589879,0.0007155878451921419,0.0007992279829418728,0.0008456947261361677,0.0009107481666081806,0.0010501483961910653,0.0013289488553568348,0.00192372316824381,0.0018958431223272331,0.0022954571137981696,0.0027880045916576957,0.003289845418156081,0.00411695344701453,0.004786074549012378,0.004525860787124326,0.004563034181679762,0.0043399938143471465,0.004024019960625941,0.0040704867038202355,0.004172713538847685,0.0044608073466523126,0.004423633952096877,0.0047024344112626465,0.004897594732678685,0.005167101843205596,0.004813954594928955,0.005315795421427339,0.005678236018342841,0.005613182577870827,0.005325088770066199,0.006347357120340688,0.008735747720527447,0.006849197946839073,0.00823390689402906,0.008837974555554896,0.011588805752657156,0.012137113322349836,0.011142725017991923,0.01209064657915554,0.009916002997662538,0.008726454371888587,0.008401187169528522,0.007769239462086111,0.007815706205280408,0.008642814234138858,0.007862172948474702,0.007248811938310009,0.008122386710362754,0.007815706205280408,0.007527612397475778,0.007183758497837996,0.008466240610000536,0.01071523098060441,
47129,0.0006412410560812699,0.0006412410560812699,0.0006412410560812699,0.0006598277533589879,0.0007155878451921419,0.0007992279829418728,0.0008456947261361677,0.0009107481666081806,0.0010501483961910653,0.0013289488553568348,0.00192372316824381,0.0018958431223272331,0.0022954571137981696,0.0027880045916576957,0.003289845418156081,0.00411695344701453,0.004786074549012378,0.004525860787124326,0.004563034181679762,0.0043399938143471465,0.004024019960625941,0.0040704867038202355,0.004172713538847685,0.0044608073466523126,0.004423633952096877,0.0047024344112626465,0.004897594732678685,0.005167101843205596,0.004813954594928955,0.005315795421427339,0.005678236018342841,0.005613182577870827,0.005325088770066199,0.006347357120340688,0.008735747720527447,0.006849197946839073,0.00823390689402906,0.008837974555554896,0.011588805752657156,0.012137113322349836,0.011142725017991923,0.01209064657915554,0.009916002997662538,0.008726454371888587,0.008401187169528522,0.007769239462086111,0.007815706205280408,0.008642814234138858,0.007862172948474702,0.007248811938310009,0.008122386710362754,0.007815706205280408,0.007527612397475778,0.007183758497837996,0.008466240610000536,0.01071523098060441,
47131,0.0006412410560812699,0.0006412410560812699,0.0006412410560812699,0.0006598277533589879,0.0007155878451921419,0.0007992279829418728,0.0008456947261361677,0.0009107481666081806,0.0010501483961910653,0.0013289488553568348,0.00192372316824381,0.0018958431223272331,0.0022954571137981696,0.0027880045916576957,0.003289845418156081,0.00411695344701453,0.004786074549012378,0.004525860787124326,0.004563034181679762,0.0043399938143471465,0.004024019960625941,0.0040704867038202355,0.004172713538847685,0.0044608073466523126,0.004423633952096877,0.0047024344112626465,0.004897594732678685,0.005167101843205596,0.004813954594928955,0.005315795421427339,0.005678236018342841,0.005613182577870827,0.005325088770066199,0.006347357120340688,0.008735747720527447,0.006849197946839073,0.00823390689402906,0.008837974555554896,0.011588805752657156,0.012137113322349836,0.011142725017991923,0.01209064657915554,0.009916002997662538,0.008726454371888587,0.008401187169528522,0.007769239462086111,0.007815706205280408,0.008642814234138858,0.007862172948474702,0.007248811938310009,0.008122386710362754,0.007815706205280408,0.007527612397475778,0.007183758497837996,0.008466240610000536,0.01071523098060441,
47133,0.0006412410560812699,0.0006412410560812699,0.0006412410560812699,0.0006598277533589879,0.0007155878451921419,0.0007992279829418728,0.0008456947261361677,0.0009107481666081806,0.0010501483961910653,0.0013289488553568348,0.00192372316824381,0.0018958431223272331,0.0022954571137981696,0.0027880045916576957,0.003289845418156081,0.00411695344701453,0.004786074549012378,0.004525860787124326,0.004563034181679762,0.0043399938143471465,0.004024019960625941,0.0040704867038202355,0.004172713538847685,0.0044608073466523126,0.004423633952096877,0.0047024344112626465,0.004897594732678685,0.005167101843205596,0.004813954594928955,0.005315795421427339,0.005678236018342841,0.005613182577870827,0.005325088770066199,0.006347357120340688,0.008735747720527447,0.006849197946839073,0.00823390689402906,0.008837974555554896,0.011588805752657156,0.012137113322349836,0.011142725017991923,0.01209064657915554,0.009916002997662538,0.008726454371888587,0.008401187169528522,0.007769239462086111,0.007815706205280408,0.008642814234138858,0.007862172948474702,0.007248811938310009,0.008122386710362754,0.007815706205280408,0.007527612397475778,0.007183758497837996,0.008466240610000536,0.01071523098060441,
47135,0.0006412410560812699,0.0006412410560812699,0.0006412410560812699,0.0006598277533589879,0.0007155878451921419,0.0007992279829418728,0.0008456947261361677,0.0009107481666081806,0.0010501483961910653,0.0013289488553568348,0.00192372316824381,0.0018958431223272331,0.0022954571137981696,0.0027880045916576957,0.003289845418156081,0.00411695344701453,0.004786074549012378,0.004525860787124326,0.004563034181679762,0.0043399938143471465,0.004024019960625941,0.0040704867038202355,0.004172713538847685,0.0044608073466523126,0.004423633952096877,0.0047024344112626465,0.004897594732678685,0.005167101843205596,0.004813954594928955,0.005315795421427339,0.005678236018342841,0.005613182577870827,0.005325088770066199,0.006347357120340688,0.008735747720527447,0.006849197946839073,0.00823390689402906,0.008837974555554896,0.011588805752657156,0.012137113322349836,0.011142725017991923,0.01209064657915554,0.009916002997662538,0.008726454371888587,0.008401187169528522,0.007769239462086111,0.007815706205280408,0.008642814234138858,0.007862172948474702,0.007248811938310009,0.008122386710362754,0.007815706205280408,0.007527612397475778,0.007183758497837996,0.008466240610000536,0.01071523098060441,
47137,0.0006412410560812699,0.0006412410560812699,0.0006412410560812699,0.0006598277533589879,0.0007155878451921419,0.0007992279829418728,0.0008456947261361677,0.0009107481666081806,0.0010501483961910653,0.0013289488553568348,0.00192372316824381,0.0018958431223272331,0.0022954571137981696,0.0027880045916576957,0.003289845418156081,0.00411695344701453,0.004786074549012378,0.004525860787124326,0.004563034181679762,0.0043399938143471465,0.004024019960625941,0.0040704867038202355,0.004172713538847685,0.0044608073466523126,0.004423633952096877,0.0047024344112626465,0.004897594732678685,0.005167101843205596,0.004813954594928955,0.005315795421427339,0.005678236018342841,0.005613182577870827,0.005325088770066199,0.006347357120340688,0.008735747720527447,0.006849197946839073,0.00823390689402906,0.008837974555554896,0.011588805752657156,0.012137113322349836,0.011142725017991923,0.01209064657915554,0.009916002997662538,0.008726454371888587,0.008401187169528522,0.007769239462086111,0.007815706205280408,0.008642814234138858,0.007862172948474702,0.007248811938310009,0.008122386710362754,0.007815706205280408,0.007527612397475778,0.007183758497837996,0.008466240610000536,0.01071523098060441,
47139,0.0006412410560812699,0.0006412410560812699,0.0006412410560812699,0.0006598277533589879,0.0007155878451921419,0.0007992279829418728,0.0008456947261361677,0.0009107481666081806,0.0010501483961910653,0.0013289488553568348,0.00192372316824381,0.0018958431223272331,0.0022954571137981696,0.0027880045916576957,0.003289845418156081,0.00411695344701453,0.004786074549012378,0.004525860787124326,0.004563034181679762,0.0043399938143471465,0.004024019960625941,0.0040704867038202355,0.004172713538847685,0.0044608073466523126,0.004423633952096877,0.0047024344112626465,0.004897594732678685,0.005167101843205596,0.004813954594928955,0.005315795421427339,0.005678236018342841,0.005613182577870827,0.005325088770066199,0.006347357120340688,0.008735747720527447,0.006849197946839073,0.00823390689402906,0.008837974555554896,0.011588805752657156,0.012137113322349836,0.011142725017991923,0.01209064657915554,0.009916002997662538,0.008726454371888587,0.008401187169528522,0.007769239462086111,0.007815706205280408,0.008642814234138858,0.007862172948474702,0.007248811938310009,0.008122386710362754,0.007815706205280408,0.007527612397475778,0.007183758497837996,0.008466240610000536,0.01071523098060441,
47141,0.0006412410560812699,0.0006412410560812699,0.0006412410560812699,0.0006598277533589879,0.0007155878451921419,0.0007992279829418728,0.0008456947261361677,0.0009107481666081806,0.0010501483961910653,0.0013289488553568348,0.00192372316824381,0.0018958431223272331,0.0022954571137981696,0.0027880045916576957,0.003289845418156081,0.00411695344701453,0.004786074549012378,0.004525860787124326,0.004563034181679762,0.0043399938143471465,0.004024019960625941,0.0040704867038202355,0.004172713538847685,0.0044608073466523126,0.004423633952096877,0.0047024344112626465,0.004897594732678685,0.005167101843205596,0.004813954594928955,0.005315795421427339,0.005678236018342841,0.005613182577870827,0.005325088770066199,0.006347357120340688,0.008735747720527447,0.006849197946839073,0.00823390689402906,0.008837974555554896,0.011588805752657156,0.012137113322349836,0.011142725017991923,0.01209064657915554,0.009916002997662538,0.008726454371888587,0.008401187169528522,0.007769239462086111,0.007815706205280408,0.008642814234138858,0.007862172948474702,0.007248811938310009,0.008122386710362754,0.007815706205280408,0.007527612397475778,0.007183758497837996,0.008466240610000536,0.01071523098060441,
47143,0.0006412410560812699,0.0006412410560812699,0.0006412410560812699,0.0006598277533589879,0.0007155878451921419,0.0007992279829418728,0.0008456947261361677,0.0009107481666081806,0.0010501483961910653,0.0013289488553568348,0.00192372316824381,0.0018958431223272331,0.0022954571137981696,0.0027880045916576957,0.003289845418156081,0.00411695344701453,0.004786074549012378,0.004525860787124326,0.004563034181679762,0.0043399938143471465,0.004024019960625941,0.0040704867038202355,0.004172713538847685,0.0044608073466523126,0.004423633952096877,0.0047024344112626465,0.004897594732678685,0.005167101843205596,0.004813954594928955,0.005315795421427339,0.005678236018342841,0.005613182577870827,0.005325088770066199,0.006347357120340688,0.008735747720527447,0.006849197946839073,0.00823390689402906,0.008837974555554896,0.011588805752657156,0.012137113322349836,0.011142725017991923,0.01209064657915554,0.009916002997662538,0.008726454371888587,0.008401187169528522,0.007769239462086111,0.007815706205280408,0.008642814234138858,0.007862172948474702,0.007248811938310009,0.008122386710362754,0.007815706205280408,0.007527612397475778,0.007183758497837996,0.008466240610000536,0.01071523098060441,
47145,0.0006412410560812699,0.0006412410560812699,0.0006412410560812699,0.0006598277533589879,0.0007155878451921419,0.0007992279829418728,0.0008456947261361677,0.0009107481666081806,0.0010501483961910653,0.0013289488553568348,0.00192372316824381,0.0018958431223272331,0.0022954571137981696,0.0027880045916576957,0.003289845418156081,0.00411695344701453,0.004786074549012378,0.004525860787124326,0.004563034181679762,0.0043399938143471465,0.004024019960625941,0.0040704867038202355,0.004172713538847685,0.0044608073466523126,0.004423633952096877,0.0047024344112626465,0.004897594732678685,0.005167101843205596,0.004813954594928955,0.005315795421427339,0.005678236018342841,0.005613182577870827,0.005325088770066199,0.006347357120340688,0.008735747720527447,0.006849197946839073,0.00823390689402906,0.008837974555554896,0.011588805752657156,0.012137113322349836,0.011142725017991923,0.01209064657915554,0.009916002997662538,0.008726454371888587,0.008401187169528522,0.007769239462086111,0.007815706205280408,0.008642814234138858,0.007862172948474702,0.007248811938310009,0.008122386710362754,0.007815706205280408,0.007527612397475778,0.007183758497837996,0.008466240610000536,0.01071523098060441,
47147,0.0006412410560812699,0.0006412410560812699,0.0006412410560812699,0.0006598277533589879,0.0007155878451921419,0.0007992279829418728,0.0008456947261361677,0.0009107481666081806,0.0010501483961910653,0.0013289488553568348,0.00192372316824381,0.0018958431223272331,0.0022954571137981696,0.0027880045916576957,0.003289845418156081,0.00411695344701453,0.004786074549012378,0.004525860787124326,0.004563034181679762,0.0043399938143471465,0.004024019960625941,0.0040704867038202355,0.004172713538847685,0.0044608073466523126,0.004423633952096877,0.0047024344112626465,0.004897594732678685,0.005167101843205596,0.004813954594928955,0.005315795421427339,0.005678236018342841,0.005613182577870827,0.005325088770066199,0.006347357120340688,0.008735747720527447,0.006849197946839073,0.00823390689402906,0.008837974555554896,0.011588805752657156,0.012137113322349836,0.011142725017991923,0.01209064657915554,0.009916002997662538,0.008726454371888587,0.008401187169528522,0.007769239462086111,0.007815706205280408,0.008642814234138858,0.007862172948474702,0.007248811938310009,0.008122386710362754,0.007815706205280408,0.007527612397475778,0.007183758497837996,0.008466240610000536,0.01071523098060441,
47149,0.0006412410560812699,0.0006412410560812699,0.0006412410560812699,0.0006598277533589879,0.0007155878451921419,0.0007992279829418728,0.0008456947261361677,0.0009107481666081806,0.0010501483961910653,0.0013289488553568348,0.00192372316824381,0.0018958431223272331,0.0022954571137981696,0.0027880045916576957,0.003289845418156081,0.00411695344701453,0.004786074549012378,0.004525860787124326,0.004563034181679762,0.0043399938143471465,0.004024019960625941,0.0040704867038202355,0.004172713538847685,0.0044608073466523126,0.004423633952096877,0.0047024344112626465,0.004897594732678685,0.005167101843205596,0.004813954594928955,0.005315795421427339,0.005678236018342841,0.005613182577870827,0.005325088770066199,0.006347357120340688,0.008735747720527447,0.006849197946839073,0.00823390689402906,0.008837974555554896,0.011588805752657156,0.012137113322349836,0.011142725017991923,0.01209064657915554,0.009916002997662538,0.008726454371888587,0.008401187169528522,0.007769239462086111,0.007815706205280408,0.008642814234138858,0.007862172948474702,0.007248811938310009,0.008122386710362754,0.007815706205280408,0.007527612397475778,0.007183758497837996,0.008466240610000536,0.01071523098060441,
47151,0.0006412410560812699,0.0006412410560812699,0.0006412410560812699,0.0006598277533589879,0.0007155878451921419,0.0007992279829418728,0.0008456947261361677,0.0009107481666081806,0.0010501483961910653,0.0013289488553568348,0.00192372316824381,0.0018958431223272331,0.0022954571137981696,0.0027880045916576957,0.003289845418156081,0.00411695344701453,0.004786074549012378,0.004525860787124326,0.004563034181679762,0.0043399938143471465,0.004024019960625941,0.0040704867038202355,0.004172713538847685,0.0044608073466523126,0.004423633952096877,0.0047024344112626465,0.004897594732678685,0.005167101843205596,0.004813954594928955,0.005315795421427339,0.005678236018342841,0.005613182577870827,0.005325088770066199,0.006347357120340688,0.008735747720527447,0.006849197946839073,0.00823390689402906,0.008837974555554896,0.011588805752657156,0.012137113322349836,0.011142725017991923,0.01209064657915554,0.009916002997662538,0.008726454371888587,0.008401187169528522,0.007769239462086111,0.007815706205280408,0.008642814234138858,0.007862172948474702,0.007248811938310009,0.008122386710362754,0.007815706205280408,0.007527612397475778,0.007183758497837996,0.008466240610000536,0.01071523098060441,
47153,0.0006412410560812699,0.0006412410560812699,0.0006412410560812699,0.0006598277533589879,0.0007155878451921419,0.0007992279829418728,0.0008456947261361677,0.0009107481666081806,0.0010501483961910653,0.0013289488553568348,0.00192372316824381,0.0018958431223272331,0.0022954571137981696,0.0027880045916576957,0.003289845418156081,0.00411695344701453,0.004786074549012378,0.004525860787124326,0.004563034181679762,0.0043399938143471465,0.004024019960625941,0.0040704867038202355,0.004172713538847685,0.0044608073466523126,0.004423633952096877,0.0047024344112626465,0.004897594732678685,0.005167101843205596,0.004813954594928955,0.005315795421427339,0.005678236018342841,0.005613182577870827,0.005325088770066199,0.006347357120340688,0.008735747720527447,0.006849197946839073,0.00823390689402906,0.008837974555554896,0.011588805752657156,0.012137113322349836,0.011142725017991923,0.01209064657915554,0.009916002997662538,0.008726454371888587,0.008401187169528522,0.007769239462086111,0.007815706205280408,0.008642814234138858,0.007862172948474702,0.007248811938310009,0.008122386710362754,0.007815706205280408,0.007527612397475778,0.007183758497837996,0.008466240610000536,0.01071523098060441,
47155,0.0006412410560812699,0.0006412410560812699,0.0006412410560812699,0.0006598277533589879,0.0007155878451921419,0.0007992279829418728,0.0008456947261361677,0.0009107481666081806,0.0010501483961910653,0.0013289488553568348,0.00192372316824381,0.0018958431223272331,0.0022954571137981696,0.0027880045916576957,0.003289845418156081,0.00411695344701453,0.004786074549012378,0.004525860787124326,0.004563034181679762,0.0043399938143471465,0.004024019960625941,0.0040704867038202355,0.004172713538847685,0.0044608073466523126,0.004423633952096877,0.0047024344112626465,0.004897594732678685,0.005167101843205596,0.004813954594928955,0.005315795421427339,0.005678236018342841,0.005613182577870827,0.005325088770066199,0.006347357120340688,0.008735747720527447,0.006849197946839073,0.00823390689402906,0.008837974555554896,0.011588805752657156,0.012137113322349836,0.011142725017991923,0.01209064657915554,0.009916002997662538,0.008726454371888587,0.008401187169528522,0.007769239462086111,0.007815706205280408,0.008642814234138858,0.007862172948474702,0.007248811938310009,0.008122386710362754,0.007815706205280408,0.007527612397475778,0.007183758497837996,0.008466240610000536,0.01071523098060441,
47157,0.0006412410560812699,0.0006412410560812699,0.0006412410560812699,0.0006598277533589879,0.0007155878451921419,0.0007992279829418728,0.0008456947261361677,0.0009107481666081806,0.0010501483961910653,0.0013289488553568348,0.00192372316824381,0.0018958431223272331,0.0022954571137981696,0.0027880045916576957,0.003289845418156081,0.00411695344701453,0.004786074549012378,0.004525860787124326,0.004563034181679762,0.0043399938143471465,0.004024019960625941,0.0040704867038202355,0.004172713538847685,0.0044608073466523126,0.004423633952096877,0.0047024344112626465,0.004897594732678685,0.005167101843205596,0.004813954594928955,0.005315795421427339,0.005678236018342841,0.005613182577870827,0.005325088770066199,0.006347357120340688,0.008735747720527447,0.006849197946839073,0.00823390689402906,0.008837974555554896,0.011588805752657156,0.012137113322349836,0.011142725017991923,0.01209064657915554,0.009916002997662538,0.008726454371888587,0.008401187169528522,0.007769239462086111,0.007815706205280408,0.008642814234138858,0.007862172948474702,0.007248811938310009,0.008122386710362754,0.007815706205280408,0.007527612397475778,0.007183758497837996,0.008466240610000536,0.01071523098060441,
47159,0.0006412410560812699,0.0006412410560812699,0.0006412410560812699,0.0006598277533589879,0.0007155878451921419,0.0007992279829418728,0.0008456947261361677,0.0009107481666081806,0.0010501483961910653,0.0013289488553568348,0.00192372316824381,0.0018958431223272331,0.0022954571137981696,0.0027880045916576957,0.003289845418156081,0.00411695344701453,0.004786074549012378,0.004525860787124326,0.004563034181679762,0.0043399938143471465,0.004024019960625941,0.0040704867038202355,0.004172713538847685,0.0044608073466523126,0.004423633952096877,0.0047024344112626465,0.004897594732678685,0.005167101843205596,0.004813954594928955,0.005315795421427339,0.005678236018342841,0.005613182577870827,0.005325088770066199,0.006347357120340688,0.008735747720527447,0.006849197946839073,0.00823390689402906,0.008837974555554896,0.011588805752657156,0.012137113322349836,0.011142725017991923,0.01209064657915554,0.009916002997662538,0.008726454371888587,0.008401187169528522,0.007769239462086111,0.007815706205280408,0.008642814234138858,0.007862172948474702,0.007248811938310009,0.008122386710362754,0.007815706205280408,0.007527612397475778,0.007183758497837996,0.008466240610000536,0.01071523098060441,
47161,0.0006412410560812699,0.0006412410560812699,0.0006412410560812699,0.0006598277533589879,0.0007155878451921419,0.0007992279829418728,0.0008456947261361677,0.0009107481666081806,0.0010501483961910653,0.0013289488553568348,0.00192372316824381,0.0018958431223272331,0.0022954571137981696,0.0027880045916576957,0.003289845418156081,0.00411695344701453,0.004786074549012378,0.004525860787124326,0.004563034181679762,0.0043399938143471465,0.004024019960625941,0.0040704867038202355,0.004172713538847685,0.0044608073466523126,0.004423633952096877,0.0047024344112626465,0.004897594732678685,0.005167101843205596,0.004813954594928955,0.005315795421427339,0.005678236018342841,0.005613182577870827,0.005325088770066199,0.006347357120340688,0.008735747720527447,0.006849197946839073,0.00823390689402906,0.008837974555554896,0.011588805752657156,0.012137113322349836,0.011142725017991923,0.01209064657915554,0.009916002997662538,0.008726454371888587,0.008401187169528522,0.007769239462086111,0.007815706205280408,0.008642814234138858,0.007862172948474702,0.007248811938310009,0.008122386710362754,0.007815706205280408,0.007527612397475778,0.007183758497837996,0.008466240610000536,0.01071523098060441,
47163,0.0006412410560812699,0.0006412410560812699,0.0006412410560812699,0.0006598277533589879,0.0007155878451921419,0.0007992279829418728,0.0008456947261361677,0.0009107481666081806,0.0010501483961910653,0.0013289488553568348,0.00192372316824381,0.0018958431223272331,0.0022954571137981696,0.0027880045916576957,0.003289845418156081,0.00411695344701453,0.004786074549012378,0.004525860787124326,0.004563034181679762,0.0043399938143471465,0.004024019960625941,0.0040704867038202355,0.004172713538847685,0.0044608073466523126,0.004423633952096877,0.0047024344112626465,0.004897594732678685,0.005167101843205596,0.004813954594928955,0.005315795421427339,0.005678236018342841,0.005613182577870827,0.005325088770066199,0.006347357120340688,0.008735747720527447,0.006849197946839073,0.00823390689402906,0.008837974555554896,0.011588805752657156,0.012137113322349836,0.011142725017991923,0.01209064657915554,0.009916002997662538,0.008726454371888587,0.008401187169528522,0.007769239462086111,0.007815706205280408,0.008642814234138858,0.007862172948474702,0.007248811938310009,0.008122386710362754,0.007815706205280408,0.007527612397475778,0.007183758497837996,0.008466240610000536,0.01071523098060441,
47165,0.0006412410560812699,0.0006412410560812699,0.0006412410560812699,0.0006598277533589879,0.0007155878451921419,0.0007992279829418728,0.0008456947261361677,0.0009107481666081806,0.0010501483961910653,0.0013289488553568348,0.00192372316824381,0.0018958431223272331,0.0022954571137981696,0.0027880045916576957,0.003289845418156081,0.00411695344701453,0.004786074549012378,0.004525860787124326,0.004563034181679762,0.0043399938143471465,0.004024019960625941,0.0040704867038202355,0.004172713538847685,0.0044608073466523126,0.004423633952096877,0.0047024344112626465,0.004897594732678685,0.005167101843205596,0.004813954594928955,0.005315795421427339,0.005678236018342841,0.005613182577870827,0.005325088770066199,0.006347357120340688,0.008735747720527447,0.006849197946839073,0.00823390689402906,0.008837974555554896,0.011588805752657156,0.012137113322349836,0.011142725017991923,0.01209064657915554,0.009916002997662538,0.008726454371888587,0.008401187169528522,0.007769239462086111,0.007815706205280408,0.008642814234138858,0.007862172948474702,0.007248811938310009,0.008122386710362754,0.007815706205280408,0.007527612397475778,0.007183758497837996,0.008466240610000536,0.01071523098060441,
47167,0.0006412410560812699,0.0006412410560812699,0.0006412410560812699,0.0006598277533589879,0.0007155878451921419,0.0007992279829418728,0.0008456947261361677,0.0009107481666081806,0.0010501483961910653,0.0013289488553568348,0.00192372316824381,0.0018958431223272331,0.0022954571137981696,0.0027880045916576957,0.003289845418156081,0.00411695344701453,0.004786074549012378,0.004525860787124326,0.004563034181679762,0.0043399938143471465,0.004024019960625941,0.0040704867038202355,0.004172713538847685,0.0044608073466523126,0.004423633952096877,0.0047024344112626465,0.004897594732678685,0.005167101843205596,0.004813954594928955,0.005315795421427339,0.005678236018342841,0.005613182577870827,0.005325088770066199,0.006347357120340688,0.008735747720527447,0.006849197946839073,0.00823390689402906,0.008837974555554896,0.011588805752657156,0.012137113322349836,0.011142725017991923,0.01209064657915554,0.009916002997662538,0.008726454371888587,0.008401187169528522,0.007769239462086111,0.007815706205280408,0.008642814234138858,0.007862172948474702,0.007248811938310009,0.008122386710362754,0.007815706205280408,0.007527612397475778,0.007183758497837996,0.008466240610000536,0.01071523098060441,
47169,0.0006412410560812699,0.0006412410560812699,0.0006412410560812699,0.0006598277533589879,0.0007155878451921419,0.0007992279829418728,0.0008456947261361677,0.0009107481666081806,0.0010501483961910653,0.0013289488553568348,0.00192372316824381,0.0018958431223272331,0.0022954571137981696,0.0027880045916576957,0.003289845418156081,0.00411695344701453,0.004786074549012378,0.004525860787124326,0.004563034181679762,0.0043399938143471465,0.004024019960625941,0.0040704867038202355,0.004172713538847685,0.0044608073466523126,0.004423633952096877,0.0047024344112626465,0.004897594732678685,0.005167101843205596,0.004813954594928955,0.005315795421427339,0.005678236018342841,0.005613182577870827,0.005325088770066199,0.006347357120340688,0.008735747720527447,0.006849197946839073,0.00823390689402906,0.008837974555554896,0.011588805752657156,0.012137113322349836,0.011142725017991923,0.01209064657915554,0.009916002997662538,0.008726454371888587,0.008401187169528522,0.007769239462086111,0.007815706205280408,0.008642814234138858,0.007862172948474702,0.007248811938310009,0.008122386710362754,0.007815706205280408,0.007527612397475778,0.007183758497837996,0.008466240610000536,0.01071523098060441,
47171,0.0006412410560812699,0.0006412410560812699,0.0006412410560812699,0.0006598277533589879,0.0007155878451921419,0.0007992279829418728,0.0008456947261361677,0.0009107481666081806,0.0010501483961910653,0.0013289488553568348,0.00192372316824381,0.0018958431223272331,0.0022954571137981696,0.0027880045916576957,0.003289845418156081,0.00411695344701453,0.004786074549012378,0.004525860787124326,0.004563034181679762,0.0043399938143471465,0.004024019960625941,0.0040704867038202355,0.004172713538847685,0.0044608073466523126,0.004423633952096877,0.0047024344112626465,0.004897594732678685,0.005167101843205596,0.004813954594928955,0.005315795421427339,0.005678236018342841,0.005613182577870827,0.005325088770066199,0.006347357120340688,0.008735747720527447,0.006849197946839073,0.00823390689402906,0.008837974555554896,0.011588805752657156,0.012137113322349836,0.011142725017991923,0.01209064657915554,0.009916002997662538,0.008726454371888587,0.008401187169528522,0.007769239462086111,0.007815706205280408,0.008642814234138858,0.007862172948474702,0.007248811938310009,0.008122386710362754,0.007815706205280408,0.007527612397475778,0.007183758497837996,0.008466240610000536,0.01071523098060441,
47173,0.0006412410560812699,0.0006412410560812699,0.0006412410560812699,0.0006598277533589879,0.0007155878451921419,0.0007992279829418728,0.0008456947261361677,0.0009107481666081806,0.0010501483961910653,0.0013289488553568348,0.00192372316824381,0.0018958431223272331,0.0022954571137981696,0.0027880045916576957,0.003289845418156081,0.00411695344701453,0.004786074549012378,0.004525860787124326,0.004563034181679762,0.0043399938143471465,0.004024019960625941,0.0040704867038202355,0.004172713538847685,0.0044608073466523126,0.004423633952096877,0.0047024344112626465,0.004897594732678685,0.005167101843205596,0.004813954594928955,0.005315795421427339,0.005678236018342841,0.005613182577870827,0.005325088770066199,0.006347357120340688,0.008735747720527447,0.006849197946839073,0.00823390689402906,0.008837974555554896,0.011588805752657156,0.012137113322349836,0.011142725017991923,0.01209064657915554,0.009916002997662538,0.008726454371888587,0.008401187169528522,0.007769239462086111,0.007815706205280408,0.008642814234138858,0.007862172948474702,0.007248811938310009,0.008122386710362754,0.007815706205280408,0.007527612397475778,0.007183758497837996,0.008466240610000536,0.01071523098060441,
47175,0.0006412410560812699,0.0006412410560812699,0.0006412410560812699,0.0006598277533589879,0.0007155878451921419,0.0007992279829418728,0.0008456947261361677,0.0009107481666081806,0.0010501483961910653,0.0013289488553568348,0.00192372316824381,0.0018958431223272331,0.0022954571137981696,0.0027880045916576957,0.003289845418156081,0.00411695344701453,0.004786074549012378,0.004525860787124326,0.004563034181679762,0.0043399938143471465,0.004024019960625941,0.0040704867038202355,0.004172713538847685,0.0044608073466523126,0.004423633952096877,0.0047024344112626465,0.004897594732678685,0.005167101843205596,0.004813954594928955,0.005315795421427339,0.005678236018342841,0.005613182577870827,0.005325088770066199,0.006347357120340688,0.008735747720527447,0.006849197946839073,0.00823390689402906,0.008837974555554896,0.011588805752657156,0.012137113322349836,0.011142725017991923,0.01209064657915554,0.009916002997662538,0.008726454371888587,0.008401187169528522,0.007769239462086111,0.007815706205280408,0.008642814234138858,0.007862172948474702,0.007248811938310009,0.008122386710362754,0.007815706205280408,0.007527612397475778,0.007183758497837996,0.008466240610000536,0.01071523098060441,
47177,0.0006412410560812699,0.0006412410560812699,0.0006412410560812699,0.0006598277533589879,0.0007155878451921419,0.0007992279829418728,0.0008456947261361677,0.0009107481666081806,0.0010501483961910653,0.0013289488553568348,0.00192372316824381,0.0018958431223272331,0.0022954571137981696,0.0027880045916576957,0.003289845418156081,0.00411695344701453,0.004786074549012378,0.004525860787124326,0.004563034181679762,0.0043399938143471465,0.004024019960625941,0.0040704867038202355,0.004172713538847685,0.0044608073466523126,0.004423633952096877,0.0047024344112626465,0.004897594732678685,0.005167101843205596,0.004813954594928955,0.005315795421427339,0.005678236018342841,0.005613182577870827,0.005325088770066199,0.006347357120340688,0.008735747720527447,0.006849197946839073,0.00823390689402906,0.008837974555554896,0.011588805752657156,0.012137113322349836,0.011142725017991923,0.01209064657915554,0.009916002997662538,0.008726454371888587,0.008401187169528522,0.007769239462086111,0.007815706205280408,0.008642814234138858,0.007862172948474702,0.007248811938310009,0.008122386710362754,0.007815706205280408,0.007527612397475778,0.007183758497837996,0.008466240610000536,0.01071523098060441,
47179,0.0006412410560812699,0.0006412410560812699,0.0006412410560812699,0.0006598277533589879,0.0007155878451921419,0.0007992279829418728,0.0008456947261361677,0.0009107481666081806,0.0010501483961910653,0.0013289488553568348,0.00192372316824381,0.0018958431223272331,0.0022954571137981696,0.0027880045916576957,0.003289845418156081,0.00411695344701453,0.004786074549012378,0.004525860787124326,0.004563034181679762,0.0043399938143471465,0.004024019960625941,0.0040704867038202355,0.004172713538847685,0.0044608073466523126,0.004423633952096877,0.0047024344112626465,0.004897594732678685,0.005167101843205596,0.004813954594928955,0.005315795421427339,0.005678236018342841,0.005613182577870827,0.005325088770066199,0.006347357120340688,0.008735747720527447,0.006849197946839073,0.00823390689402906,0.008837974555554896,0.011588805752657156,0.012137113322349836,0.011142725017991923,0.01209064657915554,0.009916002997662538,0.008726454371888587,0.008401187169528522,0.007769239462086111,0.007815706205280408,0.008642814234138858,0.007862172948474702,0.007248811938310009,0.008122386710362754,0.007815706205280408,0.007527612397475778,0.007183758497837996,0.008466240610000536,0.01071523098060441,
47181,0.0006412410560812699,0.0006412410560812699,0.0006412410560812699,0.0006598277533589879,0.0007155878451921419,0.0007992279829418728,0.0008456947261361677,0.0009107481666081806,0.0010501483961910653,0.0013289488553568348,0.00192372316824381,0.0018958431223272331,0.0022954571137981696,0.0027880045916576957,0.003289845418156081,0.00411695344701453,0.004786074549012378,0.004525860787124326,0.004563034181679762,0.0043399938143471465,0.004024019960625941,0.0040704867038202355,0.004172713538847685,0.0044608073466523126,0.004423633952096877,0.0047024344112626465,0.004897594732678685,0.005167101843205596,0.004813954594928955,0.005315795421427339,0.005678236018342841,0.005613182577870827,0.005325088770066199,0.006347357120340688,0.008735747720527447,0.006849197946839073,0.00823390689402906,0.008837974555554896,0.011588805752657156,0.012137113322349836,0.011142725017991923,0.01209064657915554,0.009916002997662538,0.008726454371888587,0.008401187169528522,0.007769239462086111,0.007815706205280408,0.008642814234138858,0.007862172948474702,0.007248811938310009,0.008122386710362754,0.007815706205280408,0.007527612397475778,0.007183758497837996,0.008466240610000536,0.01071523098060441,
47183,0.0006412410560812699,0.0006412410560812699,0.0006412410560812699,0.0006598277533589879,0.0007155878451921419,0.0007992279829418728,0.0008456947261361677,0.0009107481666081806,0.0010501483961910653,0.0013289488553568348,0.00192372316824381,0.0018958431223272331,0.0022954571137981696,0.0027880045916576957,0.003289845418156081,0.00411695344701453,0.004786074549012378,0.004525860787124326,0.004563034181679762,0.0043399938143471465,0.004024019960625941,0.0040704867038202355,0.004172713538847685,0.0044608073466523126,0.004423633952096877,0.0047024344112626465,0.004897594732678685,0.005167101843205596,0.004813954594928955,0.005315795421427339,0.005678236018342841,0.005613182577870827,0.005325088770066199,0.006347357120340688,0.008735747720527447,0.006849197946839073,0.00823390689402906,0.008837974555554896,0.011588805752657156,0.012137113322349836,0.011142725017991923,0.01209064657915554,0.009916002997662538,0.008726454371888587,0.008401187169528522,0.007769239462086111,0.007815706205280408,0.008642814234138858,0.007862172948474702,0.007248811938310009,0.008122386710362754,0.007815706205280408,0.007527612397475778,0.007183758497837996,0.008466240610000536,0.01071523098060441,
47185,0.0006412410560812699,0.0006412410560812699,0.0006412410560812699,0.0006598277533589879,0.0007155878451921419,0.0007992279829418728,0.0008456947261361677,0.0009107481666081806,0.0010501483961910653,0.0013289488553568348,0.00192372316824381,0.0018958431223272331,0.0022954571137981696,0.0027880045916576957,0.003289845418156081,0.00411695344701453,0.004786074549012378,0.004525860787124326,0.004563034181679762,0.0043399938143471465,0.004024019960625941,0.0040704867038202355,0.004172713538847685,0.0044608073466523126,0.004423633952096877,0.0047024344112626465,0.004897594732678685,0.005167101843205596,0.004813954594928955,0.005315795421427339,0.005678236018342841,0.005613182577870827,0.005325088770066199,0.006347357120340688,0.008735747720527447,0.006849197946839073,0.00823390689402906,0.008837974555554896,0.011588805752657156,0.012137113322349836,0.011142725017991923,0.01209064657915554,0.009916002997662538,0.008726454371888587,0.008401187169528522,0.007769239462086111,0.007815706205280408,0.008642814234138858,0.007862172948474702,0.007248811938310009,0.008122386710362754,0.007815706205280408,0.007527612397475778,0.007183758497837996,0.008466240610000536,0.01071523098060441,
47187,0.0006412410560812699,0.0006412410560812699,0.0006412410560812699,0.0006598277533589879,0.0007155878451921419,0.0007992279829418728,0.0008456947261361677,0.0009107481666081806,0.0010501483961910653,0.0013289488553568348,0.00192372316824381,0.0018958431223272331,0.0022954571137981696,0.0027880045916576957,0.003289845418156081,0.00411695344701453,0.004786074549012378,0.004525860787124326,0.004563034181679762,0.0043399938143471465,0.004024019960625941,0.0040704867038202355,0.004172713538847685,0.0044608073466523126,0.004423633952096877,0.0047024344112626465,0.004897594732678685,0.005167101843205596,0.004813954594928955,0.005315795421427339,0.005678236018342841,0.005613182577870827,0.005325088770066199,0.006347357120340688,0.008735747720527447,0.006849197946839073,0.00823390689402906,0.008837974555554896,0.011588805752657156,0.012137113322349836,0.011142725017991923,0.01209064657915554,0.009916002997662538,0.008726454371888587,0.008401187169528522,0.007769239462086111,0.007815706205280408,0.008642814234138858,0.007862172948474702,0.007248811938310009,0.008122386710362754,0.007815706205280408,0.007527612397475778,0.007183758497837996,0.008466240610000536,0.01071523098060441,
47189,0.0006412410560812699,0.0006412410560812699,0.0006412410560812699,0.0006598277533589879,0.0007155878451921419,0.0007992279829418728,0.0008456947261361677,0.0009107481666081806,0.0010501483961910653,0.0013289488553568348,0.00192372316824381,0.0018958431223272331,0.0022954571137981696,0.0027880045916576957,0.003289845418156081,0.00411695344701453,0.004786074549012378,0.004525860787124326,0.004563034181679762,0.0043399938143471465,0.004024019960625941,0.0040704867038202355,0.004172713538847685,0.0044608073466523126,0.004423633952096877,0.0047024344112626465,0.004897594732678685,0.005167101843205596,0.004813954594928955,0.005315795421427339,0.005678236018342841,0.005613182577870827,0.005325088770066199,0.006347357120340688,0.008735747720527447,0.006849197946839073,0.00823390689402906,0.008837974555554896,0.011588805752657156,0.012137113322349836,0.011142725017991923,0.01209064657915554,0.009916002997662538,0.008726454371888587,0.008401187169528522,0.007769239462086111,0.007815706205280408,0.008642814234138858,0.007862172948474702,0.007248811938310009,0.008122386710362754,0.007815706205280408,0.007527612397475778,0.007183758497837996,0.008466240610000536,0.01071523098060441,
48001,0.0004089073401097954,0.0004089073401097954,0.00042749403738751333,0.0004182006887486544,0.0004646674319429493,0.0004832541292206673,0.0005204275237761033,0.0006598277533589879,0.0009758016070801935,0.0013196555067179758,0.0016728027549946175,0.002044536700548977,0.0026393110134359517,0.002778711243018837,0.0034199522991001066,0.004172713538847685,0.004693141062623788,0.004711727759901506,0.004535154135763185,0.003875326382404197,0.003958966520153927,0.0038939130796819153,0.0038195662905710433,0.00384744633648762,0.003726632804182453,0.003800979593293325,0.004135540144292248,0.004024019960625941,0.003800979593293325,0.003968259868792787,0.004563034181679762,0.00412624679565339,0.004107660098375671,0.005269328678233045,0.006022089917980623,0.005102048402733583,0.00705365161689397,0.007769239462086111,0.009730136024885358,0.00952568235483046,0.009079601620165228,0.010455017218716358,0.007574079140670074,0.0073417454246985986,0.006570397487673303,0.006161490147563507,0.006737677763172765,0.0076763059756975215,0.006430997258090418,0.006403117212173841,0.0071651718005602775,0.006087143358452635,0.005743289458814853,0.006068556661174918,0.007899346343030137,0.010743111026520988,0.009163241757914959
48003,0.0004089073401097954,0.0004089073401097954,0.00042749403738751333,0.0004182006887486544,0.0004646674319429493,0.0004832541292206673,0.0005204275237761033,0.0006598277533589879,0.0009758016070801935,0.0013196555067179758,0.0016728027549946175,0.002044536700548977,0.0026393110134359517,0.002778711243018837,0.0034199522991001066,0.004172713538847685,0.004693141062623788,0.004711727759901506,0.004535154135763185,0.003875326382404197,0.003958966520153927,0.0038939130796819153,0.0038195662905710433,0.00384744633648762,0.003726632804182453,0.003800979593293325,0.004135540144292248,0.004024019960625941,0.003800979593293325,0.003968259868792787,0.004563034181679762,0.00412624679565339,0.004107660098375671,0.005269328678233045,0.006022089917980623,0.005102048402733583,0.00705365161689397,0.007769239462086111,0.009730136024885358,0.00952568235483046,0.009079601620165228,0.010455017218716358,0.007574079140670074,0.0073417454246985986,0.006570397487673303,0.006161490147563507,0.006737677763172765,0.0076763059756975215,0.006430997258090418,0.006403117212173841,0.0071651718005602775,0.006087143358452635,0.005743289458814853,0.006068556661174918,0.007899346343030137,0.010743111026520988,0.009163241757914959
48005,0.0004089073401097954,0.0004089073401097954,0.00042749403738751333,0.0004182006887486544,0.0004646674319429493,0.0004832541292206673,0.0005204275237761033,0.0006598277533589879,0.0009758016070801935,0.0013196555067179758,0.0016728027549946175,0.002044536700548977,0.0026393110134359517,0.002778711243018837,0.0034199522991001066,0.004172713538847685,0.004693141062623788,0.004711727759901506,0.004535154135763185,0.003875326382404197,0.003958966520153927,0.0038939130796819153,0.0038195662905710433,0.00384744633648762,0.003726632804182453,0.003800979593293325,0.004135540144292248,0.004024019960625941,0.003800979593293325,0.003968259868792787,0.004563034181679762,0.00412624679565339,0.004107660098375671,0.005269328678233045,0.006022089917980623,0.005102048402733583,0.00705365161689397,0.007769239462086111,0.009730136024885358,0.00952568235483046,0.009079601620165228,0.010455017218716358,0.007574079140670074,0.0073417454246985986,0.006570397487673303,0.006161490147563507,0.006737677763172765,0.0076763059756975215,0.006430997258090418,0.006403117212173841,0.0071651718005602775,0.006087143358452635,0.005743289458814853,0.006068556661174918,0.007899346343030137,0.010743111026520988,0.009163241757914959
48007,0.0004089073401097954,0.0004089073401097954,0.00042749403738751333,0.0004182006887486544,0.0004646674319429493,0.0004832541292206673,0.0005204275237761033,0.0006598277533589879,0.0009758016070801935,0.0013196555067179758,0.0016728027549946175,0.002044536700548977,0.0026393110134359517,0.002778711243018837,0.0034199522991001066,0.004172713538847685,0.004693141062623788,0.004711727759901506,0.004535154135763185,0.003875326382404197,0.003958966520153927,0.0038939130796819153,0.0038195662905710433,0.00384744633648762,0.003726632804182453,0.003800979593293325,0.004135540144292248,0.004024019960625941,0.003800979593293325,0.003968259868792787,0.004563034181679762,0.00412624679565339,0.004107660098375671,0.005269328678233045,0.006022089917980623,0.005102048402733583,0.00705365161689397,0.007769239462086111,0.009730136024885358,0.00952568235483046,0.009079601620165228,0.010455017218716358,0.007574079140670074,0.0073417454246985986,0.006570397487673303,0.006161490147563507,0.006737677763172765,0.0076763059756975215,0.006430997258090418,0.006403117212173841,0.0071651718005602775,0.006087143358452635,0.005743289458814853,0.006068556661174918,0.007899346343030137,0.010743111026520988,0.009163241757914959
48009,0.0004089073401097954,0.0004089073401097954,0.00042749403738751333,0.0004182006887486544,0.0004646674319429493,0.0004832541292206673,0.0005204275237761033,0.0006598277533589879,0.0009758016070801935,0.0013196555067179758,0.0016728027549946175,0.002044536700548977,0.0026393110134359517,0.002778711243018837,0.0034199522991001066,0.004172713538847685,0.004693141062623788,0.004711727759901506,0.004535154135763185,0.003875326382404197,0.003958966520153927,0.0038939130796819153,0.0038195662905710433,0.00384744633648762,0.003726632804182453,0.003800979593293325,0.004135540144292248,0.004024019960625941,0.003800979593293325,0.003968259868792787,0.004563034181679762,0.00412624679565339,0.004107660098375671,0.005269328678233045,0.006022089917980623,0.005102048402733583,0.00705365161689397,0.007769239462086111,0.009730136024885358,0.00952568235483046,0.009079601620165228,0.010455017218716358,0.007574079140670074,0.0073417454246985986,0.006570397487673303,0.006161490147563507,0.006737677763172765,0.0076763059756975215,0.006430997258090418,0.006403117212173841,0.0071651718005602775,0.006087143358452635,0.005743289458814853,0.006068556661174918,0.007899346343030137,0.010743111026520988,0.009163241757914959
48011,0.0004089073401097954,0.0004089073401097954,0.00042749403738751333,0.0004182006887486544,0.0004646674319429493,0.0004832541292206673,0.0005204275237761033,0.0006598277533589879,0.0009758016070801935,0.0013196555067179758,0.0016728027549946175,0.002044536700548977,0.0026393110134359517,0.002778711243018837,0.0034199522991001066,0.004172713538847685,0.004693141062623788,0.004711727759901506,0.004535154135763185,0.003875326382404197,0.003958966520153927,0.0038939130796819153,0.0038195662905710433,0.00384744633648762,0.003726632804182453,0.003800979593293325,0.004135540144292248,0.004024019960625941,0.003800979593293325,0.003968259868792787,0.004563034181679762,0.00412624679565339,0.004107660098375671,0.005269328678233045,0.006022089917980623,0.005102048402733583,0.00705365161689397,0.007769239462086111,0.009730136024885358,0.00952568235483046,0.009079601620165228,0.010455017218716358,0.007574079140670074,0.0073417454246985986,0.006570397487673303,0.006161490147563507,0.006737677763172765,0.0076763059756975215,0.006430997258090418,0.006403117212173841,0.0071651718005602775,0.006087143358452635,0.005743289458814853,0.006068556661174918,0.007899346343030137,0.010743111026520988,0.009163241757914959
48013,0.0004089073401097954,0.0004089073401097954,0.00042749403738751333,0.0004182006887486544,0.0004646674319429493,0.0004832541292206673,0.0005204275237761033,0.0006598277533589879,0.0009758016070801935,0.0013196555067179758,0.0016728027549946175,0.002044536700548977,0.0026393110134359517,0.002778711243018837,0.0034199522991001066,0.004172713538847685,0.004693141062623788,0.004711727759901506,0.004535154135763185,0.003875326382404197,0.003958966520153927,0.0038939130796819153,0.0038195662905710433,0.00384744633648762,0.003726632804182453,0.003800979593293325,0.004135540144292248,0.004024019960625941,0.003800979593293325,0.003968259868792787,0.004563034181679762,0.00412624679565339,0.004107660098375671,0.005269328678233045,0.006022089917980623,0.005102048402733583,0.00705365161689397,0.007769239462086111,0.009730136024885358,0.00952568235483046,0.009079601620165228,0.010455017218716358,0.007574079140670074,0.0073417454246985986,0.006570397487673303,0.006161490147563507,0.006737677763172765,0.0076763059756975215,0.006430997258090418,0.006403117212173841,0.0071651718005602775,0.006087143358452635,0.005743289458814853,0.006068556661174918,0.007899346343030137,0.010743111026520988,0.009163241757914959
48015,0.0004089073401097954,0.0004089073401097954,0.00042749403738751333,0.0004182006887486544,0.0004646674319429493,0.0004832541292206673,0.0005204275237761033,0.0006598277533589879,0.0009758016070801935,0.0013196555067179758,0.0016728027549946175,0.002044536700548977,0.0026393110134359517,0.002778711243018837,0.0034199522991001066,0.004172713538847685,0.004693141062623788,0.004711727759901506,0.004535154135763185,0.003875326382404197,0.003958966520153927,0.0038939130796819153,0.0038195662905710433,0.00384744633648762,0.003726632804182453,0.003800979593293325,0.004135540144292248,0.004024019960625941,0.003800979593293325,0.003968259868792787,0.004563034181679762,0.00412624679565339,0.004107660098375671,0.005269328678233045,0.006022089917980623,0.005102048402733583,0.00705365161689397,0.007769239462086111,0.009730136024885358,0.00952568235483046,0.009079601620165228,0.010455017218716358,0.007574079140670074,0.0073417454246985986,0.006570397487673303,0.006161490147563507,0.006737677763172765,0.0076763059756975215,0.006430997258090418,0.006403117212173841,0.0071651718005602775,0.006087143358452635,0.005743289458814853,0.006068556661174918,0.007899346343030137,0.010743111026520988,0.009163241757914959
48017,0.0004089073401097954,0.0004089073401097954,0.00042749403738751333,0.0004182006887486544,0.0004646674319429493,0.0004832541292206673,0.0005204275237761033,0.0006598277533589879,0.0009758016070801935,0.0013196555067179758,0.0016728027549946175,0.002044536700548977,0.0026393110134359517,0.002778711243018837,0.0034199522991001066,0.004172713538847685,0.004693141062623788,0.004711727759901506,0.004535154135763185,0.003875326382404197,0.003958966520153927,0.0038939130796819153,0.0038195662905710433,0.00384744633648762,0.003726632804182453,0.003800979593293325,0.004135540144292248,0.004024019960625941,0.003800979593293325,0.003968259868792787,0.004563034181679762,0.00412624679565339,0.004107660098375671,0.005269328678233045,0.006022089917980623,0.005102048402733583,0.00705365161689397,0.007769239462086111,0.009730136024885358,0.00952568235483046,0.009079601620165228,0.010455017218716358,0.007574079140670074,0.0073417454246985986,0.006570397487673303,0.006161490147563507,0.006737677763172765,0.0076763059756975215,0.006430997258090418,0.006403117212173841,0.0071651718005602775,0.006087143358452635,0.005743289458814853,0.006068556661174918,0.007899346343030137,0.010743111026520988,0.009163241757914959
48019,0.0004089073401097954,0.0004089073401097954,0.00042749403738751333,0.0004182006887486544,0.0004646674319429493,0.0004832541292206673,0.0005204275237761033,0.0006598277533589879,0.0009758016070801935,0.0013196555067179758,0.0016728027549946175,0.002044536700548977,0.0026393110134359517,0.002778711243018837,0.0034199522991001066,0.004172713538847685,0.004693141062623788,0.004711727759901506,0.004535154135763185,0.003875326382404197,0.003958966520153927,0.0038939130796819153,0.0038195662905710433,0.00384744633648762,0.003726632804182453,0.003800979593293325,0.004135540144292248,0.004024019960625941,0.003800979593293325,0.003968259868792787,0.004563034181679762,0.00412624679565339,0.004107660098375671,0.005269328678233045,0.006022089917980623,0.005102048402733583,0.00705365161689397,0.007769239462086111,0.009730136024885358,0.00952568235483046,0.009079601620165228,0.010455017218716358,0.007574079140670074,0.0073417454246985986,0.006570397487673303,0.006161490147563507,0.006737677763172765,0.0076763059756975215,0.006430997258090418,0.006403117212173841,0.0071651718005602775,0.006087143358452635,0.005743289458814853,0.006068556661174918,0.007899346343030137,0.010743111026520988,0.009163241757914959
48021,0.0004089073401097954,0.0004089073401097954,0.00042749403738751333,0.0004182006887486544,0.0004646674319429493,0.0004832541292206673,0.0005204275237761033,0.0006598277533589879,0.0009758016070801935,0.0013196555067179758,0.0016728027549946175,0.002044536700548977,0.0026393110134359517,0.002778711243018837,0.0034199522991001066,0.004172713538847685,0.004693141062623788,0.004711727759901506,0.004535154135763185,0.003875326382404197,0.003958966520153927,0.0038939130796819153,0.0038195662905710433,0.00384744633648762,0.003726632804182453,0.003800979593293325,0.004135540144292248,0.004024019960625941,0.003800979593293325,0.003968259868792787,0.004563034181679762,0.00412624679565339,0.004107660098375671,0.005269328678233045,0.006022089917980623,0.005102048402733583,0.00705365161689397,0.007769239462086111,0.009730136024885358,0.00952568235483046,0.009079601620165228,0.010455017218716358,0.007574079140670074,0.0073417454246985986,0.006570397487673303,0.006161490147563507,0.006737677763172765,0.0076763059756975215,0.006430997258090418,0.006403117212173841,0.0071651718005602775,0.006087143358452635,0.005743289458814853,0.006068556661174918,0.007899346343030137,0.010743111026520988,0.009163241757914959
48023,0.0004089073401097954,0.0004089073401097954,0.00042749403738751333,0.0004182006887486544,0.0004646674319429493,0.0004832541292206673,0.0005204275237761033,0.0006598277533589879,0.0009758016070801935,0.0013196555067179758,0.0016728027549946175,0.002044536700548977,0.0026393110134359517,0.002778711243018837,0.0034199522991001066,0.004172713538847685,0.004693141062623788,0.004711727759901506,0.004535154135763185,0.003875326382404197,0.003958966520153927,0.0038939130796819153,0.0038195662905710433,0.00384744633648762,0.003726632804182453,0.003800979593293325,0.004135540144292248,0.004024019960625941,0.003800979593293325,0.003968259868792787,0.004563034181679762,0.00412624679565339,0.004107660098375671,0.005269328678233045,0.006022089917980623,0.005102048402733583,0.00705365161689397,0.007769239462086111,0.009730136024885358,0.00952568235483046,0.009079601620165228,0.010455017218716358,0.007574079140670074,0.0073417454246985986,0.006570397487673303,0.006161490147563507,0.006737677763172765,0.0076763059756975215,0.006430997258090418,0.006403117212173841,0.0071651718005602775,0.006087143358452635,0.005743289458814853,0.006068556661174918,0.007899346343030137,0.010743111026520988,0.009163241757914959
48025,0.0004089073401097954,0.0004089073401097954,0.00042749403738751333,0.0004182006887486544,0.0004646674319429493,0.0004832541292206673,0.0005204275237761033,0.0006598277533589879,0.0009758016070801935,0.0013196555067179758,0.0016728027549946175,0.002044536700548977,0.0026393110134359517,0.002778711243018837,0.0034199522991001066,0.004172713538847685,0.004693141062623788,0.004711727759901506,0.004535154135763185,0.003875326382404197,0.003958966520153927,0.0038939130796819153,0.0038195662905710433,0.00384744633648762,0.003726632804182453,0.003800979593293325,0.004135540144292248,0.004024019960625941,0.003800979593293325,0.003968259868792787,0.004563034181679762,0.00412624679565339,0.004107660098375671,0.005269328678233045,0.006022089917980623,0.005102048402733583,0.00705365161689397,0.007769239462086111,0.009730136024885358,0.00952568235483046,0.009079601620165228,0.010455017218716358,0.007574079140670074,0.0073417454246985986,0.006570397487673303,0.006161490147563507,0.006737677763172765,0.0076763059756975215,0.006430997258090418,0.006403117212173841,0.0071651718005602775,0.006087143358452635,0.005743289458814853,0.006068556661174918,0.007899346343030137,0.010743111026520988,0.009163241757914959
48027,0.0004089073401097954,0.0004089073401097954,0.00042749403738751333,0.0004182006887486544,0.0004646674319429493,0.0004832541292206673,0.0005204275237761033,0.0006598277533589879,0.0009758016070801935,0.0013196555067179758,0.0016728027549946175,0.002044536700548977,0.0026393110134359517,0.002778711243018837,0.0034199522991001066,0.004172713538847685,0.004693141062623788,0.004711727759901506,0.004535154135763185,0.003875326382404197,0.003958966520153927,0.0038939130796819153,0.0038195662905710433,0.00384744633648762,0.003726632804182453,0.003800979593293325,0.004135540144292248,0.004024019960625941,0.003800979593293325,0.003968259868792787,0.004563034181679762,0.00412624679565339,0.004107660098375671,0.005269328678233045,0.006022089917980623,0.005102048402733583,0.00705365161689397,0.007769239462086111,0.009730136024885358,0.00952568235483046,0.009079601620165228,0.010455017218716358,0.007574079140670074,0.0073417454246985986,0.006570397487673303,0.006161490147563507,0.006737677763172765,0.0076763059756975215,0.006430997258090418,0.006403117212173841,0.0071651718005602775,0.006087143358452635,0.005743289458814853,0.006068556661174918,0.007899346343030137,0.010743111026520988,0.009163241757914959
48029,0.0004089073401097954,0.0004089073401097954,0.00042749403738751333,0.0004182006887486544,0.0004646674319429493,0.0004832541292206673,0.0005204275237761033,0.0006598277533589879,0.0009758016070801935,0.0013196555067179758,0.0016728027549946175,0.002044536700548977,0.0026393110134359517,0.002778711243018837,0.0034199522991001066,0.004172713538847685,0.004693141062623788,0.004711727759901506,0.004535154135763185,0.003875326382404197,0.003958966520153927,0.0038939130796819153,0.0038195662905710433,0.00384744633648762,0.003726632804182453,0.003800979593293325,0.004135540144292248,0.004024019960625941,0.003800979593293325,0.003968259868792787,0.004563034181679762,0.00412624679565339,0.004107660098375671,0.005269328678233045,0.006022089917980623,0.005102048402733583,0.00705365161689397,0.007769239462086111,0.009730136024885358,0.00952568235483046,0.009079601620165228,0.010455017218716358,0.007574079140670074,0.0073417454246985986,0.006570397487673303,0.006161490147563507,0.006737677763172765,0.0076763059756975215,0.006430997258090418,0.006403117212173841,0.0071651718005602775,0.006087143358452635,0.005743289458814853,0.006068556661174918,0.007899346343030137,0.010743111026520988,0.009163241757914959
48031,0.0004089073401097954,0.0004089073401097954,0.00042749403738751333,0.0004182006887486544,0.0004646674319429493,0.0004832541292206673,0.0005204275237761033,0.0006598277533589879,0.0009758016070801935,0.0013196555067179758,0.0016728027549946175,0.002044536700548977,0.0026393110134359517,0.002778711243018837,0.0034199522991001066,0.004172713538847685,0.004693141062623788,0.004711727759901506,0.004535154135763185,0.003875326382404197,0.003958966520153927,0.0038939130796819153,0.0038195662905710433,0.00384744633648762,0.003726632804182453,0.003800979593293325,0.004135540144292248,0.004024019960625941,0.003800979593293325,0.003968259868792787,0.004563034181679762,0.00412624679565339,0.004107660098375671,0.005269328678233045,0.006022089917980623,0.005102048402733583,0.00705365161689397,0.007769239462086111,0.009730136024885358,0.00952568235483046,0.009079601620165228,0.010455017218716358,0.007574079140670074,0.0073417454246985986,0.006570397487673303,0.006161490147563507,0.006737677763172765,0.0076763059756975215,0.006430997258090418,0.006403117212173841,0.0071651718005602775,0.006087143358452635,0.005743289458814853,0.006068556661174918,0.007899346343030137,0.010743111026520988,0.009163241757914959
48033,0.0004089073401097954,0.0004089073401097954,0.00042749403738751333,0.0004182006887486544,0.0004646674319429493,0.0004832541292206673,0.0005204275237761033,0.0006598277533589879,0.0009758016070801935,0.0013196555067179758,0.0016728027549946175,0.002044536700548977,0.0026393110134359517,0.002778711243018837,0.0034199522991001066,0.004172713538847685,0.004693141062623788,0.004711727759901506,0.004535154135763185,0.003875326382404197,0.003958966520153927,0.0038939130796819153,0.0038195662905710433,0.00384744633648762,0.003726632804182453,0.003800979593293325,0.004135540144292248,0.004024019960625941,0.003800979593293325,0.003968259868792787,0.004563034181679762,0.00412624679565339,0.004107660098375671,0.005269328678233045,0.006022089917980623,0.005102048402733583,0.00705365161689397,0.007769239462086111,0.009730136024885358,0.00952568235483046,0.009079601620165228,0.010455017218716358,0.007574079140670074,0.0073417454246985986,0.006570397487673303,0.006161490147563507,0.006737677763172765,0.0076763059756975215,0.006430997258090418,0.006403117212173841,0.0071651718005602775,0.006087143358452635,0.005743289458814853,0.006068556661174918,0.007899346343030137,0.010743111026520988,0.009163241757914959
48035,0.0004089073401097954,0.0004089073401097954,0.00042749403738751333,0.0004182006887486544,0.0004646674319429493,0.0004832541292206673,0.0005204275237761033,0.0006598277533589879,0.0009758016070801935,0.0013196555067179758,0.0016728027549946175,0.002044536700548977,0.0026393110134359517,0.002778711243018837,0.0034199522991001066,0.004172713538847685,0.004693141062623788,0.004711727759901506,0.004535154135763185,0.003875326382404197,0.003958966520153927,0.0038939130796819153,0.0038195662905710433,0.00384744633648762,0.003726632804182453,0.003800979593293325,0.004135540144292248,0.004024019960625941,0.003800979593293325,0.003968259868792787,0.004563034181679762,0.00412624679565339,0.004107660098375671,0.005269328678233045,0.006022089917980623,0.005102048402733583,0.00705365161689397,0.007769239462086111,0.009730136024885358,0.00952568235483046,0.009079601620165228,0.010455017218716358,0.007574079140670074,0.0073417454246985986,0.006570397487673303,0.006161490147563507,0.006737677763172765,0.0076763059756975215,0.006430997258090418,0.006403117212173841,0.0071651718005602775,0.006087143358452635,0.005743289458814853,0.006068556661174918,0.007899346343030137,0.010743111026520988,0.009163241757914959
48037,0.0004089073401097954,0.0004089073401097954,0.00042749403738751333,0.0004182006887486544,0.0004646674319429493,0.0004832541292206673,0.0005204275237761033,0.0006598277533589879,0.0009758016070801935,0.0013196555067179758,0.0016728027549946175,0.002044536700548977,0.0026393110134359517,0.002778711243018837,0.0034199522991001066,0.004172713538847685,0.004693141062623788,0.004711727759901506,0.004535154135763185,0.003875326382404197,0.003958966520153927,0.0038939130796819153,0.0038195662905710433,0.00384744633648762,0.003726632804182453,0.003800979593293325,0.004135540144292248,0.004024019960625941,0.003800979593293325,0.003968259868792787,0.004563034181679762,0.00412624679565339,0.004107660098375671,0.005269328678233045,0.006022089917980623,0.005102048402733583,0.00705365161689397,0.007769239462086111,0.009730136024885358,0.00952568235483046,0.009079601620165228,0.010455017218716358,0.007574079140670074,0.0073417454246985986,0.006570397487673303,0.006161490147563507,0.006737677763172765,0.0076763059756975215,0.006430997258090418,0.006403117212173841,0.0071651718005602775,0.006087143358452635,0.005743289458814853,0.006068556661174918,0.007899346343030137,0.010743111026520988,0.009163241757914959
48039,0.0004089073401097954,0.0004089073401097954,0.00042749403738751333,0.0004182006887486544,0.0004646674319429493,0.0004832541292206673,0.0005204275237761033,0.0006598277533589879,0.0009758016070801935,0.0013196555067179758,0.0016728027549946175,0.002044536700548977,0.0026393110134359517,0.002778711243018837,0.0034199522991001066,0.004172713538847685,0.004693141062623788,0.004711727759901506,0.004535154135763185,0.003875326382404197,0.003958966520153927,0.0038939130796819153,0.0038195662905710433,0.00384744633648762,0.003726632804182453,0.003800979593293325,0.004135540144292248,0.004024019960625941,0.003800979593293325,0.003968259868792787,0.004563034181679762,0.00412624679565339,0.004107660098375671,0.005269328678233045,0.006022089917980623,0.005102048402733583,0.00705365161689397,0.007769239462086111,0.009730136024885358,0.00952568235483046,0.009079601620165228,0.010455017218716358,0.007574079140670074,0.0073417454246985986,0.006570397487673303,0.006161490147563507,0.006737677763172765,0.0076763059756975215,0.006430997258090418,0.006403117212173841,0.0071651718005602775,0.006087143358452635,0.005743289458814853,0.006068556661174918,0.007899346343030137,0.010743111026520988,0.009163241757914959
48041,0.0004089073401097954,0.0004089073401097954,0.00042749403738751333,0.0004182006887486544,0.0004646674319429493,0.0004832541292206673,0.0005204275237761033,0.0006598277533589879,0.0009758016070801935,0.0013196555067179758,0.0016728027549946175,0.002044536700548977,0.0026393110134359517,0.002778711243018837,0.0034199522991001066,0.004172713538847685,0.004693141062623788,0.004711727759901506,0.004535154135763185,0.003875326382404197,0.003958966520153927,0.0038939130796819153,0.0038195662905710433,0.00384744633648762,0.003726632804182453,0.003800979593293325,0.004135540144292248,0.004024019960625941,0.003800979593293325,0.003968259868792787,0.004563034181679762,0.00412624679565339,0.004107660098375671,0.005269328678233045,0.006022089917980623,0.005102048402733583,0.00705365161689397,0.007769239462086111,0.009730136024885358,0.00952568235483046,0.009079601620165228,0.010455017218716358,0.007574079140670074,0.0073417454246985986,0.006570397487673303,0.006161490147563507,0.006737677763172765,0.0076763059756975215,0.006430997258090418,0.006403117212173841,0.0071651718005602775,0.006087143358452635,0.005743289458814853,0.006068556661174918,0.007899346343030137,0.010743111026520988,0.009163241757914959
48043,0.0004089073401097954,0.0004089073401097954,0.00042749403738751333,0.0004182006887486544,0.0004646674319429493,0.0004832541292206673,0.0005204275237761033,0.0006598277533589879,0.0009758016070801935,0.0013196555067179758,0.0016728027549946175,0.002044536700548977,0.0026393110134359517,0.002778711243018837,0.0034199522991001066,0.004172713538847685,0.004693141062623788,0.004711727759901506,0.004535154135763185,0.003875326382404197,0.003958966520153927,0.0038939130796819153,0.0038195662905710433,0.00384744633648762,0.003726632804182453,0.003800979593293325,0.004135540144292248,0.004024019960625941,0.003800979593293325,0.003968259868792787,0.004563034181679762,0.00412624679565339,0.004107660098375671,0.005269328678233045,0.006022089917980623,0.005102048402733583,0.00705365161689397,0.007769239462086111,0.009730136024885358,0.00952568235483046,0.009079601620165228,0.010455017218716358,0.007574079140670074,0.0073417454246985986,0.006570397487673303,0.006161490147563507,0.006737677763172765,0.0076763059756975215,0.006430997258090418,0.006403117212173841,0.0071651718005602775,0.006087143358452635,0.005743289458814853,0.006068556661174918,0.007899346343030137,0.010743111026520988,0.009163241757914959
48045,0.0004089073401097954,0.0004089073401097954,0.00042749403738751333,0.0004182006887486544,0.0004646674319429493,0.0004832541292206673,0.0005204275237761033,0.0006598277533589879,0.0009758016070801935,0.0013196555067179758,0.0016728027549946175,0.002044536700548977,0.0026393110134359517,0.002778711243018837,0.0034199522991001066,0.004172713538847685,0.004693141062623788,0.004711727759901506,0.004535154135763185,0.003875326382404197,0.003958966520153927,0.0038939130796819153,0.0038195662905710433,0.00384744633648762,0.003726632804182453,0.003800979593293325,0.004135540144292248,0.004024019960625941,0.003800979593293325,0.003968259868792787,0.004563034181679762,0.00412624679565339,0.004107660098375671,0.005269328678233045,0.006022089917980623,0.005102048402733583,0.00705365161689397,0.007769239462086111,0.009730136024885358,0.00952568235483046,0.009079601620165228,0.010455017218716358,0.007574079140670074,0.0073417454246985986,0.006570397487673303,0.006161490147563507,0.006737677763172765,0.0076763059756975215,0.006430997258090418,0.006403117212173841,0.0071651718005602775,0.006087143358452635,0.005743289458814853,0.006068556661174918,0.007899346343030137,0.010743111026520988,0.009163241757914959
48047,0.0004089073401097954,0.0004089073401097954,0.00042749403738751333,0.0004182006887486544,0.0004646674319429493,0.0004832541292206673,0.0005204275237761033,0.0006598277533589879,0.0009758016070801935,0.0013196555067179758,0.0016728027549946175,0.002044536700548977,0.0026393110134359517,0.002778711243018837,0.0034199522991001066,0.004172713538847685,0.004693141062623788,0.004711727759901506,0.004535154135763185,0.003875326382404197,0.003958966520153927,0.0038939130796819153,0.0038195662905710433,0.00384744633648762,0.003726632804182453,0.003800979593293325,0.004135540144292248,0.004024019960625941,0.003800979593293325,0.003968259868792787,0.004563034181679762,0.00412624679565339,0.004107660098375671,0.005269328678233045,0.006022089917980623,0.005102048402733583,0.00705365161689397,0.007769239462086111,0.009730136024885358,0.00952568235483046,0.009079601620165228,0.010455017218716358,0.007574079140670074,0.0073417454246985986,0.006570397487673303,0.006161490147563507,0.006737677763172765,0.0076763059756975215,0.006430997258090418,0.006403117212173841,0.0071651718005602775,0.006087143358452635,0.005743289458814853,0.006068556661174918,0.007899346343030137,0.010743111026520988,0.009163241757914959
48049,0.0004089073401097954,0.0004089073401097954,0.00042749403738751333,0.0004182006887486544,0.0004646674319429493,0.0004832541292206673,0.0005204275237761033,0.0006598277533589879,0.0009758016070801935,0.0013196555067179758,0.0016728027549946175,0.002044536700548977,0.0026393110134359517,0.002778711243018837,0.0034199522991001066,0.004172713538847685,0.004693141062623788,0.004711727759901506,0.004535154135763185,0.003875326382404197,0.003958966520153927,0.0038939130796819153,0.0038195662905710433,0.00384744633648762,0.003726632804182453,0.003800979593293325,0.004135540144292248,0.004024019960625941,0.003800979593293325,0.003968259868792787,0.004563034181679762,0.00412624679565339,0.004107660098375671,0.005269328678233045,0.006022089917980623,0.005102048402733583,0.00705365161689397,0.007769239462086111,0.009730136024885358,0.00952568235483046,0.009079601620165228,0.010455017218716358,0.007574079140670074,0.0073417454246985986,0.006570397487673303,0.006161490147563507,0.006737677763172765,0.0076763059756975215,0.006430997258090418,0.006403117212173841,0.0071651718005602775,0.006087143358452635,0.005743289458814853,0.006068556661174918,0.007899346343030137,0.010743111026520988,0.009163241757914959
48051,0.0004089073401097954,0.0004089073401097954,0.00042749403738751333,0.0004182006887486544,0.0004646674319429493,0.0004832541292206673,0.0005204275237761033,0.0006598277533589879,0.0009758016070801935,0.0013196555067179758,0.0016728027549946175,0.002044536700548977,0.0026393110134359517,0.002778711243018837,0.0034199522991001066,0.004172713538847685,0.004693141062623788,0.004711727759901506,0.004535154135763185,0.003875326382404197,0.003958966520153927,0.0038939130796819153,0.0038195662905710433,0.00384744633648762,0.003726632804182453,0.003800979593293325,0.004135540144292248,0.004024019960625941,0.003800979593293325,0.003968259868792787,0.004563034181679762,0.00412624679565339,0.004107660098375671,0.005269328678233045,0.006022089917980623,0.005102048402733583,0.00705365161689397,0.007769239462086111,0.009730136024885358,0.00952568235483046,0.009079601620165228,0.010455017218716358,0.007574079140670074,0.0073417454246985986,0.006570397487673303,0.006161490147563507,0.006737677763172765,0.0076763059756975215,0.006430997258090418,0.006403117212173841,0.0071651718005602775,0.006087143358452635,0.005743289458814853,0.006068556661174918,0.007899346343030137,0.010743111026520988,0.009163241757914959
48053,0.0004089073401097954,0.0004089073401097954,0.00042749403738751333,0.0004182006887486544,0.0004646674319429493,0.0004832541292206673,0.0005204275237761033,0.0006598277533589879,0.0009758016070801935,0.0013196555067179758,0.0016728027549946175,0.002044536700548977,0.0026393110134359517,0.002778711243018837,0.0034199522991001066,0.004172713538847685,0.004693141062623788,0.004711727759901506,0.004535154135763185,0.003875326382404197,0.003958966520153927,0.0038939130796819153,0.0038195662905710433,0.00384744633648762,0.003726632804182453,0.003800979593293325,0.004135540144292248,0.004024019960625941,0.003800979593293325,0.003968259868792787,0.004563034181679762,0.00412624679565339,0.004107660098375671,0.005269328678233045,0.006022089917980623,0.005102048402733583,0.00705365161689397,0.007769239462086111,0.009730136024885358,0.00952568235483046,0.009079601620165228,0.010455017218716358,0.007574079140670074,0.0073417454246985986,0.006570397487673303,0.006161490147563507,0.006737677763172765,0.0076763059756975215,0.006430997258090418,0.006403117212173841,0.0071651718005602775,0.006087143358452635,0.005743289458814853,0.006068556661174918,0.007899346343030137,0.010743111026520988,0.009163241757914959
48055,0.0004089073401097954,0.0004089073401097954,0.00042749403738751333,0.0004182006887486544,0.0004646674319429493,0.0004832541292206673,0.0005204275237761033,0.0006598277533589879,0.0009758016070801935,0.0013196555067179758,0.0016728027549946175,0.002044536700548977,0.0026393110134359517,0.002778711243018837,0.0034199522991001066,0.004172713538847685,0.004693141062623788,0.004711727759901506,0.004535154135763185,0.003875326382404197,0.003958966520153927,0.0038939130796819153,0.0038195662905710433,0.00384744633648762,0.003726632804182453,0.003800979593293325,0.004135540144292248,0.004024019960625941,0.003800979593293325,0.003968259868792787,0.004563034181679762,0.00412624679565339,0.004107660098375671,0.005269328678233045,0.006022089917980623,0.005102048402733583,0.00705365161689397,0.007769239462086111,0.009730136024885358,0.00952568235483046,0.009079601620165228,0.010455017218716358,0.007574079140670074,0.0073417454246985986,0.006570397487673303,0.006161490147563507,0.006737677763172765,0.0076763059756975215,0.006430997258090418,0.006403117212173841,0.0071651718005602775,0.006087143358452635,0.005743289458814853,0.006068556661174918,0.007899346343030137,0.010743111026520988,0.009163241757914959
48057,0.0004089073401097954,0.0004089073401097954,0.00042749403738751333,0.0004182006887486544,0.0004646674319429493,0.0004832541292206673,0.0005204275237761033,0.0006598277533589879,0.0009758016070801935,0.0013196555067179758,0.0016728027549946175,0.002044536700548977,0.0026393110134359517,0.002778711243018837,0.0034199522991001066,0.004172713538847685,0.004693141062623788,0.004711727759901506,0.004535154135763185,0.003875326382404197,0.003958966520153927,0.0038939130796819153,0.0038195662905710433,0.00384744633648762,0.003726632804182453,0.003800979593293325,0.004135540144292248,0.004024019960625941,0.003800979593293325,0.003968259868792787,0.004563034181679762,0.00412624679565339,0.004107660098375671,0.005269328678233045,0.006022089917980623,0.005102048402733583,0.00705365161689397,0.007769239462086111,0.009730136024885358,0.00952568235483046,0.009079601620165228,0.010455017218716358,0.007574079140670074,0.0073417454246985986,0.006570397487673303,0.006161490147563507,0.006737677763172765,0.0076763059756975215,0.006430997258090418,0.006403117212173841,0.0071651718005602775,0.006087143358452635,0.005743289458814853,0.006068556661174918,0.007899346343030137,0.010743111026520988,0.009163241757914959
48059,0.0004089073401097954,0.0004089073401097954,0.00042749403738751333,0.0004182006887486544,0.0004646674319429493,0.0004832541292206673,0.0005204275237761033,0.0006598277533589879,0.0009758016070801935,0.0013196555067179758,0.0016728027549946175,0.002044536700548977,0.0026393110134359517,0.002778711243018837,0.0034199522991001066,0.004172713538847685,0.004693141062623788,0.004711727759901506,0.004535154135763185,0.003875326382404197,0.003958966520153927,0.0038939130796819153,0.0038195662905710433,0.00384744633648762,0.003726632804182453,0.003800979593293325,0.004135540144292248,0.004024019960625941,0.003800979593293325,0.003968259868792787,0.004563034181679762,0.00412624679565339,0.004107660098375671,0.005269328678233045,0.006022089917980623,0.005102048402733583,0.00705365161689397,0.007769239462086111,0.009730136024885358,0.00952568235483046,0.009079601620165228,0.010455017218716358,0.007574079140670074,0.0073417454246985986,0.006570397487673303,0.006161490147563507,0.006737677763172765,0.0076763059756975215,0.006430997258090418,0.006403117212173841,0.0071651718005602775,0.006087143358452635,0.005743289458814853,0.006068556661174918,0.007899346343030137,0.010743111026520988,0.009163241757914959
48061,0.0004089073401097954,0.0004089073401097954,0.00042749403738751333,0.0004182006887486544,0.0004646674319429493,0.0004832541292206673,0.0005204275237761033,0.0006598277533589879,0.0009758016070801935,0.0013196555067179758,0.0016728027549946175,0.002044536700548977,0.0026393110134359517,0.002778711243018837,0.0034199522991001066,0.004172713538847685,0.004693141062623788,0.004711727759901506,0.004535154135763185,0.003875326382404197,0.003958966520153927,0.0038939130796819153,0.0038195662905710433,0.00384744633648762,0.003726632804182453,0.003800979593293325,0.004135540144292248,0.004024019960625941,0.003800979593293325,0.003968259868792787,0.004563034181679762,0.00412624679565339,0.004107660098375671,0.005269328678233045,0.006022089917980623,0.005102048402733583,0.00705365161689397,0.007769239462086111,0.009730136024885358,0.00952568235483046,0.009079601620165228,0.010455017218716358,0.007574079140670074,0.0073417454246985986,0.006570397487673303,0.006161490147563507,0.006737677763172765,0.0076763059756975215,0.006430997258090418,0.006403117212173841,0.0071651718005602775,0.006087143358452635,0.005743289458814853,0.006068556661174918,0.007899346343030137,0.010743111026520988,0.009163241757914959
48063,0.0004089073401097954,0.0004089073401097954,0.00042749403738751333,0.0004182006887486544,0.0004646674319429493,0.0004832541292206673,0.0005204275237761033,0.0006598277533589879,0.0009758016070801935,0.0013196555067179758,0.0016728027549946175,0.002044536700548977,0.0026393110134359517,0.002778711243018837,0.0034199522991001066,0.004172713538847685,0.004693141062623788,0.004711727759901506,0.004535154135763185,0.003875326382404197,0.003958966520153927,0.0038939130796819153,0.0038195662905710433,0.00384744633648762,0.003726632804182453,0.003800979593293325,0.004135540144292248,0.004024019960625941,0.003800979593293325,0.003968259868792787,0.004563034181679762,0.00412624679565339,0.004107660098375671,0.005269328678233045,0.006022089917980623,0.005102048402733583,0.00705365161689397,0.007769239462086111,0.009730136024885358,0.00952568235483046,0.009079601620165228,0.010455017218716358,0.007574079140670074,0.0073417454246985986,0.006570397487673303,0.006161490147563507,0.006737677763172765,0.0076763059756975215,0.006430997258090418,0.006403117212173841,0.0071651718005602775,0.006087143358452635,0.005743289458814853,0.006068556661174918,0.007899346343030137,0.010743111026520988,0.009163241757914959
48065,0.0004089073401097954,0.0004089073401097954,0.00042749403738751333,0.0004182006887486544,0.0004646674319429493,0.0004832541292206673,0.0005204275237761033,0.0006598277533589879,0.0009758016070801935,0.0013196555067179758,0.0016728027549946175,0.002044536700548977,0.0026393110134359517,0.002778711243018837,0.0034199522991001066,0.004172713538847685,0.004693141062623788,0.004711727759901506,0.004535154135763185,0.003875326382404197,0.003958966520153927,0.0038939130796819153,0.0038195662905710433,0.00384744633648762,0.003726632804182453,0.003800979593293325,0.004135540144292248,0.004024019960625941,0.003800979593293325,0.003968259868792787,0.004563034181679762,0.00412624679565339,0.004107660098375671,0.005269328678233045,0.006022089917980623,0.005102048402733583,0.00705365161689397,0.007769239462086111,0.009730136024885358,0.00952568235483046,0.009079601620165228,0.010455017218716358,0.007574079140670074,0.0073417454246985986,0.006570397487673303,0.006161490147563507,0.006737677763172765,0.0076763059756975215,0.006430997258090418,0.006403117212173841,0.0071651718005602775,0.006087143358452635,0.005743289458814853,0.006068556661174918,0.007899346343030137,0.010743111026520988,0.009163241757914959
48067,0.0004089073401097954,0.0004089073401097954,0.00042749403738751333,0.0004182006887486544,0.0004646674319429493,0.0004832541292206673,0.0005204275237761033,0.0006598277533589879,0.0009758016070801935,0.0013196555067179758,0.0016728027549946175,0.002044536700548977,0.0026393110134359517,0.002778711243018837,0.0034199522991001066,0.004172713538847685,0.004693141062623788,0.004711727759901506,0.004535154135763185,0.003875326382404197,0.003958966520153927,0.0038939130796819153,0.0038195662905710433,0.00384744633648762,0.003726632804182453,0.003800979593293325,0.004135540144292248,0.004024019960625941,0.003800979593293325,0.003968259868792787,0.004563034181679762,0.00412624679565339,0.004107660098375671,0.005269328678233045,0.006022089917980623,0.005102048402733583,0.00705365161689397,0.007769239462086111,0.009730136024885358,0.00952568235483046,0.009079601620165228,0.010455017218716358,0.007574079140670074,0.0073417454246985986,0.006570397487673303,0.006161490147563507,0.006737677763172765,0.0076763059756975215,0.006430997258090418,0.006403117212173841,0.0071651718005602775,0.006087143358452635,0.005743289458814853,0.006068556661174918,0.007899346343030137,0.010743111026520988,0.009163241757914959
48069,0.0004089073401097954,0.0004089073401097954,0.00042749403738751333,0.0004182006887486544,0.0004646674319429493,0.0004832541292206673,0.0005204275237761033,0.0006598277533589879,0.0009758016070801935,0.0013196555067179758,0.0016728027549946175,0.002044536700548977,0.0026393110134359517,0.002778711243018837,0.0034199522991001066,0.004172713538847685,0.004693141062623788,0.004711727759901506,0.004535154135763185,0.003875326382404197,0.003958966520153927,0.0038939130796819153,0.0038195662905710433,0.00384744633648762,0.003726632804182453,0.003800979593293325,0.004135540144292248,0.004024019960625941,0.003800979593293325,0.003968259868792787,0.004563034181679762,0.00412624679565339,0.004107660098375671,0.005269328678233045,0.006022089917980623,0.005102048402733583,0.00705365161689397,0.007769239462086111,0.009730136024885358,0.00952568235483046,0.009079601620165228,0.010455017218716358,0.007574079140670074,0.0073417454246985986,0.006570397487673303,0.006161490147563507,0.006737677763172765,0.0076763059756975215,0.006430997258090418,0.006403117212173841,0.0071651718005602775,0.006087143358452635,0.005743289458814853,0.006068556661174918,0.007899346343030137,0.010743111026520988,0.009163241757914959
48071,0.0004089073401097954,0.0004089073401097954,0.00042749403738751333,0.0004182006887486544,0.0004646674319429493,0.0004832541292206673,0.0005204275237761033,0.0006598277533589879,0.0009758016070801935,0.0013196555067179758,0.0016728027549946175,0.002044536700548977,0.0026393110134359517,0.002778711243018837,0.0034199522991001066,0.004172713538847685,0.004693141062623788,0.004711727759901506,0.004535154135763185,0.003875326382404197,0.003958966520153927,0.0038939130796819153,0.0038195662905710433,0.00384744633648762,0.003726632804182453,0.003800979593293325,0.004135540144292248,0.004024019960625941,0.003800979593293325,0.003968259868792787,0.004563034181679762,0.00412624679565339,0.004107660098375671,0.005269328678233045,0.006022089917980623,0.005102048402733583,0.00705365161689397,0.007769239462086111,0.009730136024885358,0.00952568235483046,0.009079601620165228,0.010455017218716358,0.007574079140670074,0.0073417454246985986,0.006570397487673303,0.006161490147563507,0.006737677763172765,0.0076763059756975215,0.006430997258090418,0.006403117212173841,0.0071651718005602775,0.006087143358452635,0.005743289458814853,0.006068556661174918,0.007899346343030137,0.010743111026520988,0.009163241757914959
48073,0.0004089073401097954,0.0004089073401097954,0.00042749403738751333,0.0004182006887486544,0.0004646674319429493,0.0004832541292206673,0.0005204275237761033,0.0006598277533589879,0.0009758016070801935,0.0013196555067179758,0.0016728027549946175,0.002044536700548977,0.0026393110134359517,0.002778711243018837,0.0034199522991001066,0.004172713538847685,0.004693141062623788,0.004711727759901506,0.004535154135763185,0.003875326382404197,0.003958966520153927,0.0038939130796819153,0.0038195662905710433,0.00384744633648762,0.003726632804182453,0.003800979593293325,0.004135540144292248,0.004024019960625941,0.003800979593293325,0.003968259868792787,0.004563034181679762,0.00412624679565339,0.004107660098375671,0.005269328678233045,0.006022089917980623,0.005102048402733583,0.00705365161689397,0.007769239462086111,0.009730136024885358,0.00952568235483046,0.009079601620165228,0.010455017218716358,0.007574079140670074,0.0073417454246985986,0.006570397487673303,0.006161490147563507,0.006737677763172765,0.0076763059756975215,0.006430997258090418,0.006403117212173841,0.0071651718005602775,0.006087143358452635,0.005743289458814853,0.006068556661174918,0.007899346343030137,0.010743111026520988,0.009163241757914959
48075,0.0004089073401097954,0.0004089073401097954,0.00042749403738751333,0.0004182006887486544,0.0004646674319429493,0.0004832541292206673,0.0005204275237761033,0.0006598277533589879,0.0009758016070801935,0.0013196555067179758,0.0016728027549946175,0.002044536700548977,0.0026393110134359517,0.002778711243018837,0.0034199522991001066,0.004172713538847685,0.004693141062623788,0.004711727759901506,0.004535154135763185,0.003875326382404197,0.003958966520153927,0.0038939130796819153,0.0038195662905710433,0.00384744633648762,0.003726632804182453,0.003800979593293325,0.004135540144292248,0.004024019960625941,0.003800979593293325,0.003968259868792787,0.004563034181679762,0.00412624679565339,0.004107660098375671,0.005269328678233045,0.006022089917980623,0.005102048402733583,0.00705365161689397,0.007769239462086111,0.009730136024885358,0.00952568235483046,0.009079601620165228,0.010455017218716358,0.007574079140670074,0.0073417454246985986,0.006570397487673303,0.006161490147563507,0.006737677763172765,0.0076763059756975215,0.006430997258090418,0.006403117212173841,0.0071651718005602775,0.006087143358452635,0.005743289458814853,0.006068556661174918,0.007899346343030137,0.010743111026520988,0.009163241757914959
48077,0.0004089073401097954,0.0004089073401097954,0.00042749403738751333,0.0004182006887486544,0.0004646674319429493,0.0004832541292206673,0.0005204275237761033,0.0006598277533589879,0.0009758016070801935,0.0013196555067179758,0.0016728027549946175,0.002044536700548977,0.0026393110134359517,0.002778711243018837,0.0034199522991001066,0.004172713538847685,0.004693141062623788,0.004711727759901506,0.004535154135763185,0.003875326382404197,0.003958966520153927,0.0038939130796819153,0.0038195662905710433,0.00384744633648762,0.003726632804182453,0.003800979593293325,0.004135540144292248,0.004024019960625941,0.003800979593293325,0.003968259868792787,0.004563034181679762,0.00412624679565339,0.004107660098375671,0.005269328678233045,0.006022089917980623,0.005102048402733583,0.00705365161689397,0.007769239462086111,0.009730136024885358,0.00952568235483046,0.009079601620165228,0.010455017218716358,0.007574079140670074,0.0073417454246985986,0.006570397487673303,0.006161490147563507,0.006737677763172765,0.0076763059756975215,0.006430997258090418,0.006403117212173841,0.0071651718005602775,0.006087143358452635,0.005743289458814853,0.006068556661174918,0.007899346343030137,0.010743111026520988,0.009163241757914959
48079,0.0004089073401097954,0.0004089073401097954,0.00042749403738751333,0.0004182006887486544,0.0004646674319429493,0.0004832541292206673,0.0005204275237761033,0.0006598277533589879,0.0009758016070801935,0.0013196555067179758,0.0016728027549946175,0.002044536700548977,0.0026393110134359517,0.002778711243018837,0.0034199522991001066,0.004172713538847685,0.004693141062623788,0.004711727759901506,0.004535154135763185,0.003875326382404197,0.003958966520153927,0.0038939130796819153,0.0038195662905710433,0.00384744633648762,0.003726632804182453,0.003800979593293325,0.004135540144292248,0.004024019960625941,0.003800979593293325,0.003968259868792787,0.004563034181679762,0.00412624679565339,0.004107660098375671,0.005269328678233045,0.006022089917980623,0.005102048402733583,0.00705365161689397,0.007769239462086111,0.009730136024885358,0.00952568235483046,0.009079601620165228,0.010455017218716358,0.007574079140670074,0.0073417454246985986,0.006570397487673303,0.006161490147563507,0.006737677763172765,0.0076763059756975215,0.006430997258090418,0.006403117212173841,0.0071651718005602775,0.006087143358452635,0.005743289458814853,0.006068556661174918,0.007899346343030137,0.010743111026520988,0.009163241757914959
48081,0.0004089073401097954,0.0004089073401097954,0.00042749403738751333,0.0004182006887486544,0.0004646674319429493,0.0004832541292206673,0.0005204275237761033,0.0006598277533589879,0.0009758016070801935,0.0013196555067179758,0.0016728027549946175,0.002044536700548977,0.0026393110134359517,0.002778711243018837,0.0034199522991001066,0.004172713538847685,0.004693141062623788,0.004711727759901506,0.004535154135763185,0.003875326382404197,0.003958966520153927,0.0038939130796819153,0.0038195662905710433,0.00384744633648762,0.003726632804182453,0.003800979593293325,0.004135540144292248,0.004024019960625941,0.003800979593293325,0.003968259868792787,0.004563034181679762,0.00412624679565339,0.004107660098375671,0.005269328678233045,0.006022089917980623,0.005102048402733583,0.00705365161689397,0.007769239462086111,0.009730136024885358,0.00952568235483046,0.009079601620165228,0.010455017218716358,0.007574079140670074,0.0073417454246985986,0.006570397487673303,0.006161490147563507,0.006737677763172765,0.0076763059756975215,0.006430997258090418,0.006403117212173841,0.0071651718005602775,0.006087143358452635,0.005743289458814853,0.006068556661174918,0.007899346343030137,0.010743111026520988,0.009163241757914959
48083,0.0004089073401097954,0.0004089073401097954,0.00042749403738751333,0.0004182006887486544,0.0004646674319429493,0.0004832541292206673,0.0005204275237761033,0.0006598277533589879,0.0009758016070801935,0.0013196555067179758,0.0016728027549946175,0.002044536700548977,0.0026393110134359517,0.002778711243018837,0.0034199522991001066,0.004172713538847685,0.004693141062623788,0.004711727759901506,0.004535154135763185,0.003875326382404197,0.003958966520153927,0.0038939130796819153,0.0038195662905710433,0.00384744633648762,0.003726632804182453,0.003800979593293325,0.004135540144292248,0.004024019960625941,0.003800979593293325,0.003968259868792787,0.004563034181679762,0.00412624679565339,0.004107660098375671,0.005269328678233045,0.006022089917980623,0.005102048402733583,0.00705365161689397,0.007769239462086111,0.009730136024885358,0.00952568235483046,0.009079601620165228,0.010455017218716358,0.007574079140670074,0.0073417454246985986,0.006570397487673303,0.006161490147563507,0.006737677763172765,0.0076763059756975215,0.006430997258090418,0.006403117212173841,0.0071651718005602775,0.006087143358452635,0.005743289458814853,0.006068556661174918,0.007899346343030137,0.010743111026520988,0.009163241757914959
48085,0.0004089073401097954,0.0004089073401097954,0.00042749403738751333,0.0004182006887486544,0.0004646674319429493,0.0004832541292206673,0.0005204275237761033,0.0006598277533589879,0.0009758016070801935,0.0013196555067179758,0.0016728027549946175,0.002044536700548977,0.0026393110134359517,0.002778711243018837,0.0034199522991001066,0.004172713538847685,0.004693141062623788,0.004711727759901506,0.004535154135763185,0.003875326382404197,0.003958966520153927,0.0038939130796819153,0.0038195662905710433,0.00384744633648762,0.003726632804182453,0.003800979593293325,0.004135540144292248,0.004024019960625941,0.003800979593293325,0.003968259868792787,0.004563034181679762,0.00412624679565339,0.004107660098375671,0.005269328678233045,0.006022089917980623,0.005102048402733583,0.00705365161689397,0.007769239462086111,0.009730136024885358,0.00952568235483046,0.009079601620165228,0.010455017218716358,0.007574079140670074,0.0073417454246985986,0.006570397487673303,0.006161490147563507,0.006737677763172765,0.0076763059756975215,0.006430997258090418,0.006403117212173841,0.0071651718005602775,0.006087143358452635,0.005743289458814853,0.006068556661174918,0.007899346343030137,0.010743111026520988,0.009163241757914959
48087,0.0004089073401097954,0.0004089073401097954,0.00042749403738751333,0.0004182006887486544,0.0004646674319429493,0.0004832541292206673,0.0005204275237761033,0.0006598277533589879,0.0009758016070801935,0.0013196555067179758,0.0016728027549946175,0.002044536700548977,0.0026393110134359517,0.002778711243018837,0.0034199522991001066,0.004172713538847685,0.004693141062623788,0.004711727759901506,0.004535154135763185,0.003875326382404197,0.003958966520153927,0.0038939130796819153,0.0038195662905710433,0.00384744633648762,0.003726632804182453,0.003800979593293325,0.004135540144292248,0.004024019960625941,0.003800979593293325,0.003968259868792787,0.004563034181679762,0.00412624679565339,0.004107660098375671,0.005269328678233045,0.006022089917980623,0.005102048402733583,0.00705365161689397,0.007769239462086111,0.009730136024885358,0.00952568235483046,0.009079601620165228,0.010455017218716358,0.007574079140670074,0.0073417454246985986,0.006570397487673303,0.006161490147563507,0.006737677763172765,0.0076763059756975215,0.006430997258090418,0.006403117212173841,0.0071651718005602775,0.006087143358452635,0.005743289458814853,0.006068556661174918,0.007899346343030137,0.010743111026520988,0.009163241757914959
48089,0.0004089073401097954,0.0004089073401097954,0.00042749403738751333,0.0004182006887486544,0.0004646674319429493,0.0004832541292206673,0.0005204275237761033,0.0006598277533589879,0.0009758016070801935,0.0013196555067179758,0.0016728027549946175,0.002044536700548977,0.0026393110134359517,0.002778711243018837,0.0034199522991001066,0.004172713538847685,0.004693141062623788,0.004711727759901506,0.004535154135763185,0.003875326382404197,0.003958966520153927,0.0038939130796819153,0.0038195662905710433,0.00384744633648762,0.003726632804182453,0.003800979593293325,0.004135540144292248,0.004024019960625941,0.003800979593293325,0.003968259868792787,0.004563034181679762,0.00412624679565339,0.004107660098375671,0.005269328678233045,0.006022089917980623,0.005102048402733583,0.00705365161689397,0.007769239462086111,0.009730136024885358,0.00952568235483046,0.009079601620165228,0.010455017218716358,0.007574079140670074,0.0073417454246985986,0.006570397487673303,0.006161490147563507,0.006737677763172765,0.0076763059756975215,0.006430997258090418,0.006403117212173841,0.0071651718005602775,0.006087143358452635,0.005743289458814853,0.006068556661174918,0.007899346343030137,0.010743111026520988,0.009163241757914959
48091,0.0004089073401097954,0.0004089073401097954,0.00042749403738751333,0.0004182006887486544,0.0004646674319429493,0.0004832541292206673,0.0005204275237761033,0.0006598277533589879,0.0009758016070801935,0.0013196555067179758,0.0016728027549946175,0.002044536700548977,0.0026393110134359517,0.002778711243018837,0.0034199522991001066,0.004172713538847685,0.004693141062623788,0.004711727759901506,0.004535154135763185,0.003875326382404197,0.003958966520153927,0.0038939130796819153,0.0038195662905710433,0.00384744633648762,0.003726632804182453,0.003800979593293325,0.004135540144292248,0.004024019960625941,0.003800979593293325,0.003968259868792787,0.004563034181679762,0.00412624679565339,0.004107660098375671,0.005269328678233045,0.006022089917980623,0.005102048402733583,0.00705365161689397,0.007769239462086111,0.009730136024885358,0.00952568235483046,0.009079601620165228,0.010455017218716358,0.007574079140670074,0.0073417454246985986,0.006570397487673303,0.006161490147563507,0.006737677763172765,0.0076763059756975215,0.006430997258090418,0.006403117212173841,0.0071651718005602775,0.006087143358452635,0.005743289458814853,0.006068556661174918,0.007899346343030137,0.010743111026520988,0.009163241757914959
48093,0.0004089073401097954,0.0004089073401097954,0.00042749403738751333,0.0004182006887486544,0.0004646674319429493,0.0004832541292206673,0.0005204275237761033,0.0006598277533589879,0.0009758016070801935,0.0013196555067179758,0.0016728027549946175,0.002044536700548977,0.0026393110134359517,0.002778711243018837,0.0034199522991001066,0.004172713538847685,0.004693141062623788,0.004711727759901506,0.004535154135763185,0.003875326382404197,0.003958966520153927,0.0038939130796819153,0.0038195662905710433,0.00384744633648762,0.003726632804182453,0.003800979593293325,0.004135540144292248,0.004024019960625941,0.003800979593293325,0.003968259868792787,0.004563034181679762,0.00412624679565339,0.004107660098375671,0.005269328678233045,0.006022089917980623,0.005102048402733583,0.00705365161689397,0.007769239462086111,0.009730136024885358,0.00952568235483046,0.009079601620165228,0.010455017218716358,0.007574079140670074,0.0073417454246985986,0.006570397487673303,0.006161490147563507,0.006737677763172765,0.0076763059756975215,0.006430997258090418,0.006403117212173841,0.0071651718005602775,0.006087143358452635,0.005743289458814853,0.006068556661174918,0.007899346343030137,0.010743111026520988,0.009163241757914959
48095,0.0004089073401097954,0.0004089073401097954,0.00042749403738751333,0.0004182006887486544,0.0004646674319429493,0.0004832541292206673,0.0005204275237761033,0.0006598277533589879,0.0009758016070801935,0.0013196555067179758,0.0016728027549946175,0.002044536700548977,0.0026393110134359517,0.002778711243018837,0.0034199522991001066,0.004172713538847685,0.004693141062623788,0.004711727759901506,0.004535154135763185,0.003875326382404197,0.003958966520153927,0.0038939130796819153,0.0038195662905710433,0.00384744633648762,0.003726632804182453,0.003800979593293325,0.004135540144292248,0.004024019960625941,0.003800979593293325,0.003968259868792787,0.004563034181679762,0.00412624679565339,0.004107660098375671,0.005269328678233045,0.006022089917980623,0.005102048402733583,0.00705365161689397,0.007769239462086111,0.009730136024885358,0.00952568235483046,0.009079601620165228,0.010455017218716358,0.007574079140670074,0.0073417454246985986,0.006570397487673303,0.006161490147563507,0.006737677763172765,0.0076763059756975215,0.006430997258090418,0.006403117212173841,0.0071651718005602775,0.006087143358452635,0.005743289458814853,0.006068556661174918,0.007899346343030137,0.010743111026520988,0.009163241757914959
48097,0.0004089073401097954,0.0004089073401097954,0.00042749403738751333,0.0004182006887486544,0.0004646674319429493,0.0004832541292206673,0.0005204275237761033,0.0006598277533589879,0.0009758016070801935,0.0013196555067179758,0.0016728027549946175,0.002044536700548977,0.0026393110134359517,0.002778711243018837,0.0034199522991001066,0.004172713538847685,0.004693141062623788,0.004711727759901506,0.004535154135763185,0.003875326382404197,0.003958966520153927,0.0038939130796819153,0.0038195662905710433,0.00384744633648762,0.003726632804182453,0.003800979593293325,0.004135540144292248,0.004024019960625941,0.003800979593293325,0.003968259868792787,0.004563034181679762,0.00412624679565339,0.004107660098375671,0.005269328678233045,0.006022089917980623,0.005102048402733583,0.00705365161689397,0.007769239462086111,0.009730136024885358,0.00952568235483046,0.009079601620165228,0.010455017218716358,0.007574079140670074,0.0073417454246985986,0.006570397487673303,0.006161490147563507,0.006737677763172765,0.0076763059756975215,0.006430997258090418,0.006403117212173841,0.0071651718005602775,0.006087143358452635,0.005743289458814853,0.006068556661174918,0.007899346343030137,0.010743111026520988,0.009163241757914959
48099,0.0004089073401097954,0.0004089073401097954,0.00042749403738751333,0.0004182006887486544,0.0004646674319429493,0.0004832541292206673,0.0005204275237761033,0.0006598277533589879,0.0009758016070801935,0.0013196555067179758,0.0016728027549946175,0.002044536700548977,0.0026393110134359517,0.002778711243018837,0.0034199522991001066,0.004172713538847685,0.004693141062623788,0.004711727759901506,0.004535154135763185,0.003875326382404197,0.003958966520153927,0.0038939130796819153,0.0038195662905710433,0.00384744633648762,0.003726632804182453,0.003800979593293325,0.004135540144292248,0.004024019960625941,0.003800979593293325,0.003968259868792787,0.004563034181679762,0.00412624679565339,0.004107660098375671,0.005269328678233045,0.006022089917980623,0.005102048402733583,0.00705365161689397,0.007769239462086111,0.009730136024885358,0.00952568235483046,0.009079601620165228,0.010455017218716358,0.007574079140670074,0.0073417454246985986,0.006570397487673303,0.006161490147563507,0.006737677763172765,0.0076763059756975215,0.006430997258090418,0.006403117212173841,0.0071651718005602775,0.006087143358452635,0.005743289458814853,0.006068556661174918,0.007899346343030137,0.010743111026520988,0.009163241757914959
48101,0.0004089073401097954,0.0004089073401097954,0.00042749403738751333,0.0004182006887486544,0.0004646674319429493,0.0004832541292206673,0.0005204275237761033,0.0006598277533589879,0.0009758016070801935,0.0013196555067179758,0.0016728027549946175,0.002044536700548977,0.0026393110134359517,0.002778711243018837,0.0034199522991001066,0.004172713538847685,0.004693141062623788,0.004711727759901506,0.004535154135763185,0.003875326382404197,0.003958966520153927,0.0038939130796819153,0.0038195662905710433,0.00384744633648762,0.003726632804182453,0.003800979593293325,0.004135540144292248,0.004024019960625941,0.003800979593293325,0.003968259868792787,0.004563034181679762,0.00412624679565339,0.004107660098375671,0.005269328678233045,0.006022089917980623,0.005102048402733583,0.00705365161689397,0.007769239462086111,0.009730136024885358,0.00952568235483046,0.009079601620165228,0.010455017218716358,0.007574079140670074,0.0073417454246985986,0.006570397487673303,0.006161490147563507,0.006737677763172765,0.0076763059756975215,0.006430997258090418,0.006403117212173841,0.0071651718005602775,0.006087143358452635,0.005743289458814853,0.006068556661174918,0.007899346343030137,0.010743111026520988,0.009163241757914959
48103,0.0004089073401097954,0.0004089073401097954,0.00042749403738751333,0.0004182006887486544,0.0004646674319429493,0.0004832541292206673,0.0005204275237761033,0.0006598277533589879,0.0009758016070801935,0.0013196555067179758,0.0016728027549946175,0.002044536700548977,0.0026393110134359517,0.002778711243018837,0.0034199522991001066,0.004172713538847685,0.004693141062623788,0.004711727759901506,0.004535154135763185,0.003875326382404197,0.003958966520153927,0.0038939130796819153,0.0038195662905710433,0.00384744633648762,0.003726632804182453,0.003800979593293325,0.004135540144292248,0.004024019960625941,0.003800979593293325,0.003968259868792787,0.004563034181679762,0.00412624679565339,0.004107660098375671,0.005269328678233045,0.006022089917980623,0.005102048402733583,0.00705365161689397,0.007769239462086111,0.009730136024885358,0.00952568235483046,0.009079601620165228,0.010455017218716358,0.007574079140670074,0.0073417454246985986,0.006570397487673303,0.006161490147563507,0.006737677763172765,0.0076763059756975215,0.006430997258090418,0.006403117212173841,0.0071651718005602775,0.006087143358452635,0.005743289458814853,0.006068556661174918,0.007899346343030137,0.010743111026520988,0.009163241757914959
48105,0.0004089073401097954,0.0004089073401097954,0.00042749403738751333,0.0004182006887486544,0.0004646674319429493,0.0004832541292206673,0.0005204275237761033,0.0006598277533589879,0.0009758016070801935,0.0013196555067179758,0.0016728027549946175,0.002044536700548977,0.0026393110134359517,0.002778711243018837,0.0034199522991001066,0.004172713538847685,0.004693141062623788,0.004711727759901506,0.004535154135763185,0.003875326382404197,0.003958966520153927,0.0038939130796819153,0.0038195662905710433,0.00384744633648762,0.003726632804182453,0.003800979593293325,0.004135540144292248,0.004024019960625941,0.003800979593293325,0.003968259868792787,0.004563034181679762,0.00412624679565339,0.004107660098375671,0.005269328678233045,0.006022089917980623,0.005102048402733583,0.00705365161689397,0.007769239462086111,0.009730136024885358,0.00952568235483046,0.009079601620165228,0.010455017218716358,0.007574079140670074,0.0073417454246985986,0.006570397487673303,0.006161490147563507,0.006737677763172765,0.0076763059756975215,0.006430997258090418,0.006403117212173841,0.0071651718005602775,0.006087143358452635,0.005743289458814853,0.006068556661174918,0.007899346343030137,0.010743111026520988,0.009163241757914959
48107,0.0004089073401097954,0.0004089073401097954,0.00042749403738751333,0.0004182006887486544,0.0004646674319429493,0.0004832541292206673,0.0005204275237761033,0.0006598277533589879,0.0009758016070801935,0.0013196555067179758,0.0016728027549946175,0.002044536700548977,0.0026393110134359517,0.002778711243018837,0.0034199522991001066,0.004172713538847685,0.004693141062623788,0.004711727759901506,0.004535154135763185,0.003875326382404197,0.003958966520153927,0.0038939130796819153,0.0038195662905710433,0.00384744633648762,0.003726632804182453,0.003800979593293325,0.004135540144292248,0.004024019960625941,0.003800979593293325,0.003968259868792787,0.004563034181679762,0.00412624679565339,0.004107660098375671,0.005269328678233045,0.006022089917980623,0.005102048402733583,0.00705365161689397,0.007769239462086111,0.009730136024885358,0.00952568235483046,0.009079601620165228,0.010455017218716358,0.007574079140670074,0.0073417454246985986,0.006570397487673303,0.006161490147563507,0.006737677763172765,0.0076763059756975215,0.006430997258090418,0.006403117212173841,0.0071651718005602775,0.006087143358452635,0.005743289458814853,0.006068556661174918,0.007899346343030137,0.010743111026520988,0.009163241757914959
48109,0.0004089073401097954,0.0004089073401097954,0.00042749403738751333,0.0004182006887486544,0.0004646674319429493,0.0004832541292206673,0.0005204275237761033,0.0006598277533589879,0.0009758016070801935,0.0013196555067179758,0.0016728027549946175,0.002044536700548977,0.0026393110134359517,0.002778711243018837,0.0034199522991001066,0.004172713538847685,0.004693141062623788,0.004711727759901506,0.004535154135763185,0.003875326382404197,0.003958966520153927,0.0038939130796819153,0.0038195662905710433,0.00384744633648762,0.003726632804182453,0.003800979593293325,0.004135540144292248,0.004024019960625941,0.003800979593293325,0.003968259868792787,0.004563034181679762,0.00412624679565339,0.004107660098375671,0.005269328678233045,0.006022089917980623,0.005102048402733583,0.00705365161689397,0.007769239462086111,0.009730136024885358,0.00952568235483046,0.009079601620165228,0.010455017218716358,0.007574079140670074,0.0073417454246985986,0.006570397487673303,0.006161490147563507,0.006737677763172765,0.0076763059756975215,0.006430997258090418,0.006403117212173841,0.0071651718005602775,0.006087143358452635,0.005743289458814853,0.006068556661174918,0.007899346343030137,0.010743111026520988,0.009163241757914959
48111,0.0004089073401097954,0.0004089073401097954,0.00042749403738751333,0.0004182006887486544,0.0004646674319429493,0.0004832541292206673,0.0005204275237761033,0.0006598277533589879,0.0009758016070801935,0.0013196555067179758,0.0016728027549946175,0.002044536700548977,0.0026393110134359517,0.002778711243018837,0.0034199522991001066,0.004172713538847685,0.004693141062623788,0.004711727759901506,0.004535154135763185,0.003875326382404197,0.003958966520153927,0.0038939130796819153,0.0038195662905710433,0.00384744633648762,0.003726632804182453,0.003800979593293325,0.004135540144292248,0.004024019960625941,0.003800979593293325,0.003968259868792787,0.004563034181679762,0.00412624679565339,0.004107660098375671,0.005269328678233045,0.006022089917980623,0.005102048402733583,0.00705365161689397,0.007769239462086111,0.009730136024885358,0.00952568235483046,0.009079601620165228,0.010455017218716358,0.007574079140670074,0.0073417454246985986,0.006570397487673303,0.006161490147563507,0.006737677763172765,0.0076763059756975215,0.006430997258090418,0.006403117212173841,0.0071651718005602775,0.006087143358452635,0.005743289458814853,0.006068556661174918,0.007899346343030137,0.010743111026520988,0.009163241757914959
48113,0.0004089073401097954,0.0004089073401097954,0.00042749403738751333,0.0004182006887486544,0.0004646674319429493,0.0004832541292206673,0.0005204275237761033,0.0006598277533589879,0.0009758016070801935,0.0013196555067179758,0.0016728027549946175,0.002044536700548977,0.0026393110134359517,0.002778711243018837,0.0034199522991001066,0.004172713538847685,0.004693141062623788,0.004711727759901506,0.004535154135763185,0.003875326382404197,0.003958966520153927,0.0038939130796819153,0.0038195662905710433,0.00384744633648762,0.003726632804182453,0.003800979593293325,0.004135540144292248,0.004024019960625941,0.003800979593293325,0.003968259868792787,0.004563034181679762,0.00412624679565339,0.004107660098375671,0.005269328678233045,0.006022089917980623,0.005102048402733583,0.00705365161689397,0.007769239462086111,0.009730136024885358,0.00952568235483046,0.009079601620165228,0.010455017218716358,0.007574079140670074,0.0073417454246985986,0.006570397487673303,0.006161490147563507,0.006737677763172765,0.0076763059756975215,0.006430997258090418,0.006403117212173841,0.0071651718005602775,0.006087143358452635,0.005743289458814853,0.006068556661174918,0.007899346343030137,0.010743111026520988,0.009163241757914959
48115,0.0004089073401097954,0.0004089073401097954,0.00042749403738751333,0.0004182006887486544,0.0004646674319429493,0.0004832541292206673,0.0005204275237761033,0.0006598277533589879,0.0009758016070801935,0.0013196555067179758,0.0016728027549946175,0.002044536700548977,0.0026393110134359517,0.002778711243018837,0.0034199522991001066,0.004172713538847685,0.004693141062623788,0.004711727759901506,0.004535154135763185,0.003875326382404197,0.003958966520153927,0.0038939130796819153,0.0038195662905710433,0.00384744633648762,0.003726632804182453,0.003800979593293325,0.004135540144292248,0.004024019960625941,0.003800979593293325,0.003968259868792787,0.004563034181679762,0.00412624679565339,0.004107660098375671,0.005269328678233045,0.006022089917980623,0.005102048402733583,0.00705365161689397,0.007769239462086111,0.009730136024885358,0.00952568235483046,0.009079601620165228,0.010455017218716358,0.007574079140670074,0.0073417454246985986,0.006570397487673303,0.006161490147563507,0.006737677763172765,0.0076763059756975215,0.006430997258090418,0.006403117212173841,0.0071651718005602775,0.006087143358452635,0.005743289458814853,0.006068556661174918,0.007899346343030137,0.010743111026520988,0.009163241757914959
48117,0.0004089073401097954,0.0004089073401097954,0.00042749403738751333,0.0004182006887486544,0.0004646674319429493,0.0004832541292206673,0.0005204275237761033,0.0006598277533589879,0.0009758016070801935,0.0013196555067179758,0.0016728027549946175,0.002044536700548977,0.0026393110134359517,0.002778711243018837,0.0034199522991001066,0.004172713538847685,0.004693141062623788,0.004711727759901506,0.004535154135763185,0.003875326382404197,0.003958966520153927,0.0038939130796819153,0.0038195662905710433,0.00384744633648762,0.003726632804182453,0.003800979593293325,0.004135540144292248,0.004024019960625941,0.003800979593293325,0.003968259868792787,0.004563034181679762,0.00412624679565339,0.004107660098375671,0.005269328678233045,0.006022089917980623,0.005102048402733583,0.00705365161689397,0.007769239462086111,0.009730136024885358,0.00952568235483046,0.009079601620165228,0.010455017218716358,0.007574079140670074,0.0073417454246985986,0.006570397487673303,0.006161490147563507,0.006737677763172765,0.0076763059756975215,0.006430997258090418,0.006403117212173841,0.0071651718005602775,0.006087143358452635,0.005743289458814853,0.006068556661174918,0.007899346343030137,0.010743111026520988,0.009163241757914959
48119,0.0004089073401097954,0.0004089073401097954,0.00042749403738751333,0.0004182006887486544,0.0004646674319429493,0.0004832541292206673,0.0005204275237761033,0.0006598277533589879,0.0009758016070801935,0.0013196555067179758,0.0016728027549946175,0.002044536700548977,0.0026393110134359517,0.002778711243018837,0.0034199522991001066,0.004172713538847685,0.004693141062623788,0.004711727759901506,0.004535154135763185,0.003875326382404197,0.003958966520153927,0.0038939130796819153,0.0038195662905710433,0.00384744633648762,0.003726632804182453,0.003800979593293325,0.004135540144292248,0.004024019960625941,0.003800979593293325,0.003968259868792787,0.004563034181679762,0.00412624679565339,0.004107660098375671,0.005269328678233045,0.006022089917980623,0.005102048402733583,0.00705365161689397,0.007769239462086111,0.009730136024885358,0.00952568235483046,0.009079601620165228,0.010455017218716358,0.007574079140670074,0.0073417454246985986,0.006570397487673303,0.006161490147563507,0.006737677763172765,0.0076763059756975215,0.006430997258090418,0.006403117212173841,0.0071651718005602775,0.006087143358452635,0.005743289458814853,0.006068556661174918,0.007899346343030137,0.010743111026520988,0.009163241757914959
48121,0.0004089073401097954,0.0004089073401097954,0.00042749403738751333,0.0004182006887486544,0.0004646674319429493,0.0004832541292206673,0.0005204275237761033,0.0006598277533589879,0.0009758016070801935,0.0013196555067179758,0.0016728027549946175,0.002044536700548977,0.0026393110134359517,0.002778711243018837,0.0034199522991001066,0.004172713538847685,0.004693141062623788,0.004711727759901506,0.004535154135763185,0.003875326382404197,0.003958966520153927,0.0038939130796819153,0.0038195662905710433,0.00384744633648762,0.003726632804182453,0.003800979593293325,0.004135540144292248,0.004024019960625941,0.003800979593293325,0.003968259868792787,0.004563034181679762,0.00412624679565339,0.004107660098375671,0.005269328678233045,0.006022089917980623,0.005102048402733583,0.00705365161689397,0.007769239462086111,0.009730136024885358,0.00952568235483046,0.009079601620165228,0.010455017218716358,0.007574079140670074,0.0073417454246985986,0.006570397487673303,0.006161490147563507,0.006737677763172765,0.0076763059756975215,0.006430997258090418,0.006403117212173841,0.0071651718005602775,0.006087143358452635,0.005743289458814853,0.006068556661174918,0.007899346343030137,0.010743111026520988,0.009163241757914959
48123,0.0004089073401097954,0.0004089073401097954,0.00042749403738751333,0.0004182006887486544,0.0004646674319429493,0.0004832541292206673,0.0005204275237761033,0.0006598277533589879,0.0009758016070801935,0.0013196555067179758,0.0016728027549946175,0.002044536700548977,0.0026393110134359517,0.002778711243018837,0.0034199522991001066,0.004172713538847685,0.004693141062623788,0.004711727759901506,0.004535154135763185,0.003875326382404197,0.003958966520153927,0.0038939130796819153,0.0038195662905710433,0.00384744633648762,0.003726632804182453,0.003800979593293325,0.004135540144292248,0.004024019960625941,0.003800979593293325,0.003968259868792787,0.004563034181679762,0.00412624679565339,0.004107660098375671,0.005269328678233045,0.006022089917980623,0.005102048402733583,0.00705365161689397,0.007769239462086111,0.009730136024885358,0.00952568235483046,0.009079601620165228,0.010455017218716358,0.007574079140670074,0.0073417454246985986,0.006570397487673303,0.006161490147563507,0.006737677763172765,0.0076763059756975215,0.006430997258090418,0.006403117212173841,0.0071651718005602775,0.006087143358452635,0.005743289458814853,0.006068556661174918,0.007899346343030137,0.010743111026520988,0.009163241757914959
48125,0.0004089073401097954,0.0004089073401097954,0.00042749403738751333,0.0004182006887486544,0.0004646674319429493,0.0004832541292206673,0.0005204275237761033,0.0006598277533589879,0.0009758016070801935,0.0013196555067179758,0.0016728027549946175,0.002044536700548977,0.0026393110134359517,0.002778711243018837,0.0034199522991001066,0.004172713538847685,0.004693141062623788,0.004711727759901506,0.004535154135763185,0.003875326382404197,0.003958966520153927,0.0038939130796819153,0.0038195662905710433,0.00384744633648762,0.003726632804182453,0.003800979593293325,0.004135540144292248,0.004024019960625941,0.003800979593293325,0.003968259868792787,0.004563034181679762,0.00412624679565339,0.004107660098375671,0.005269328678233045,0.006022089917980623,0.005102048402733583,0.00705365161689397,0.007769239462086111,0.009730136024885358,0.00952568235483046,0.009079601620165228,0.010455017218716358,0.007574079140670074,0.0073417454246985986,0.006570397487673303,0.006161490147563507,0.006737677763172765,0.0076763059756975215,0.006430997258090418,0.006403117212173841,0.0071651718005602775,0.006087143358452635,0.005743289458814853,0.006068556661174918,0.007899346343030137,0.010743111026520988,0.009163241757914959
48127,0.0004089073401097954,0.0004089073401097954,0.00042749403738751333,0.0004182006887486544,0.0004646674319429493,0.0004832541292206673,0.0005204275237761033,0.0006598277533589879,0.0009758016070801935,0.0013196555067179758,0.0016728027549946175,0.002044536700548977,0.0026393110134359517,0.002778711243018837,0.0034199522991001066,0.004172713538847685,0.004693141062623788,0.004711727759901506,0.004535154135763185,0.003875326382404197,0.003958966520153927,0.0038939130796819153,0.0038195662905710433,0.00384744633648762,0.003726632804182453,0.003800979593293325,0.004135540144292248,0.004024019960625941,0.003800979593293325,0.003968259868792787,0.004563034181679762,0.00412624679565339,0.004107660098375671,0.005269328678233045,0.006022089917980623,0.005102048402733583,0.00705365161689397,0.007769239462086111,0.009730136024885358,0.00952568235483046,0.009079601620165228,0.010455017218716358,0.007574079140670074,0.0073417454246985986,0.006570397487673303,0.006161490147563507,0.006737677763172765,0.0076763059756975215,0.006430997258090418,0.006403117212173841,0.0071651718005602775,0.006087143358452635,0.005743289458814853,0.006068556661174918,0.007899346343030137,0.010743111026520988,0.009163241757914959
48129,0.0004089073401097954,0.0004089073401097954,0.00042749403738751333,0.0004182006887486544,0.0004646674319429493,0.0004832541292206673,0.0005204275237761033,0.0006598277533589879,0.0009758016070801935,0.0013196555067179758,0.0016728027549946175,0.002044536700548977,0.0026393110134359517,0.002778711243018837,0.0034199522991001066,0.004172713538847685,0.004693141062623788,0.004711727759901506,0.004535154135763185,0.003875326382404197,0.003958966520153927,0.0038939130796819153,0.0038195662905710433,0.00384744633648762,0.003726632804182453,0.003800979593293325,0.004135540144292248,0.004024019960625941,0.003800979593293325,0.003968259868792787,0.004563034181679762,0.00412624679565339,0.004107660098375671,0.005269328678233045,0.006022089917980623,0.005102048402733583,0.00705365161689397,0.007769239462086111,0.009730136024885358,0.00952568235483046,0.009079601620165228,0.010455017218716358,0.007574079140670074,0.0073417454246985986,0.006570397487673303,0.006161490147563507,0.006737677763172765,0.0076763059756975215,0.006430997258090418,0.006403117212173841,0.0071651718005602775,0.006087143358452635,0.005743289458814853,0.006068556661174918,0.007899346343030137,0.010743111026520988,0.009163241757914959
48131,0.0004089073401097954,0.0004089073401097954,0.00042749403738751333,0.0004182006887486544,0.0004646674319429493,0.0004832541292206673,0.0005204275237761033,0.0006598277533589879,0.0009758016070801935,0.0013196555067179758,0.0016728027549946175,0.002044536700548977,0.0026393110134359517,0.002778711243018837,0.0034199522991001066,0.004172713538847685,0.004693141062623788,0.004711727759901506,0.004535154135763185,0.003875326382404197,0.003958966520153927,0.0038939130796819153,0.0038195662905710433,0.00384744633648762,0.003726632804182453,0.003800979593293325,0.004135540144292248,0.004024019960625941,0.003800979593293325,0.003968259868792787,0.004563034181679762,0.00412624679565339,0.004107660098375671,0.005269328678233045,0.006022089917980623,0.005102048402733583,0.00705365161689397,0.007769239462086111,0.009730136024885358,0.00952568235483046,0.009079601620165228,0.010455017218716358,0.007574079140670074,0.0073417454246985986,0.006570397487673303,0.006161490147563507,0.006737677763172765,0.0076763059756975215,0.006430997258090418,0.006403117212173841,0.0071651718005602775,0.006087143358452635,0.005743289458814853,0.006068556661174918,0.007899346343030137,0.010743111026520988,0.009163241757914959
48133,0.0004089073401097954,0.0004089073401097954,0.00042749403738751333,0.0004182006887486544,0.0004646674319429493,0.0004832541292206673,0.0005204275237761033,0.0006598277533589879,0.0009758016070801935,0.0013196555067179758,0.0016728027549946175,0.002044536700548977,0.0026393110134359517,0.002778711243018837,0.0034199522991001066,0.004172713538847685,0.004693141062623788,0.004711727759901506,0.004535154135763185,0.003875326382404197,0.003958966520153927,0.0038939130796819153,0.0038195662905710433,0.00384744633648762,0.003726632804182453,0.003800979593293325,0.004135540144292248,0.004024019960625941,0.003800979593293325,0.003968259868792787,0.004563034181679762,0.00412624679565339,0.004107660098375671,0.005269328678233045,0.006022089917980623,0.005102048402733583,0.00705365161689397,0.007769239462086111,0.009730136024885358,0.00952568235483046,0.009079601620165228,0.010455017218716358,0.007574079140670074,0.0073417454246985986,0.006570397487673303,0.006161490147563507,0.006737677763172765,0.0076763059756975215,0.006430997258090418,0.006403117212173841,0.0071651718005602775,0.006087143358452635,0.005743289458814853,0.006068556661174918,0.007899346343030137,0.010743111026520988,0.009163241757914959
48135,0.0004089073401097954,0.0004089073401097954,0.00042749403738751333,0.0004182006887486544,0.0004646674319429493,0.0004832541292206673,0.0005204275237761033,0.0006598277533589879,0.0009758016070801935,0.0013196555067179758,0.0016728027549946175,0.002044536700548977,0.0026393110134359517,0.002778711243018837,0.0034199522991001066,0.004172713538847685,0.004693141062623788,0.004711727759901506,0.004535154135763185,0.003875326382404197,0.003958966520153927,0.0038939130796819153,0.0038195662905710433,0.00384744633648762,0.003726632804182453,0.003800979593293325,0.004135540144292248,0.004024019960625941,0.003800979593293325,0.003968259868792787,0.004563034181679762,0.00412624679565339,0.004107660098375671,0.005269328678233045,0.006022089917980623,0.005102048402733583,0.00705365161689397,0.007769239462086111,0.009730136024885358,0.00952568235483046,0.009079601620165228,0.010455017218716358,0.007574079140670074,0.0073417454246985986,0.006570397487673303,0.006161490147563507,0.006737677763172765,0.0076763059756975215,0.006430997258090418,0.006403117212173841,0.0071651718005602775,0.006087143358452635,0.005743289458814853,0.006068556661174918,0.007899346343030137,0.010743111026520988,0.009163241757914959
48137,0.0004089073401097954,0.0004089073401097954,0.00042749403738751333,0.0004182006887486544,0.0004646674319429493,0.0004832541292206673,0.0005204275237761033,0.0006598277533589879,0.0009758016070801935,0.0013196555067179758,0.0016728027549946175,0.002044536700548977,0.0026393110134359517,0.002778711243018837,0.0034199522991001066,0.004172713538847685,0.004693141062623788,0.004711727759901506,0.004535154135763185,0.003875326382404197,0.003958966520153927,0.0038939130796819153,0.0038195662905710433,0.00384744633648762,0.003726632804182453,0.003800979593293325,0.004135540144292248,0.004024019960625941,0.003800979593293325,0.003968259868792787,0.004563034181679762,0.00412624679565339,0.004107660098375671,0.005269328678233045,0.006022089917980623,0.005102048402733583,0.00705365161689397,0.007769239462086111,0.009730136024885358,0.00952568235483046,0.009079601620165228,0.010455017218716358,0.007574079140670074,0.0073417454246985986,0.006570397487673303,0.006161490147563507,0.006737677763172765,0.0076763059756975215,0.006430997258090418,0.006403117212173841,0.0071651718005602775,0.006087143358452635,0.005743289458814853,0.006068556661174918,0.007899346343030137,0.010743111026520988,0.009163241757914959
48139,0.0004089073401097954,0.0004089073401097954,0.00042749403738751333,0.0004182006887486544,0.0004646674319429493,0.0004832541292206673,0.0005204275237761033,0.0006598277533589879,0.0009758016070801935,0.0013196555067179758,0.0016728027549946175,0.002044536700548977,0.0026393110134359517,0.002778711243018837,0.0034199522991001066,0.004172713538847685,0.004693141062623788,0.004711727759901506,0.004535154135763185,0.003875326382404197,0.003958966520153927,0.0038939130796819153,0.0038195662905710433,0.00384744633648762,0.003726632804182453,0.003800979593293325,0.004135540144292248,0.004024019960625941,0.003800979593293325,0.003968259868792787,0.004563034181679762,0.00412624679565339,0.004107660098375671,0.005269328678233045,0.006022089917980623,0.005102048402733583,0.00705365161689397,0.007769239462086111,0.009730136024885358,0.00952568235483046,0.009079601620165228,0.010455017218716358,0.007574079140670074,0.0073417454246985986,0.006570397487673303,0.006161490147563507,0.006737677763172765,0.0076763059756975215,0.006430997258090418,0.006403117212173841,0.0071651718005602775,0.006087143358452635,0.005743289458814853,0.006068556661174918,0.007899346343030137,0.010743111026520988,0.009163241757914959
48141,0.0004089073401097954,0.0004089073401097954,0.00042749403738751333,0.0004182006887486544,0.0004646674319429493,0.0004832541292206673,0.0005204275237761033,0.0006598277533589879,0.0009758016070801935,0.0013196555067179758,0.0016728027549946175,0.002044536700548977,0.0026393110134359517,0.002778711243018837,0.0034199522991001066,0.004172713538847685,0.004693141062623788,0.004711727759901506,0.004535154135763185,0.003875326382404197,0.003958966520153927,0.0038939130796819153,0.0038195662905710433,0.00384744633648762,0.003726632804182453,0.003800979593293325,0.004135540144292248,0.004024019960625941,0.003800979593293325,0.003968259868792787,0.004563034181679762,0.00412624679565339,0.004107660098375671,0.005269328678233045,0.006022089917980623,0.005102048402733583,0.00705365161689397,0.007769239462086111,0.009730136024885358,0.00952568235483046,0.009079601620165228,0.010455017218716358,0.007574079140670074,0.0073417454246985986,0.006570397487673303,0.006161490147563507,0.006737677763172765,0.0076763059756975215,0.006430997258090418,0.006403117212173841,0.0071651718005602775,0.006087143358452635,0.005743289458814853,0.006068556661174918,0.007899346343030137,0.010743111026520988,0.009163241757914959
48143,0.0004089073401097954,0.0004089073401097954,0.00042749403738751333,0.0004182006887486544,0.0004646674319429493,0.0004832541292206673,0.0005204275237761033,0.0006598277533589879,0.0009758016070801935,0.0013196555067179758,0.0016728027549946175,0.002044536700548977,0.0026393110134359517,0.002778711243018837,0.0034199522991001066,0.004172713538847685,0.004693141062623788,0.004711727759901506,0.004535154135763185,0.003875326382404197,0.003958966520153927,0.0038939130796819153,0.0038195662905710433,0.00384744633648762,0.003726632804182453,0.003800979593293325,0.004135540144292248,0.004024019960625941,0.003800979593293325,0.003968259868792787,0.004563034181679762,0.00412624679565339,0.004107660098375671,0.005269328678233045,0.006022089917980623,0.005102048402733583,0.00705365161689397,0.007769239462086111,0.009730136024885358,0.00952568235483046,0.009079601620165228,0.010455017218716358,0.007574079140670074,0.0073417454246985986,0.006570397487673303,0.006161490147563507,0.006737677763172765,0.0076763059756975215,0.006430997258090418,0.006403117212173841,0.0071651718005602775,0.006087143358452635,0.005743289458814853,0.006068556661174918,0.007899346343030137,0.010743111026520988,0.009163241757914959
48145,0.0004089073401097954,0.0004089073401097954,0.00042749403738751333,0.0004182006887486544,0.0004646674319429493,0.0004832541292206673,0.0005204275237761033,0.0006598277533589879,0.0009758016070801935,0.0013196555067179758,0.0016728027549946175,0.002044536700548977,0.0026393110134359517,0.002778711243018837,0.0034199522991001066,0.004172713538847685,0.004693141062623788,0.004711727759901506,0.004535154135763185,0.003875326382404197,0.003958966520153927,0.0038939130796819153,0.0038195662905710433,0.00384744633648762,0.003726632804182453,0.003800979593293325,0.004135540144292248,0.004024019960625941,0.003800979593293325,0.003968259868792787,0.004563034181679762,0.00412624679565339,0.004107660098375671,0.005269328678233045,0.006022089917980623,0.005102048402733583,0.00705365161689397,0.007769239462086111,0.009730136024885358,0.00952568235483046,0.009079601620165228,0.010455017218716358,0.007574079140670074,0.0073417454246985986,0.006570397487673303,0.006161490147563507,0.006737677763172765,0.0076763059756975215,0.006430997258090418,0.006403117212173841,0.0071651718005602775,0.006087143358452635,0.005743289458814853,0.006068556661174918,0.007899346343030137,0.010743111026520988,0.009163241757914959
48147,0.0004089073401097954,0.0004089073401097954,0.00042749403738751333,0.0004182006887486544,0.0004646674319429493,0.0004832541292206673,0.0005204275237761033,0.0006598277533589879,0.0009758016070801935,0.0013196555067179758,0.0016728027549946175,0.002044536700548977,0.0026393110134359517,0.002778711243018837,0.0034199522991001066,0.004172713538847685,0.004693141062623788,0.004711727759901506,0.004535154135763185,0.003875326382404197,0.003958966520153927,0.0038939130796819153,0.0038195662905710433,0.00384744633648762,0.003726632804182453,0.003800979593293325,0.004135540144292248,0.004024019960625941,0.003800979593293325,0.003968259868792787,0.004563034181679762,0.00412624679565339,0.004107660098375671,0.005269328678233045,0.006022089917980623,0.005102048402733583,0.00705365161689397,0.007769239462086111,0.009730136024885358,0.00952568235483046,0.009079601620165228,0.010455017218716358,0.007574079140670074,0.0073417454246985986,0.006570397487673303,0.006161490147563507,0.006737677763172765,0.0076763059756975215,0.006430997258090418,0.006403117212173841,0.0071651718005602775,0.006087143358452635,0.005743289458814853,0.006068556661174918,0.007899346343030137,0.010743111026520988,0.009163241757914959
48149,0.0004089073401097954,0.0004089073401097954,0.00042749403738751333,0.0004182006887486544,0.0004646674319429493,0.0004832541292206673,0.0005204275237761033,0.0006598277533589879,0.0009758016070801935,0.0013196555067179758,0.0016728027549946175,0.002044536700548977,0.0026393110134359517,0.002778711243018837,0.0034199522991001066,0.004172713538847685,0.004693141062623788,0.004711727759901506,0.004535154135763185,0.003875326382404197,0.003958966520153927,0.0038939130796819153,0.0038195662905710433,0.00384744633648762,0.003726632804182453,0.003800979593293325,0.004135540144292248,0.004024019960625941,0.003800979593293325,0.003968259868792787,0.004563034181679762,0.00412624679565339,0.004107660098375671,0.005269328678233045,0.006022089917980623,0.005102048402733583,0.00705365161689397,0.007769239462086111,0.009730136024885358,0.00952568235483046,0.009079601620165228,0.010455017218716358,0.007574079140670074,0.0073417454246985986,0.006570397487673303,0.006161490147563507,0.006737677763172765,0.0076763059756975215,0.006430997258090418,0.006403117212173841,0.0071651718005602775,0.006087143358452635,0.005743289458814853,0.006068556661174918,0.007899346343030137,0.010743111026520988,0.009163241757914959
48151,0.0004089073401097954,0.0004089073401097954,0.00042749403738751333,0.0004182006887486544,0.0004646674319429493,0.0004832541292206673,0.0005204275237761033,0.0006598277533589879,0.0009758016070801935,0.0013196555067179758,0.0016728027549946175,0.002044536700548977,0.0026393110134359517,0.002778711243018837,0.0034199522991001066,0.004172713538847685,0.004693141062623788,0.004711727759901506,0.004535154135763185,0.003875326382404197,0.003958966520153927,0.0038939130796819153,0.0038195662905710433,0.00384744633648762,0.003726632804182453,0.003800979593293325,0.004135540144292248,0.004024019960625941,0.003800979593293325,0.003968259868792787,0.004563034181679762,0.00412624679565339,0.004107660098375671,0.005269328678233045,0.006022089917980623,0.005102048402733583,0.00705365161689397,0.007769239462086111,0.009730136024885358,0.00952568235483046,0.009079601620165228,0.010455017218716358,0.007574079140670074,0.0073417454246985986,0.006570397487673303,0.006161490147563507,0.006737677763172765,0.0076763059756975215,0.006430997258090418,0.006403117212173841,0.0071651718005602775,0.006087143358452635,0.005743289458814853,0.006068556661174918,0.007899346343030137,0.010743111026520988,0.009163241757914959
48153,0.0004089073401097954,0.0004089073401097954,0.00042749403738751333,0.0004182006887486544,0.0004646674319429493,0.0004832541292206673,0.0005204275237761033,0.0006598277533589879,0.0009758016070801935,0.0013196555067179758,0.0016728027549946175,0.002044536700548977,0.0026393110134359517,0.002778711243018837,0.0034199522991001066,0.004172713538847685,0.004693141062623788,0.004711727759901506,0.004535154135763185,0.003875326382404197,0.003958966520153927,0.0038939130796819153,0.0038195662905710433,0.00384744633648762,0.003726632804182453,0.003800979593293325,0.004135540144292248,0.004024019960625941,0.003800979593293325,0.003968259868792787,0.004563034181679762,0.00412624679565339,0.004107660098375671,0.005269328678233045,0.006022089917980623,0.005102048402733583,0.00705365161689397,0.007769239462086111,0.009730136024885358,0.00952568235483046,0.009079601620165228,0.010455017218716358,0.007574079140670074,0.0073417454246985986,0.006570397487673303,0.006161490147563507,0.006737677763172765,0.0076763059756975215,0.006430997258090418,0.006403117212173841,0.0071651718005602775,0.006087143358452635,0.005743289458814853,0.006068556661174918,0.007899346343030137,0.010743111026520988,0.009163241757914959
48155,0.0004089073401097954,0.0004089073401097954,0.00042749403738751333,0.0004182006887486544,0.0004646674319429493,0.0004832541292206673,0.0005204275237761033,0.0006598277533589879,0.0009758016070801935,0.0013196555067179758,0.0016728027549946175,0.002044536700548977,0.0026393110134359517,0.002778711243018837,0.0034199522991001066,0.004172713538847685,0.004693141062623788,0.004711727759901506,0.004535154135763185,0.003875326382404197,0.003958966520153927,0.0038939130796819153,0.0038195662905710433,0.00384744633648762,0.003726632804182453,0.003800979593293325,0.004135540144292248,0.004024019960625941,0.003800979593293325,0.003968259868792787,0.004563034181679762,0.00412624679565339,0.004107660098375671,0.005269328678233045,0.006022089917980623,0.005102048402733583,0.00705365161689397,0.007769239462086111,0.009730136024885358,0.00952568235483046,0.009079601620165228,0.010455017218716358,0.007574079140670074,0.0073417454246985986,0.006570397487673303,0.006161490147563507,0.006737677763172765,0.0076763059756975215,0.006430997258090418,0.006403117212173841,0.0071651718005602775,0.006087143358452635,0.005743289458814853,0.006068556661174918,0.007899346343030137,0.010743111026520988,0.009163241757914959
48157,0.0004089073401097954,0.0004089073401097954,0.00042749403738751333,0.0004182006887486544,0.0004646674319429493,0.0004832541292206673,0.0005204275237761033,0.0006598277533589879,0.0009758016070801935,0.0013196555067179758,0.0016728027549946175,0.002044536700548977,0.0026393110134359517,0.002778711243018837,0.0034199522991001066,0.004172713538847685,0.004693141062623788,0.004711727759901506,0.004535154135763185,0.003875326382404197,0.003958966520153927,0.0038939130796819153,0.0038195662905710433,0.00384744633648762,0.003726632804182453,0.003800979593293325,0.004135540144292248,0.004024019960625941,0.003800979593293325,0.003968259868792787,0.004563034181679762,0.00412624679565339,0.004107660098375671,0.005269328678233045,0.006022089917980623,0.005102048402733583,0.00705365161689397,0.007769239462086111,0.009730136024885358,0.00952568235483046,0.009079601620165228,0.010455017218716358,0.007574079140670074,0.0073417454246985986,0.006570397487673303,0.006161490147563507,0.006737677763172765,0.0076763059756975215,0.006430997258090418,0.006403117212173841,0.0071651718005602775,0.006087143358452635,0.005743289458814853,0.006068556661174918,0.007899346343030137,0.010743111026520988,0.009163241757914959
48159,0.0004089073401097954,0.0004089073401097954,0.00042749403738751333,0.0004182006887486544,0.0004646674319429493,0.0004832541292206673,0.0005204275237761033,0.0006598277533589879,0.0009758016070801935,0.0013196555067179758,0.0016728027549946175,0.002044536700548977,0.0026393110134359517,0.002778711243018837,0.0034199522991001066,0.004172713538847685,0.004693141062623788,0.004711727759901506,0.004535154135763185,0.003875326382404197,0.003958966520153927,0.0038939130796819153,0.0038195662905710433,0.00384744633648762,0.003726632804182453,0.003800979593293325,0.004135540144292248,0.004024019960625941,0.003800979593293325,0.003968259868792787,0.004563034181679762,0.00412624679565339,0.004107660098375671,0.005269328678233045,0.006022089917980623,0.005102048402733583,0.00705365161689397,0.007769239462086111,0.009730136024885358,0.00952568235483046,0.009079601620165228,0.010455017218716358,0.007574079140670074,0.0073417454246985986,0.006570397487673303,0.006161490147563507,0.006737677763172765,0.0076763059756975215,0.006430997258090418,0.006403117212173841,0.0071651718005602775,0.006087143358452635,0.005743289458814853,0.006068556661174918,0.007899346343030137,0.010743111026520988,0.009163241757914959
48161,0.0004089073401097954,0.0004089073401097954,0.00042749403738751333,0.0004182006887486544,0.0004646674319429493,0.0004832541292206673,0.0005204275237761033,0.0006598277533589879,0.0009758016070801935,0.0013196555067179758,0.0016728027549946175,0.002044536700548977,0.0026393110134359517,0.002778711243018837,0.0034199522991001066,0.004172713538847685,0.004693141062623788,0.004711727759901506,0.004535154135763185,0.003875326382404197,0.003958966520153927,0.0038939130796819153,0.0038195662905710433,0.00384744633648762,0.003726632804182453,0.003800979593293325,0.004135540144292248,0.004024019960625941,0.003800979593293325,0.003968259868792787,0.004563034181679762,0.00412624679565339,0.004107660098375671,0.005269328678233045,0.006022089917980623,0.005102048402733583,0.00705365161689397,0.007769239462086111,0.009730136024885358,0.00952568235483046,0.009079601620165228,0.010455017218716358,0.007574079140670074,0.0073417454246985986,0.006570397487673303,0.006161490147563507,0.006737677763172765,0.0076763059756975215,0.006430997258090418,0.006403117212173841,0.0071651718005602775,0.006087143358452635,0.005743289458814853,0.006068556661174918,0.007899346343030137,0.010743111026520988,0.009163241757914959
48163,0.0004089073401097954,0.0004089073401097954,0.00042749403738751333,0.0004182006887486544,0.0004646674319429493,0.0004832541292206673,0.0005204275237761033,0.0006598277533589879,0.0009758016070801935,0.0013196555067179758,0.0016728027549946175,0.002044536700548977,0.0026393110134359517,0.002778711243018837,0.0034199522991001066,0.004172713538847685,0.004693141062623788,0.004711727759901506,0.004535154135763185,0.003875326382404197,0.003958966520153927,0.0038939130796819153,0.0038195662905710433,0.00384744633648762,0.003726632804182453,0.003800979593293325,0.004135540144292248,0.004024019960625941,0.003800979593293325,0.003968259868792787,0.004563034181679762,0.00412624679565339,0.004107660098375671,0.005269328678233045,0.006022089917980623,0.005102048402733583,0.00705365161689397,0.007769239462086111,0.009730136024885358,0.00952568235483046,0.009079601620165228,0.010455017218716358,0.007574079140670074,0.0073417454246985986,0.006570397487673303,0.006161490147563507,0.006737677763172765,0.0076763059756975215,0.006430997258090418,0.006403117212173841,0.0071651718005602775,0.006087143358452635,0.005743289458814853,0.006068556661174918,0.007899346343030137,0.010743111026520988,0.009163241757914959
48165,0.0004089073401097954,0.0004089073401097954,0.00042749403738751333,0.0004182006887486544,0.0004646674319429493,0.0004832541292206673,0.0005204275237761033,0.0006598277533589879,0.0009758016070801935,0.0013196555067179758,0.0016728027549946175,0.002044536700548977,0.0026393110134359517,0.002778711243018837,0.0034199522991001066,0.004172713538847685,0.004693141062623788,0.004711727759901506,0.004535154135763185,0.003875326382404197,0.003958966520153927,0.0038939130796819153,0.0038195662905710433,0.00384744633648762,0.003726632804182453,0.003800979593293325,0.004135540144292248,0.004024019960625941,0.003800979593293325,0.003968259868792787,0.004563034181679762,0.00412624679565339,0.004107660098375671,0.005269328678233045,0.006022089917980623,0.005102048402733583,0.00705365161689397,0.007769239462086111,0.009730136024885358,0.00952568235483046,0.009079601620165228,0.010455017218716358,0.007574079140670074,0.0073417454246985986,0.006570397487673303,0.006161490147563507,0.006737677763172765,0.0076763059756975215,0.006430997258090418,0.006403117212173841,0.0071651718005602775,0.006087143358452635,0.005743289458814853,0.006068556661174918,0.007899346343030137,0.010743111026520988,0.009163241757914959
48167,0.0004089073401097954,0.0004089073401097954,0.00042749403738751333,0.0004182006887486544,0.0004646674319429493,0.0004832541292206673,0.0005204275237761033,0.0006598277533589879,0.0009758016070801935,0.0013196555067179758,0.0016728027549946175,0.002044536700548977,0.0026393110134359517,0.002778711243018837,0.0034199522991001066,0.004172713538847685,0.004693141062623788,0.004711727759901506,0.004535154135763185,0.003875326382404197,0.003958966520153927,0.0038939130796819153,0.0038195662905710433,0.00384744633648762,0.003726632804182453,0.003800979593293325,0.004135540144292248,0.004024019960625941,0.003800979593293325,0.003968259868792787,0.004563034181679762,0.00412624679565339,0.004107660098375671,0.005269328678233045,0.006022089917980623,0.005102048402733583,0.00705365161689397,0.007769239462086111,0.009730136024885358,0.00952568235483046,0.009079601620165228,0.010455017218716358,0.007574079140670074,0.0073417454246985986,0.006570397487673303,0.006161490147563507,0.006737677763172765,0.0076763059756975215,0.006430997258090418,0.006403117212173841,0.0071651718005602775,0.006087143358452635,0.005743289458814853,0.006068556661174918,0.007899346343030137,0.010743111026520988,0.009163241757914959
48169,0.0004089073401097954,0.0004089073401097954,0.00042749403738751333,0.0004182006887486544,0.0004646674319429493,0.0004832541292206673,0.0005204275237761033,0.0006598277533589879,0.0009758016070801935,0.0013196555067179758,0.0016728027549946175,0.002044536700548977,0.0026393110134359517,0.002778711243018837,0.0034199522991001066,0.004172713538847685,0.004693141062623788,0.004711727759901506,0.004535154135763185,0.003875326382404197,0.003958966520153927,0.0038939130796819153,0.0038195662905710433,0.00384744633648762,0.003726632804182453,0.003800979593293325,0.004135540144292248,0.004024019960625941,0.003800979593293325,0.003968259868792787,0.004563034181679762,0.00412624679565339,0.004107660098375671,0.005269328678233045,0.006022089917980623,0.005102048402733583,0.00705365161689397,0.007769239462086111,0.009730136024885358,0.00952568235483046,0.009079601620165228,0.010455017218716358,0.007574079140670074,0.0073417454246985986,0.006570397487673303,0.006161490147563507,0.006737677763172765,0.0076763059756975215,0.006430997258090418,0.006403117212173841,0.0071651718005602775,0.006087143358452635,0.005743289458814853,0.006068556661174918,0.007899346343030137,0.010743111026520988,0.009163241757914959
48171,0.0004089073401097954,0.0004089073401097954,0.00042749403738751333,0.0004182006887486544,0.0004646674319429493,0.0004832541292206673,0.0005204275237761033,0.0006598277533589879,0.0009758016070801935,0.0013196555067179758,0.0016728027549946175,0.002044536700548977,0.0026393110134359517,0.002778711243018837,0.0034199522991001066,0.004172713538847685,0.004693141062623788,0.004711727759901506,0.004535154135763185,0.003875326382404197,0.003958966520153927,0.0038939130796819153,0.0038195662905710433,0.00384744633648762,0.003726632804182453,0.003800979593293325,0.004135540144292248,0.004024019960625941,0.003800979593293325,0.003968259868792787,0.004563034181679762,0.00412624679565339,0.004107660098375671,0.005269328678233045,0.006022089917980623,0.005102048402733583,0.00705365161689397,0.007769239462086111,0.009730136024885358,0.00952568235483046,0.009079601620165228,0.010455017218716358,0.007574079140670074,0.0073417454246985986,0.006570397487673303,0.006161490147563507,0.006737677763172765,0.0076763059756975215,0.006430997258090418,0.006403117212173841,0.0071651718005602775,0.006087143358452635,0.005743289458814853,0.006068556661174918,0.007899346343030137,0.010743111026520988,0.009163241757914959
48173,0.0004089073401097954,0.0004089073401097954,0.00042749403738751333,0.0004182006887486544,0.0004646674319429493,0.0004832541292206673,0.0005204275237761033,0.0006598277533589879,0.0009758016070801935,0.0013196555067179758,0.0016728027549946175,0.002044536700548977,0.0026393110134359517,0.002778711243018837,0.0034199522991001066,0.004172713538847685,0.004693141062623788,0.004711727759901506,0.004535154135763185,0.003875326382404197,0.003958966520153927,0.0038939130796819153,0.0038195662905710433,0.00384744633648762,0.003726632804182453,0.003800979593293325,0.004135540144292248,0.004024019960625941,0.003800979593293325,0.003968259868792787,0.004563034181679762,0.00412624679565339,0.004107660098375671,0.005269328678233045,0.006022089917980623,0.005102048402733583,0.00705365161689397,0.007769239462086111,0.009730136024885358,0.00952568235483046,0.009079601620165228,0.010455017218716358,0.007574079140670074,0.0073417454246985986,0.006570397487673303,0.006161490147563507,0.006737677763172765,0.0076763059756975215,0.006430997258090418,0.006403117212173841,0.0071651718005602775,0.006087143358452635,0.005743289458814853,0.006068556661174918,0.007899346343030137,0.010743111026520988,0.009163241757914959
48175,0.0004089073401097954,0.0004089073401097954,0.00042749403738751333,0.0004182006887486544,0.0004646674319429493,0.0004832541292206673,0.0005204275237761033,0.0006598277533589879,0.0009758016070801935,0.0013196555067179758,0.0016728027549946175,0.002044536700548977,0.0026393110134359517,0.002778711243018837,0.0034199522991001066,0.004172713538847685,0.004693141062623788,0.004711727759901506,0.004535154135763185,0.003875326382404197,0.003958966520153927,0.0038939130796819153,0.0038195662905710433,0.00384744633648762,0.003726632804182453,0.003800979593293325,0.004135540144292248,0.004024019960625941,0.003800979593293325,0.003968259868792787,0.004563034181679762,0.00412624679565339,0.004107660098375671,0.005269328678233045,0.006022089917980623,0.005102048402733583,0.00705365161689397,0.007769239462086111,0.009730136024885358,0.00952568235483046,0.009079601620165228,0.010455017218716358,0.007574079140670074,0.0073417454246985986,0.006570397487673303,0.006161490147563507,0.006737677763172765,0.0076763059756975215,0.006430997258090418,0.006403117212173841,0.0071651718005602775,0.006087143358452635,0.005743289458814853,0.006068556661174918,0.007899346343030137,0.010743111026520988,0.009163241757914959
48177,0.0004089073401097954,0.0004089073401097954,0.00042749403738751333,0.0004182006887486544,0.0004646674319429493,0.0004832541292206673,0.0005204275237761033,0.0006598277533589879,0.0009758016070801935,0.0013196555067179758,0.0016728027549946175,0.002044536700548977,0.0026393110134359517,0.002778711243018837,0.0034199522991001066,0.004172713538847685,0.004693141062623788,0.004711727759901506,0.004535154135763185,0.003875326382404197,0.003958966520153927,0.0038939130796819153,0.0038195662905710433,0.00384744633648762,0.003726632804182453,0.003800979593293325,0.004135540144292248,0.004024019960625941,0.003800979593293325,0.003968259868792787,0.004563034181679762,0.00412624679565339,0.004107660098375671,0.005269328678233045,0.006022089917980623,0.005102048402733583,0.00705365161689397,0.007769239462086111,0.009730136024885358,0.00952568235483046,0.009079601620165228,0.010455017218716358,0.007574079140670074,0.0073417454246985986,0.006570397487673303,0.006161490147563507,0.006737677763172765,0.0076763059756975215,0.006430997258090418,0.006403117212173841,0.0071651718005602775,0.006087143358452635,0.005743289458814853,0.006068556661174918,0.007899346343030137,0.010743111026520988,0.009163241757914959
48179,0.0004089073401097954,0.0004089073401097954,0.00042749403738751333,0.0004182006887486544,0.0004646674319429493,0.0004832541292206673,0.0005204275237761033,0.0006598277533589879,0.0009758016070801935,0.0013196555067179758,0.0016728027549946175,0.002044536700548977,0.0026393110134359517,0.002778711243018837,0.0034199522991001066,0.004172713538847685,0.004693141062623788,0.004711727759901506,0.004535154135763185,0.003875326382404197,0.003958966520153927,0.0038939130796819153,0.0038195662905710433,0.00384744633648762,0.003726632804182453,0.003800979593293325,0.004135540144292248,0.004024019960625941,0.003800979593293325,0.003968259868792787,0.004563034181679762,0.00412624679565339,0.004107660098375671,0.005269328678233045,0.006022089917980623,0.005102048402733583,0.00705365161689397,0.007769239462086111,0.009730136024885358,0.00952568235483046,0.009079601620165228,0.010455017218716358,0.007574079140670074,0.0073417454246985986,0.006570397487673303,0.006161490147563507,0.006737677763172765,0.0076763059756975215,0.006430997258090418,0.006403117212173841,0.0071651718005602775,0.006087143358452635,0.005743289458814853,0.006068556661174918,0.007899346343030137,0.010743111026520988,0.009163241757914959
48181,0.0004089073401097954,0.0004089073401097954,0.00042749403738751333,0.0004182006887486544,0.0004646674319429493,0.0004832541292206673,0.0005204275237761033,0.0006598277533589879,0.0009758016070801935,0.0013196555067179758,0.0016728027549946175,0.002044536700548977,0.0026393110134359517,0.002778711243018837,0.0034199522991001066,0.004172713538847685,0.004693141062623788,0.004711727759901506,0.004535154135763185,0.003875326382404197,0.003958966520153927,0.0038939130796819153,0.0038195662905710433,0.00384744633648762,0.003726632804182453,0.003800979593293325,0.004135540144292248,0.004024019960625941,0.003800979593293325,0.003968259868792787,0.004563034181679762,0.00412624679565339,0.004107660098375671,0.005269328678233045,0.006022089917980623,0.005102048402733583,0.00705365161689397,0.007769239462086111,0.009730136024885358,0.00952568235483046,0.009079601620165228,0.010455017218716358,0.007574079140670074,0.0073417454246985986,0.006570397487673303,0.006161490147563507,0.006737677763172765,0.0076763059756975215,0.006430997258090418,0.006403117212173841,0.0071651718005602775,0.006087143358452635,0.005743289458814853,0.006068556661174918,0.007899346343030137,0.010743111026520988,0.009163241757914959
48183,0.0004089073401097954,0.0004089073401097954,0.00042749403738751333,0.0004182006887486544,0.0004646674319429493,0.0004832541292206673,0.0005204275237761033,0.0006598277533589879,0.0009758016070801935,0.0013196555067179758,0.0016728027549946175,0.002044536700548977,0.0026393110134359517,0.002778711243018837,0.0034199522991001066,0.004172713538847685,0.004693141062623788,0.004711727759901506,0.004535154135763185,0.003875326382404197,0.003958966520153927,0.0038939130796819153,0.0038195662905710433,0.00384744633648762,0.003726632804182453,0.003800979593293325,0.004135540144292248,0.004024019960625941,0.003800979593293325,0.003968259868792787,0.004563034181679762,0.00412624679565339,0.004107660098375671,0.005269328678233045,0.006022089917980623,0.005102048402733583,0.00705365161689397,0.007769239462086111,0.009730136024885358,0.00952568235483046,0.009079601620165228,0.010455017218716358,0.007574079140670074,0.0073417454246985986,0.006570397487673303,0.006161490147563507,0.006737677763172765,0.0076763059756975215,0.006430997258090418,0.006403117212173841,0.0071651718005602775,0.006087143358452635,0.005743289458814853,0.006068556661174918,0.007899346343030137,0.010743111026520988,0.009163241757914959
48185,0.0004089073401097954,0.0004089073401097954,0.00042749403738751333,0.0004182006887486544,0.0004646674319429493,0.0004832541292206673,0.0005204275237761033,0.0006598277533589879,0.0009758016070801935,0.0013196555067179758,0.0016728027549946175,0.002044536700548977,0.0026393110134359517,0.002778711243018837,0.0034199522991001066,0.004172713538847685,0.004693141062623788,0.004711727759901506,0.004535154135763185,0.003875326382404197,0.003958966520153927,0.0038939130796819153,0.0038195662905710433,0.00384744633648762,0.003726632804182453,0.003800979593293325,0.004135540144292248,0.004024019960625941,0.003800979593293325,0.003968259868792787,0.004563034181679762,0.00412624679565339,0.004107660098375671,0.005269328678233045,0.006022089917980623,0.005102048402733583,0.00705365161689397,0.007769239462086111,0.009730136024885358,0.00952568235483046,0.009079601620165228,0.010455017218716358,0.007574079140670074,0.0073417454246985986,0.006570397487673303,0.006161490147563507,0.006737677763172765,0.0076763059756975215,0.006430997258090418,0.006403117212173841,0.0071651718005602775,0.006087143358452635,0.005743289458814853,0.006068556661174918,0.007899346343030137,0.010743111026520988,0.009163241757914959
48187,0.0004089073401097954,0.0004089073401097954,0.00042749403738751333,0.0004182006887486544,0.0004646674319429493,0.0004832541292206673,0.0005204275237761033,0.0006598277533589879,0.0009758016070801935,0.0013196555067179758,0.0016728027549946175,0.002044536700548977,0.0026393110134359517,0.002778711243018837,0.0034199522991001066,0.004172713538847685,0.004693141062623788,0.004711727759901506,0.004535154135763185,0.003875326382404197,0.003958966520153927,0.0038939130796819153,0.0038195662905710433,0.00384744633648762,0.003726632804182453,0.003800979593293325,0.004135540144292248,0.004024019960625941,0.003800979593293325,0.003968259868792787,0.004563034181679762,0.00412624679565339,0.004107660098375671,0.005269328678233045,0.006022089917980623,0.005102048402733583,0.00705365161689397,0.007769239462086111,0.009730136024885358,0.00952568235483046,0.009079601620165228,0.010455017218716358,0.007574079140670074,0.0073417454246985986,0.006570397487673303,0.006161490147563507,0.006737677763172765,0.0076763059756975215,0.006430997258090418,0.006403117212173841,0.0071651718005602775,0.006087143358452635,0.005743289458814853,0.006068556661174918,0.007899346343030137,0.010743111026520988,0.009163241757914959
48189,0.0004089073401097954,0.0004089073401097954,0.00042749403738751333,0.0004182006887486544,0.0004646674319429493,0.0004832541292206673,0.0005204275237761033,0.0006598277533589879,0.0009758016070801935,0.0013196555067179758,0.0016728027549946175,0.002044536700548977,0.0026393110134359517,0.002778711243018837,0.0034199522991001066,0.004172713538847685,0.004693141062623788,0.004711727759901506,0.004535154135763185,0.003875326382404197,0.003958966520153927,0.0038939130796819153,0.0038195662905710433,0.00384744633648762,0.003726632804182453,0.003800979593293325,0.004135540144292248,0.004024019960625941,0.003800979593293325,0.003968259868792787,0.004563034181679762,0.00412624679565339,0.004107660098375671,0.005269328678233045,0.006022089917980623,0.005102048402733583,0.00705365161689397,0.007769239462086111,0.009730136024885358,0.00952568235483046,0.009079601620165228,0.010455017218716358,0.007574079140670074,0.0073417454246985986,0.006570397487673303,0.006161490147563507,0.006737677763172765,0.0076763059756975215,0.006430997258090418,0.006403117212173841,0.0071651718005602775,0.006087143358452635,0.005743289458814853,0.006068556661174918,0.007899346343030137,0.010743111026520988,0.009163241757914959
48191,0.0004089073401097954,0.0004089073401097954,0.00042749403738751333,0.0004182006887486544,0.0004646674319429493,0.0004832541292206673,0.0005204275237761033,0.0006598277533589879,0.0009758016070801935,0.0013196555067179758,0.0016728027549946175,0.002044536700548977,0.0026393110134359517,0.002778711243018837,0.0034199522991001066,0.004172713538847685,0.004693141062623788,0.004711727759901506,0.004535154135763185,0.003875326382404197,0.003958966520153927,0.0038939130796819153,0.0038195662905710433,0.00384744633648762,0.003726632804182453,0.003800979593293325,0.004135540144292248,0.004024019960625941,0.003800979593293325,0.003968259868792787,0.004563034181679762,0.00412624679565339,0.004107660098375671,0.005269328678233045,0.006022089917980623,0.005102048402733583,0.00705365161689397,0.007769239462086111,0.009730136024885358,0.00952568235483046,0.009079601620165228,0.010455017218716358,0.007574079140670074,0.0073417454246985986,0.006570397487673303,0.006161490147563507,0.006737677763172765,0.0076763059756975215,0.006430997258090418,0.006403117212173841,0.0071651718005602775,0.006087143358452635,0.005743289458814853,0.006068556661174918,0.007899346343030137,0.010743111026520988,0.009163241757914959
48193,0.0004089073401097954,0.0004089073401097954,0.00042749403738751333,0.0004182006887486544,0.0004646674319429493,0.0004832541292206673,0.0005204275237761033,0.0006598277533589879,0.0009758016070801935,0.0013196555067179758,0.0016728027549946175,0.002044536700548977,0.0026393110134359517,0.002778711243018837,0.0034199522991001066,0.004172713538847685,0.004693141062623788,0.004711727759901506,0.004535154135763185,0.003875326382404197,0.003958966520153927,0.0038939130796819153,0.0038195662905710433,0.00384744633648762,0.003726632804182453,0.003800979593293325,0.004135540144292248,0.004024019960625941,0.003800979593293325,0.003968259868792787,0.004563034181679762,0.00412624679565339,0.004107660098375671,0.005269328678233045,0.006022089917980623,0.005102048402733583,0.00705365161689397,0.007769239462086111,0.009730136024885358,0.00952568235483046,0.009079601620165228,0.010455017218716358,0.007574079140670074,0.0073417454246985986,0.006570397487673303,0.006161490147563507,0.006737677763172765,0.0076763059756975215,0.006430997258090418,0.006403117212173841,0.0071651718005602775,0.006087143358452635,0.005743289458814853,0.006068556661174918,0.007899346343030137,0.010743111026520988,0.009163241757914959
48195,0.0004089073401097954,0.0004089073401097954,0.00042749403738751333,0.0004182006887486544,0.0004646674319429493,0.0004832541292206673,0.0005204275237761033,0.0006598277533589879,0.0009758016070801935,0.0013196555067179758,0.0016728027549946175,0.002044536700548977,0.0026393110134359517,0.002778711243018837,0.0034199522991001066,0.004172713538847685,0.004693141062623788,0.004711727759901506,0.004535154135763185,0.003875326382404197,0.003958966520153927,0.0038939130796819153,0.0038195662905710433,0.00384744633648762,0.003726632804182453,0.003800979593293325,0.004135540144292248,0.004024019960625941,0.003800979593293325,0.003968259868792787,0.004563034181679762,0.00412624679565339,0.004107660098375671,0.005269328678233045,0.006022089917980623,0.005102048402733583,0.00705365161689397,0.007769239462086111,0.009730136024885358,0.00952568235483046,0.009079601620165228,0.010455017218716358,0.007574079140670074,0.0073417454246985986,0.006570397487673303,0.006161490147563507,0.006737677763172765,0.0076763059756975215,0.006430997258090418,0.006403117212173841,0.0071651718005602775,0.006087143358452635,0.005743289458814853,0.006068556661174918,0.007899346343030137,0.010743111026520988,0.009163241757914959
48197,0.0004089073401097954,0.0004089073401097954,0.00042749403738751333,0.0004182006887486544,0.0004646674319429493,0.0004832541292206673,0.0005204275237761033,0.0006598277533589879,0.0009758016070801935,0.0013196555067179758,0.0016728027549946175,0.002044536700548977,0.0026393110134359517,0.002778711243018837,0.0034199522991001066,0.004172713538847685,0.004693141062623788,0.004711727759901506,0.004535154135763185,0.003875326382404197,0.003958966520153927,0.0038939130796819153,0.0038195662905710433,0.00384744633648762,0.003726632804182453,0.003800979593293325,0.004135540144292248,0.004024019960625941,0.003800979593293325,0.003968259868792787,0.004563034181679762,0.00412624679565339,0.004107660098375671,0.005269328678233045,0.006022089917980623,0.005102048402733583,0.00705365161689397,0.007769239462086111,0.009730136024885358,0.00952568235483046,0.009079601620165228,0.010455017218716358,0.007574079140670074,0.0073417454246985986,0.006570397487673303,0.006161490147563507,0.006737677763172765,0.0076763059756975215,0.006430997258090418,0.006403117212173841,0.0071651718005602775,0.006087143358452635,0.005743289458814853,0.006068556661174918,0.007899346343030137,0.010743111026520988,0.009163241757914959
48199,0.0004089073401097954,0.0004089073401097954,0.00042749403738751333,0.0004182006887486544,0.0004646674319429493,0.0004832541292206673,0.0005204275237761033,0.0006598277533589879,0.0009758016070801935,0.0013196555067179758,0.0016728027549946175,0.002044536700548977,0.0026393110134359517,0.002778711243018837,0.0034199522991001066,0.004172713538847685,0.004693141062623788,0.004711727759901506,0.004535154135763185,0.003875326382404197,0.003958966520153927,0.0038939130796819153,0.0038195662905710433,0.00384744633648762,0.003726632804182453,0.003800979593293325,0.004135540144292248,0.004024019960625941,0.003800979593293325,0.003968259868792787,0.004563034181679762,0.00412624679565339,0.004107660098375671,0.005269328678233045,0.006022089917980623,0.005102048402733583,0.00705365161689397,0.007769239462086111,0.009730136024885358,0.00952568235483046,0.009079601620165228,0.010455017218716358,0.007574079140670074,0.0073417454246985986,0.006570397487673303,0.006161490147563507,0.006737677763172765,0.0076763059756975215,0.006430997258090418,0.006403117212173841,0.0071651718005602775,0.006087143358452635,0.005743289458814853,0.006068556661174918,0.007899346343030137,0.010743111026520988,0.009163241757914959
48201,0.0004089073401097954,0.0004089073401097954,0.00042749403738751333,0.0004182006887486544,0.0004646674319429493,0.0004832541292206673,0.0005204275237761033,0.0006598277533589879,0.0009758016070801935,0.0013196555067179758,0.0016728027549946175,0.002044536700548977,0.0026393110134359517,0.002778711243018837,0.0034199522991001066,0.004172713538847685,0.004693141062623788,0.004711727759901506,0.004535154135763185,0.003875326382404197,0.003958966520153927,0.0038939130796819153,0.0038195662905710433,0.00384744633648762,0.003726632804182453,0.003800979593293325,0.004135540144292248,0.004024019960625941,0.003800979593293325,0.003968259868792787,0.004563034181679762,0.00412624679565339,0.004107660098375671,0.005269328678233045,0.006022089917980623,0.005102048402733583,0.00705365161689397,0.007769239462086111,0.009730136024885358,0.00952568235483046,0.009079601620165228,0.010455017218716358,0.007574079140670074,0.0073417454246985986,0.006570397487673303,0.006161490147563507,0.006737677763172765,0.0076763059756975215,0.006430997258090418,0.006403117212173841,0.0071651718005602775,0.006087143358452635,0.005743289458814853,0.006068556661174918,0.007899346343030137,0.010743111026520988,0.009163241757914959
48203,0.0004089073401097954,0.0004089073401097954,0.00042749403738751333,0.0004182006887486544,0.0004646674319429493,0.0004832541292206673,0.0005204275237761033,0.0006598277533589879,0.0009758016070801935,0.0013196555067179758,0.0016728027549946175,0.002044536700548977,0.0026393110134359517,0.002778711243018837,0.0034199522991001066,0.004172713538847685,0.004693141062623788,0.004711727759901506,0.004535154135763185,0.003875326382404197,0.003958966520153927,0.0038939130796819153,0.0038195662905710433,0.00384744633648762,0.003726632804182453,0.003800979593293325,0.004135540144292248,0.004024019960625941,0.003800979593293325,0.003968259868792787,0.004563034181679762,0.00412624679565339,0.004107660098375671,0.005269328678233045,0.006022089917980623,0.005102048402733583,0.00705365161689397,0.007769239462086111,0.009730136024885358,0.00952568235483046,0.009079601620165228,0.010455017218716358,0.007574079140670074,0.0073417454246985986,0.006570397487673303,0.006161490147563507,0.006737677763172765,0.0076763059756975215,0.006430997258090418,0.006403117212173841,0.0071651718005602775,0.006087143358452635,0.005743289458814853,0.006068556661174918,0.007899346343030137,0.010743111026520988,0.009163241757914959
48205,0.0004089073401097954,0.0004089073401097954,0.00042749403738751333,0.0004182006887486544,0.0004646674319429493,0.0004832541292206673,0.0005204275237761033,0.0006598277533589879,0.0009758016070801935,0.0013196555067179758,0.0016728027549946175,0.002044536700548977,0.0026393110134359517,0.002778711243018837,0.0034199522991001066,0.004172713538847685,0.004693141062623788,0.004711727759901506,0.004535154135763185,0.003875326382404197,0.003958966520153927,0.0038939130796819153,0.0038195662905710433,0.00384744633648762,0.003726632804182453,0.003800979593293325,0.004135540144292248,0.004024019960625941,0.003800979593293325,0.003968259868792787,0.004563034181679762,0.00412624679565339,0.004107660098375671,0.005269328678233045,0.006022089917980623,0.005102048402733583,0.00705365161689397,0.007769239462086111,0.009730136024885358,0.00952568235483046,0.009079601620165228,0.010455017218716358,0.007574079140670074,0.0073417454246985986,0.006570397487673303,0.006161490147563507,0.006737677763172765,0.0076763059756975215,0.006430997258090418,0.006403117212173841,0.0071651718005602775,0.006087143358452635,0.005743289458814853,0.006068556661174918,0.007899346343030137,0.010743111026520988,0.009163241757914959
48207,0.0004089073401097954,0.0004089073401097954,0.00042749403738751333,0.0004182006887486544,0.0004646674319429493,0.0004832541292206673,0.0005204275237761033,0.0006598277533589879,0.0009758016070801935,0.0013196555067179758,0.0016728027549946175,0.002044536700548977,0.0026393110134359517,0.002778711243018837,0.0034199522991001066,0.004172713538847685,0.004693141062623788,0.004711727759901506,0.004535154135763185,0.003875326382404197,0.003958966520153927,0.0038939130796819153,0.0038195662905710433,0.00384744633648762,0.003726632804182453,0.003800979593293325,0.004135540144292248,0.004024019960625941,0.003800979593293325,0.003968259868792787,0.004563034181679762,0.00412624679565339,0.004107660098375671,0.005269328678233045,0.006022089917980623,0.005102048402733583,0.00705365161689397,0.007769239462086111,0.009730136024885358,0.00952568235483046,0.009079601620165228,0.010455017218716358,0.007574079140670074,0.0073417454246985986,0.006570397487673303,0.006161490147563507,0.006737677763172765,0.0076763059756975215,0.006430997258090418,0.006403117212173841,0.0071651718005602775,0.006087143358452635,0.005743289458814853,0.006068556661174918,0.007899346343030137,0.010743111026520988,0.009163241757914959
48209,0.0004089073401097954,0.0004089073401097954,0.00042749403738751333,0.0004182006887486544,0.0004646674319429493,0.0004832541292206673,0.0005204275237761033,0.0006598277533589879,0.0009758016070801935,0.0013196555067179758,0.0016728027549946175,0.002044536700548977,0.0026393110134359517,0.002778711243018837,0.0034199522991001066,0.004172713538847685,0.004693141062623788,0.004711727759901506,0.004535154135763185,0.003875326382404197,0.003958966520153927,0.0038939130796819153,0.0038195662905710433,0.00384744633648762,0.003726632804182453,0.003800979593293325,0.004135540144292248,0.004024019960625941,0.003800979593293325,0.003968259868792787,0.004563034181679762,0.00412624679565339,0.004107660098375671,0.005269328678233045,0.006022089917980623,0.005102048402733583,0.00705365161689397,0.007769239462086111,0.009730136024885358,0.00952568235483046,0.009079601620165228,0.010455017218716358,0.007574079140670074,0.0073417454246985986,0.006570397487673303,0.006161490147563507,0.006737677763172765,0.0076763059756975215,0.006430997258090418,0.006403117212173841,0.0071651718005602775,0.006087143358452635,0.005743289458814853,0.006068556661174918,0.007899346343030137,0.010743111026520988,0.009163241757914959
48211,0.0004089073401097954,0.0004089073401097954,0.00042749403738751333,0.0004182006887486544,0.0004646674319429493,0.0004832541292206673,0.0005204275237761033,0.0006598277533589879,0.0009758016070801935,0.0013196555067179758,0.0016728027549946175,0.002044536700548977,0.0026393110134359517,0.002778711243018837,0.0034199522991001066,0.004172713538847685,0.004693141062623788,0.004711727759901506,0.004535154135763185,0.003875326382404197,0.003958966520153927,0.0038939130796819153,0.0038195662905710433,0.00384744633648762,0.003726632804182453,0.003800979593293325,0.004135540144292248,0.004024019960625941,0.003800979593293325,0.003968259868792787,0.004563034181679762,0.00412624679565339,0.004107660098375671,0.005269328678233045,0.006022089917980623,0.005102048402733583,0.00705365161689397,0.007769239462086111,0.009730136024885358,0.00952568235483046,0.009079601620165228,0.010455017218716358,0.007574079140670074,0.0073417454246985986,0.006570397487673303,0.006161490147563507,0.006737677763172765,0.0076763059756975215,0.006430997258090418,0.006403117212173841,0.0071651718005602775,0.006087143358452635,0.005743289458814853,0.006068556661174918,0.007899346343030137,0.010743111026520988,0.009163241757914959
48213,0.0004089073401097954,0.0004089073401097954,0.00042749403738751333,0.0004182006887486544,0.0004646674319429493,0.0004832541292206673,0.0005204275237761033,0.0006598277533589879,0.0009758016070801935,0.0013196555067179758,0.0016728027549946175,0.002044536700548977,0.0026393110134359517,0.002778711243018837,0.0034199522991001066,0.004172713538847685,0.004693141062623788,0.004711727759901506,0.004535154135763185,0.003875326382404197,0.003958966520153927,0.0038939130796819153,0.0038195662905710433,0.00384744633648762,0.003726632804182453,0.003800979593293325,0.004135540144292248,0.004024019960625941,0.003800979593293325,0.003968259868792787,0.004563034181679762,0.00412624679565339,0.004107660098375671,0.005269328678233045,0.006022089917980623,0.005102048402733583,0.00705365161689397,0.007769239462086111,0.009730136024885358,0.00952568235483046,0.009079601620165228,0.010455017218716358,0.007574079140670074,0.0073417454246985986,0.006570397487673303,0.006161490147563507,0.006737677763172765,0.0076763059756975215,0.006430997258090418,0.006403117212173841,0.0071651718005602775,0.006087143358452635,0.005743289458814853,0.006068556661174918,0.007899346343030137,0.010743111026520988,0.009163241757914959
48215,0.0004089073401097954,0.0004089073401097954,0.00042749403738751333,0.0004182006887486544,0.0004646674319429493,0.0004832541292206673,0.0005204275237761033,0.0006598277533589879,0.0009758016070801935,0.0013196555067179758,0.0016728027549946175,0.002044536700548977,0.0026393110134359517,0.002778711243018837,0.0034199522991001066,0.004172713538847685,0.004693141062623788,0.004711727759901506,0.004535154135763185,0.003875326382404197,0.003958966520153927,0.0038939130796819153,0.0038195662905710433,0.00384744633648762,0.003726632804182453,0.003800979593293325,0.004135540144292248,0.004024019960625941,0.003800979593293325,0.003968259868792787,0.004563034181679762,0.00412624679565339,0.004107660098375671,0.005269328678233045,0.006022089917980623,0.005102048402733583,0.00705365161689397,0.007769239462086111,0.009730136024885358,0.00952568235483046,0.009079601620165228,0.010455017218716358,0.007574079140670074,0.0073417454246985986,0.006570397487673303,0.006161490147563507,0.006737677763172765,0.0076763059756975215,0.006430997258090418,0.006403117212173841,0.0071651718005602775,0.006087143358452635,0.005743289458814853,0.006068556661174918,0.007899346343030137,0.010743111026520988,0.009163241757914959
48217,0.0004089073401097954,0.0004089073401097954,0.00042749403738751333,0.0004182006887486544,0.0004646674319429493,0.0004832541292206673,0.0005204275237761033,0.0006598277533589879,0.0009758016070801935,0.0013196555067179758,0.0016728027549946175,0.002044536700548977,0.0026393110134359517,0.002778711243018837,0.0034199522991001066,0.004172713538847685,0.004693141062623788,0.004711727759901506,0.004535154135763185,0.003875326382404197,0.003958966520153927,0.0038939130796819153,0.0038195662905710433,0.00384744633648762,0.003726632804182453,0.003800979593293325,0.004135540144292248,0.004024019960625941,0.003800979593293325,0.003968259868792787,0.004563034181679762,0.00412624679565339,0.004107660098375671,0.005269328678233045,0.006022089917980623,0.005102048402733583,0.00705365161689397,0.007769239462086111,0.009730136024885358,0.00952568235483046,0.009079601620165228,0.010455017218716358,0.007574079140670074,0.0073417454246985986,0.006570397487673303,0.006161490147563507,0.006737677763172765,0.0076763059756975215,0.006430997258090418,0.006403117212173841,0.0071651718005602775,0.006087143358452635,0.005743289458814853,0.006068556661174918,0.007899346343030137,0.010743111026520988,0.009163241757914959
48219,0.0004089073401097954,0.0004089073401097954,0.00042749403738751333,0.0004182006887486544,0.0004646674319429493,0.0004832541292206673,0.0005204275237761033,0.0006598277533589879,0.0009758016070801935,0.0013196555067179758,0.0016728027549946175,0.002044536700548977,0.0026393110134359517,0.002778711243018837,0.0034199522991001066,0.004172713538847685,0.004693141062623788,0.004711727759901506,0.004535154135763185,0.003875326382404197,0.003958966520153927,0.0038939130796819153,0.0038195662905710433,0.00384744633648762,0.003726632804182453,0.003800979593293325,0.004135540144292248,0.004024019960625941,0.003800979593293325,0.003968259868792787,0.004563034181679762,0.00412624679565339,0.004107660098375671,0.005269328678233045,0.006022089917980623,0.005102048402733583,0.00705365161689397,0.007769239462086111,0.009730136024885358,0.00952568235483046,0.009079601620165228,0.010455017218716358,0.007574079140670074,0.0073417454246985986,0.006570397487673303,0.006161490147563507,0.006737677763172765,0.0076763059756975215,0.006430997258090418,0.006403117212173841,0.0071651718005602775,0.006087143358452635,0.005743289458814853,0.006068556661174918,0.007899346343030137,0.010743111026520988,0.009163241757914959
48221,0.0004089073401097954,0.0004089073401097954,0.00042749403738751333,0.0004182006887486544,0.0004646674319429493,0.0004832541292206673,0.0005204275237761033,0.0006598277533589879,0.0009758016070801935,0.0013196555067179758,0.0016728027549946175,0.002044536700548977,0.0026393110134359517,0.002778711243018837,0.0034199522991001066,0.004172713538847685,0.004693141062623788,0.004711727759901506,0.004535154135763185,0.003875326382404197,0.003958966520153927,0.0038939130796819153,0.0038195662905710433,0.00384744633648762,0.003726632804182453,0.003800979593293325,0.004135540144292248,0.004024019960625941,0.003800979593293325,0.003968259868792787,0.004563034181679762,0.00412624679565339,0.004107660098375671,0.005269328678233045,0.006022089917980623,0.005102048402733583,0.00705365161689397,0.007769239462086111,0.009730136024885358,0.00952568235483046,0.009079601620165228,0.010455017218716358,0.007574079140670074,0.0073417454246985986,0.006570397487673303,0.006161490147563507,0.006737677763172765,0.0076763059756975215,0.006430997258090418,0.006403117212173841,0.0071651718005602775,0.006087143358452635,0.005743289458814853,0.006068556661174918,0.007899346343030137,0.010743111026520988,0.009163241757914959
48223,0.0004089073401097954,0.0004089073401097954,0.00042749403738751333,0.0004182006887486544,0.0004646674319429493,0.0004832541292206673,0.0005204275237761033,0.0006598277533589879,0.0009758016070801935,0.0013196555067179758,0.0016728027549946175,0.002044536700548977,0.0026393110134359517,0.002778711243018837,0.0034199522991001066,0.004172713538847685,0.004693141062623788,0.004711727759901506,0.004535154135763185,0.003875326382404197,0.003958966520153927,0.0038939130796819153,0.0038195662905710433,0.00384744633648762,0.003726632804182453,0.003800979593293325,0.004135540144292248,0.004024019960625941,0.003800979593293325,0.003968259868792787,0.004563034181679762,0.00412624679565339,0.004107660098375671,0.005269328678233045,0.006022089917980623,0.005102048402733583,0.00705365161689397,0.007769239462086111,0.009730136024885358,0.00952568235483046,0.009079601620165228,0.010455017218716358,0.007574079140670074,0.0073417454246985986,0.006570397487673303,0.006161490147563507,0.006737677763172765,0.0076763059756975215,0.006430997258090418,0.006403117212173841,0.0071651718005602775,0.006087143358452635,0.005743289458814853,0.006068556661174918,0.007899346343030137,0.010743111026520988,0.009163241757914959
48225,0.0004089073401097954,0.0004089073401097954,0.00042749403738751333,0.0004182006887486544,0.0004646674319429493,0.0004832541292206673,0.0005204275237761033,0.0006598277533589879,0.0009758016070801935,0.0013196555067179758,0.0016728027549946175,0.002044536700548977,0.0026393110134359517,0.002778711243018837,0.0034199522991001066,0.004172713538847685,0.004693141062623788,0.004711727759901506,0.004535154135763185,0.003875326382404197,0.003958966520153927,0.0038939130796819153,0.0038195662905710433,0.00384744633648762,0.003726632804182453,0.003800979593293325,0.004135540144292248,0.004024019960625941,0.003800979593293325,0.003968259868792787,0.004563034181679762,0.00412624679565339,0.004107660098375671,0.005269328678233045,0.006022089917980623,0.005102048402733583,0.00705365161689397,0.007769239462086111,0.009730136024885358,0.00952568235483046,0.009079601620165228,0.010455017218716358,0.007574079140670074,0.0073417454246985986,0.006570397487673303,0.006161490147563507,0.006737677763172765,0.0076763059756975215,0.006430997258090418,0.006403117212173841,0.0071651718005602775,0.006087143358452635,0.005743289458814853,0.006068556661174918,0.007899346343030137,0.010743111026520988,0.009163241757914959
48227,0.0004089073401097954,0.0004089073401097954,0.00042749403738751333,0.0004182006887486544,0.0004646674319429493,0.0004832541292206673,0.0005204275237761033,0.0006598277533589879,0.0009758016070801935,0.0013196555067179758,0.0016728027549946175,0.002044536700548977,0.0026393110134359517,0.002778711243018837,0.0034199522991001066,0.004172713538847685,0.004693141062623788,0.004711727759901506,0.004535154135763185,0.003875326382404197,0.003958966520153927,0.0038939130796819153,0.0038195662905710433,0.00384744633648762,0.003726632804182453,0.003800979593293325,0.004135540144292248,0.004024019960625941,0.003800979593293325,0.003968259868792787,0.004563034181679762,0.00412624679565339,0.004107660098375671,0.005269328678233045,0.006022089917980623,0.005102048402733583,0.00705365161689397,0.007769239462086111,0.009730136024885358,0.00952568235483046,0.009079601620165228,0.010455017218716358,0.007574079140670074,0.0073417454246985986,0.006570397487673303,0.006161490147563507,0.006737677763172765,0.0076763059756975215,0.006430997258090418,0.006403117212173841,0.0071651718005602775,0.006087143358452635,0.005743289458814853,0.006068556661174918,0.007899346343030137,0.010743111026520988,0.009163241757914959
48229,0.0004089073401097954,0.0004089073401097954,0.00042749403738751333,0.0004182006887486544,0.0004646674319429493,0.0004832541292206673,0.0005204275237761033,0.0006598277533589879,0.0009758016070801935,0.0013196555067179758,0.0016728027549946175,0.002044536700548977,0.0026393110134359517,0.002778711243018837,0.0034199522991001066,0.004172713538847685,0.004693141062623788,0.004711727759901506,0.004535154135763185,0.003875326382404197,0.003958966520153927,0.0038939130796819153,0.0038195662905710433,0.00384744633648762,0.003726632804182453,0.003800979593293325,0.004135540144292248,0.004024019960625941,0.003800979593293325,0.003968259868792787,0.004563034181679762,0.00412624679565339,0.004107660098375671,0.005269328678233045,0.006022089917980623,0.005102048402733583,0.00705365161689397,0.007769239462086111,0.009730136024885358,0.00952568235483046,0.009079601620165228,0.010455017218716358,0.007574079140670074,0.0073417454246985986,0.006570397487673303,0.006161490147563507,0.006737677763172765,0.0076763059756975215,0.006430997258090418,0.006403117212173841,0.0071651718005602775,0.006087143358452635,0.005743289458814853,0.006068556661174918,0.007899346343030137,0.010743111026520988,0.009163241757914959
48231,0.0004089073401097954,0.0004089073401097954,0.00042749403738751333,0.0004182006887486544,0.0004646674319429493,0.0004832541292206673,0.0005204275237761033,0.0006598277533589879,0.0009758016070801935,0.0013196555067179758,0.0016728027549946175,0.002044536700548977,0.0026393110134359517,0.002778711243018837,0.0034199522991001066,0.004172713538847685,0.004693141062623788,0.004711727759901506,0.004535154135763185,0.003875326382404197,0.003958966520153927,0.0038939130796819153,0.0038195662905710433,0.00384744633648762,0.003726632804182453,0.003800979593293325,0.004135540144292248,0.004024019960625941,0.003800979593293325,0.003968259868792787,0.004563034181679762,0.00412624679565339,0.004107660098375671,0.005269328678233045,0.006022089917980623,0.005102048402733583,0.00705365161689397,0.007769239462086111,0.009730136024885358,0.00952568235483046,0.009079601620165228,0.010455017218716358,0.007574079140670074,0.0073417454246985986,0.006570397487673303,0.006161490147563507,0.006737677763172765,0.0076763059756975215,0.006430997258090418,0.006403117212173841,0.0071651718005602775,0.006087143358452635,0.005743289458814853,0.006068556661174918,0.007899346343030137,0.010743111026520988,0.009163241757914959
48233,0.0004089073401097954,0.0004089073401097954,0.00042749403738751333,0.0004182006887486544,0.0004646674319429493,0.0004832541292206673,0.0005204275237761033,0.0006598277533589879,0.0009758016070801935,0.0013196555067179758,0.0016728027549946175,0.002044536700548977,0.0026393110134359517,0.002778711243018837,0.0034199522991001066,0.004172713538847685,0.004693141062623788,0.004711727759901506,0.004535154135763185,0.003875326382404197,0.003958966520153927,0.0038939130796819153,0.0038195662905710433,0.00384744633648762,0.003726632804182453,0.003800979593293325,0.004135540144292248,0.004024019960625941,0.003800979593293325,0.003968259868792787,0.004563034181679762,0.00412624679565339,0.004107660098375671,0.005269328678233045,0.006022089917980623,0.005102048402733583,0.00705365161689397,0.007769239462086111,0.009730136024885358,0.00952568235483046,0.009079601620165228,0.010455017218716358,0.007574079140670074,0.0073417454246985986,0.006570397487673303,0.006161490147563507,0.006737677763172765,0.0076763059756975215,0.006430997258090418,0.006403117212173841,0.0071651718005602775,0.006087143358452635,0.005743289458814853,0.006068556661174918,0.007899346343030137,0.010743111026520988,0.009163241757914959
48235,0.0004089073401097954,0.0004089073401097954,0.00042749403738751333,0.0004182006887486544,0.0004646674319429493,0.0004832541292206673,0.0005204275237761033,0.0006598277533589879,0.0009758016070801935,0.0013196555067179758,0.0016728027549946175,0.002044536700548977,0.0026393110134359517,0.002778711243018837,0.0034199522991001066,0.004172713538847685,0.004693141062623788,0.004711727759901506,0.004535154135763185,0.003875326382404197,0.003958966520153927,0.0038939130796819153,0.0038195662905710433,0.00384744633648762,0.003726632804182453,0.003800979593293325,0.004135540144292248,0.004024019960625941,0.003800979593293325,0.003968259868792787,0.004563034181679762,0.00412624679565339,0.004107660098375671,0.005269328678233045,0.006022089917980623,0.005102048402733583,0.00705365161689397,0.007769239462086111,0.009730136024885358,0.00952568235483046,0.009079601620165228,0.010455017218716358,0.007574079140670074,0.0073417454246985986,0.006570397487673303,0.006161490147563507,0.006737677763172765,0.0076763059756975215,0.006430997258090418,0.006403117212173841,0.0071651718005602775,0.006087143358452635,0.005743289458814853,0.006068556661174918,0.007899346343030137,0.010743111026520988,0.009163241757914959
48237,0.0004089073401097954,0.0004089073401097954,0.00042749403738751333,0.0004182006887486544,0.0004646674319429493,0.0004832541292206673,0.0005204275237761033,0.0006598277533589879,0.0009758016070801935,0.0013196555067179758,0.0016728027549946175,0.002044536700548977,0.0026393110134359517,0.002778711243018837,0.0034199522991001066,0.004172713538847685,0.004693141062623788,0.004711727759901506,0.004535154135763185,0.003875326382404197,0.003958966520153927,0.0038939130796819153,0.0038195662905710433,0.00384744633648762,0.003726632804182453,0.003800979593293325,0.004135540144292248,0.004024019960625941,0.003800979593293325,0.003968259868792787,0.004563034181679762,0.00412624679565339,0.004107660098375671,0.005269328678233045,0.006022089917980623,0.005102048402733583,0.00705365161689397,0.007769239462086111,0.009730136024885358,0.00952568235483046,0.009079601620165228,0.010455017218716358,0.007574079140670074,0.0073417454246985986,0.006570397487673303,0.006161490147563507,0.006737677763172765,0.0076763059756975215,0.006430997258090418,0.006403117212173841,0.0071651718005602775,0.006087143358452635,0.005743289458814853,0.006068556661174918,0.007899346343030137,0.010743111026520988,0.009163241757914959
48239,0.0004089073401097954,0.0004089073401097954,0.00042749403738751333,0.0004182006887486544,0.0004646674319429493,0.0004832541292206673,0.0005204275237761033,0.0006598277533589879,0.0009758016070801935,0.0013196555067179758,0.0016728027549946175,0.002044536700548977,0.0026393110134359517,0.002778711243018837,0.0034199522991001066,0.004172713538847685,0.004693141062623788,0.004711727759901506,0.004535154135763185,0.003875326382404197,0.003958966520153927,0.0038939130796819153,0.0038195662905710433,0.00384744633648762,0.003726632804182453,0.003800979593293325,0.004135540144292248,0.004024019960625941,0.003800979593293325,0.003968259868792787,0.004563034181679762,0.00412624679565339,0.004107660098375671,0.005269328678233045,0.006022089917980623,0.005102048402733583,0.00705365161689397,0.007769239462086111,0.009730136024885358,0.00952568235483046,0.009079601620165228,0.010455017218716358,0.007574079140670074,0.0073417454246985986,0.006570397487673303,0.006161490147563507,0.006737677763172765,0.0076763059756975215,0.006430997258090418,0.006403117212173841,0.0071651718005602775,0.006087143358452635,0.005743289458814853,0.006068556661174918,0.007899346343030137,0.010743111026520988,0.009163241757914959
48241,0.0004089073401097954,0.0004089073401097954,0.00042749403738751333,0.0004182006887486544,0.0004646674319429493,0.0004832541292206673,0.0005204275237761033,0.0006598277533589879,0.0009758016070801935,0.0013196555067179758,0.0016728027549946175,0.002044536700548977,0.0026393110134359517,0.002778711243018837,0.0034199522991001066,0.004172713538847685,0.004693141062623788,0.004711727759901506,0.004535154135763185,0.003875326382404197,0.003958966520153927,0.0038939130796819153,0.0038195662905710433,0.00384744633648762,0.003726632804182453,0.003800979593293325,0.004135540144292248,0.004024019960625941,0.003800979593293325,0.003968259868792787,0.004563034181679762,0.00412624679565339,0.004107660098375671,0.005269328678233045,0.006022089917980623,0.005102048402733583,0.00705365161689397,0.007769239462086111,0.009730136024885358,0.00952568235483046,0.009079601620165228,0.010455017218716358,0.007574079140670074,0.0073417454246985986,0.006570397487673303,0.006161490147563507,0.006737677763172765,0.0076763059756975215,0.006430997258090418,0.006403117212173841,0.0071651718005602775,0.006087143358452635,0.005743289458814853,0.006068556661174918,0.007899346343030137,0.010743111026520988,0.009163241757914959
48243,0.0004089073401097954,0.0004089073401097954,0.00042749403738751333,0.0004182006887486544,0.0004646674319429493,0.0004832541292206673,0.0005204275237761033,0.0006598277533589879,0.0009758016070801935,0.0013196555067179758,0.0016728027549946175,0.002044536700548977,0.0026393110134359517,0.002778711243018837,0.0034199522991001066,0.004172713538847685,0.004693141062623788,0.004711727759901506,0.004535154135763185,0.003875326382404197,0.003958966520153927,0.0038939130796819153,0.0038195662905710433,0.00384744633648762,0.003726632804182453,0.003800979593293325,0.004135540144292248,0.004024019960625941,0.003800979593293325,0.003968259868792787,0.004563034181679762,0.00412624679565339,0.004107660098375671,0.005269328678233045,0.006022089917980623,0.005102048402733583,0.00705365161689397,0.007769239462086111,0.009730136024885358,0.00952568235483046,0.009079601620165228,0.010455017218716358,0.007574079140670074,0.0073417454246985986,0.006570397487673303,0.006161490147563507,0.006737677763172765,0.0076763059756975215,0.006430997258090418,0.006403117212173841,0.0071651718005602775,0.006087143358452635,0.005743289458814853,0.006068556661174918,0.007899346343030137,0.010743111026520988,0.009163241757914959
48245,0.0004089073401097954,0.0004089073401097954,0.00042749403738751333,0.0004182006887486544,0.0004646674319429493,0.0004832541292206673,0.0005204275237761033,0.0006598277533589879,0.0009758016070801935,0.0013196555067179758,0.0016728027549946175,0.002044536700548977,0.0026393110134359517,0.002778711243018837,0.0034199522991001066,0.004172713538847685,0.004693141062623788,0.004711727759901506,0.004535154135763185,0.003875326382404197,0.003958966520153927,0.0038939130796819153,0.0038195662905710433,0.00384744633648762,0.003726632804182453,0.003800979593293325,0.004135540144292248,0.004024019960625941,0.003800979593293325,0.003968259868792787,0.004563034181679762,0.00412624679565339,0.004107660098375671,0.005269328678233045,0.006022089917980623,0.005102048402733583,0.00705365161689397,0.007769239462086111,0.009730136024885358,0.00952568235483046,0.009079601620165228,0.010455017218716358,0.007574079140670074,0.0073417454246985986,0.006570397487673303,0.006161490147563507,0.006737677763172765,0.0076763059756975215,0.006430997258090418,0.006403117212173841,0.0071651718005602775,0.006087143358452635,0.005743289458814853,0.006068556661174918,0.007899346343030137,0.010743111026520988,0.009163241757914959
48247,0.0004089073401097954,0.0004089073401097954,0.00042749403738751333,0.0004182006887486544,0.0004646674319429493,0.0004832541292206673,0.0005204275237761033,0.0006598277533589879,0.0009758016070801935,0.0013196555067179758,0.0016728027549946175,0.002044536700548977,0.0026393110134359517,0.002778711243018837,0.0034199522991001066,0.004172713538847685,0.004693141062623788,0.004711727759901506,0.004535154135763185,0.003875326382404197,0.003958966520153927,0.0038939130796819153,0.0038195662905710433,0.00384744633648762,0.003726632804182453,0.003800979593293325,0.004135540144292248,0.004024019960625941,0.003800979593293325,0.003968259868792787,0.004563034181679762,0.00412624679565339,0.004107660098375671,0.005269328678233045,0.006022089917980623,0.005102048402733583,0.00705365161689397,0.007769239462086111,0.009730136024885358,0.00952568235483046,0.009079601620165228,0.010455017218716358,0.007574079140670074,0.0073417454246985986,0.006570397487673303,0.006161490147563507,0.006737677763172765,0.0076763059756975215,0.006430997258090418,0.006403117212173841,0.0071651718005602775,0.006087143358452635,0.005743289458814853,0.006068556661174918,0.007899346343030137,0.010743111026520988,0.009163241757914959
48249,0.0004089073401097954,0.0004089073401097954,0.00042749403738751333,0.0004182006887486544,0.0004646674319429493,0.0004832541292206673,0.0005204275237761033,0.0006598277533589879,0.0009758016070801935,0.0013196555067179758,0.0016728027549946175,0.002044536700548977,0.0026393110134359517,0.002778711243018837,0.0034199522991001066,0.004172713538847685,0.004693141062623788,0.004711727759901506,0.004535154135763185,0.003875326382404197,0.003958966520153927,0.0038939130796819153,0.0038195662905710433,0.00384744633648762,0.003726632804182453,0.003800979593293325,0.004135540144292248,0.004024019960625941,0.003800979593293325,0.003968259868792787,0.004563034181679762,0.00412624679565339,0.004107660098375671,0.005269328678233045,0.006022089917980623,0.005102048402733583,0.00705365161689397,0.007769239462086111,0.009730136024885358,0.00952568235483046,0.009079601620165228,0.010455017218716358,0.007574079140670074,0.0073417454246985986,0.006570397487673303,0.006161490147563507,0.006737677763172765,0.0076763059756975215,0.006430997258090418,0.006403117212173841,0.0071651718005602775,0.006087143358452635,0.005743289458814853,0.006068556661174918,0.007899346343030137,0.010743111026520988,0.009163241757914959
48251,0.0004089073401097954,0.0004089073401097954,0.00042749403738751333,0.0004182006887486544,0.0004646674319429493,0.0004832541292206673,0.0005204275237761033,0.0006598277533589879,0.0009758016070801935,0.0013196555067179758,0.0016728027549946175,0.002044536700548977,0.0026393110134359517,0.002778711243018837,0.0034199522991001066,0.004172713538847685,0.004693141062623788,0.004711727759901506,0.004535154135763185,0.003875326382404197,0.003958966520153927,0.0038939130796819153,0.0038195662905710433,0.00384744633648762,0.003726632804182453,0.003800979593293325,0.004135540144292248,0.004024019960625941,0.003800979593293325,0.003968259868792787,0.004563034181679762,0.00412624679565339,0.004107660098375671,0.005269328678233045,0.006022089917980623,0.005102048402733583,0.00705365161689397,0.007769239462086111,0.009730136024885358,0.00952568235483046,0.009079601620165228,0.010455017218716358,0.007574079140670074,0.0073417454246985986,0.006570397487673303,0.006161490147563507,0.006737677763172765,0.0076763059756975215,0.006430997258090418,0.006403117212173841,0.0071651718005602775,0.006087143358452635,0.005743289458814853,0.006068556661174918,0.007899346343030137,0.010743111026520988,0.009163241757914959
48253,0.0004089073401097954,0.0004089073401097954,0.00042749403738751333,0.0004182006887486544,0.0004646674319429493,0.0004832541292206673,0.0005204275237761033,0.0006598277533589879,0.0009758016070801935,0.0013196555067179758,0.0016728027549946175,0.002044536700548977,0.0026393110134359517,0.002778711243018837,0.0034199522991001066,0.004172713538847685,0.004693141062623788,0.004711727759901506,0.004535154135763185,0.003875326382404197,0.003958966520153927,0.0038939130796819153,0.0038195662905710433,0.00384744633648762,0.003726632804182453,0.003800979593293325,0.004135540144292248,0.004024019960625941,0.003800979593293325,0.003968259868792787,0.004563034181679762,0.00412624679565339,0.004107660098375671,0.005269328678233045,0.006022089917980623,0.005102048402733583,0.00705365161689397,0.007769239462086111,0.009730136024885358,0.00952568235483046,0.009079601620165228,0.010455017218716358,0.007574079140670074,0.0073417454246985986,0.006570397487673303,0.006161490147563507,0.006737677763172765,0.0076763059756975215,0.006430997258090418,0.006403117212173841,0.0071651718005602775,0.006087143358452635,0.005743289458814853,0.006068556661174918,0.007899346343030137,0.010743111026520988,0.009163241757914959
48255,0.0004089073401097954,0.0004089073401097954,0.00042749403738751333,0.0004182006887486544,0.0004646674319429493,0.0004832541292206673,0.0005204275237761033,0.0006598277533589879,0.0009758016070801935,0.0013196555067179758,0.0016728027549946175,0.002044536700548977,0.0026393110134359517,0.002778711243018837,0.0034199522991001066,0.004172713538847685,0.004693141062623788,0.004711727759901506,0.004535154135763185,0.003875326382404197,0.003958966520153927,0.0038939130796819153,0.0038195662905710433,0.00384744633648762,0.003726632804182453,0.003800979593293325,0.004135540144292248,0.004024019960625941,0.003800979593293325,0.003968259868792787,0.004563034181679762,0.00412624679565339,0.004107660098375671,0.005269328678233045,0.006022089917980623,0.005102048402733583,0.00705365161689397,0.007769239462086111,0.009730136024885358,0.00952568235483046,0.009079601620165228,0.010455017218716358,0.007574079140670074,0.0073417454246985986,0.006570397487673303,0.006161490147563507,0.006737677763172765,0.0076763059756975215,0.006430997258090418,0.006403117212173841,0.0071651718005602775,0.006087143358452635,0.005743289458814853,0.006068556661174918,0.007899346343030137,0.010743111026520988,0.009163241757914959
48257,0.0004089073401097954,0.0004089073401097954,0.00042749403738751333,0.0004182006887486544,0.0004646674319429493,0.0004832541292206673,0.0005204275237761033,0.0006598277533589879,0.0009758016070801935,0.0013196555067179758,0.0016728027549946175,0.002044536700548977,0.0026393110134359517,0.002778711243018837,0.0034199522991001066,0.004172713538847685,0.004693141062623788,0.004711727759901506,0.004535154135763185,0.003875326382404197,0.003958966520153927,0.0038939130796819153,0.0038195662905710433,0.00384744633648762,0.003726632804182453,0.003800979593293325,0.004135540144292248,0.004024019960625941,0.003800979593293325,0.003968259868792787,0.004563034181679762,0.00412624679565339,0.004107660098375671,0.005269328678233045,0.006022089917980623,0.005102048402733583,0.00705365161689397,0.007769239462086111,0.009730136024885358,0.00952568235483046,0.009079601620165228,0.010455017218716358,0.007574079140670074,0.0073417454246985986,0.006570397487673303,0.006161490147563507,0.006737677763172765,0.0076763059756975215,0.006430997258090418,0.006403117212173841,0.0071651718005602775,0.006087143358452635,0.005743289458814853,0.006068556661174918,0.007899346343030137,0.010743111026520988,0.009163241757914959
48259,0.0004089073401097954,0.0004089073401097954,0.00042749403738751333,0.0004182006887486544,0.0004646674319429493,0.0004832541292206673,0.0005204275237761033,0.0006598277533589879,0.0009758016070801935,0.0013196555067179758,0.0016728027549946175,0.002044536700548977,0.0026393110134359517,0.002778711243018837,0.0034199522991001066,0.004172713538847685,0.004693141062623788,0.004711727759901506,0.004535154135763185,0.003875326382404197,0.003958966520153927,0.0038939130796819153,0.0038195662905710433,0.00384744633648762,0.003726632804182453,0.003800979593293325,0.004135540144292248,0.004024019960625941,0.003800979593293325,0.003968259868792787,0.004563034181679762,0.00412624679565339,0.004107660098375671,0.005269328678233045,0.006022089917980623,0.005102048402733583,0.00705365161689397,0.007769239462086111,0.009730136024885358,0.00952568235483046,0.009079601620165228,0.010455017218716358,0.007574079140670074,0.0073417454246985986,0.006570397487673303,0.006161490147563507,0.006737677763172765,0.0076763059756975215,0.006430997258090418,0.006403117212173841,0.0071651718005602775,0.006087143358452635,0.005743289458814853,0.006068556661174918,0.007899346343030137,0.010743111026520988,0.009163241757914959
48261,0.0004089073401097954,0.0004089073401097954,0.00042749403738751333,0.0004182006887486544,0.0004646674319429493,0.0004832541292206673,0.0005204275237761033,0.0006598277533589879,0.0009758016070801935,0.0013196555067179758,0.0016728027549946175,0.002044536700548977,0.0026393110134359517,0.002778711243018837,0.0034199522991001066,0.004172713538847685,0.004693141062623788,0.004711727759901506,0.004535154135763185,0.003875326382404197,0.003958966520153927,0.0038939130796819153,0.0038195662905710433,0.00384744633648762,0.003726632804182453,0.003800979593293325,0.004135540144292248,0.004024019960625941,0.003800979593293325,0.003968259868792787,0.004563034181679762,0.00412624679565339,0.004107660098375671,0.005269328678233045,0.006022089917980623,0.005102048402733583,0.00705365161689397,0.007769239462086111,0.009730136024885358,0.00952568235483046,0.009079601620165228,0.010455017218716358,0.007574079140670074,0.0073417454246985986,0.006570397487673303,0.006161490147563507,0.006737677763172765,0.0076763059756975215,0.006430997258090418,0.006403117212173841,0.0071651718005602775,0.006087143358452635,0.005743289458814853,0.006068556661174918,0.007899346343030137,0.010743111026520988,0.009163241757914959
48263,0.0004089073401097954,0.0004089073401097954,0.00042749403738751333,0.0004182006887486544,0.0004646674319429493,0.0004832541292206673,0.0005204275237761033,0.0006598277533589879,0.0009758016070801935,0.0013196555067179758,0.0016728027549946175,0.002044536700548977,0.0026393110134359517,0.002778711243018837,0.0034199522991001066,0.004172713538847685,0.004693141062623788,0.004711727759901506,0.004535154135763185,0.003875326382404197,0.003958966520153927,0.0038939130796819153,0.0038195662905710433,0.00384744633648762,0.003726632804182453,0.003800979593293325,0.004135540144292248,0.004024019960625941,0.003800979593293325,0.003968259868792787,0.004563034181679762,0.00412624679565339,0.004107660098375671,0.005269328678233045,0.006022089917980623,0.005102048402733583,0.00705365161689397,0.007769239462086111,0.009730136024885358,0.00952568235483046,0.009079601620165228,0.010455017218716358,0.007574079140670074,0.0073417454246985986,0.006570397487673303,0.006161490147563507,0.006737677763172765,0.0076763059756975215,0.006430997258090418,0.006403117212173841,0.0071651718005602775,0.006087143358452635,0.005743289458814853,0.006068556661174918,0.007899346343030137,0.010743111026520988,0.009163241757914959
48265,0.0004089073401097954,0.0004089073401097954,0.00042749403738751333,0.0004182006887486544,0.0004646674319429493,0.0004832541292206673,0.0005204275237761033,0.0006598277533589879,0.0009758016070801935,0.0013196555067179758,0.0016728027549946175,0.002044536700548977,0.0026393110134359517,0.002778711243018837,0.0034199522991001066,0.004172713538847685,0.004693141062623788,0.004711727759901506,0.004535154135763185,0.003875326382404197,0.003958966520153927,0.0038939130796819153,0.0038195662905710433,0.00384744633648762,0.003726632804182453,0.003800979593293325,0.004135540144292248,0.004024019960625941,0.003800979593293325,0.003968259868792787,0.004563034181679762,0.00412624679565339,0.004107660098375671,0.005269328678233045,0.006022089917980623,0.005102048402733583,0.00705365161689397,0.007769239462086111,0.009730136024885358,0.00952568235483046,0.009079601620165228,0.010455017218716358,0.007574079140670074,0.0073417454246985986,0.006570397487673303,0.006161490147563507,0.006737677763172765,0.0076763059756975215,0.006430997258090418,0.006403117212173841,0.0071651718005602775,0.006087143358452635,0.005743289458814853,0.006068556661174918,0.007899346343030137,0.010743111026520988,0.009163241757914959
48267,0.0004089073401097954,0.0004089073401097954,0.00042749403738751333,0.0004182006887486544,0.0004646674319429493,0.0004832541292206673,0.0005204275237761033,0.0006598277533589879,0.0009758016070801935,0.0013196555067179758,0.0016728027549946175,0.002044536700548977,0.0026393110134359517,0.002778711243018837,0.0034199522991001066,0.004172713538847685,0.004693141062623788,0.004711727759901506,0.004535154135763185,0.003875326382404197,0.003958966520153927,0.0038939130796819153,0.0038195662905710433,0.00384744633648762,0.003726632804182453,0.003800979593293325,0.004135540144292248,0.004024019960625941,0.003800979593293325,0.003968259868792787,0.004563034181679762,0.00412624679565339,0.004107660098375671,0.005269328678233045,0.006022089917980623,0.005102048402733583,0.00705365161689397,0.007769239462086111,0.009730136024885358,0.00952568235483046,0.009079601620165228,0.010455017218716358,0.007574079140670074,0.0073417454246985986,0.006570397487673303,0.006161490147563507,0.006737677763172765,0.0076763059756975215,0.006430997258090418,0.006403117212173841,0.0071651718005602775,0.006087143358452635,0.005743289458814853,0.006068556661174918,0.007899346343030137,0.010743111026520988,0.009163241757914959
48269,0.0004089073401097954,0.0004089073401097954,0.00042749403738751333,0.0004182006887486544,0.0004646674319429493,0.0004832541292206673,0.0005204275237761033,0.0006598277533589879,0.0009758016070801935,0.0013196555067179758,0.0016728027549946175,0.002044536700548977,0.0026393110134359517,0.002778711243018837,0.0034199522991001066,0.004172713538847685,0.004693141062623788,0.004711727759901506,0.004535154135763185,0.003875326382404197,0.003958966520153927,0.0038939130796819153,0.0038195662905710433,0.00384744633648762,0.003726632804182453,0.003800979593293325,0.004135540144292248,0.004024019960625941,0.003800979593293325,0.003968259868792787,0.004563034181679762,0.00412624679565339,0.004107660098375671,0.005269328678233045,0.006022089917980623,0.005102048402733583,0.00705365161689397,0.007769239462086111,0.009730136024885358,0.00952568235483046,0.009079601620165228,0.010455017218716358,0.007574079140670074,0.0073417454246985986,0.006570397487673303,0.006161490147563507,0.006737677763172765,0.0076763059756975215,0.006430997258090418,0.006403117212173841,0.0071651718005602775,0.006087143358452635,0.005743289458814853,0.006068556661174918,0.007899346343030137,0.010743111026520988,0.009163241757914959
48271,0.0004089073401097954,0.0004089073401097954,0.00042749403738751333,0.0004182006887486544,0.0004646674319429493,0.0004832541292206673,0.0005204275237761033,0.0006598277533589879,0.0009758016070801935,0.0013196555067179758,0.0016728027549946175,0.002044536700548977,0.0026393110134359517,0.002778711243018837,0.0034199522991001066,0.004172713538847685,0.004693141062623788,0.004711727759901506,0.004535154135763185,0.003875326382404197,0.003958966520153927,0.0038939130796819153,0.0038195662905710433,0.00384744633648762,0.003726632804182453,0.003800979593293325,0.004135540144292248,0.004024019960625941,0.003800979593293325,0.003968259868792787,0.004563034181679762,0.00412624679565339,0.004107660098375671,0.005269328678233045,0.006022089917980623,0.005102048402733583,0.00705365161689397,0.007769239462086111,0.009730136024885358,0.00952568235483046,0.009079601620165228,0.010455017218716358,0.007574079140670074,0.0073417454246985986,0.006570397487673303,0.006161490147563507,0.006737677763172765,0.0076763059756975215,0.006430997258090418,0.006403117212173841,0.0071651718005602775,0.006087143358452635,0.005743289458814853,0.006068556661174918,0.007899346343030137,0.010743111026520988,0.009163241757914959
48273,0.0004089073401097954,0.0004089073401097954,0.00042749403738751333,0.0004182006887486544,0.0004646674319429493,0.0004832541292206673,0.0005204275237761033,0.0006598277533589879,0.0009758016070801935,0.0013196555067179758,0.0016728027549946175,0.002044536700548977,0.0026393110134359517,0.002778711243018837,0.0034199522991001066,0.004172713538847685,0.004693141062623788,0.004711727759901506,0.004535154135763185,0.003875326382404197,0.003958966520153927,0.0038939130796819153,0.0038195662905710433,0.00384744633648762,0.003726632804182453,0.003800979593293325,0.004135540144292248,0.004024019960625941,0.003800979593293325,0.003968259868792787,0.004563034181679762,0.00412624679565339,0.004107660098375671,0.005269328678233045,0.006022089917980623,0.005102048402733583,0.00705365161689397,0.007769239462086111,0.009730136024885358,0.00952568235483046,0.009079601620165228,0.010455017218716358,0.007574079140670074,0.0073417454246985986,0.006570397487673303,0.006161490147563507,0.006737677763172765,0.0076763059756975215,0.006430997258090418,0.006403117212173841,0.0071651718005602775,0.006087143358452635,0.005743289458814853,0.006068556661174918,0.007899346343030137,0.010743111026520988,0.009163241757914959
48275,0.0004089073401097954,0.0004089073401097954,0.00042749403738751333,0.0004182006887486544,0.0004646674319429493,0.0004832541292206673,0.0005204275237761033,0.0006598277533589879,0.0009758016070801935,0.0013196555067179758,0.0016728027549946175,0.002044536700548977,0.0026393110134359517,0.002778711243018837,0.0034199522991001066,0.004172713538847685,0.004693141062623788,0.004711727759901506,0.004535154135763185,0.003875326382404197,0.003958966520153927,0.0038939130796819153,0.0038195662905710433,0.00384744633648762,0.003726632804182453,0.003800979593293325,0.004135540144292248,0.004024019960625941,0.003800979593293325,0.003968259868792787,0.004563034181679762,0.00412624679565339,0.004107660098375671,0.005269328678233045,0.006022089917980623,0.005102048402733583,0.00705365161689397,0.007769239462086111,0.009730136024885358,0.00952568235483046,0.009079601620165228,0.010455017218716358,0.007574079140670074,0.0073417454246985986,0.006570397487673303,0.006161490147563507,0.006737677763172765,0.0076763059756975215,0.006430997258090418,0.006403117212173841,0.0071651718005602775,0.006087143358452635,0.005743289458814853,0.006068556661174918,0.007899346343030137,0.010743111026520988,0.009163241757914959
48277,0.0004089073401097954,0.0004089073401097954,0.00042749403738751333,0.0004182006887486544,0.0004646674319429493,0.0004832541292206673,0.0005204275237761033,0.0006598277533589879,0.0009758016070801935,0.0013196555067179758,0.0016728027549946175,0.002044536700548977,0.0026393110134359517,0.002778711243018837,0.0034199522991001066,0.004172713538847685,0.004693141062623788,0.004711727759901506,0.004535154135763185,0.003875326382404197,0.003958966520153927,0.0038939130796819153,0.0038195662905710433,0.00384744633648762,0.003726632804182453,0.003800979593293325,0.004135540144292248,0.004024019960625941,0.003800979593293325,0.003968259868792787,0.004563034181679762,0.00412624679565339,0.004107660098375671,0.005269328678233045,0.006022089917980623,0.005102048402733583,0.00705365161689397,0.007769239462086111,0.009730136024885358,0.00952568235483046,0.009079601620165228,0.010455017218716358,0.007574079140670074,0.0073417454246985986,0.006570397487673303,0.006161490147563507,0.006737677763172765,0.0076763059756975215,0.006430997258090418,0.006403117212173841,0.0071651718005602775,0.006087143358452635,0.005743289458814853,0.006068556661174918,0.007899346343030137,0.010743111026520988,0.009163241757914959
48279,0.0004089073401097954,0.0004089073401097954,0.00042749403738751333,0.0004182006887486544,0.0004646674319429493,0.0004832541292206673,0.0005204275237761033,0.0006598277533589879,0.0009758016070801935,0.0013196555067179758,0.0016728027549946175,0.002044536700548977,0.0026393110134359517,0.002778711243018837,0.0034199522991001066,0.004172713538847685,0.004693141062623788,0.004711727759901506,0.004535154135763185,0.003875326382404197,0.003958966520153927,0.0038939130796819153,0.0038195662905710433,0.00384744633648762,0.003726632804182453,0.003800979593293325,0.004135540144292248,0.004024019960625941,0.003800979593293325,0.003968259868792787,0.004563034181679762,0.00412624679565339,0.004107660098375671,0.005269328678233045,0.006022089917980623,0.005102048402733583,0.00705365161689397,0.007769239462086111,0.009730136024885358,0.00952568235483046,0.009079601620165228,0.010455017218716358,0.007574079140670074,0.0073417454246985986,0.006570397487673303,0.006161490147563507,0.006737677763172765,0.0076763059756975215,0.006430997258090418,0.006403117212173841,0.0071651718005602775,0.006087143358452635,0.005743289458814853,0.006068556661174918,0.007899346343030137,0.010743111026520988,0.009163241757914959
48281,0.0004089073401097954,0.0004089073401097954,0.00042749403738751333,0.0004182006887486544,0.0004646674319429493,0.0004832541292206673,0.0005204275237761033,0.0006598277533589879,0.0009758016070801935,0.0013196555067179758,0.0016728027549946175,0.002044536700548977,0.0026393110134359517,0.002778711243018837,0.0034199522991001066,0.004172713538847685,0.004693141062623788,0.004711727759901506,0.004535154135763185,0.003875326382404197,0.003958966520153927,0.0038939130796819153,0.0038195662905710433,0.00384744633648762,0.003726632804182453,0.003800979593293325,0.004135540144292248,0.004024019960625941,0.003800979593293325,0.003968259868792787,0.004563034181679762,0.00412624679565339,0.004107660098375671,0.005269328678233045,0.006022089917980623,0.005102048402733583,0.00705365161689397,0.007769239462086111,0.009730136024885358,0.00952568235483046,0.009079601620165228,0.010455017218716358,0.007574079140670074,0.0073417454246985986,0.006570397487673303,0.006161490147563507,0.006737677763172765,0.0076763059756975215,0.006430997258090418,0.006403117212173841,0.0071651718005602775,0.006087143358452635,0.005743289458814853,0.006068556661174918,0.007899346343030137,0.010743111026520988,0.009163241757914959
48283,0.0004089073401097954,0.0004089073401097954,0.00042749403738751333,0.0004182006887486544,0.0004646674319429493,0.0004832541292206673,0.0005204275237761033,0.0006598277533589879,0.0009758016070801935,0.0013196555067179758,0.0016728027549946175,0.002044536700548977,0.0026393110134359517,0.002778711243018837,0.0034199522991001066,0.004172713538847685,0.004693141062623788,0.004711727759901506,0.004535154135763185,0.003875326382404197,0.003958966520153927,0.0038939130796819153,0.0038195662905710433,0.00384744633648762,0.003726632804182453,0.003800979593293325,0.004135540144292248,0.004024019960625941,0.003800979593293325,0.003968259868792787,0.004563034181679762,0.00412624679565339,0.004107660098375671,0.005269328678233045,0.006022089917980623,0.005102048402733583,0.00705365161689397,0.007769239462086111,0.009730136024885358,0.00952568235483046,0.009079601620165228,0.010455017218716358,0.007574079140670074,0.0073417454246985986,0.006570397487673303,0.006161490147563507,0.006737677763172765,0.0076763059756975215,0.006430997258090418,0.006403117212173841,0.0071651718005602775,0.006087143358452635,0.005743289458814853,0.006068556661174918,0.007899346343030137,0.010743111026520988,0.009163241757914959
48285,0.0004089073401097954,0.0004089073401097954,0.00042749403738751333,0.0004182006887486544,0.0004646674319429493,0.0004832541292206673,0.0005204275237761033,0.0006598277533589879,0.0009758016070801935,0.0013196555067179758,0.0016728027549946175,0.002044536700548977,0.0026393110134359517,0.002778711243018837,0.0034199522991001066,0.004172713538847685,0.004693141062623788,0.004711727759901506,0.004535154135763185,0.003875326382404197,0.003958966520153927,0.0038939130796819153,0.0038195662905710433,0.00384744633648762,0.003726632804182453,0.003800979593293325,0.004135540144292248,0.004024019960625941,0.003800979593293325,0.003968259868792787,0.004563034181679762,0.00412624679565339,0.004107660098375671,0.005269328678233045,0.006022089917980623,0.005102048402733583,0.00705365161689397,0.007769239462086111,0.009730136024885358,0.00952568235483046,0.009079601620165228,0.010455017218716358,0.007574079140670074,0.0073417454246985986,0.006570397487673303,0.006161490147563507,0.006737677763172765,0.0076763059756975215,0.006430997258090418,0.006403117212173841,0.0071651718005602775,0.006087143358452635,0.005743289458814853,0.006068556661174918,0.007899346343030137,0.010743111026520988,0.009163241757914959
48287,0.0004089073401097954,0.0004089073401097954,0.00042749403738751333,0.0004182006887486544,0.0004646674319429493,0.0004832541292206673,0.0005204275237761033,0.0006598277533589879,0.0009758016070801935,0.0013196555067179758,0.0016728027549946175,0.002044536700548977,0.0026393110134359517,0.002778711243018837,0.0034199522991001066,0.004172713538847685,0.004693141062623788,0.004711727759901506,0.004535154135763185,0.003875326382404197,0.003958966520153927,0.0038939130796819153,0.0038195662905710433,0.00384744633648762,0.003726632804182453,0.003800979593293325,0.004135540144292248,0.004024019960625941,0.003800979593293325,0.003968259868792787,0.004563034181679762,0.00412624679565339,0.004107660098375671,0.005269328678233045,0.006022089917980623,0.005102048402733583,0.00705365161689397,0.007769239462086111,0.009730136024885358,0.00952568235483046,0.009079601620165228,0.010455017218716358,0.007574079140670074,0.0073417454246985986,0.006570397487673303,0.006161490147563507,0.006737677763172765,0.0076763059756975215,0.006430997258090418,0.006403117212173841,0.0071651718005602775,0.006087143358452635,0.005743289458814853,0.006068556661174918,0.007899346343030137,0.010743111026520988,0.009163241757914959
48289,0.0004089073401097954,0.0004089073401097954,0.00042749403738751333,0.0004182006887486544,0.0004646674319429493,0.0004832541292206673,0.0005204275237761033,0.0006598277533589879,0.0009758016070801935,0.0013196555067179758,0.0016728027549946175,0.002044536700548977,0.0026393110134359517,0.002778711243018837,0.0034199522991001066,0.004172713538847685,0.004693141062623788,0.004711727759901506,0.004535154135763185,0.003875326382404197,0.003958966520153927,0.0038939130796819153,0.0038195662905710433,0.00384744633648762,0.003726632804182453,0.003800979593293325,0.004135540144292248,0.004024019960625941,0.003800979593293325,0.003968259868792787,0.004563034181679762,0.00412624679565339,0.004107660098375671,0.005269328678233045,0.006022089917980623,0.005102048402733583,0.00705365161689397,0.007769239462086111,0.009730136024885358,0.00952568235483046,0.009079601620165228,0.010455017218716358,0.007574079140670074,0.0073417454246985986,0.006570397487673303,0.006161490147563507,0.006737677763172765,0.0076763059756975215,0.006430997258090418,0.006403117212173841,0.0071651718005602775,0.006087143358452635,0.005743289458814853,0.006068556661174918,0.007899346343030137,0.010743111026520988,0.009163241757914959
48291,0.0004089073401097954,0.0004089073401097954,0.00042749403738751333,0.0004182006887486544,0.0004646674319429493,0.0004832541292206673,0.0005204275237761033,0.0006598277533589879,0.0009758016070801935,0.0013196555067179758,0.0016728027549946175,0.002044536700548977,0.0026393110134359517,0.002778711243018837,0.0034199522991001066,0.004172713538847685,0.004693141062623788,0.004711727759901506,0.004535154135763185,0.003875326382404197,0.003958966520153927,0.0038939130796819153,0.0038195662905710433,0.00384744633648762,0.003726632804182453,0.003800979593293325,0.004135540144292248,0.004024019960625941,0.003800979593293325,0.003968259868792787,0.004563034181679762,0.00412624679565339,0.004107660098375671,0.005269328678233045,0.006022089917980623,0.005102048402733583,0.00705365161689397,0.007769239462086111,0.009730136024885358,0.00952568235483046,0.009079601620165228,0.010455017218716358,0.007574079140670074,0.0073417454246985986,0.006570397487673303,0.006161490147563507,0.006737677763172765,0.0076763059756975215,0.006430997258090418,0.006403117212173841,0.0071651718005602775,0.006087143358452635,0.005743289458814853,0.006068556661174918,0.007899346343030137,0.010743111026520988,0.009163241757914959
48293,0.0004089073401097954,0.0004089073401097954,0.00042749403738751333,0.0004182006887486544,0.0004646674319429493,0.0004832541292206673,0.0005204275237761033,0.0006598277533589879,0.0009758016070801935,0.0013196555067179758,0.0016728027549946175,0.002044536700548977,0.0026393110134359517,0.002778711243018837,0.0034199522991001066,0.004172713538847685,0.004693141062623788,0.004711727759901506,0.004535154135763185,0.003875326382404197,0.003958966520153927,0.0038939130796819153,0.0038195662905710433,0.00384744633648762,0.003726632804182453,0.003800979593293325,0.004135540144292248,0.004024019960625941,0.003800979593293325,0.003968259868792787,0.004563034181679762,0.00412624679565339,0.004107660098375671,0.005269328678233045,0.006022089917980623,0.005102048402733583,0.00705365161689397,0.007769239462086111,0.009730136024885358,0.00952568235483046,0.009079601620165228,0.010455017218716358,0.007574079140670074,0.0073417454246985986,0.006570397487673303,0.006161490147563507,0.006737677763172765,0.0076763059756975215,0.006430997258090418,0.006403117212173841,0.0071651718005602775,0.006087143358452635,0.005743289458814853,0.006068556661174918,0.007899346343030137,0.010743111026520988,0.009163241757914959
48295,0.0004089073401097954,0.0004089073401097954,0.00042749403738751333,0.0004182006887486544,0.0004646674319429493,0.0004832541292206673,0.0005204275237761033,0.0006598277533589879,0.0009758016070801935,0.0013196555067179758,0.0016728027549946175,0.002044536700548977,0.0026393110134359517,0.002778711243018837,0.0034199522991001066,0.004172713538847685,0.004693141062623788,0.004711727759901506,0.004535154135763185,0.003875326382404197,0.003958966520153927,0.0038939130796819153,0.0038195662905710433,0.00384744633648762,0.003726632804182453,0.003800979593293325,0.004135540144292248,0.004024019960625941,0.003800979593293325,0.003968259868792787,0.004563034181679762,0.00412624679565339,0.004107660098375671,0.005269328678233045,0.006022089917980623,0.005102048402733583,0.00705365161689397,0.007769239462086111,0.009730136024885358,0.00952568235483046,0.009079601620165228,0.010455017218716358,0.007574079140670074,0.0073417454246985986,0.006570397487673303,0.006161490147563507,0.006737677763172765,0.0076763059756975215,0.006430997258090418,0.006403117212173841,0.0071651718005602775,0.006087143358452635,0.005743289458814853,0.006068556661174918,0.007899346343030137,0.010743111026520988,0.009163241757914959
48297,0.0004089073401097954,0.0004089073401097954,0.00042749403738751333,0.0004182006887486544,0.0004646674319429493,0.0004832541292206673,0.0005204275237761033,0.0006598277533589879,0.0009758016070801935,0.0013196555067179758,0.0016728027549946175,0.002044536700548977,0.0026393110134359517,0.002778711243018837,0.0034199522991001066,0.004172713538847685,0.004693141062623788,0.004711727759901506,0.004535154135763185,0.003875326382404197,0.003958966520153927,0.0038939130796819153,0.0038195662905710433,0.00384744633648762,0.003726632804182453,0.003800979593293325,0.004135540144292248,0.004024019960625941,0.003800979593293325,0.003968259868792787,0.004563034181679762,0.00412624679565339,0.004107660098375671,0.005269328678233045,0.006022089917980623,0.005102048402733583,0.00705365161689397,0.007769239462086111,0.009730136024885358,0.00952568235483046,0.009079601620165228,0.010455017218716358,0.007574079140670074,0.0073417454246985986,0.006570397487673303,0.006161490147563507,0.006737677763172765,0.0076763059756975215,0.006430997258090418,0.006403117212173841,0.0071651718005602775,0.006087143358452635,0.005743289458814853,0.006068556661174918,0.007899346343030137,0.010743111026520988,0.009163241757914959
48299,0.0004089073401097954,0.0004089073401097954,0.00042749403738751333,0.0004182006887486544,0.0004646674319429493,0.0004832541292206673,0.0005204275237761033,0.0006598277533589879,0.0009758016070801935,0.0013196555067179758,0.0016728027549946175,0.002044536700548977,0.0026393110134359517,0.002778711243018837,0.0034199522991001066,0.004172713538847685,0.004693141062623788,0.004711727759901506,0.004535154135763185,0.003875326382404197,0.003958966520153927,0.0038939130796819153,0.0038195662905710433,0.00384744633648762,0.003726632804182453,0.003800979593293325,0.004135540144292248,0.004024019960625941,0.003800979593293325,0.003968259868792787,0.004563034181679762,0.00412624679565339,0.004107660098375671,0.005269328678233045,0.006022089917980623,0.005102048402733583,0.00705365161689397,0.007769239462086111,0.009730136024885358,0.00952568235483046,0.009079601620165228,0.010455017218716358,0.007574079140670074,0.0073417454246985986,0.006570397487673303,0.006161490147563507,0.006737677763172765,0.0076763059756975215,0.006430997258090418,0.006403117212173841,0.0071651718005602775,0.006087143358452635,0.005743289458814853,0.006068556661174918,0.007899346343030137,0.010743111026520988,0.009163241757914959
48301,0.0004089073401097954,0.0004089073401097954,0.00042749403738751333,0.0004182006887486544,0.0004646674319429493,0.0004832541292206673,0.0005204275237761033,0.0006598277533589879,0.0009758016070801935,0.0013196555067179758,0.0016728027549946175,0.002044536700548977,0.0026393110134359517,0.002778711243018837,0.0034199522991001066,0.004172713538847685,0.004693141062623788,0.004711727759901506,0.004535154135763185,0.003875326382404197,0.003958966520153927,0.0038939130796819153,0.0038195662905710433,0.00384744633648762,0.003726632804182453,0.003800979593293325,0.004135540144292248,0.004024019960625941,0.003800979593293325,0.003968259868792787,0.004563034181679762,0.00412624679565339,0.004107660098375671,0.005269328678233045,0.006022089917980623,0.005102048402733583,0.00705365161689397,0.007769239462086111,0.009730136024885358,0.00952568235483046,0.009079601620165228,0.010455017218716358,0.007574079140670074,0.0073417454246985986,0.006570397487673303,0.006161490147563507,0.006737677763172765,0.0076763059756975215,0.006430997258090418,0.006403117212173841,0.0071651718005602775,0.006087143358452635,0.005743289458814853,0.006068556661174918,0.007899346343030137,0.010743111026520988,0.009163241757914959
48303,0.0004089073401097954,0.0004089073401097954,0.00042749403738751333,0.0004182006887486544,0.0004646674319429493,0.0004832541292206673,0.0005204275237761033,0.0006598277533589879,0.0009758016070801935,0.0013196555067179758,0.0016728027549946175,0.002044536700548977,0.0026393110134359517,0.002778711243018837,0.0034199522991001066,0.004172713538847685,0.004693141062623788,0.004711727759901506,0.004535154135763185,0.003875326382404197,0.003958966520153927,0.0038939130796819153,0.0038195662905710433,0.00384744633648762,0.003726632804182453,0.003800979593293325,0.004135540144292248,0.004024019960625941,0.003800979593293325,0.003968259868792787,0.004563034181679762,0.00412624679565339,0.004107660098375671,0.005269328678233045,0.006022089917980623,0.005102048402733583,0.00705365161689397,0.007769239462086111,0.009730136024885358,0.00952568235483046,0.009079601620165228,0.010455017218716358,0.007574079140670074,0.0073417454246985986,0.006570397487673303,0.006161490147563507,0.006737677763172765,0.0076763059756975215,0.006430997258090418,0.006403117212173841,0.0071651718005602775,0.006087143358452635,0.005743289458814853,0.006068556661174918,0.007899346343030137,0.010743111026520988,0.009163241757914959
48305,0.0004089073401097954,0.0004089073401097954,0.00042749403738751333,0.0004182006887486544,0.0004646674319429493,0.0004832541292206673,0.0005204275237761033,0.0006598277533589879,0.0009758016070801935,0.0013196555067179758,0.0016728027549946175,0.002044536700548977,0.0026393110134359517,0.002778711243018837,0.0034199522991001066,0.004172713538847685,0.004693141062623788,0.004711727759901506,0.004535154135763185,0.003875326382404197,0.003958966520153927,0.0038939130796819153,0.0038195662905710433,0.00384744633648762,0.003726632804182453,0.003800979593293325,0.004135540144292248,0.004024019960625941,0.003800979593293325,0.003968259868792787,0.004563034181679762,0.00412624679565339,0.004107660098375671,0.005269328678233045,0.006022089917980623,0.005102048402733583,0.00705365161689397,0.007769239462086111,0.009730136024885358,0.00952568235483046,0.009079601620165228,0.010455017218716358,0.007574079140670074,0.0073417454246985986,0.006570397487673303,0.006161490147563507,0.006737677763172765,0.0076763059756975215,0.006430997258090418,0.006403117212173841,0.0071651718005602775,0.006087143358452635,0.005743289458814853,0.006068556661174918,0.007899346343030137,0.010743111026520988,0.009163241757914959
48307,0.0004089073401097954,0.0004089073401097954,0.00042749403738751333,0.0004182006887486544,0.0004646674319429493,0.0004832541292206673,0.0005204275237761033,0.0006598277533589879,0.0009758016070801935,0.0013196555067179758,0.0016728027549946175,0.002044536700548977,0.0026393110134359517,0.002778711243018837,0.0034199522991001066,0.004172713538847685,0.004693141062623788,0.004711727759901506,0.004535154135763185,0.003875326382404197,0.003958966520153927,0.0038939130796819153,0.0038195662905710433,0.00384744633648762,0.003726632804182453,0.003800979593293325,0.004135540144292248,0.004024019960625941,0.003800979593293325,0.003968259868792787,0.004563034181679762,0.00412624679565339,0.004107660098375671,0.005269328678233045,0.006022089917980623,0.005102048402733583,0.00705365161689397,0.007769239462086111,0.009730136024885358,0.00952568235483046,0.009079601620165228,0.010455017218716358,0.007574079140670074,0.0073417454246985986,0.006570397487673303,0.006161490147563507,0.006737677763172765,0.0076763059756975215,0.006430997258090418,0.006403117212173841,0.0071651718005602775,0.006087143358452635,0.005743289458814853,0.006068556661174918,0.007899346343030137,0.010743111026520988,0.009163241757914959
48309,0.0004089073401097954,0.0004089073401097954,0.00042749403738751333,0.0004182006887486544,0.0004646674319429493,0.0004832541292206673,0.0005204275237761033,0.0006598277533589879,0.0009758016070801935,0.0013196555067179758,0.0016728027549946175,0.002044536700548977,0.0026393110134359517,0.002778711243018837,0.0034199522991001066,0.004172713538847685,0.004693141062623788,0.004711727759901506,0.004535154135763185,0.003875326382404197,0.003958966520153927,0.0038939130796819153,0.0038195662905710433,0.00384744633648762,0.003726632804182453,0.003800979593293325,0.004135540144292248,0.004024019960625941,0.003800979593293325,0.003968259868792787,0.004563034181679762,0.00412624679565339,0.004107660098375671,0.005269328678233045,0.006022089917980623,0.005102048402733583,0.00705365161689397,0.007769239462086111,0.009730136024885358,0.00952568235483046,0.009079601620165228,0.010455017218716358,0.007574079140670074,0.0073417454246985986,0.006570397487673303,0.006161490147563507,0.006737677763172765,0.0076763059756975215,0.006430997258090418,0.006403117212173841,0.0071651718005602775,0.006087143358452635,0.005743289458814853,0.006068556661174918,0.007899346343030137,0.010743111026520988,0.009163241757914959
48311,0.0004089073401097954,0.0004089073401097954,0.00042749403738751333,0.0004182006887486544,0.0004646674319429493,0.0004832541292206673,0.0005204275237761033,0.0006598277533589879,0.0009758016070801935,0.0013196555067179758,0.0016728027549946175,0.002044536700548977,0.0026393110134359517,0.002778711243018837,0.0034199522991001066,0.004172713538847685,0.004693141062623788,0.004711727759901506,0.004535154135763185,0.003875326382404197,0.003958966520153927,0.0038939130796819153,0.0038195662905710433,0.00384744633648762,0.003726632804182453,0.003800979593293325,0.004135540144292248,0.004024019960625941,0.003800979593293325,0.003968259868792787,0.004563034181679762,0.00412624679565339,0.004107660098375671,0.005269328678233045,0.006022089917980623,0.005102048402733583,0.00705365161689397,0.007769239462086111,0.009730136024885358,0.00952568235483046,0.009079601620165228,0.010455017218716358,0.007574079140670074,0.0073417454246985986,0.006570397487673303,0.006161490147563507,0.006737677763172765,0.0076763059756975215,0.006430997258090418,0.006403117212173841,0.0071651718005602775,0.006087143358452635,0.005743289458814853,0.006068556661174918,0.007899346343030137,0.010743111026520988,0.009163241757914959
48313,0.0004089073401097954,0.0004089073401097954,0.00042749403738751333,0.0004182006887486544,0.0004646674319429493,0.0004832541292206673,0.0005204275237761033,0.0006598277533589879,0.0009758016070801935,0.0013196555067179758,0.0016728027549946175,0.002044536700548977,0.0026393110134359517,0.002778711243018837,0.0034199522991001066,0.004172713538847685,0.004693141062623788,0.004711727759901506,0.004535154135763185,0.003875326382404197,0.003958966520153927,0.0038939130796819153,0.0038195662905710433,0.00384744633648762,0.003726632804182453,0.003800979593293325,0.004135540144292248,0.004024019960625941,0.003800979593293325,0.003968259868792787,0.004563034181679762,0.00412624679565339,0.004107660098375671,0.005269328678233045,0.006022089917980623,0.005102048402733583,0.00705365161689397,0.007769239462086111,0.009730136024885358,0.00952568235483046,0.009079601620165228,0.010455017218716358,0.007574079140670074,0.0073417454246985986,0.006570397487673303,0.006161490147563507,0.006737677763172765,0.0076763059756975215,0.006430997258090418,0.006403117212173841,0.0071651718005602775,0.006087143358452635,0.005743289458814853,0.006068556661174918,0.007899346343030137,0.010743111026520988,0.009163241757914959
48315,0.0004089073401097954,0.0004089073401097954,0.00042749403738751333,0.0004182006887486544,0.0004646674319429493,0.0004832541292206673,0.0005204275237761033,0.0006598277533589879,0.0009758016070801935,0.0013196555067179758,0.0016728027549946175,0.002044536700548977,0.0026393110134359517,0.002778711243018837,0.0034199522991001066,0.004172713538847685,0.004693141062623788,0.004711727759901506,0.004535154135763185,0.003875326382404197,0.003958966520153927,0.0038939130796819153,0.0038195662905710433,0.00384744633648762,0.003726632804182453,0.003800979593293325,0.004135540144292248,0.004024019960625941,0.003800979593293325,0.003968259868792787,0.004563034181679762,0.00412624679565339,0.004107660098375671,0.005269328678233045,0.006022089917980623,0.005102048402733583,0.00705365161689397,0.007769239462086111,0.009730136024885358,0.00952568235483046,0.009079601620165228,0.010455017218716358,0.007574079140670074,0.0073417454246985986,0.006570397487673303,0.006161490147563507,0.006737677763172765,0.0076763059756975215,0.006430997258090418,0.006403117212173841,0.0071651718005602775,0.006087143358452635,0.005743289458814853,0.006068556661174918,0.007899346343030137,0.010743111026520988,0.009163241757914959
48317,0.0004089073401097954,0.0004089073401097954,0.00042749403738751333,0.0004182006887486544,0.0004646674319429493,0.0004832541292206673,0.0005204275237761033,0.0006598277533589879,0.0009758016070801935,0.0013196555067179758,0.0016728027549946175,0.002044536700548977,0.0026393110134359517,0.002778711243018837,0.0034199522991001066,0.004172713538847685,0.004693141062623788,0.004711727759901506,0.004535154135763185,0.003875326382404197,0.003958966520153927,0.0038939130796819153,0.0038195662905710433,0.00384744633648762,0.003726632804182453,0.003800979593293325,0.004135540144292248,0.004024019960625941,0.003800979593293325,0.003968259868792787,0.004563034181679762,0.00412624679565339,0.004107660098375671,0.005269328678233045,0.006022089917980623,0.005102048402733583,0.00705365161689397,0.007769239462086111,0.009730136024885358,0.00952568235483046,0.009079601620165228,0.010455017218716358,0.007574079140670074,0.0073417454246985986,0.006570397487673303,0.006161490147563507,0.006737677763172765,0.0076763059756975215,0.006430997258090418,0.006403117212173841,0.0071651718005602775,0.006087143358452635,0.005743289458814853,0.006068556661174918,0.007899346343030137,0.010743111026520988,0.009163241757914959
48319,0.0004089073401097954,0.0004089073401097954,0.00042749403738751333,0.0004182006887486544,0.0004646674319429493,0.0004832541292206673,0.0005204275237761033,0.0006598277533589879,0.0009758016070801935,0.0013196555067179758,0.0016728027549946175,0.002044536700548977,0.0026393110134359517,0.002778711243018837,0.0034199522991001066,0.004172713538847685,0.004693141062623788,0.004711727759901506,0.004535154135763185,0.003875326382404197,0.003958966520153927,0.0038939130796819153,0.0038195662905710433,0.00384744633648762,0.003726632804182453,0.003800979593293325,0.004135540144292248,0.004024019960625941,0.003800979593293325,0.003968259868792787,0.004563034181679762,0.00412624679565339,0.004107660098375671,0.005269328678233045,0.006022089917980623,0.005102048402733583,0.00705365161689397,0.007769239462086111,0.009730136024885358,0.00952568235483046,0.009079601620165228,0.010455017218716358,0.007574079140670074,0.0073417454246985986,0.006570397487673303,0.006161490147563507,0.006737677763172765,0.0076763059756975215,0.006430997258090418,0.006403117212173841,0.0071651718005602775,0.006087143358452635,0.005743289458814853,0.006068556661174918,0.007899346343030137,0.010743111026520988,0.009163241757914959
48321,0.0004089073401097954,0.0004089073401097954,0.00042749403738751333,0.0004182006887486544,0.0004646674319429493,0.0004832541292206673,0.0005204275237761033,0.0006598277533589879,0.0009758016070801935,0.0013196555067179758,0.0016728027549946175,0.002044536700548977,0.0026393110134359517,0.002778711243018837,0.0034199522991001066,0.004172713538847685,0.004693141062623788,0.004711727759901506,0.004535154135763185,0.003875326382404197,0.003958966520153927,0.0038939130796819153,0.0038195662905710433,0.00384744633648762,0.003726632804182453,0.003800979593293325,0.004135540144292248,0.004024019960625941,0.003800979593293325,0.003968259868792787,0.004563034181679762,0.00412624679565339,0.004107660098375671,0.005269328678233045,0.006022089917980623,0.005102048402733583,0.00705365161689397,0.007769239462086111,0.009730136024885358,0.00952568235483046,0.009079601620165228,0.010455017218716358,0.007574079140670074,0.0073417454246985986,0.006570397487673303,0.006161490147563507,0.006737677763172765,0.0076763059756975215,0.006430997258090418,0.006403117212173841,0.0071651718005602775,0.006087143358452635,0.005743289458814853,0.006068556661174918,0.007899346343030137,0.010743111026520988,0.009163241757914959
48323,0.0004089073401097954,0.0004089073401097954,0.00042749403738751333,0.0004182006887486544,0.0004646674319429493,0.0004832541292206673,0.0005204275237761033,0.0006598277533589879,0.0009758016070801935,0.0013196555067179758,0.0016728027549946175,0.002044536700548977,0.0026393110134359517,0.002778711243018837,0.0034199522991001066,0.004172713538847685,0.004693141062623788,0.004711727759901506,0.004535154135763185,0.003875326382404197,0.003958966520153927,0.0038939130796819153,0.0038195662905710433,0.00384744633648762,0.003726632804182453,0.003800979593293325,0.004135540144292248,0.004024019960625941,0.003800979593293325,0.003968259868792787,0.004563034181679762,0.00412624679565339,0.004107660098375671,0.005269328678233045,0.006022089917980623,0.005102048402733583,0.00705365161689397,0.007769239462086111,0.009730136024885358,0.00952568235483046,0.009079601620165228,0.010455017218716358,0.007574079140670074,0.0073417454246985986,0.006570397487673303,0.006161490147563507,0.006737677763172765,0.0076763059756975215,0.006430997258090418,0.006403117212173841,0.0071651718005602775,0.006087143358452635,0.005743289458814853,0.006068556661174918,0.007899346343030137,0.010743111026520988,0.009163241757914959
48325,0.0004089073401097954,0.0004089073401097954,0.00042749403738751333,0.0004182006887486544,0.0004646674319429493,0.0004832541292206673,0.0005204275237761033,0.0006598277533589879,0.0009758016070801935,0.0013196555067179758,0.0016728027549946175,0.002044536700548977,0.0026393110134359517,0.002778711243018837,0.0034199522991001066,0.004172713538847685,0.004693141062623788,0.004711727759901506,0.004535154135763185,0.003875326382404197,0.003958966520153927,0.0038939130796819153,0.0038195662905710433,0.00384744633648762,0.003726632804182453,0.003800979593293325,0.004135540144292248,0.004024019960625941,0.003800979593293325,0.003968259868792787,0.004563034181679762,0.00412624679565339,0.004107660098375671,0.005269328678233045,0.006022089917980623,0.005102048402733583,0.00705365161689397,0.007769239462086111,0.009730136024885358,0.00952568235483046,0.009079601620165228,0.010455017218716358,0.007574079140670074,0.0073417454246985986,0.006570397487673303,0.006161490147563507,0.006737677763172765,0.0076763059756975215,0.006430997258090418,0.006403117212173841,0.0071651718005602775,0.006087143358452635,0.005743289458814853,0.006068556661174918,0.007899346343030137,0.010743111026520988,0.009163241757914959
48327,0.0004089073401097954,0.0004089073401097954,0.00042749403738751333,0.0004182006887486544,0.0004646674319429493,0.0004832541292206673,0.0005204275237761033,0.0006598277533589879,0.0009758016070801935,0.0013196555067179758,0.0016728027549946175,0.002044536700548977,0.0026393110134359517,0.002778711243018837,0.0034199522991001066,0.004172713538847685,0.004693141062623788,0.004711727759901506,0.004535154135763185,0.003875326382404197,0.003958966520153927,0.0038939130796819153,0.0038195662905710433,0.00384744633648762,0.003726632804182453,0.003800979593293325,0.004135540144292248,0.004024019960625941,0.003800979593293325,0.003968259868792787,0.004563034181679762,0.00412624679565339,0.004107660098375671,0.005269328678233045,0.006022089917980623,0.005102048402733583,0.00705365161689397,0.007769239462086111,0.009730136024885358,0.00952568235483046,0.009079601620165228,0.010455017218716358,0.007574079140670074,0.0073417454246985986,0.006570397487673303,0.006161490147563507,0.006737677763172765,0.0076763059756975215,0.006430997258090418,0.006403117212173841,0.0071651718005602775,0.006087143358452635,0.005743289458814853,0.006068556661174918,0.007899346343030137,0.010743111026520988,0.009163241757914959
48329,0.0004089073401097954,0.0004089073401097954,0.00042749403738751333,0.0004182006887486544,0.0004646674319429493,0.0004832541292206673,0.0005204275237761033,0.0006598277533589879,0.0009758016070801935,0.0013196555067179758,0.0016728027549946175,0.002044536700548977,0.0026393110134359517,0.002778711243018837,0.0034199522991001066,0.004172713538847685,0.004693141062623788,0.004711727759901506,0.004535154135763185,0.003875326382404197,0.003958966520153927,0.0038939130796819153,0.0038195662905710433,0.00384744633648762,0.003726632804182453,0.003800979593293325,0.004135540144292248,0.004024019960625941,0.003800979593293325,0.003968259868792787,0.004563034181679762,0.00412624679565339,0.004107660098375671,0.005269328678233045,0.006022089917980623,0.005102048402733583,0.00705365161689397,0.007769239462086111,0.009730136024885358,0.00952568235483046,0.009079601620165228,0.010455017218716358,0.007574079140670074,0.0073417454246985986,0.006570397487673303,0.006161490147563507,0.006737677763172765,0.0076763059756975215,0.006430997258090418,0.006403117212173841,0.0071651718005602775,0.006087143358452635,0.005743289458814853,0.006068556661174918,0.007899346343030137,0.010743111026520988,0.009163241757914959
48331,0.0004089073401097954,0.0004089073401097954,0.00042749403738751333,0.0004182006887486544,0.0004646674319429493,0.0004832541292206673,0.0005204275237761033,0.0006598277533589879,0.0009758016070801935,0.0013196555067179758,0.0016728027549946175,0.002044536700548977,0.0026393110134359517,0.002778711243018837,0.0034199522991001066,0.004172713538847685,0.004693141062623788,0.004711727759901506,0.004535154135763185,0.003875326382404197,0.003958966520153927,0.0038939130796819153,0.0038195662905710433,0.00384744633648762,0.003726632804182453,0.003800979593293325,0.004135540144292248,0.004024019960625941,0.003800979593293325,0.003968259868792787,0.004563034181679762,0.00412624679565339,0.004107660098375671,0.005269328678233045,0.006022089917980623,0.005102048402733583,0.00705365161689397,0.007769239462086111,0.009730136024885358,0.00952568235483046,0.009079601620165228,0.010455017218716358,0.007574079140670074,0.0073417454246985986,0.006570397487673303,0.006161490147563507,0.006737677763172765,0.0076763059756975215,0.006430997258090418,0.006403117212173841,0.0071651718005602775,0.006087143358452635,0.005743289458814853,0.006068556661174918,0.007899346343030137,0.010743111026520988,0.009163241757914959
48333,0.0004089073401097954,0.0004089073401097954,0.00042749403738751333,0.0004182006887486544,0.0004646674319429493,0.0004832541292206673,0.0005204275237761033,0.0006598277533589879,0.0009758016070801935,0.0013196555067179758,0.0016728027549946175,0.002044536700548977,0.0026393110134359517,0.002778711243018837,0.0034199522991001066,0.004172713538847685,0.004693141062623788,0.004711727759901506,0.004535154135763185,0.003875326382404197,0.003958966520153927,0.0038939130796819153,0.0038195662905710433,0.00384744633648762,0.003726632804182453,0.003800979593293325,0.004135540144292248,0.004024019960625941,0.003800979593293325,0.003968259868792787,0.004563034181679762,0.00412624679565339,0.004107660098375671,0.005269328678233045,0.006022089917980623,0.005102048402733583,0.00705365161689397,0.007769239462086111,0.009730136024885358,0.00952568235483046,0.009079601620165228,0.010455017218716358,0.007574079140670074,0.0073417454246985986,0.006570397487673303,0.006161490147563507,0.006737677763172765,0.0076763059756975215,0.006430997258090418,0.006403117212173841,0.0071651718005602775,0.006087143358452635,0.005743289458814853,0.006068556661174918,0.007899346343030137,0.010743111026520988,0.009163241757914959
48335,0.0004089073401097954,0.0004089073401097954,0.00042749403738751333,0.0004182006887486544,0.0004646674319429493,0.0004832541292206673,0.0005204275237761033,0.0006598277533589879,0.0009758016070801935,0.0013196555067179758,0.0016728027549946175,0.002044536700548977,0.0026393110134359517,0.002778711243018837,0.0034199522991001066,0.004172713538847685,0.004693141062623788,0.004711727759901506,0.004535154135763185,0.003875326382404197,0.003958966520153927,0.0038939130796819153,0.0038195662905710433,0.00384744633648762,0.003726632804182453,0.003800979593293325,0.004135540144292248,0.004024019960625941,0.003800979593293325,0.003968259868792787,0.004563034181679762,0.00412624679565339,0.004107660098375671,0.005269328678233045,0.006022089917980623,0.005102048402733583,0.00705365161689397,0.007769239462086111,0.009730136024885358,0.00952568235483046,0.009079601620165228,0.010455017218716358,0.007574079140670074,0.0073417454246985986,0.006570397487673303,0.006161490147563507,0.006737677763172765,0.0076763059756975215,0.006430997258090418,0.006403117212173841,0.0071651718005602775,0.006087143358452635,0.005743289458814853,0.006068556661174918,0.007899346343030137,0.010743111026520988,0.009163241757914959
48337,0.0004089073401097954,0.0004089073401097954,0.00042749403738751333,0.0004182006887486544,0.0004646674319429493,0.0004832541292206673,0.0005204275237761033,0.0006598277533589879,0.0009758016070801935,0.0013196555067179758,0.0016728027549946175,0.002044536700548977,0.0026393110134359517,0.002778711243018837,0.0034199522991001066,0.004172713538847685,0.004693141062623788,0.004711727759901506,0.004535154135763185,0.003875326382404197,0.003958966520153927,0.0038939130796819153,0.0038195662905710433,0.00384744633648762,0.003726632804182453,0.003800979593293325,0.004135540144292248,0.004024019960625941,0.003800979593293325,0.003968259868792787,0.004563034181679762,0.00412624679565339,0.004107660098375671,0.005269328678233045,0.006022089917980623,0.005102048402733583,0.00705365161689397,0.007769239462086111,0.009730136024885358,0.00952568235483046,0.009079601620165228,0.010455017218716358,0.007574079140670074,0.0073417454246985986,0.006570397487673303,0.006161490147563507,0.006737677763172765,0.0076763059756975215,0.006430997258090418,0.006403117212173841,0.0071651718005602775,0.006087143358452635,0.005743289458814853,0.006068556661174918,0.007899346343030137,0.010743111026520988,0.009163241757914959
48339,0.0004089073401097954,0.0004089073401097954,0.00042749403738751333,0.0004182006887486544,0.0004646674319429493,0.0004832541292206673,0.0005204275237761033,0.0006598277533589879,0.0009758016070801935,0.0013196555067179758,0.0016728027549946175,0.002044536700548977,0.0026393110134359517,0.002778711243018837,0.0034199522991001066,0.004172713538847685,0.004693141062623788,0.004711727759901506,0.004535154135763185,0.003875326382404197,0.003958966520153927,0.0038939130796819153,0.0038195662905710433,0.00384744633648762,0.003726632804182453,0.003800979593293325,0.004135540144292248,0.004024019960625941,0.003800979593293325,0.003968259868792787,0.004563034181679762,0.00412624679565339,0.004107660098375671,0.005269328678233045,0.006022089917980623,0.005102048402733583,0.00705365161689397,0.007769239462086111,0.009730136024885358,0.00952568235483046,0.009079601620165228,0.010455017218716358,0.007574079140670074,0.0073417454246985986,0.006570397487673303,0.006161490147563507,0.006737677763172765,0.0076763059756975215,0.006430997258090418,0.006403117212173841,0.0071651718005602775,0.006087143358452635,0.005743289458814853,0.006068556661174918,0.007899346343030137,0.010743111026520988,0.009163241757914959
48341,0.0004089073401097954,0.0004089073401097954,0.00042749403738751333,0.0004182006887486544,0.0004646674319429493,0.0004832541292206673,0.0005204275237761033,0.0006598277533589879,0.0009758016070801935,0.0013196555067179758,0.0016728027549946175,0.002044536700548977,0.0026393110134359517,0.002778711243018837,0.0034199522991001066,0.004172713538847685,0.004693141062623788,0.004711727759901506,0.004535154135763185,0.003875326382404197,0.003958966520153927,0.0038939130796819153,0.0038195662905710433,0.00384744633648762,0.003726632804182453,0.003800979593293325,0.004135540144292248,0.004024019960625941,0.003800979593293325,0.003968259868792787,0.004563034181679762,0.00412624679565339,0.004107660098375671,0.005269328678233045,0.006022089917980623,0.005102048402733583,0.00705365161689397,0.007769239462086111,0.009730136024885358,0.00952568235483046,0.009079601620165228,0.010455017218716358,0.007574079140670074,0.0073417454246985986,0.006570397487673303,0.006161490147563507,0.006737677763172765,0.0076763059756975215,0.006430997258090418,0.006403117212173841,0.0071651718005602775,0.006087143358452635,0.005743289458814853,0.006068556661174918,0.007899346343030137,0.010743111026520988,0.009163241757914959
48343,0.0004089073401097954,0.0004089073401097954,0.00042749403738751333,0.0004182006887486544,0.0004646674319429493,0.0004832541292206673,0.0005204275237761033,0.0006598277533589879,0.0009758016070801935,0.0013196555067179758,0.0016728027549946175,0.002044536700548977,0.0026393110134359517,0.002778711243018837,0.0034199522991001066,0.004172713538847685,0.004693141062623788,0.004711727759901506,0.004535154135763185,0.003875326382404197,0.003958966520153927,0.0038939130796819153,0.0038195662905710433,0.00384744633648762,0.003726632804182453,0.003800979593293325,0.004135540144292248,0.004024019960625941,0.003800979593293325,0.003968259868792787,0.004563034181679762,0.00412624679565339,0.004107660098375671,0.005269328678233045,0.006022089917980623,0.005102048402733583,0.00705365161689397,0.007769239462086111,0.009730136024885358,0.00952568235483046,0.009079601620165228,0.010455017218716358,0.007574079140670074,0.0073417454246985986,0.006570397487673303,0.006161490147563507,0.006737677763172765,0.0076763059756975215,0.006430997258090418,0.006403117212173841,0.0071651718005602775,0.006087143358452635,0.005743289458814853,0.006068556661174918,0.007899346343030137,0.010743111026520988,0.009163241757914959
48345,0.0004089073401097954,0.0004089073401097954,0.00042749403738751333,0.0004182006887486544,0.0004646674319429493,0.0004832541292206673,0.0005204275237761033,0.0006598277533589879,0.0009758016070801935,0.0013196555067179758,0.0016728027549946175,0.002044536700548977,0.0026393110134359517,0.002778711243018837,0.0034199522991001066,0.004172713538847685,0.004693141062623788,0.004711727759901506,0.004535154135763185,0.003875326382404197,0.003958966520153927,0.0038939130796819153,0.0038195662905710433,0.00384744633648762,0.003726632804182453,0.003800979593293325,0.004135540144292248,0.004024019960625941,0.003800979593293325,0.003968259868792787,0.004563034181679762,0.00412624679565339,0.004107660098375671,0.005269328678233045,0.006022089917980623,0.005102048402733583,0.00705365161689397,0.007769239462086111,0.009730136024885358,0.00952568235483046,0.009079601620165228,0.010455017218716358,0.007574079140670074,0.0073417454246985986,0.006570397487673303,0.006161490147563507,0.006737677763172765,0.0076763059756975215,0.006430997258090418,0.006403117212173841,0.0071651718005602775,0.006087143358452635,0.005743289458814853,0.006068556661174918,0.007899346343030137,0.010743111026520988,0.009163241757914959
48347,0.0004089073401097954,0.0004089073401097954,0.00042749403738751333,0.0004182006887486544,0.0004646674319429493,0.0004832541292206673,0.0005204275237761033,0.0006598277533589879,0.0009758016070801935,0.0013196555067179758,0.0016728027549946175,0.002044536700548977,0.0026393110134359517,0.002778711243018837,0.0034199522991001066,0.004172713538847685,0.004693141062623788,0.004711727759901506,0.004535154135763185,0.003875326382404197,0.003958966520153927,0.0038939130796819153,0.0038195662905710433,0.00384744633648762,0.003726632804182453,0.003800979593293325,0.004135540144292248,0.004024019960625941,0.003800979593293325,0.003968259868792787,0.004563034181679762,0.00412624679565339,0.004107660098375671,0.005269328678233045,0.006022089917980623,0.005102048402733583,0.00705365161689397,0.007769239462086111,0.009730136024885358,0.00952568235483046,0.009079601620165228,0.010455017218716358,0.007574079140670074,0.0073417454246985986,0.006570397487673303,0.006161490147563507,0.006737677763172765,0.0076763059756975215,0.006430997258090418,0.006403117212173841,0.0071651718005602775,0.006087143358452635,0.005743289458814853,0.006068556661174918,0.007899346343030137,0.010743111026520988,0.009163241757914959
48349,0.0004089073401097954,0.0004089073401097954,0.00042749403738751333,0.0004182006887486544,0.0004646674319429493,0.0004832541292206673,0.0005204275237761033,0.0006598277533589879,0.0009758016070801935,0.0013196555067179758,0.0016728027549946175,0.002044536700548977,0.0026393110134359517,0.002778711243018837,0.0034199522991001066,0.004172713538847685,0.004693141062623788,0.004711727759901506,0.004535154135763185,0.003875326382404197,0.003958966520153927,0.0038939130796819153,0.0038195662905710433,0.00384744633648762,0.003726632804182453,0.003800979593293325,0.004135540144292248,0.004024019960625941,0.003800979593293325,0.003968259868792787,0.004563034181679762,0.00412624679565339,0.004107660098375671,0.005269328678233045,0.006022089917980623,0.005102048402733583,0.00705365161689397,0.007769239462086111,0.009730136024885358,0.00952568235483046,0.009079601620165228,0.010455017218716358,0.007574079140670074,0.0073417454246985986,0.006570397487673303,0.006161490147563507,0.006737677763172765,0.0076763059756975215,0.006430997258090418,0.006403117212173841,0.0071651718005602775,0.006087143358452635,0.005743289458814853,0.006068556661174918,0.007899346343030137,0.010743111026520988,0.009163241757914959
48351,0.0004089073401097954,0.0004089073401097954,0.00042749403738751333,0.0004182006887486544,0.0004646674319429493,0.0004832541292206673,0.0005204275237761033,0.0006598277533589879,0.0009758016070801935,0.0013196555067179758,0.0016728027549946175,0.002044536700548977,0.0026393110134359517,0.002778711243018837,0.0034199522991001066,0.004172713538847685,0.004693141062623788,0.004711727759901506,0.004535154135763185,0.003875326382404197,0.003958966520153927,0.0038939130796819153,0.0038195662905710433,0.00384744633648762,0.003726632804182453,0.003800979593293325,0.004135540144292248,0.004024019960625941,0.003800979593293325,0.003968259868792787,0.004563034181679762,0.00412624679565339,0.004107660098375671,0.005269328678233045,0.006022089917980623,0.005102048402733583,0.00705365161689397,0.007769239462086111,0.009730136024885358,0.00952568235483046,0.009079601620165228,0.010455017218716358,0.007574079140670074,0.0073417454246985986,0.006570397487673303,0.006161490147563507,0.006737677763172765,0.0076763059756975215,0.006430997258090418,0.006403117212173841,0.0071651718005602775,0.006087143358452635,0.005743289458814853,0.006068556661174918,0.007899346343030137,0.010743111026520988,0.009163241757914959
48353,0.0004089073401097954,0.0004089073401097954,0.00042749403738751333,0.0004182006887486544,0.0004646674319429493,0.0004832541292206673,0.0005204275237761033,0.0006598277533589879,0.0009758016070801935,0.0013196555067179758,0.0016728027549946175,0.002044536700548977,0.0026393110134359517,0.002778711243018837,0.0034199522991001066,0.004172713538847685,0.004693141062623788,0.004711727759901506,0.004535154135763185,0.003875326382404197,0.003958966520153927,0.0038939130796819153,0.0038195662905710433,0.00384744633648762,0.003726632804182453,0.003800979593293325,0.004135540144292248,0.004024019960625941,0.003800979593293325,0.003968259868792787,0.004563034181679762,0.00412624679565339,0.004107660098375671,0.005269328678233045,0.006022089917980623,0.005102048402733583,0.00705365161689397,0.007769239462086111,0.009730136024885358,0.00952568235483046,0.009079601620165228,0.010455017218716358,0.007574079140670074,0.0073417454246985986,0.006570397487673303,0.006161490147563507,0.006737677763172765,0.0076763059756975215,0.006430997258090418,0.006403117212173841,0.0071651718005602775,0.006087143358452635,0.005743289458814853,0.006068556661174918,0.007899346343030137,0.010743111026520988,0.009163241757914959
48355,0.0004089073401097954,0.0004089073401097954,0.00042749403738751333,0.0004182006887486544,0.0004646674319429493,0.0004832541292206673,0.0005204275237761033,0.0006598277533589879,0.0009758016070801935,0.0013196555067179758,0.0016728027549946175,0.002044536700548977,0.0026393110134359517,0.002778711243018837,0.0034199522991001066,0.004172713538847685,0.004693141062623788,0.004711727759901506,0.004535154135763185,0.003875326382404197,0.003958966520153927,0.0038939130796819153,0.0038195662905710433,0.00384744633648762,0.003726632804182453,0.003800979593293325,0.004135540144292248,0.004024019960625941,0.003800979593293325,0.003968259868792787,0.004563034181679762,0.00412624679565339,0.004107660098375671,0.005269328678233045,0.006022089917980623,0.005102048402733583,0.00705365161689397,0.007769239462086111,0.009730136024885358,0.00952568235483046,0.009079601620165228,0.010455017218716358,0.007574079140670074,0.0073417454246985986,0.006570397487673303,0.006161490147563507,0.006737677763172765,0.0076763059756975215,0.006430997258090418,0.006403117212173841,0.0071651718005602775,0.006087143358452635,0.005743289458814853,0.006068556661174918,0.007899346343030137,0.010743111026520988,0.009163241757914959
48357,0.0004089073401097954,0.0004089073401097954,0.00042749403738751333,0.0004182006887486544,0.0004646674319429493,0.0004832541292206673,0.0005204275237761033,0.0006598277533589879,0.0009758016070801935,0.0013196555067179758,0.0016728027549946175,0.002044536700548977,0.0026393110134359517,0.002778711243018837,0.0034199522991001066,0.004172713538847685,0.004693141062623788,0.004711727759901506,0.004535154135763185,0.003875326382404197,0.003958966520153927,0.0038939130796819153,0.0038195662905710433,0.00384744633648762,0.003726632804182453,0.003800979593293325,0.004135540144292248,0.004024019960625941,0.003800979593293325,0.003968259868792787,0.004563034181679762,0.00412624679565339,0.004107660098375671,0.005269328678233045,0.006022089917980623,0.005102048402733583,0.00705365161689397,0.007769239462086111,0.009730136024885358,0.00952568235483046,0.009079601620165228,0.010455017218716358,0.007574079140670074,0.0073417454246985986,0.006570397487673303,0.006161490147563507,0.006737677763172765,0.0076763059756975215,0.006430997258090418,0.006403117212173841,0.0071651718005602775,0.006087143358452635,0.005743289458814853,0.006068556661174918,0.007899346343030137,0.010743111026520988,0.009163241757914959
48359,0.0004089073401097954,0.0004089073401097954,0.00042749403738751333,0.0004182006887486544,0.0004646674319429493,0.0004832541292206673,0.0005204275237761033,0.0006598277533589879,0.0009758016070801935,0.0013196555067179758,0.0016728027549946175,0.002044536700548977,0.0026393110134359517,0.002778711243018837,0.0034199522991001066,0.004172713538847685,0.004693141062623788,0.004711727759901506,0.004535154135763185,0.003875326382404197,0.003958966520153927,0.0038939130796819153,0.0038195662905710433,0.00384744633648762,0.003726632804182453,0.003800979593293325,0.004135540144292248,0.004024019960625941,0.003800979593293325,0.003968259868792787,0.004563034181679762,0.00412624679565339,0.004107660098375671,0.005269328678233045,0.006022089917980623,0.005102048402733583,0.00705365161689397,0.007769239462086111,0.009730136024885358,0.00952568235483046,0.009079601620165228,0.010455017218716358,0.007574079140670074,0.0073417454246985986,0.006570397487673303,0.006161490147563507,0.006737677763172765,0.0076763059756975215,0.006430997258090418,0.006403117212173841,0.0071651718005602775,0.006087143358452635,0.005743289458814853,0.006068556661174918,0.007899346343030137,0.010743111026520988,0.009163241757914959
48361,0.0004089073401097954,0.0004089073401097954,0.00042749403738751333,0.0004182006887486544,0.0004646674319429493,0.0004832541292206673,0.0005204275237761033,0.0006598277533589879,0.0009758016070801935,0.0013196555067179758,0.0016728027549946175,0.002044536700548977,0.0026393110134359517,0.002778711243018837,0.0034199522991001066,0.004172713538847685,0.004693141062623788,0.004711727759901506,0.004535154135763185,0.003875326382404197,0.003958966520153927,0.0038939130796819153,0.0038195662905710433,0.00384744633648762,0.003726632804182453,0.003800979593293325,0.004135540144292248,0.004024019960625941,0.003800979593293325,0.003968259868792787,0.004563034181679762,0.00412624679565339,0.004107660098375671,0.005269328678233045,0.006022089917980623,0.005102048402733583,0.00705365161689397,0.007769239462086111,0.009730136024885358,0.00952568235483046,0.009079601620165228,0.010455017218716358,0.007574079140670074,0.0073417454246985986,0.006570397487673303,0.006161490147563507,0.006737677763172765,0.0076763059756975215,0.006430997258090418,0.006403117212173841,0.0071651718005602775,0.006087143358452635,0.005743289458814853,0.006068556661174918,0.007899346343030137,0.010743111026520988,0.009163241757914959
48363,0.0004089073401097954,0.0004089073401097954,0.00042749403738751333,0.0004182006887486544,0.0004646674319429493,0.0004832541292206673,0.0005204275237761033,0.0006598277533589879,0.0009758016070801935,0.0013196555067179758,0.0016728027549946175,0.002044536700548977,0.0026393110134359517,0.002778711243018837,0.0034199522991001066,0.004172713538847685,0.004693141062623788,0.004711727759901506,0.004535154135763185,0.003875326382404197,0.003958966520153927,0.0038939130796819153,0.0038195662905710433,0.00384744633648762,0.003726632804182453,0.003800979593293325,0.004135540144292248,0.004024019960625941,0.003800979593293325,0.003968259868792787,0.004563034181679762,0.00412624679565339,0.004107660098375671,0.005269328678233045,0.006022089917980623,0.005102048402733583,0.00705365161689397,0.007769239462086111,0.009730136024885358,0.00952568235483046,0.009079601620165228,0.010455017218716358,0.007574079140670074,0.0073417454246985986,0.006570397487673303,0.006161490147563507,0.006737677763172765,0.0076763059756975215,0.006430997258090418,0.006403117212173841,0.0071651718005602775,0.006087143358452635,0.005743289458814853,0.006068556661174918,0.007899346343030137,0.010743111026520988,0.009163241757914959
48365,0.0004089073401097954,0.0004089073401097954,0.00042749403738751333,0.0004182006887486544,0.0004646674319429493,0.0004832541292206673,0.0005204275237761033,0.0006598277533589879,0.0009758016070801935,0.0013196555067179758,0.0016728027549946175,0.002044536700548977,0.0026393110134359517,0.002778711243018837,0.0034199522991001066,0.004172713538847685,0.004693141062623788,0.004711727759901506,0.004535154135763185,0.003875326382404197,0.003958966520153927,0.0038939130796819153,0.0038195662905710433,0.00384744633648762,0.003726632804182453,0.003800979593293325,0.004135540144292248,0.004024019960625941,0.003800979593293325,0.003968259868792787,0.004563034181679762,0.00412624679565339,0.004107660098375671,0.005269328678233045,0.006022089917980623,0.005102048402733583,0.00705365161689397,0.007769239462086111,0.009730136024885358,0.00952568235483046,0.009079601620165228,0.010455017218716358,0.007574079140670074,0.0073417454246985986,0.006570397487673303,0.006161490147563507,0.006737677763172765,0.0076763059756975215,0.006430997258090418,0.006403117212173841,0.0071651718005602775,0.006087143358452635,0.005743289458814853,0.006068556661174918,0.007899346343030137,0.010743111026520988,0.009163241757914959
48367,0.0004089073401097954,0.0004089073401097954,0.00042749403738751333,0.0004182006887486544,0.0004646674319429493,0.0004832541292206673,0.0005204275237761033,0.0006598277533589879,0.0009758016070801935,0.0013196555067179758,0.0016728027549946175,0.002044536700548977,0.0026393110134359517,0.002778711243018837,0.0034199522991001066,0.004172713538847685,0.004693141062623788,0.004711727759901506,0.004535154135763185,0.003875326382404197,0.003958966520153927,0.0038939130796819153,0.0038195662905710433,0.00384744633648762,0.003726632804182453,0.003800979593293325,0.004135540144292248,0.004024019960625941,0.003800979593293325,0.003968259868792787,0.004563034181679762,0.00412624679565339,0.004107660098375671,0.005269328678233045,0.006022089917980623,0.005102048402733583,0.00705365161689397,0.007769239462086111,0.009730136024885358,0.00952568235483046,0.009079601620165228,0.010455017218716358,0.007574079140670074,0.0073417454246985986,0.006570397487673303,0.006161490147563507,0.006737677763172765,0.0076763059756975215,0.006430997258090418,0.006403117212173841,0.0071651718005602775,0.006087143358452635,0.005743289458814853,0.006068556661174918,0.007899346343030137,0.010743111026520988,0.009163241757914959
48369,0.0004089073401097954,0.0004089073401097954,0.00042749403738751333,0.0004182006887486544,0.0004646674319429493,0.0004832541292206673,0.0005204275237761033,0.0006598277533589879,0.0009758016070801935,0.0013196555067179758,0.0016728027549946175,0.002044536700548977,0.0026393110134359517,0.002778711243018837,0.0034199522991001066,0.004172713538847685,0.004693141062623788,0.004711727759901506,0.004535154135763185,0.003875326382404197,0.003958966520153927,0.0038939130796819153,0.0038195662905710433,0.00384744633648762,0.003726632804182453,0.003800979593293325,0.004135540144292248,0.004024019960625941,0.003800979593293325,0.003968259868792787,0.004563034181679762,0.00412624679565339,0.004107660098375671,0.005269328678233045,0.006022089917980623,0.005102048402733583,0.00705365161689397,0.007769239462086111,0.009730136024885358,0.00952568235483046,0.009079601620165228,0.010455017218716358,0.007574079140670074,0.0073417454246985986,0.006570397487673303,0.006161490147563507,0.006737677763172765,0.0076763059756975215,0.006430997258090418,0.006403117212173841,0.0071651718005602775,0.006087143358452635,0.005743289458814853,0.006068556661174918,0.007899346343030137,0.010743111026520988,0.009163241757914959
48371,0.0004089073401097954,0.0004089073401097954,0.00042749403738751333,0.0004182006887486544,0.0004646674319429493,0.0004832541292206673,0.0005204275237761033,0.0006598277533589879,0.0009758016070801935,0.0013196555067179758,0.0016728027549946175,0.002044536700548977,0.0026393110134359517,0.002778711243018837,0.0034199522991001066,0.004172713538847685,0.004693141062623788,0.004711727759901506,0.004535154135763185,0.003875326382404197,0.003958966520153927,0.0038939130796819153,0.0038195662905710433,0.00384744633648762,0.003726632804182453,0.003800979593293325,0.004135540144292248,0.004024019960625941,0.003800979593293325,0.003968259868792787,0.004563034181679762,0.00412624679565339,0.004107660098375671,0.005269328678233045,0.006022089917980623,0.005102048402733583,0.00705365161689397,0.007769239462086111,0.009730136024885358,0.00952568235483046,0.009079601620165228,0.010455017218716358,0.007574079140670074,0.0073417454246985986,0.006570397487673303,0.006161490147563507,0.006737677763172765,0.0076763059756975215,0.006430997258090418,0.006403117212173841,0.0071651718005602775,0.006087143358452635,0.005743289458814853,0.006068556661174918,0.007899346343030137,0.010743111026520988,0.009163241757914959
48373,0.0004089073401097954,0.0004089073401097954,0.00042749403738751333,0.0004182006887486544,0.0004646674319429493,0.0004832541292206673,0.0005204275237761033,0.0006598277533589879,0.0009758016070801935,0.0013196555067179758,0.0016728027549946175,0.002044536700548977,0.0026393110134359517,0.002778711243018837,0.0034199522991001066,0.004172713538847685,0.004693141062623788,0.004711727759901506,0.004535154135763185,0.003875326382404197,0.003958966520153927,0.0038939130796819153,0.0038195662905710433,0.00384744633648762,0.003726632804182453,0.003800979593293325,0.004135540144292248,0.004024019960625941,0.003800979593293325,0.003968259868792787,0.004563034181679762,0.00412624679565339,0.004107660098375671,0.005269328678233045,0.006022089917980623,0.005102048402733583,0.00705365161689397,0.007769239462086111,0.009730136024885358,0.00952568235483046,0.009079601620165228,0.010455017218716358,0.007574079140670074,0.0073417454246985986,0.006570397487673303,0.006161490147563507,0.006737677763172765,0.0076763059756975215,0.006430997258090418,0.006403117212173841,0.0071651718005602775,0.006087143358452635,0.005743289458814853,0.006068556661174918,0.007899346343030137,0.010743111026520988,0.009163241757914959
48375,0.0004089073401097954,0.0004089073401097954,0.00042749403738751333,0.0004182006887486544,0.0004646674319429493,0.0004832541292206673,0.0005204275237761033,0.0006598277533589879,0.0009758016070801935,0.0013196555067179758,0.0016728027549946175,0.002044536700548977,0.0026393110134359517,0.002778711243018837,0.0034199522991001066,0.004172713538847685,0.004693141062623788,0.004711727759901506,0.004535154135763185,0.003875326382404197,0.003958966520153927,0.0038939130796819153,0.0038195662905710433,0.00384744633648762,0.003726632804182453,0.003800979593293325,0.004135540144292248,0.004024019960625941,0.003800979593293325,0.003968259868792787,0.004563034181679762,0.00412624679565339,0.004107660098375671,0.005269328678233045,0.006022089917980623,0.005102048402733583,0.00705365161689397,0.007769239462086111,0.009730136024885358,0.00952568235483046,0.009079601620165228,0.010455017218716358,0.007574079140670074,0.0073417454246985986,0.006570397487673303,0.006161490147563507,0.006737677763172765,0.0076763059756975215,0.006430997258090418,0.006403117212173841,0.0071651718005602775,0.006087143358452635,0.005743289458814853,0.006068556661174918,0.007899346343030137,0.010743111026520988,0.009163241757914959
48377,0.0004089073401097954,0.0004089073401097954,0.00042749403738751333,0.0004182006887486544,0.0004646674319429493,0.0004832541292206673,0.0005204275237761033,0.0006598277533589879,0.0009758016070801935,0.0013196555067179758,0.0016728027549946175,0.002044536700548977,0.0026393110134359517,0.002778711243018837,0.0034199522991001066,0.004172713538847685,0.004693141062623788,0.004711727759901506,0.004535154135763185,0.003875326382404197,0.003958966520153927,0.0038939130796819153,0.0038195662905710433,0.00384744633648762,0.003726632804182453,0.003800979593293325,0.004135540144292248,0.004024019960625941,0.003800979593293325,0.003968259868792787,0.004563034181679762,0.00412624679565339,0.004107660098375671,0.005269328678233045,0.006022089917980623,0.005102048402733583,0.00705365161689397,0.007769239462086111,0.009730136024885358,0.00952568235483046,0.009079601620165228,0.010455017218716358,0.007574079140670074,0.0073417454246985986,0.006570397487673303,0.006161490147563507,0.006737677763172765,0.0076763059756975215,0.006430997258090418,0.006403117212173841,0.0071651718005602775,0.006087143358452635,0.005743289458814853,0.006068556661174918,0.007899346343030137,0.010743111026520988,0.009163241757914959
48379,0.0004089073401097954,0.0004089073401097954,0.00042749403738751333,0.0004182006887486544,0.0004646674319429493,0.0004832541292206673,0.0005204275237761033,0.0006598277533589879,0.0009758016070801935,0.0013196555067179758,0.0016728027549946175,0.002044536700548977,0.0026393110134359517,0.002778711243018837,0.0034199522991001066,0.004172713538847685,0.004693141062623788,0.004711727759901506,0.004535154135763185,0.003875326382404197,0.003958966520153927,0.0038939130796819153,0.0038195662905710433,0.00384744633648762,0.003726632804182453,0.003800979593293325,0.004135540144292248,0.004024019960625941,0.003800979593293325,0.003968259868792787,0.004563034181679762,0.00412624679565339,0.004107660098375671,0.005269328678233045,0.006022089917980623,0.005102048402733583,0.00705365161689397,0.007769239462086111,0.009730136024885358,0.00952568235483046,0.009079601620165228,0.010455017218716358,0.007574079140670074,0.0073417454246985986,0.006570397487673303,0.006161490147563507,0.006737677763172765,0.0076763059756975215,0.006430997258090418,0.006403117212173841,0.0071651718005602775,0.006087143358452635,0.005743289458814853,0.006068556661174918,0.007899346343030137,0.010743111026520988,0.009163241757914959
48381,0.0004089073401097954,0.0004089073401097954,0.00042749403738751333,0.0004182006887486544,0.0004646674319429493,0.0004832541292206673,0.0005204275237761033,0.0006598277533589879,0.0009758016070801935,0.0013196555067179758,0.0016728027549946175,0.002044536700548977,0.0026393110134359517,0.002778711243018837,0.0034199522991001066,0.004172713538847685,0.004693141062623788,0.004711727759901506,0.004535154135763185,0.003875326382404197,0.003958966520153927,0.0038939130796819153,0.0038195662905710433,0.00384744633648762,0.003726632804182453,0.003800979593293325,0.004135540144292248,0.004024019960625941,0.003800979593293325,0.003968259868792787,0.004563034181679762,0.00412624679565339,0.004107660098375671,0.005269328678233045,0.006022089917980623,0.005102048402733583,0.00705365161689397,0.007769239462086111,0.009730136024885358,0.00952568235483046,0.009079601620165228,0.010455017218716358,0.007574079140670074,0.0073417454246985986,0.006570397487673303,0.006161490147563507,0.006737677763172765,0.0076763059756975215,0.006430997258090418,0.006403117212173841,0.0071651718005602775,0.006087143358452635,0.005743289458814853,0.006068556661174918,0.007899346343030137,0.010743111026520988,0.009163241757914959
48383,0.0004089073401097954,0.0004089073401097954,0.00042749403738751333,0.0004182006887486544,0.0004646674319429493,0.0004832541292206673,0.0005204275237761033,0.0006598277533589879,0.0009758016070801935,0.0013196555067179758,0.0016728027549946175,0.002044536700548977,0.0026393110134359517,0.002778711243018837,0.0034199522991001066,0.004172713538847685,0.004693141062623788,0.004711727759901506,0.004535154135763185,0.003875326382404197,0.003958966520153927,0.0038939130796819153,0.0038195662905710433,0.00384744633648762,0.003726632804182453,0.003800979593293325,0.004135540144292248,0.004024019960625941,0.003800979593293325,0.003968259868792787,0.004563034181679762,0.00412624679565339,0.004107660098375671,0.005269328678233045,0.006022089917980623,0.005102048402733583,0.00705365161689397,0.007769239462086111,0.009730136024885358,0.00952568235483046,0.009079601620165228,0.010455017218716358,0.007574079140670074,0.0073417454246985986,0.006570397487673303,0.006161490147563507,0.006737677763172765,0.0076763059756975215,0.006430997258090418,0.006403117212173841,0.0071651718005602775,0.006087143358452635,0.005743289458814853,0.006068556661174918,0.007899346343030137,0.010743111026520988,0.009163241757914959
48385,0.0004089073401097954,0.0004089073401097954,0.00042749403738751333,0.0004182006887486544,0.0004646674319429493,0.0004832541292206673,0.0005204275237761033,0.0006598277533589879,0.0009758016070801935,0.0013196555067179758,0.0016728027549946175,0.002044536700548977,0.0026393110134359517,0.002778711243018837,0.0034199522991001066,0.004172713538847685,0.004693141062623788,0.004711727759901506,0.004535154135763185,0.003875326382404197,0.003958966520153927,0.0038939130796819153,0.0038195662905710433,0.00384744633648762,0.003726632804182453,0.003800979593293325,0.004135540144292248,0.004024019960625941,0.003800979593293325,0.003968259868792787,0.004563034181679762,0.00412624679565339,0.004107660098375671,0.005269328678233045,0.006022089917980623,0.005102048402733583,0.00705365161689397,0.007769239462086111,0.009730136024885358,0.00952568235483046,0.009079601620165228,0.010455017218716358,0.007574079140670074,0.0073417454246985986,0.006570397487673303,0.006161490147563507,0.006737677763172765,0.0076763059756975215,0.006430997258090418,0.006403117212173841,0.0071651718005602775,0.006087143358452635,0.005743289458814853,0.006068556661174918,0.007899346343030137,0.010743111026520988,0.009163241757914959
48387,0.0004089073401097954,0.0004089073401097954,0.00042749403738751333,0.0004182006887486544,0.0004646674319429493,0.0004832541292206673,0.0005204275237761033,0.0006598277533589879,0.0009758016070801935,0.0013196555067179758,0.0016728027549946175,0.002044536700548977,0.0026393110134359517,0.002778711243018837,0.0034199522991001066,0.004172713538847685,0.004693141062623788,0.004711727759901506,0.004535154135763185,0.003875326382404197,0.003958966520153927,0.0038939130796819153,0.0038195662905710433,0.00384744633648762,0.003726632804182453,0.003800979593293325,0.004135540144292248,0.004024019960625941,0.003800979593293325,0.003968259868792787,0.004563034181679762,0.00412624679565339,0.004107660098375671,0.005269328678233045,0.006022089917980623,0.005102048402733583,0.00705365161689397,0.007769239462086111,0.009730136024885358,0.00952568235483046,0.009079601620165228,0.010455017218716358,0.007574079140670074,0.0073417454246985986,0.006570397487673303,0.006161490147563507,0.006737677763172765,0.0076763059756975215,0.006430997258090418,0.006403117212173841,0.0071651718005602775,0.006087143358452635,0.005743289458814853,0.006068556661174918,0.007899346343030137,0.010743111026520988,0.009163241757914959
48389,0.0004089073401097954,0.0004089073401097954,0.00042749403738751333,0.0004182006887486544,0.0004646674319429493,0.0004832541292206673,0.0005204275237761033,0.0006598277533589879,0.0009758016070801935,0.0013196555067179758,0.0016728027549946175,0.002044536700548977,0.0026393110134359517,0.002778711243018837,0.0034199522991001066,0.004172713538847685,0.004693141062623788,0.004711727759901506,0.004535154135763185,0.003875326382404197,0.003958966520153927,0.0038939130796819153,0.0038195662905710433,0.00384744633648762,0.003726632804182453,0.003800979593293325,0.004135540144292248,0.004024019960625941,0.003800979593293325,0.003968259868792787,0.004563034181679762,0.00412624679565339,0.004107660098375671,0.005269328678233045,0.006022089917980623,0.005102048402733583,0.00705365161689397,0.007769239462086111,0.009730136024885358,0.00952568235483046,0.009079601620165228,0.010455017218716358,0.007574079140670074,0.0073417454246985986,0.006570397487673303,0.006161490147563507,0.006737677763172765,0.0076763059756975215,0.006430997258090418,0.006403117212173841,0.0071651718005602775,0.006087143358452635,0.005743289458814853,0.006068556661174918,0.007899346343030137,0.010743111026520988,0.009163241757914959
48391,0.0004089073401097954,0.0004089073401097954,0.00042749403738751333,0.0004182006887486544,0.0004646674319429493,0.0004832541292206673,0.0005204275237761033,0.0006598277533589879,0.0009758016070801935,0.0013196555067179758,0.0016728027549946175,0.002044536700548977,0.0026393110134359517,0.002778711243018837,0.0034199522991001066,0.004172713538847685,0.004693141062623788,0.004711727759901506,0.004535154135763185,0.003875326382404197,0.003958966520153927,0.0038939130796819153,0.0038195662905710433,0.00384744633648762,0.003726632804182453,0.003800979593293325,0.004135540144292248,0.004024019960625941,0.003800979593293325,0.003968259868792787,0.004563034181679762,0.00412624679565339,0.004107660098375671,0.005269328678233045,0.006022089917980623,0.005102048402733583,0.00705365161689397,0.007769239462086111,0.009730136024885358,0.00952568235483046,0.009079601620165228,0.010455017218716358,0.007574079140670074,0.0073417454246985986,0.006570397487673303,0.006161490147563507,0.006737677763172765,0.0076763059756975215,0.006430997258090418,0.006403117212173841,0.0071651718005602775,0.006087143358452635,0.005743289458814853,0.006068556661174918,0.007899346343030137,0.010743111026520988,0.009163241757914959
48393,0.0004089073401097954,0.0004089073401097954,0.00042749403738751333,0.0004182006887486544,0.0004646674319429493,0.0004832541292206673,0.0005204275237761033,0.0006598277533589879,0.0009758016070801935,0.0013196555067179758,0.0016728027549946175,0.002044536700548977,0.0026393110134359517,0.002778711243018837,0.0034199522991001066,0.004172713538847685,0.004693141062623788,0.004711727759901506,0.004535154135763185,0.003875326382404197,0.003958966520153927,0.0038939130796819153,0.0038195662905710433,0.00384744633648762,0.003726632804182453,0.003800979593293325,0.004135540144292248,0.004024019960625941,0.003800979593293325,0.003968259868792787,0.004563034181679762,0.00412624679565339,0.004107660098375671,0.005269328678233045,0.006022089917980623,0.005102048402733583,0.00705365161689397,0.007769239462086111,0.009730136024885358,0.00952568235483046,0.009079601620165228,0.010455017218716358,0.007574079140670074,0.0073417454246985986,0.006570397487673303,0.006161490147563507,0.006737677763172765,0.0076763059756975215,0.006430997258090418,0.006403117212173841,0.0071651718005602775,0.006087143358452635,0.005743289458814853,0.006068556661174918,0.007899346343030137,0.010743111026520988,0.009163241757914959
48395,0.0004089073401097954,0.0004089073401097954,0.00042749403738751333,0.0004182006887486544,0.0004646674319429493,0.0004832541292206673,0.0005204275237761033,0.0006598277533589879,0.0009758016070801935,0.0013196555067179758,0.0016728027549946175,0.002044536700548977,0.0026393110134359517,0.002778711243018837,0.0034199522991001066,0.004172713538847685,0.004693141062623788,0.004711727759901506,0.004535154135763185,0.003875326382404197,0.003958966520153927,0.0038939130796819153,0.0038195662905710433,0.00384744633648762,0.003726632804182453,0.003800979593293325,0.004135540144292248,0.004024019960625941,0.003800979593293325,0.003968259868792787,0.004563034181679762,0.00412624679565339,0.004107660098375671,0.005269328678233045,0.006022089917980623,0.005102048402733583,0.00705365161689397,0.007769239462086111,0.009730136024885358,0.00952568235483046,0.009079601620165228,0.010455017218716358,0.007574079140670074,0.0073417454246985986,0.006570397487673303,0.006161490147563507,0.006737677763172765,0.0076763059756975215,0.006430997258090418,0.006403117212173841,0.0071651718005602775,0.006087143358452635,0.005743289458814853,0.006068556661174918,0.007899346343030137,0.010743111026520988,0.009163241757914959
48397,0.0004089073401097954,0.0004089073401097954,0.00042749403738751333,0.0004182006887486544,0.0004646674319429493,0.0004832541292206673,0.0005204275237761033,0.0006598277533589879,0.0009758016070801935,0.0013196555067179758,0.0016728027549946175,0.002044536700548977,0.0026393110134359517,0.002778711243018837,0.0034199522991001066,0.004172713538847685,0.004693141062623788,0.004711727759901506,0.004535154135763185,0.003875326382404197,0.003958966520153927,0.0038939130796819153,0.0038195662905710433,0.00384744633648762,0.003726632804182453,0.003800979593293325,0.004135540144292248,0.004024019960625941,0.003800979593293325,0.003968259868792787,0.004563034181679762,0.00412624679565339,0.004107660098375671,0.005269328678233045,0.006022089917980623,0.005102048402733583,0.00705365161689397,0.007769239462086111,0.009730136024885358,0.00952568235483046,0.009079601620165228,0.010455017218716358,0.007574079140670074,0.0073417454246985986,0.006570397487673303,0.006161490147563507,0.006737677763172765,0.0076763059756975215,0.006430997258090418,0.006403117212173841,0.0071651718005602775,0.006087143358452635,0.005743289458814853,0.006068556661174918,0.007899346343030137,0.010743111026520988,0.009163241757914959
48399,0.0004089073401097954,0.0004089073401097954,0.00042749403738751333,0.0004182006887486544,0.0004646674319429493,0.0004832541292206673,0.0005204275237761033,0.0006598277533589879,0.0009758016070801935,0.0013196555067179758,0.0016728027549946175,0.002044536700548977,0.0026393110134359517,0.002778711243018837,0.0034199522991001066,0.004172713538847685,0.004693141062623788,0.004711727759901506,0.004535154135763185,0.003875326382404197,0.003958966520153927,0.0038939130796819153,0.0038195662905710433,0.00384744633648762,0.003726632804182453,0.003800979593293325,0.004135540144292248,0.004024019960625941,0.003800979593293325,0.003968259868792787,0.004563034181679762,0.00412624679565339,0.004107660098375671,0.005269328678233045,0.006022089917980623,0.005102048402733583,0.00705365161689397,0.007769239462086111,0.009730136024885358,0.00952568235483046,0.009079601620165228,0.010455017218716358,0.007574079140670074,0.0073417454246985986,0.006570397487673303,0.006161490147563507,0.006737677763172765,0.0076763059756975215,0.006430997258090418,0.006403117212173841,0.0071651718005602775,0.006087143358452635,0.005743289458814853,0.006068556661174918,0.007899346343030137,0.010743111026520988,0.009163241757914959
48401,0.0004089073401097954,0.0004089073401097954,0.00042749403738751333,0.0004182006887486544,0.0004646674319429493,0.0004832541292206673,0.0005204275237761033,0.0006598277533589879,0.0009758016070801935,0.0013196555067179758,0.0016728027549946175,0.002044536700548977,0.0026393110134359517,0.002778711243018837,0.0034199522991001066,0.004172713538847685,0.004693141062623788,0.004711727759901506,0.004535154135763185,0.003875326382404197,0.003958966520153927,0.0038939130796819153,0.0038195662905710433,0.00384744633648762,0.003726632804182453,0.003800979593293325,0.004135540144292248,0.004024019960625941,0.003800979593293325,0.003968259868792787,0.004563034181679762,0.00412624679565339,0.004107660098375671,0.005269328678233045,0.006022089917980623,0.005102048402733583,0.00705365161689397,0.007769239462086111,0.009730136024885358,0.00952568235483046,0.009079601620165228,0.010455017218716358,0.007574079140670074,0.0073417454246985986,0.006570397487673303,0.006161490147563507,0.006737677763172765,0.0076763059756975215,0.006430997258090418,0.006403117212173841,0.0071651718005602775,0.006087143358452635,0.005743289458814853,0.006068556661174918,0.007899346343030137,0.010743111026520988,0.009163241757914959
48403,0.0004089073401097954,0.0004089073401097954,0.00042749403738751333,0.0004182006887486544,0.0004646674319429493,0.0004832541292206673,0.0005204275237761033,0.0006598277533589879,0.0009758016070801935,0.0013196555067179758,0.0016728027549946175,0.002044536700548977,0.0026393110134359517,0.002778711243018837,0.0034199522991001066,0.004172713538847685,0.004693141062623788,0.004711727759901506,0.004535154135763185,0.003875326382404197,0.003958966520153927,0.0038939130796819153,0.0038195662905710433,0.00384744633648762,0.003726632804182453,0.003800979593293325,0.004135540144292248,0.004024019960625941,0.003800979593293325,0.003968259868792787,0.004563034181679762,0.00412624679565339,0.004107660098375671,0.005269328678233045,0.006022089917980623,0.005102048402733583,0.00705365161689397,0.007769239462086111,0.009730136024885358,0.00952568235483046,0.009079601620165228,0.010455017218716358,0.007574079140670074,0.0073417454246985986,0.006570397487673303,0.006161490147563507,0.006737677763172765,0.0076763059756975215,0.006430997258090418,0.006403117212173841,0.0071651718005602775,0.006087143358452635,0.005743289458814853,0.006068556661174918,0.007899346343030137,0.010743111026520988,0.009163241757914959
48405,0.0004089073401097954,0.0004089073401097954,0.00042749403738751333,0.0004182006887486544,0.0004646674319429493,0.0004832541292206673,0.0005204275237761033,0.0006598277533589879,0.0009758016070801935,0.0013196555067179758,0.0016728027549946175,0.002044536700548977,0.0026393110134359517,0.002778711243018837,0.0034199522991001066,0.004172713538847685,0.004693141062623788,0.004711727759901506,0.004535154135763185,0.003875326382404197,0.003958966520153927,0.0038939130796819153,0.0038195662905710433,0.00384744633648762,0.003726632804182453,0.003800979593293325,0.004135540144292248,0.004024019960625941,0.003800979593293325,0.003968259868792787,0.004563034181679762,0.00412624679565339,0.004107660098375671,0.005269328678233045,0.006022089917980623,0.005102048402733583,0.00705365161689397,0.007769239462086111,0.009730136024885358,0.00952568235483046,0.009079601620165228,0.010455017218716358,0.007574079140670074,0.0073417454246985986,0.006570397487673303,0.006161490147563507,0.006737677763172765,0.0076763059756975215,0.006430997258090418,0.006403117212173841,0.0071651718005602775,0.006087143358452635,0.005743289458814853,0.006068556661174918,0.007899346343030137,0.010743111026520988,0.009163241757914959
48407,0.0004089073401097954,0.0004089073401097954,0.00042749403738751333,0.0004182006887486544,0.0004646674319429493,0.0004832541292206673,0.0005204275237761033,0.0006598277533589879,0.0009758016070801935,0.0013196555067179758,0.0016728027549946175,0.002044536700548977,0.0026393110134359517,0.002778711243018837,0.0034199522991001066,0.004172713538847685,0.004693141062623788,0.004711727759901506,0.004535154135763185,0.003875326382404197,0.003958966520153927,0.0038939130796819153,0.0038195662905710433,0.00384744633648762,0.003726632804182453,0.003800979593293325,0.004135540144292248,0.004024019960625941,0.003800979593293325,0.003968259868792787,0.004563034181679762,0.00412624679565339,0.004107660098375671,0.005269328678233045,0.006022089917980623,0.005102048402733583,0.00705365161689397,0.007769239462086111,0.009730136024885358,0.00952568235483046,0.009079601620165228,0.010455017218716358,0.007574079140670074,0.0073417454246985986,0.006570397487673303,0.006161490147563507,0.006737677763172765,0.0076763059756975215,0.006430997258090418,0.006403117212173841,0.0071651718005602775,0.006087143358452635,0.005743289458814853,0.006068556661174918,0.007899346343030137,0.010743111026520988,0.009163241757914959
48409,0.0004089073401097954,0.0004089073401097954,0.00042749403738751333,0.0004182006887486544,0.0004646674319429493,0.0004832541292206673,0.0005204275237761033,0.0006598277533589879,0.0009758016070801935,0.0013196555067179758,0.0016728027549946175,0.002044536700548977,0.0026393110134359517,0.002778711243018837,0.0034199522991001066,0.004172713538847685,0.004693141062623788,0.004711727759901506,0.004535154135763185,0.003875326382404197,0.003958966520153927,0.0038939130796819153,0.0038195662905710433,0.00384744633648762,0.003726632804182453,0.003800979593293325,0.004135540144292248,0.004024019960625941,0.003800979593293325,0.003968259868792787,0.004563034181679762,0.00412624679565339,0.004107660098375671,0.005269328678233045,0.006022089917980623,0.005102048402733583,0.00705365161689397,0.007769239462086111,0.009730136024885358,0.00952568235483046,0.009079601620165228,0.010455017218716358,0.007574079140670074,0.0073417454246985986,0.006570397487673303,0.006161490147563507,0.006737677763172765,0.0076763059756975215,0.006430997258090418,0.006403117212173841,0.0071651718005602775,0.006087143358452635,0.005743289458814853,0.006068556661174918,0.007899346343030137,0.010743111026520988,0.009163241757914959
48411,0.0004089073401097954,0.0004089073401097954,0.00042749403738751333,0.0004182006887486544,0.0004646674319429493,0.0004832541292206673,0.0005204275237761033,0.0006598277533589879,0.0009758016070801935,0.0013196555067179758,0.0016728027549946175,0.002044536700548977,0.0026393110134359517,0.002778711243018837,0.0034199522991001066,0.004172713538847685,0.004693141062623788,0.004711727759901506,0.004535154135763185,0.003875326382404197,0.003958966520153927,0.0038939130796819153,0.0038195662905710433,0.00384744633648762,0.003726632804182453,0.003800979593293325,0.004135540144292248,0.004024019960625941,0.003800979593293325,0.003968259868792787,0.004563034181679762,0.00412624679565339,0.004107660098375671,0.005269328678233045,0.006022089917980623,0.005102048402733583,0.00705365161689397,0.007769239462086111,0.009730136024885358,0.00952568235483046,0.009079601620165228,0.010455017218716358,0.007574079140670074,0.0073417454246985986,0.006570397487673303,0.006161490147563507,0.006737677763172765,0.0076763059756975215,0.006430997258090418,0.006403117212173841,0.0071651718005602775,0.006087143358452635,0.005743289458814853,0.006068556661174918,0.007899346343030137,0.010743111026520988,0.009163241757914959
48413,0.0004089073401097954,0.0004089073401097954,0.00042749403738751333,0.0004182006887486544,0.0004646674319429493,0.0004832541292206673,0.0005204275237761033,0.0006598277533589879,0.0009758016070801935,0.0013196555067179758,0.0016728027549946175,0.002044536700548977,0.0026393110134359517,0.002778711243018837,0.0034199522991001066,0.004172713538847685,0.004693141062623788,0.004711727759901506,0.004535154135763185,0.003875326382404197,0.003958966520153927,0.0038939130796819153,0.0038195662905710433,0.00384744633648762,0.003726632804182453,0.003800979593293325,0.004135540144292248,0.004024019960625941,0.003800979593293325,0.003968259868792787,0.004563034181679762,0.00412624679565339,0.004107660098375671,0.005269328678233045,0.006022089917980623,0.005102048402733583,0.00705365161689397,0.007769239462086111,0.009730136024885358,0.00952568235483046,0.009079601620165228,0.010455017218716358,0.007574079140670074,0.0073417454246985986,0.006570397487673303,0.006161490147563507,0.006737677763172765,0.0076763059756975215,0.006430997258090418,0.006403117212173841,0.0071651718005602775,0.006087143358452635,0.005743289458814853,0.006068556661174918,0.007899346343030137,0.010743111026520988,0.009163241757914959
48415,0.0004089073401097954,0.0004089073401097954,0.00042749403738751333,0.0004182006887486544,0.0004646674319429493,0.0004832541292206673,0.0005204275237761033,0.0006598277533589879,0.0009758016070801935,0.0013196555067179758,0.0016728027549946175,0.002044536700548977,0.0026393110134359517,0.002778711243018837,0.0034199522991001066,0.004172713538847685,0.004693141062623788,0.004711727759901506,0.004535154135763185,0.003875326382404197,0.003958966520153927,0.0038939130796819153,0.0038195662905710433,0.00384744633648762,0.003726632804182453,0.003800979593293325,0.004135540144292248,0.004024019960625941,0.003800979593293325,0.003968259868792787,0.004563034181679762,0.00412624679565339,0.004107660098375671,0.005269328678233045,0.006022089917980623,0.005102048402733583,0.00705365161689397,0.007769239462086111,0.009730136024885358,0.00952568235483046,0.009079601620165228,0.010455017218716358,0.007574079140670074,0.0073417454246985986,0.006570397487673303,0.006161490147563507,0.006737677763172765,0.0076763059756975215,0.006430997258090418,0.006403117212173841,0.0071651718005602775,0.006087143358452635,0.005743289458814853,0.006068556661174918,0.007899346343030137,0.010743111026520988,0.009163241757914959
48417,0.0004089073401097954,0.0004089073401097954,0.00042749403738751333,0.0004182006887486544,0.0004646674319429493,0.0004832541292206673,0.0005204275237761033,0.0006598277533589879,0.0009758016070801935,0.0013196555067179758,0.0016728027549946175,0.002044536700548977,0.0026393110134359517,0.002778711243018837,0.0034199522991001066,0.004172713538847685,0.004693141062623788,0.004711727759901506,0.004535154135763185,0.003875326382404197,0.003958966520153927,0.0038939130796819153,0.0038195662905710433,0.00384744633648762,0.003726632804182453,0.003800979593293325,0.004135540144292248,0.004024019960625941,0.003800979593293325,0.003968259868792787,0.004563034181679762,0.00412624679565339,0.004107660098375671,0.005269328678233045,0.006022089917980623,0.005102048402733583,0.00705365161689397,0.007769239462086111,0.009730136024885358,0.00952568235483046,0.009079601620165228,0.010455017218716358,0.007574079140670074,0.0073417454246985986,0.006570397487673303,0.006161490147563507,0.006737677763172765,0.0076763059756975215,0.006430997258090418,0.006403117212173841,0.0071651718005602775,0.006087143358452635,0.005743289458814853,0.006068556661174918,0.007899346343030137,0.010743111026520988,0.009163241757914959
48419,0.0004089073401097954,0.0004089073401097954,0.00042749403738751333,0.0004182006887486544,0.0004646674319429493,0.0004832541292206673,0.0005204275237761033,0.0006598277533589879,0.0009758016070801935,0.0013196555067179758,0.0016728027549946175,0.002044536700548977,0.0026393110134359517,0.002778711243018837,0.0034199522991001066,0.004172713538847685,0.004693141062623788,0.004711727759901506,0.004535154135763185,0.003875326382404197,0.003958966520153927,0.0038939130796819153,0.0038195662905710433,0.00384744633648762,0.003726632804182453,0.003800979593293325,0.004135540144292248,0.004024019960625941,0.003800979593293325,0.003968259868792787,0.004563034181679762,0.00412624679565339,0.004107660098375671,0.005269328678233045,0.006022089917980623,0.005102048402733583,0.00705365161689397,0.007769239462086111,0.009730136024885358,0.00952568235483046,0.009079601620165228,0.010455017218716358,0.007574079140670074,0.0073417454246985986,0.006570397487673303,0.006161490147563507,0.006737677763172765,0.0076763059756975215,0.006430997258090418,0.006403117212173841,0.0071651718005602775,0.006087143358452635,0.005743289458814853,0.006068556661174918,0.007899346343030137,0.010743111026520988,0.009163241757914959
48421,0.0004089073401097954,0.0004089073401097954,0.00042749403738751333,0.0004182006887486544,0.0004646674319429493,0.0004832541292206673,0.0005204275237761033,0.0006598277533589879,0.0009758016070801935,0.0013196555067179758,0.0016728027549946175,0.002044536700548977,0.0026393110134359517,0.002778711243018837,0.0034199522991001066,0.004172713538847685,0.004693141062623788,0.004711727759901506,0.004535154135763185,0.003875326382404197,0.003958966520153927,0.0038939130796819153,0.0038195662905710433,0.00384744633648762,0.003726632804182453,0.003800979593293325,0.004135540144292248,0.004024019960625941,0.003800979593293325,0.003968259868792787,0.004563034181679762,0.00412624679565339,0.004107660098375671,0.005269328678233045,0.006022089917980623,0.005102048402733583,0.00705365161689397,0.007769239462086111,0.009730136024885358,0.00952568235483046,0.009079601620165228,0.010455017218716358,0.007574079140670074,0.0073417454246985986,0.006570397487673303,0.006161490147563507,0.006737677763172765,0.0076763059756975215,0.006430997258090418,0.006403117212173841,0.0071651718005602775,0.006087143358452635,0.005743289458814853,0.006068556661174918,0.007899346343030137,0.010743111026520988,0.009163241757914959
48423,0.0004089073401097954,0.0004089073401097954,0.00042749403738751333,0.0004182006887486544,0.0004646674319429493,0.0004832541292206673,0.0005204275237761033,0.0006598277533589879,0.0009758016070801935,0.0013196555067179758,0.0016728027549946175,0.002044536700548977,0.0026393110134359517,0.002778711243018837,0.0034199522991001066,0.004172713538847685,0.004693141062623788,0.004711727759901506,0.004535154135763185,0.003875326382404197,0.003958966520153927,0.0038939130796819153,0.0038195662905710433,0.00384744633648762,0.003726632804182453,0.003800979593293325,0.004135540144292248,0.004024019960625941,0.003800979593293325,0.003968259868792787,0.004563034181679762,0.00412624679565339,0.004107660098375671,0.005269328678233045,0.006022089917980623,0.005102048402733583,0.00705365161689397,0.007769239462086111,0.009730136024885358,0.00952568235483046,0.009079601620165228,0.010455017218716358,0.007574079140670074,0.0073417454246985986,0.006570397487673303,0.006161490147563507,0.006737677763172765,0.0076763059756975215,0.006430997258090418,0.006403117212173841,0.0071651718005602775,0.006087143358452635,0.005743289458814853,0.006068556661174918,0.007899346343030137,0.010743111026520988,0.009163241757914959
48425,0.0004089073401097954,0.0004089073401097954,0.00042749403738751333,0.0004182006887486544,0.0004646674319429493,0.0004832541292206673,0.0005204275237761033,0.0006598277533589879,0.0009758016070801935,0.0013196555067179758,0.0016728027549946175,0.002044536700548977,0.0026393110134359517,0.002778711243018837,0.0034199522991001066,0.004172713538847685,0.004693141062623788,0.004711727759901506,0.004535154135763185,0.003875326382404197,0.003958966520153927,0.0038939130796819153,0.0038195662905710433,0.00384744633648762,0.003726632804182453,0.003800979593293325,0.004135540144292248,0.004024019960625941,0.003800979593293325,0.003968259868792787,0.004563034181679762,0.00412624679565339,0.004107660098375671,0.005269328678233045,0.006022089917980623,0.005102048402733583,0.00705365161689397,0.007769239462086111,0.009730136024885358,0.00952568235483046,0.009079601620165228,0.010455017218716358,0.007574079140670074,0.0073417454246985986,0.006570397487673303,0.006161490147563507,0.006737677763172765,0.0076763059756975215,0.006430997258090418,0.006403117212173841,0.0071651718005602775,0.006087143358452635,0.005743289458814853,0.006068556661174918,0.007899346343030137,0.010743111026520988,0.009163241757914959
48427,0.0004089073401097954,0.0004089073401097954,0.00042749403738751333,0.0004182006887486544,0.0004646674319429493,0.0004832541292206673,0.0005204275237761033,0.0006598277533589879,0.0009758016070801935,0.0013196555067179758,0.0016728027549946175,0.002044536700548977,0.0026393110134359517,0.002778711243018837,0.0034199522991001066,0.004172713538847685,0.004693141062623788,0.004711727759901506,0.004535154135763185,0.003875326382404197,0.003958966520153927,0.0038939130796819153,0.0038195662905710433,0.00384744633648762,0.003726632804182453,0.003800979593293325,0.004135540144292248,0.004024019960625941,0.003800979593293325,0.003968259868792787,0.004563034181679762,0.00412624679565339,0.004107660098375671,0.005269328678233045,0.006022089917980623,0.005102048402733583,0.00705365161689397,0.007769239462086111,0.009730136024885358,0.00952568235483046,0.009079601620165228,0.010455017218716358,0.007574079140670074,0.0073417454246985986,0.006570397487673303,0.006161490147563507,0.006737677763172765,0.0076763059756975215,0.006430997258090418,0.006403117212173841,0.0071651718005602775,0.006087143358452635,0.005743289458814853,0.006068556661174918,0.007899346343030137,0.010743111026520988,0.009163241757914959
48429,0.0004089073401097954,0.0004089073401097954,0.00042749403738751333,0.0004182006887486544,0.0004646674319429493,0.0004832541292206673,0.0005204275237761033,0.0006598277533589879,0.0009758016070801935,0.0013196555067179758,0.0016728027549946175,0.002044536700548977,0.0026393110134359517,0.002778711243018837,0.0034199522991001066,0.004172713538847685,0.004693141062623788,0.004711727759901506,0.004535154135763185,0.003875326382404197,0.003958966520153927,0.0038939130796819153,0.0038195662905710433,0.00384744633648762,0.003726632804182453,0.003800979593293325,0.004135540144292248,0.004024019960625941,0.003800979593293325,0.003968259868792787,0.004563034181679762,0.00412624679565339,0.004107660098375671,0.005269328678233045,0.006022089917980623,0.005102048402733583,0.00705365161689397,0.007769239462086111,0.009730136024885358,0.00952568235483046,0.009079601620165228,0.010455017218716358,0.007574079140670074,0.0073417454246985986,0.006570397487673303,0.006161490147563507,0.006737677763172765,0.0076763059756975215,0.006430997258090418,0.006403117212173841,0.0071651718005602775,0.006087143358452635,0.005743289458814853,0.006068556661174918,0.007899346343030137,0.010743111026520988,0.009163241757914959
48431,0.0004089073401097954,0.0004089073401097954,0.00042749403738751333,0.0004182006887486544,0.0004646674319429493,0.0004832541292206673,0.0005204275237761033,0.0006598277533589879,0.0009758016070801935,0.0013196555067179758,0.0016728027549946175,0.002044536700548977,0.0026393110134359517,0.002778711243018837,0.0034199522991001066,0.004172713538847685,0.004693141062623788,0.004711727759901506,0.004535154135763185,0.003875326382404197,0.003958966520153927,0.0038939130796819153,0.0038195662905710433,0.00384744633648762,0.003726632804182453,0.003800979593293325,0.004135540144292248,0.004024019960625941,0.003800979593293325,0.003968259868792787,0.004563034181679762,0.00412624679565339,0.004107660098375671,0.005269328678233045,0.006022089917980623,0.005102048402733583,0.00705365161689397,0.007769239462086111,0.009730136024885358,0.00952568235483046,0.009079601620165228,0.010455017218716358,0.007574079140670074,0.0073417454246985986,0.006570397487673303,0.006161490147563507,0.006737677763172765,0.0076763059756975215,0.006430997258090418,0.006403117212173841,0.0071651718005602775,0.006087143358452635,0.005743289458814853,0.006068556661174918,0.007899346343030137,0.010743111026520988,0.009163241757914959
48433,0.0004089073401097954,0.0004089073401097954,0.00042749403738751333,0.0004182006887486544,0.0004646674319429493,0.0004832541292206673,0.0005204275237761033,0.0006598277533589879,0.0009758016070801935,0.0013196555067179758,0.0016728027549946175,0.002044536700548977,0.0026393110134359517,0.002778711243018837,0.0034199522991001066,0.004172713538847685,0.004693141062623788,0.004711727759901506,0.004535154135763185,0.003875326382404197,0.003958966520153927,0.0038939130796819153,0.0038195662905710433,0.00384744633648762,0.003726632804182453,0.003800979593293325,0.004135540144292248,0.004024019960625941,0.003800979593293325,0.003968259868792787,0.004563034181679762,0.00412624679565339,0.004107660098375671,0.005269328678233045,0.006022089917980623,0.005102048402733583,0.00705365161689397,0.007769239462086111,0.009730136024885358,0.00952568235483046,0.009079601620165228,0.010455017218716358,0.007574079140670074,0.0073417454246985986,0.006570397487673303,0.006161490147563507,0.006737677763172765,0.0076763059756975215,0.006430997258090418,0.006403117212173841,0.0071651718005602775,0.006087143358452635,0.005743289458814853,0.006068556661174918,0.007899346343030137,0.010743111026520988,0.009163241757914959
48435,0.0004089073401097954,0.0004089073401097954,0.00042749403738751333,0.0004182006887486544,0.0004646674319429493,0.0004832541292206673,0.0005204275237761033,0.0006598277533589879,0.0009758016070801935,0.0013196555067179758,0.0016728027549946175,0.002044536700548977,0.0026393110134359517,0.002778711243018837,0.0034199522991001066,0.004172713538847685,0.004693141062623788,0.004711727759901506,0.004535154135763185,0.003875326382404197,0.003958966520153927,0.0038939130796819153,0.0038195662905710433,0.00384744633648762,0.003726632804182453,0.003800979593293325,0.004135540144292248,0.004024019960625941,0.003800979593293325,0.003968259868792787,0.004563034181679762,0.00412624679565339,0.004107660098375671,0.005269328678233045,0.006022089917980623,0.005102048402733583,0.00705365161689397,0.007769239462086111,0.009730136024885358,0.00952568235483046,0.009079601620165228,0.010455017218716358,0.007574079140670074,0.0073417454246985986,0.006570397487673303,0.006161490147563507,0.006737677763172765,0.0076763059756975215,0.006430997258090418,0.006403117212173841,0.0071651718005602775,0.006087143358452635,0.005743289458814853,0.006068556661174918,0.007899346343030137,0.010743111026520988,0.009163241757914959
48437,0.0004089073401097954,0.0004089073401097954,0.00042749403738751333,0.0004182006887486544,0.0004646674319429493,0.0004832541292206673,0.0005204275237761033,0.0006598277533589879,0.0009758016070801935,0.0013196555067179758,0.0016728027549946175,0.002044536700548977,0.0026393110134359517,0.002778711243018837,0.0034199522991001066,0.004172713538847685,0.004693141062623788,0.004711727759901506,0.004535154135763185,0.003875326382404197,0.003958966520153927,0.0038939130796819153,0.0038195662905710433,0.00384744633648762,0.003726632804182453,0.003800979593293325,0.004135540144292248,0.004024019960625941,0.003800979593293325,0.003968259868792787,0.004563034181679762,0.00412624679565339,0.004107660098375671,0.005269328678233045,0.006022089917980623,0.005102048402733583,0.00705365161689397,0.007769239462086111,0.009730136024885358,0.00952568235483046,0.009079601620165228,0.010455017218716358,0.007574079140670074,0.0073417454246985986,0.006570397487673303,0.006161490147563507,0.006737677763172765,0.0076763059756975215,0.006430997258090418,0.006403117212173841,0.0071651718005602775,0.006087143358452635,0.005743289458814853,0.006068556661174918,0.007899346343030137,0.010743111026520988,0.009163241757914959
48439,0.0004089073401097954,0.0004089073401097954,0.00042749403738751333,0.0004182006887486544,0.0004646674319429493,0.0004832541292206673,0.0005204275237761033,0.0006598277533589879,0.0009758016070801935,0.0013196555067179758,0.0016728027549946175,0.002044536700548977,0.0026393110134359517,0.002778711243018837,0.0034199522991001066,0.004172713538847685,0.004693141062623788,0.004711727759901506,0.004535154135763185,0.003875326382404197,0.003958966520153927,0.0038939130796819153,0.0038195662905710433,0.00384744633648762,0.003726632804182453,0.003800979593293325,0.004135540144292248,0.004024019960625941,0.003800979593293325,0.003968259868792787,0.004563034181679762,0.00412624679565339,0.004107660098375671,0.005269328678233045,0.006022089917980623,0.005102048402733583,0.00705365161689397,0.007769239462086111,0.009730136024885358,0.00952568235483046,0.009079601620165228,0.010455017218716358,0.007574079140670074,0.0073417454246985986,0.006570397487673303,0.006161490147563507,0.006737677763172765,0.0076763059756975215,0.006430997258090418,0.006403117212173841,0.0071651718005602775,0.006087143358452635,0.005743289458814853,0.006068556661174918,0.007899346343030137,0.010743111026520988,0.009163241757914959
48441,0.0004089073401097954,0.0004089073401097954,0.00042749403738751333,0.0004182006887486544,0.0004646674319429493,0.0004832541292206673,0.0005204275237761033,0.0006598277533589879,0.0009758016070801935,0.0013196555067179758,0.0016728027549946175,0.002044536700548977,0.0026393110134359517,0.002778711243018837,0.0034199522991001066,0.004172713538847685,0.004693141062623788,0.004711727759901506,0.004535154135763185,0.003875326382404197,0.003958966520153927,0.0038939130796819153,0.0038195662905710433,0.00384744633648762,0.003726632804182453,0.003800979593293325,0.004135540144292248,0.004024019960625941,0.003800979593293325,0.003968259868792787,0.004563034181679762,0.00412624679565339,0.004107660098375671,0.005269328678233045,0.006022089917980623,0.005102048402733583,0.00705365161689397,0.007769239462086111,0.009730136024885358,0.00952568235483046,0.009079601620165228,0.010455017218716358,0.007574079140670074,0.0073417454246985986,0.006570397487673303,0.006161490147563507,0.006737677763172765,0.0076763059756975215,0.006430997258090418,0.006403117212173841,0.0071651718005602775,0.006087143358452635,0.005743289458814853,0.006068556661174918,0.007899346343030137,0.010743111026520988,0.009163241757914959
48443,0.0004089073401097954,0.0004089073401097954,0.00042749403738751333,0.0004182006887486544,0.0004646674319429493,0.0004832541292206673,0.0005204275237761033,0.0006598277533589879,0.0009758016070801935,0.0013196555067179758,0.0016728027549946175,0.002044536700548977,0.0026393110134359517,0.002778711243018837,0.0034199522991001066,0.004172713538847685,0.004693141062623788,0.004711727759901506,0.004535154135763185,0.003875326382404197,0.003958966520153927,0.0038939130796819153,0.0038195662905710433,0.00384744633648762,0.003726632804182453,0.003800979593293325,0.004135540144292248,0.004024019960625941,0.003800979593293325,0.003968259868792787,0.004563034181679762,0.00412624679565339,0.004107660098375671,0.005269328678233045,0.006022089917980623,0.005102048402733583,0.00705365161689397,0.007769239462086111,0.009730136024885358,0.00952568235483046,0.009079601620165228,0.010455017218716358,0.007574079140670074,0.0073417454246985986,0.006570397487673303,0.006161490147563507,0.006737677763172765,0.0076763059756975215,0.006430997258090418,0.006403117212173841,0.0071651718005602775,0.006087143358452635,0.005743289458814853,0.006068556661174918,0.007899346343030137,0.010743111026520988,0.009163241757914959
48445,0.0004089073401097954,0.0004089073401097954,0.00042749403738751333,0.0004182006887486544,0.0004646674319429493,0.0004832541292206673,0.0005204275237761033,0.0006598277533589879,0.0009758016070801935,0.0013196555067179758,0.0016728027549946175,0.002044536700548977,0.0026393110134359517,0.002778711243018837,0.0034199522991001066,0.004172713538847685,0.004693141062623788,0.004711727759901506,0.004535154135763185,0.003875326382404197,0.003958966520153927,0.0038939130796819153,0.0038195662905710433,0.00384744633648762,0.003726632804182453,0.003800979593293325,0.004135540144292248,0.004024019960625941,0.003800979593293325,0.003968259868792787,0.004563034181679762,0.00412624679565339,0.004107660098375671,0.005269328678233045,0.006022089917980623,0.005102048402733583,0.00705365161689397,0.007769239462086111,0.009730136024885358,0.00952568235483046,0.009079601620165228,0.010455017218716358,0.007574079140670074,0.0073417454246985986,0.006570397487673303,0.006161490147563507,0.006737677763172765,0.0076763059756975215,0.006430997258090418,0.006403117212173841,0.0071651718005602775,0.006087143358452635,0.005743289458814853,0.006068556661174918,0.007899346343030137,0.010743111026520988,0.009163241757914959
48447,0.0004089073401097954,0.0004089073401097954,0.00042749403738751333,0.0004182006887486544,0.0004646674319429493,0.0004832541292206673,0.0005204275237761033,0.0006598277533589879,0.0009758016070801935,0.0013196555067179758,0.0016728027549946175,0.002044536700548977,0.0026393110134359517,0.002778711243018837,0.0034199522991001066,0.004172713538847685,0.004693141062623788,0.004711727759901506,0.004535154135763185,0.003875326382404197,0.003958966520153927,0.0038939130796819153,0.0038195662905710433,0.00384744633648762,0.003726632804182453,0.003800979593293325,0.004135540144292248,0.004024019960625941,0.003800979593293325,0.003968259868792787,0.004563034181679762,0.00412624679565339,0.004107660098375671,0.005269328678233045,0.006022089917980623,0.005102048402733583,0.00705365161689397,0.007769239462086111,0.009730136024885358,0.00952568235483046,0.009079601620165228,0.010455017218716358,0.007574079140670074,0.0073417454246985986,0.006570397487673303,0.006161490147563507,0.006737677763172765,0.0076763059756975215,0.006430997258090418,0.006403117212173841,0.0071651718005602775,0.006087143358452635,0.005743289458814853,0.006068556661174918,0.007899346343030137,0.010743111026520988,0.009163241757914959
48449,0.0004089073401097954,0.0004089073401097954,0.00042749403738751333,0.0004182006887486544,0.0004646674319429493,0.0004832541292206673,0.0005204275237761033,0.0006598277533589879,0.0009758016070801935,0.0013196555067179758,0.0016728027549946175,0.002044536700548977,0.0026393110134359517,0.002778711243018837,0.0034199522991001066,0.004172713538847685,0.004693141062623788,0.004711727759901506,0.004535154135763185,0.003875326382404197,0.003958966520153927,0.0038939130796819153,0.0038195662905710433,0.00384744633648762,0.003726632804182453,0.003800979593293325,0.004135540144292248,0.004024019960625941,0.003800979593293325,0.003968259868792787,0.004563034181679762,0.00412624679565339,0.004107660098375671,0.005269328678233045,0.006022089917980623,0.005102048402733583,0.00705365161689397,0.007769239462086111,0.009730136024885358,0.00952568235483046,0.009079601620165228,0.010455017218716358,0.007574079140670074,0.0073417454246985986,0.006570397487673303,0.006161490147563507,0.006737677763172765,0.0076763059756975215,0.006430997258090418,0.006403117212173841,0.0071651718005602775,0.006087143358452635,0.005743289458814853,0.006068556661174918,0.007899346343030137,0.010743111026520988,0.009163241757914959
48451,0.0004089073401097954,0.0004089073401097954,0.00042749403738751333,0.0004182006887486544,0.0004646674319429493,0.0004832541292206673,0.0005204275237761033,0.0006598277533589879,0.0009758016070801935,0.0013196555067179758,0.0016728027549946175,0.002044536700548977,0.0026393110134359517,0.002778711243018837,0.0034199522991001066,0.004172713538847685,0.004693141062623788,0.004711727759901506,0.004535154135763185,0.003875326382404197,0.003958966520153927,0.0038939130796819153,0.0038195662905710433,0.00384744633648762,0.003726632804182453,0.003800979593293325,0.004135540144292248,0.004024019960625941,0.003800979593293325,0.003968259868792787,0.004563034181679762,0.00412624679565339,0.004107660098375671,0.005269328678233045,0.006022089917980623,0.005102048402733583,0.00705365161689397,0.007769239462086111,0.009730136024885358,0.00952568235483046,0.009079601620165228,0.010455017218716358,0.007574079140670074,0.0073417454246985986,0.006570397487673303,0.006161490147563507,0.006737677763172765,0.0076763059756975215,0.006430997258090418,0.006403117212173841,0.0071651718005602775,0.006087143358452635,0.005743289458814853,0.006068556661174918,0.007899346343030137,0.010743111026520988,0.009163241757914959
48453,0.0004089073401097954,0.0004089073401097954,0.00042749403738751333,0.0004182006887486544,0.0004646674319429493,0.0004832541292206673,0.0005204275237761033,0.0006598277533589879,0.0009758016070801935,0.0013196555067179758,0.0016728027549946175,0.002044536700548977,0.0026393110134359517,0.002778711243018837,0.0034199522991001066,0.004172713538847685,0.004693141062623788,0.004711727759901506,0.004535154135763185,0.003875326382404197,0.003958966520153927,0.0038939130796819153,0.0038195662905710433,0.00384744633648762,0.003726632804182453,0.003800979593293325,0.004135540144292248,0.004024019960625941,0.003800979593293325,0.003968259868792787,0.004563034181679762,0.00412624679565339,0.004107660098375671,0.005269328678233045,0.006022089917980623,0.005102048402733583,0.00705365161689397,0.007769239462086111,0.009730136024885358,0.00952568235483046,0.009079601620165228,0.010455017218716358,0.007574079140670074,0.0073417454246985986,0.006570397487673303,0.006161490147563507,0.006737677763172765,0.0076763059756975215,0.006430997258090418,0.006403117212173841,0.0071651718005602775,0.006087143358452635,0.005743289458814853,0.006068556661174918,0.007899346343030137,0.010743111026520988,0.009163241757914959
48455,0.0004089073401097954,0.0004089073401097954,0.00042749403738751333,0.0004182006887486544,0.0004646674319429493,0.0004832541292206673,0.0005204275237761033,0.0006598277533589879,0.0009758016070801935,0.0013196555067179758,0.0016728027549946175,0.002044536700548977,0.0026393110134359517,0.002778711243018837,0.0034199522991001066,0.004172713538847685,0.004693141062623788,0.004711727759901506,0.004535154135763185,0.003875326382404197,0.003958966520153927,0.0038939130796819153,0.0038195662905710433,0.00384744633648762,0.003726632804182453,0.003800979593293325,0.004135540144292248,0.004024019960625941,0.003800979593293325,0.003968259868792787,0.004563034181679762,0.00412624679565339,0.004107660098375671,0.005269328678233045,0.006022089917980623,0.005102048402733583,0.00705365161689397,0.007769239462086111,0.009730136024885358,0.00952568235483046,0.009079601620165228,0.010455017218716358,0.007574079140670074,0.0073417454246985986,0.006570397487673303,0.006161490147563507,0.006737677763172765,0.0076763059756975215,0.006430997258090418,0.006403117212173841,0.0071651718005602775,0.006087143358452635,0.005743289458814853,0.006068556661174918,0.007899346343030137,0.010743111026520988,0.009163241757914959
48457,0.0004089073401097954,0.0004089073401097954,0.00042749403738751333,0.0004182006887486544,0.0004646674319429493,0.0004832541292206673,0.0005204275237761033,0.0006598277533589879,0.0009758016070801935,0.0013196555067179758,0.0016728027549946175,0.002044536700548977,0.0026393110134359517,0.002778711243018837,0.0034199522991001066,0.004172713538847685,0.004693141062623788,0.004711727759901506,0.004535154135763185,0.003875326382404197,0.003958966520153927,0.0038939130796819153,0.0038195662905710433,0.00384744633648762,0.003726632804182453,0.003800979593293325,0.004135540144292248,0.004024019960625941,0.003800979593293325,0.003968259868792787,0.004563034181679762,0.00412624679565339,0.004107660098375671,0.005269328678233045,0.006022089917980623,0.005102048402733583,0.00705365161689397,0.007769239462086111,0.009730136024885358,0.00952568235483046,0.009079601620165228,0.010455017218716358,0.007574079140670074,0.0073417454246985986,0.006570397487673303,0.006161490147563507,0.006737677763172765,0.0076763059756975215,0.006430997258090418,0.006403117212173841,0.0071651718005602775,0.006087143358452635,0.005743289458814853,0.006068556661174918,0.007899346343030137,0.010743111026520988,0.009163241757914959
48459,0.0004089073401097954,0.0004089073401097954,0.00042749403738751333,0.0004182006887486544,0.0004646674319429493,0.0004832541292206673,0.0005204275237761033,0.0006598277533589879,0.0009758016070801935,0.0013196555067179758,0.0016728027549946175,0.002044536700548977,0.0026393110134359517,0.002778711243018837,0.0034199522991001066,0.004172713538847685,0.004693141062623788,0.004711727759901506,0.004535154135763185,0.003875326382404197,0.003958966520153927,0.0038939130796819153,0.0038195662905710433,0.00384744633648762,0.003726632804182453,0.003800979593293325,0.004135540144292248,0.004024019960625941,0.003800979593293325,0.003968259868792787,0.004563034181679762,0.00412624679565339,0.004107660098375671,0.005269328678233045,0.006022089917980623,0.005102048402733583,0.00705365161689397,0.007769239462086111,0.009730136024885358,0.00952568235483046,0.009079601620165228,0.010455017218716358,0.007574079140670074,0.0073417454246985986,0.006570397487673303,0.006161490147563507,0.006737677763172765,0.0076763059756975215,0.006430997258090418,0.006403117212173841,0.0071651718005602775,0.006087143358452635,0.005743289458814853,0.006068556661174918,0.007899346343030137,0.010743111026520988,0.009163241757914959
48461,0.0004089073401097954,0.0004089073401097954,0.00042749403738751333,0.0004182006887486544,0.0004646674319429493,0.0004832541292206673,0.0005204275237761033,0.0006598277533589879,0.0009758016070801935,0.0013196555067179758,0.0016728027549946175,0.002044536700548977,0.0026393110134359517,0.002778711243018837,0.0034199522991001066,0.004172713538847685,0.004693141062623788,0.004711727759901506,0.004535154135763185,0.003875326382404197,0.003958966520153927,0.0038939130796819153,0.0038195662905710433,0.00384744633648762,0.003726632804182453,0.003800979593293325,0.004135540144292248,0.004024019960625941,0.003800979593293325,0.003968259868792787,0.004563034181679762,0.00412624679565339,0.004107660098375671,0.005269328678233045,0.006022089917980623,0.005102048402733583,0.00705365161689397,0.007769239462086111,0.009730136024885358,0.00952568235483046,0.009079601620165228,0.010455017218716358,0.007574079140670074,0.0073417454246985986,0.006570397487673303,0.006161490147563507,0.006737677763172765,0.0076763059756975215,0.006430997258090418,0.006403117212173841,0.0071651718005602775,0.006087143358452635,0.005743289458814853,0.006068556661174918,0.007899346343030137,0.010743111026520988,0.009163241757914959
48463,0.0004089073401097954,0.0004089073401097954,0.00042749403738751333,0.0004182006887486544,0.0004646674319429493,0.0004832541292206673,0.0005204275237761033,0.0006598277533589879,0.0009758016070801935,0.0013196555067179758,0.0016728027549946175,0.002044536700548977,0.0026393110134359517,0.002778711243018837,0.0034199522991001066,0.004172713538847685,0.004693141062623788,0.004711727759901506,0.004535154135763185,0.003875326382404197,0.003958966520153927,0.0038939130796819153,0.0038195662905710433,0.00384744633648762,0.003726632804182453,0.003800979593293325,0.004135540144292248,0.004024019960625941,0.003800979593293325,0.003968259868792787,0.004563034181679762,0.00412624679565339,0.004107660098375671,0.005269328678233045,0.006022089917980623,0.005102048402733583,0.00705365161689397,0.007769239462086111,0.009730136024885358,0.00952568235483046,0.009079601620165228,0.010455017218716358,0.007574079140670074,0.0073417454246985986,0.006570397487673303,0.006161490147563507,0.006737677763172765,0.0076763059756975215,0.006430997258090418,0.006403117212173841,0.0071651718005602775,0.006087143358452635,0.005743289458814853,0.006068556661174918,0.007899346343030137,0.010743111026520988,0.009163241757914959
48465,0.0004089073401097954,0.0004089073401097954,0.00042749403738751333,0.0004182006887486544,0.0004646674319429493,0.0004832541292206673,0.0005204275237761033,0.0006598277533589879,0.0009758016070801935,0.0013196555067179758,0.0016728027549946175,0.002044536700548977,0.0026393110134359517,0.002778711243018837,0.0034199522991001066,0.004172713538847685,0.004693141062623788,0.004711727759901506,0.004535154135763185,0.003875326382404197,0.003958966520153927,0.0038939130796819153,0.0038195662905710433,0.00384744633648762,0.003726632804182453,0.003800979593293325,0.004135540144292248,0.004024019960625941,0.003800979593293325,0.003968259868792787,0.004563034181679762,0.00412624679565339,0.004107660098375671,0.005269328678233045,0.006022089917980623,0.005102048402733583,0.00705365161689397,0.007769239462086111,0.009730136024885358,0.00952568235483046,0.009079601620165228,0.010455017218716358,0.007574079140670074,0.0073417454246985986,0.006570397487673303,0.006161490147563507,0.006737677763172765,0.0076763059756975215,0.006430997258090418,0.006403117212173841,0.0071651718005602775,0.006087143358452635,0.005743289458814853,0.006068556661174918,0.007899346343030137,0.010743111026520988,0.009163241757914959
48467,0.0004089073401097954,0.0004089073401097954,0.00042749403738751333,0.0004182006887486544,0.0004646674319429493,0.0004832541292206673,0.0005204275237761033,0.0006598277533589879,0.0009758016070801935,0.0013196555067179758,0.0016728027549946175,0.002044536700548977,0.0026393110134359517,0.002778711243018837,0.0034199522991001066,0.004172713538847685,0.004693141062623788,0.004711727759901506,0.004535154135763185,0.003875326382404197,0.003958966520153927,0.0038939130796819153,0.0038195662905710433,0.00384744633648762,0.003726632804182453,0.003800979593293325,0.004135540144292248,0.004024019960625941,0.003800979593293325,0.003968259868792787,0.004563034181679762,0.00412624679565339,0.004107660098375671,0.005269328678233045,0.006022089917980623,0.005102048402733583,0.00705365161689397,0.007769239462086111,0.009730136024885358,0.00952568235483046,0.009079601620165228,0.010455017218716358,0.007574079140670074,0.0073417454246985986,0.006570397487673303,0.006161490147563507,0.006737677763172765,0.0076763059756975215,0.006430997258090418,0.006403117212173841,0.0071651718005602775,0.006087143358452635,0.005743289458814853,0.006068556661174918,0.007899346343030137,0.010743111026520988,0.009163241757914959
48469,0.0004089073401097954,0.0004089073401097954,0.00042749403738751333,0.0004182006887486544,0.0004646674319429493,0.0004832541292206673,0.0005204275237761033,0.0006598277533589879,0.0009758016070801935,0.0013196555067179758,0.0016728027549946175,0.002044536700548977,0.0026393110134359517,0.002778711243018837,0.0034199522991001066,0.004172713538847685,0.004693141062623788,0.004711727759901506,0.004535154135763185,0.003875326382404197,0.003958966520153927,0.0038939130796819153,0.0038195662905710433,0.00384744633648762,0.003726632804182453,0.003800979593293325,0.004135540144292248,0.004024019960625941,0.003800979593293325,0.003968259868792787,0.004563034181679762,0.00412624679565339,0.004107660098375671,0.005269328678233045,0.006022089917980623,0.005102048402733583,0.00705365161689397,0.007769239462086111,0.009730136024885358,0.00952568235483046,0.009079601620165228,0.010455017218716358,0.007574079140670074,0.0073417454246985986,0.006570397487673303,0.006161490147563507,0.006737677763172765,0.0076763059756975215,0.006430997258090418,0.006403117212173841,0.0071651718005602775,0.006087143358452635,0.005743289458814853,0.006068556661174918,0.007899346343030137,0.010743111026520988,0.009163241757914959
48471,0.0004089073401097954,0.0004089073401097954,0.00042749403738751333,0.0004182006887486544,0.0004646674319429493,0.0004832541292206673,0.0005204275237761033,0.0006598277533589879,0.0009758016070801935,0.0013196555067179758,0.0016728027549946175,0.002044536700548977,0.0026393110134359517,0.002778711243018837,0.0034199522991001066,0.004172713538847685,0.004693141062623788,0.004711727759901506,0.004535154135763185,0.003875326382404197,0.003958966520153927,0.0038939130796819153,0.0038195662905710433,0.00384744633648762,0.003726632804182453,0.003800979593293325,0.004135540144292248,0.004024019960625941,0.003800979593293325,0.003968259868792787,0.004563034181679762,0.00412624679565339,0.004107660098375671,0.005269328678233045,0.006022089917980623,0.005102048402733583,0.00705365161689397,0.007769239462086111,0.009730136024885358,0.00952568235483046,0.009079601620165228,0.010455017218716358,0.007574079140670074,0.0073417454246985986,0.006570397487673303,0.006161490147563507,0.006737677763172765,0.0076763059756975215,0.006430997258090418,0.006403117212173841,0.0071651718005602775,0.006087143358452635,0.005743289458814853,0.006068556661174918,0.007899346343030137,0.010743111026520988,0.009163241757914959
48473,0.0004089073401097954,0.0004089073401097954,0.00042749403738751333,0.0004182006887486544,0.0004646674319429493,0.0004832541292206673,0.0005204275237761033,0.0006598277533589879,0.0009758016070801935,0.0013196555067179758,0.0016728027549946175,0.002044536700548977,0.0026393110134359517,0.002778711243018837,0.0034199522991001066,0.004172713538847685,0.004693141062623788,0.004711727759901506,0.004535154135763185,0.003875326382404197,0.003958966520153927,0.0038939130796819153,0.0038195662905710433,0.00384744633648762,0.003726632804182453,0.003800979593293325,0.004135540144292248,0.004024019960625941,0.003800979593293325,0.003968259868792787,0.004563034181679762,0.00412624679565339,0.004107660098375671,0.005269328678233045,0.006022089917980623,0.005102048402733583,0.00705365161689397,0.007769239462086111,0.009730136024885358,0.00952568235483046,0.009079601620165228,0.010455017218716358,0.007574079140670074,0.0073417454246985986,0.006570397487673303,0.006161490147563507,0.006737677763172765,0.0076763059756975215,0.006430997258090418,0.006403117212173841,0.0071651718005602775,0.006087143358452635,0.005743289458814853,0.006068556661174918,0.007899346343030137,0.010743111026520988,0.009163241757914959
48475,0.0004089073401097954,0.0004089073401097954,0.00042749403738751333,0.0004182006887486544,0.0004646674319429493,0.0004832541292206673,0.0005204275237761033,0.0006598277533589879,0.0009758016070801935,0.0013196555067179758,0.0016728027549946175,0.002044536700548977,0.0026393110134359517,0.002778711243018837,0.0034199522991001066,0.004172713538847685,0.004693141062623788,0.004711727759901506,0.004535154135763185,0.003875326382404197,0.003958966520153927,0.0038939130796819153,0.0038195662905710433,0.00384744633648762,0.003726632804182453,0.003800979593293325,0.004135540144292248,0.004024019960625941,0.003800979593293325,0.003968259868792787,0.004563034181679762,0.00412624679565339,0.004107660098375671,0.005269328678233045,0.006022089917980623,0.005102048402733583,0.00705365161689397,0.007769239462086111,0.009730136024885358,0.00952568235483046,0.009079601620165228,0.010455017218716358,0.007574079140670074,0.0073417454246985986,0.006570397487673303,0.006161490147563507,0.006737677763172765,0.0076763059756975215,0.006430997258090418,0.006403117212173841,0.0071651718005602775,0.006087143358452635,0.005743289458814853,0.006068556661174918,0.007899346343030137,0.010743111026520988,0.009163241757914959
48477,0.0004089073401097954,0.0004089073401097954,0.00042749403738751333,0.0004182006887486544,0.0004646674319429493,0.0004832541292206673,0.0005204275237761033,0.0006598277533589879,0.0009758016070801935,0.0013196555067179758,0.0016728027549946175,0.002044536700548977,0.0026393110134359517,0.002778711243018837,0.0034199522991001066,0.004172713538847685,0.004693141062623788,0.004711727759901506,0.004535154135763185,0.003875326382404197,0.003958966520153927,0.0038939130796819153,0.0038195662905710433,0.00384744633648762,0.003726632804182453,0.003800979593293325,0.004135540144292248,0.004024019960625941,0.003800979593293325,0.003968259868792787,0.004563034181679762,0.00412624679565339,0.004107660098375671,0.005269328678233045,0.006022089917980623,0.005102048402733583,0.00705365161689397,0.007769239462086111,0.009730136024885358,0.00952568235483046,0.009079601620165228,0.010455017218716358,0.007574079140670074,0.0073417454246985986,0.006570397487673303,0.006161490147563507,0.006737677763172765,0.0076763059756975215,0.006430997258090418,0.006403117212173841,0.0071651718005602775,0.006087143358452635,0.005743289458814853,0.006068556661174918,0.007899346343030137,0.010743111026520988,0.009163241757914959
48479,0.0004089073401097954,0.0004089073401097954,0.00042749403738751333,0.0004182006887486544,0.0004646674319429493,0.0004832541292206673,0.0005204275237761033,0.0006598277533589879,0.0009758016070801935,0.0013196555067179758,0.0016728027549946175,0.002044536700548977,0.0026393110134359517,0.002778711243018837,0.0034199522991001066,0.004172713538847685,0.004693141062623788,0.004711727759901506,0.004535154135763185,0.003875326382404197,0.003958966520153927,0.0038939130796819153,0.0038195662905710433,0.00384744633648762,0.003726632804182453,0.003800979593293325,0.004135540144292248,0.004024019960625941,0.003800979593293325,0.003968259868792787,0.004563034181679762,0.00412624679565339,0.004107660098375671,0.005269328678233045,0.006022089917980623,0.005102048402733583,0.00705365161689397,0.007769239462086111,0.009730136024885358,0.00952568235483046,0.009079601620165228,0.010455017218716358,0.007574079140670074,0.0073417454246985986,0.006570397487673303,0.006161490147563507,0.006737677763172765,0.0076763059756975215,0.006430997258090418,0.006403117212173841,0.0071651718005602775,0.006087143358452635,0.005743289458814853,0.006068556661174918,0.007899346343030137,0.010743111026520988,0.009163241757914959
48481,0.0004089073401097954,0.0004089073401097954,0.00042749403738751333,0.0004182006887486544,0.0004646674319429493,0.0004832541292206673,0.0005204275237761033,0.0006598277533589879,0.0009758016070801935,0.0013196555067179758,0.0016728027549946175,0.002044536700548977,0.0026393110134359517,0.002778711243018837,0.0034199522991001066,0.004172713538847685,0.004693141062623788,0.004711727759901506,0.004535154135763185,0.003875326382404197,0.003958966520153927,0.0038939130796819153,0.0038195662905710433,0.00384744633648762,0.003726632804182453,0.003800979593293325,0.004135540144292248,0.004024019960625941,0.003800979593293325,0.003968259868792787,0.004563034181679762,0.00412624679565339,0.004107660098375671,0.005269328678233045,0.006022089917980623,0.005102048402733583,0.00705365161689397,0.007769239462086111,0.009730136024885358,0.00952568235483046,0.009079601620165228,0.010455017218716358,0.007574079140670074,0.0073417454246985986,0.006570397487673303,0.006161490147563507,0.006737677763172765,0.0076763059756975215,0.006430997258090418,0.006403117212173841,0.0071651718005602775,0.006087143358452635,0.005743289458814853,0.006068556661174918,0.007899346343030137,0.010743111026520988,0.009163241757914959
48483,0.0004089073401097954,0.0004089073401097954,0.00042749403738751333,0.0004182006887486544,0.0004646674319429493,0.0004832541292206673,0.0005204275237761033,0.0006598277533589879,0.0009758016070801935,0.0013196555067179758,0.0016728027549946175,0.002044536700548977,0.0026393110134359517,0.002778711243018837,0.0034199522991001066,0.004172713538847685,0.004693141062623788,0.004711727759901506,0.004535154135763185,0.003875326382404197,0.003958966520153927,0.0038939130796819153,0.0038195662905710433,0.00384744633648762,0.003726632804182453,0.003800979593293325,0.004135540144292248,0.004024019960625941,0.003800979593293325,0.003968259868792787,0.004563034181679762,0.00412624679565339,0.004107660098375671,0.005269328678233045,0.006022089917980623,0.005102048402733583,0.00705365161689397,0.007769239462086111,0.009730136024885358,0.00952568235483046,0.009079601620165228,0.010455017218716358,0.007574079140670074,0.0073417454246985986,0.006570397487673303,0.006161490147563507,0.006737677763172765,0.0076763059756975215,0.006430997258090418,0.006403117212173841,0.0071651718005602775,0.006087143358452635,0.005743289458814853,0.006068556661174918,0.007899346343030137,0.010743111026520988,0.009163241757914959
48485,0.0004089073401097954,0.0004089073401097954,0.00042749403738751333,0.0004182006887486544,0.0004646674319429493,0.0004832541292206673,0.0005204275237761033,0.0006598277533589879,0.0009758016070801935,0.0013196555067179758,0.0016728027549946175,0.002044536700548977,0.0026393110134359517,0.002778711243018837,0.0034199522991001066,0.004172713538847685,0.004693141062623788,0.004711727759901506,0.004535154135763185,0.003875326382404197,0.003958966520153927,0.0038939130796819153,0.0038195662905710433,0.00384744633648762,0.003726632804182453,0.003800979593293325,0.004135540144292248,0.004024019960625941,0.003800979593293325,0.003968259868792787,0.004563034181679762,0.00412624679565339,0.004107660098375671,0.005269328678233045,0.006022089917980623,0.005102048402733583,0.00705365161689397,0.007769239462086111,0.009730136024885358,0.00952568235483046,0.009079601620165228,0.010455017218716358,0.007574079140670074,0.0073417454246985986,0.006570397487673303,0.006161490147563507,0.006737677763172765,0.0076763059756975215,0.006430997258090418,0.006403117212173841,0.0071651718005602775,0.006087143358452635,0.005743289458814853,0.006068556661174918,0.007899346343030137,0.010743111026520988,0.009163241757914959
48487,0.0004089073401097954,0.0004089073401097954,0.00042749403738751333,0.0004182006887486544,0.0004646674319429493,0.0004832541292206673,0.0005204275237761033,0.0006598277533589879,0.0009758016070801935,0.0013196555067179758,0.0016728027549946175,0.002044536700548977,0.0026393110134359517,0.002778711243018837,0.0034199522991001066,0.004172713538847685,0.004693141062623788,0.004711727759901506,0.004535154135763185,0.003875326382404197,0.003958966520153927,0.0038939130796819153,0.0038195662905710433,0.00384744633648762,0.003726632804182453,0.003800979593293325,0.004135540144292248,0.004024019960625941,0.003800979593293325,0.003968259868792787,0.004563034181679762,0.00412624679565339,0.004107660098375671,0.005269328678233045,0.006022089917980623,0.005102048402733583,0.00705365161689397,0.007769239462086111,0.009730136024885358,0.00952568235483046,0.009079601620165228,0.010455017218716358,0.007574079140670074,0.0073417454246985986,0.006570397487673303,0.006161490147563507,0.006737677763172765,0.0076763059756975215,0.006430997258090418,0.006403117212173841,0.0071651718005602775,0.006087143358452635,0.005743289458814853,0.006068556661174918,0.007899346343030137,0.010743111026520988,0.009163241757914959
48489,0.0004089073401097954,0.0004089073401097954,0.00042749403738751333,0.0004182006887486544,0.0004646674319429493,0.0004832541292206673,0.0005204275237761033,0.0006598277533589879,0.0009758016070801935,0.0013196555067179758,0.0016728027549946175,0.002044536700548977,0.0026393110134359517,0.002778711243018837,0.0034199522991001066,0.004172713538847685,0.004693141062623788,0.004711727759901506,0.004535154135763185,0.003875326382404197,0.003958966520153927,0.0038939130796819153,0.0038195662905710433,0.00384744633648762,0.003726632804182453,0.003800979593293325,0.004135540144292248,0.004024019960625941,0.003800979593293325,0.003968259868792787,0.004563034181679762,0.00412624679565339,0.004107660098375671,0.005269328678233045,0.006022089917980623,0.005102048402733583,0.00705365161689397,0.007769239462086111,0.009730136024885358,0.00952568235483046,0.009079601620165228,0.010455017218716358,0.007574079140670074,0.0073417454246985986,0.006570397487673303,0.006161490147563507,0.006737677763172765,0.0076763059756975215,0.006430997258090418,0.006403117212173841,0.0071651718005602775,0.006087143358452635,0.005743289458814853,0.006068556661174918,0.007899346343030137,0.010743111026520988,0.009163241757914959
48491,0.0004089073401097954,0.0004089073401097954,0.00042749403738751333,0.0004182006887486544,0.0004646674319429493,0.0004832541292206673,0.0005204275237761033,0.0006598277533589879,0.0009758016070801935,0.0013196555067179758,0.0016728027549946175,0.002044536700548977,0.0026393110134359517,0.002778711243018837,0.0034199522991001066,0.004172713538847685,0.004693141062623788,0.004711727759901506,0.004535154135763185,0.003875326382404197,0.003958966520153927,0.0038939130796819153,0.0038195662905710433,0.00384744633648762,0.003726632804182453,0.003800979593293325,0.004135540144292248,0.004024019960625941,0.003800979593293325,0.003968259868792787,0.004563034181679762,0.00412624679565339,0.004107660098375671,0.005269328678233045,0.006022089917980623,0.005102048402733583,0.00705365161689397,0.007769239462086111,0.009730136024885358,0.00952568235483046,0.009079601620165228,0.010455017218716358,0.007574079140670074,0.0073417454246985986,0.006570397487673303,0.006161490147563507,0.006737677763172765,0.0076763059756975215,0.006430997258090418,0.006403117212173841,0.0071651718005602775,0.006087143358452635,0.005743289458814853,0.006068556661174918,0.007899346343030137,0.010743111026520988,0.009163241757914959
48493,0.0004089073401097954,0.0004089073401097954,0.00042749403738751333,0.0004182006887486544,0.0004646674319429493,0.0004832541292206673,0.0005204275237761033,0.0006598277533589879,0.0009758016070801935,0.0013196555067179758,0.0016728027549946175,0.002044536700548977,0.0026393110134359517,0.002778711243018837,0.0034199522991001066,0.004172713538847685,0.004693141062623788,0.004711727759901506,0.004535154135763185,0.003875326382404197,0.003958966520153927,0.0038939130796819153,0.0038195662905710433,0.00384744633648762,0.003726632804182453,0.003800979593293325,0.004135540144292248,0.004024019960625941,0.003800979593293325,0.003968259868792787,0.004563034181679762,0.00412624679565339,0.004107660098375671,0.005269328678233045,0.006022089917980623,0.005102048402733583,0.00705365161689397,0.007769239462086111,0.009730136024885358,0.00952568235483046,0.009079601620165228,0.010455017218716358,0.007574079140670074,0.0073417454246985986,0.006570397487673303,0.006161490147563507,0.006737677763172765,0.0076763059756975215,0.006430997258090418,0.006403117212173841,0.0071651718005602775,0.006087143358452635,0.005743289458814853,0.006068556661174918,0.007899346343030137,0.010743111026520988,0.009163241757914959
48495,0.0004089073401097954,0.0004089073401097954,0.00042749403738751333,0.0004182006887486544,0.0004646674319429493,0.0004832541292206673,0.0005204275237761033,0.0006598277533589879,0.0009758016070801935,0.0013196555067179758,0.0016728027549946175,0.002044536700548977,0.0026393110134359517,0.002778711243018837,0.0034199522991001066,0.004172713538847685,0.004693141062623788,0.004711727759901506,0.004535154135763185,0.003875326382404197,0.003958966520153927,0.0038939130796819153,0.0038195662905710433,0.00384744633648762,0.003726632804182453,0.003800979593293325,0.004135540144292248,0.004024019960625941,0.003800979593293325,0.003968259868792787,0.004563034181679762,0.00412624679565339,0.004107660098375671,0.005269328678233045,0.006022089917980623,0.005102048402733583,0.00705365161689397,0.007769239462086111,0.009730136024885358,0.00952568235483046,0.009079601620165228,0.010455017218716358,0.007574079140670074,0.0073417454246985986,0.006570397487673303,0.006161490147563507,0.006737677763172765,0.0076763059756975215,0.006430997258090418,0.006403117212173841,0.0071651718005602775,0.006087143358452635,0.005743289458814853,0.006068556661174918,0.007899346343030137,0.010743111026520988,0.009163241757914959
48497,0.0004089073401097954,0.0004089073401097954,0.00042749403738751333,0.0004182006887486544,0.0004646674319429493,0.0004832541292206673,0.0005204275237761033,0.0006598277533589879,0.0009758016070801935,0.0013196555067179758,0.0016728027549946175,0.002044536700548977,0.0026393110134359517,0.002778711243018837,0.0034199522991001066,0.004172713538847685,0.004693141062623788,0.004711727759901506,0.004535154135763185,0.003875326382404197,0.003958966520153927,0.0038939130796819153,0.0038195662905710433,0.00384744633648762,0.003726632804182453,0.003800979593293325,0.004135540144292248,0.004024019960625941,0.003800979593293325,0.003968259868792787,0.004563034181679762,0.00412624679565339,0.004107660098375671,0.005269328678233045,0.006022089917980623,0.005102048402733583,0.00705365161689397,0.007769239462086111,0.009730136024885358,0.00952568235483046,0.009079601620165228,0.010455017218716358,0.007574079140670074,0.0073417454246985986,0.006570397487673303,0.006161490147563507,0.006737677763172765,0.0076763059756975215,0.006430997258090418,0.006403117212173841,0.0071651718005602775,0.006087143358452635,0.005743289458814853,0.006068556661174918,0.007899346343030137,0.010743111026520988,0.009163241757914959
48499,0.0004089073401097954,0.0004089073401097954,0.00042749403738751333,0.0004182006887486544,0.0004646674319429493,0.0004832541292206673,0.0005204275237761033,0.0006598277533589879,0.0009758016070801935,0.0013196555067179758,0.0016728027549946175,0.002044536700548977,0.0026393110134359517,0.002778711243018837,0.0034199522991001066,0.004172713538847685,0.004693141062623788,0.004711727759901506,0.004535154135763185,0.003875326382404197,0.003958966520153927,0.0038939130796819153,0.0038195662905710433,0.00384744633648762,0.003726632804182453,0.003800979593293325,0.004135540144292248,0.004024019960625941,0.003800979593293325,0.003968259868792787,0.004563034181679762,0.00412624679565339,0.004107660098375671,0.005269328678233045,0.006022089917980623,0.005102048402733583,0.00705365161689397,0.007769239462086111,0.009730136024885358,0.00952568235483046,0.009079601620165228,0.010455017218716358,0.007574079140670074,0.0073417454246985986,0.006570397487673303,0.006161490147563507,0.006737677763172765,0.0076763059756975215,0.006430997258090418,0.006403117212173841,0.0071651718005602775,0.006087143358452635,0.005743289458814853,0.006068556661174918,0.007899346343030137,0.010743111026520988,0.009163241757914959
48501,0.0004089073401097954,0.0004089073401097954,0.00042749403738751333,0.0004182006887486544,0.0004646674319429493,0.0004832541292206673,0.0005204275237761033,0.0006598277533589879,0.0009758016070801935,0.0013196555067179758,0.0016728027549946175,0.002044536700548977,0.0026393110134359517,0.002778711243018837,0.0034199522991001066,0.004172713538847685,0.004693141062623788,0.004711727759901506,0.004535154135763185,0.003875326382404197,0.003958966520153927,0.0038939130796819153,0.0038195662905710433,0.00384744633648762,0.003726632804182453,0.003800979593293325,0.004135540144292248,0.004024019960625941,0.003800979593293325,0.003968259868792787,0.004563034181679762,0.00412624679565339,0.004107660098375671,0.005269328678233045,0.006022089917980623,0.005102048402733583,0.00705365161689397,0.007769239462086111,0.009730136024885358,0.00952568235483046,0.009079601620165228,0.010455017218716358,0.007574079140670074,0.0073417454246985986,0.006570397487673303,0.006161490147563507,0.006737677763172765,0.0076763059756975215,0.006430997258090418,0.006403117212173841,0.0071651718005602775,0.006087143358452635,0.005743289458814853,0.006068556661174918,0.007899346343030137,0.010743111026520988,0.009163241757914959
48503,0.0004089073401097954,0.0004089073401097954,0.00042749403738751333,0.0004182006887486544,0.0004646674319429493,0.0004832541292206673,0.0005204275237761033,0.0006598277533589879,0.0009758016070801935,0.0013196555067179758,0.0016728027549946175,0.002044536700548977,0.0026393110134359517,0.002778711243018837,0.0034199522991001066,0.004172713538847685,0.004693141062623788,0.004711727759901506,0.004535154135763185,0.003875326382404197,0.003958966520153927,0.0038939130796819153,0.0038195662905710433,0.00384744633648762,0.003726632804182453,0.003800979593293325,0.004135540144292248,0.004024019960625941,0.003800979593293325,0.003968259868792787,0.004563034181679762,0.00412624679565339,0.004107660098375671,0.005269328678233045,0.006022089917980623,0.005102048402733583,0.00705365161689397,0.007769239462086111,0.009730136024885358,0.00952568235483046,0.009079601620165228,0.010455017218716358,0.007574079140670074,0.0073417454246985986,0.006570397487673303,0.006161490147563507,0.006737677763172765,0.0076763059756975215,0.006430997258090418,0.006403117212173841,0.0071651718005602775,0.006087143358452635,0.005743289458814853,0.006068556661174918,0.007899346343030137,0.010743111026520988,0.009163241757914959
48505,0.0004089073401097954,0.0004089073401097954,0.00042749403738751333,0.0004182006887486544,0.0004646674319429493,0.0004832541292206673,0.0005204275237761033,0.0006598277533589879,0.0009758016070801935,0.0013196555067179758,0.0016728027549946175,0.002044536700548977,0.0026393110134359517,0.002778711243018837,0.0034199522991001066,0.004172713538847685,0.004693141062623788,0.004711727759901506,0.004535154135763185,0.003875326382404197,0.003958966520153927,0.0038939130796819153,0.0038195662905710433,0.00384744633648762,0.003726632804182453,0.003800979593293325,0.004135540144292248,0.004024019960625941,0.003800979593293325,0.003968259868792787,0.004563034181679762,0.00412624679565339,0.004107660098375671,0.005269328678233045,0.006022089917980623,0.005102048402733583,0.00705365161689397,0.007769239462086111,0.009730136024885358,0.00952568235483046,0.009079601620165228,0.010455017218716358,0.007574079140670074,0.0073417454246985986,0.006570397487673303,0.006161490147563507,0.006737677763172765,0.0076763059756975215,0.006430997258090418,0.006403117212173841,0.0071651718005602775,0.006087143358452635,0.005743289458814853,0.006068556661174918,0.007899346343030137,0.010743111026520988,0.009163241757914959
48507,0.0004089073401097954,0.0004089073401097954,0.00042749403738751333,0.0004182006887486544,0.0004646674319429493,0.0004832541292206673,0.0005204275237761033,0.0006598277533589879,0.0009758016070801935,0.0013196555067179758,0.0016728027549946175,0.002044536700548977,0.0026393110134359517,0.002778711243018837,0.0034199522991001066,0.004172713538847685,0.004693141062623788,0.004711727759901506,0.004535154135763185,0.003875326382404197,0.003958966520153927,0.0038939130796819153,0.0038195662905710433,0.00384744633648762,0.003726632804182453,0.003800979593293325,0.004135540144292248,0.004024019960625941,0.003800979593293325,0.003968259868792787,0.004563034181679762,0.00412624679565339,0.004107660098375671,0.005269328678233045,0.006022089917980623,0.005102048402733583,0.00705365161689397,0.007769239462086111,0.009730136024885358,0.00952568235483046,0.009079601620165228,0.010455017218716358,0.007574079140670074,0.0073417454246985986,0.006570397487673303,0.006161490147563507,0.006737677763172765,0.0076763059756975215,0.006430997258090418,0.006403117212173841,0.0071651718005602775,0.006087143358452635,0.005743289458814853,0.006068556661174918,0.007899346343030137,0.010743111026520988,0.009163241757914959
49001,0.0005204275237761033,0.0005297208724149621,0.0005390142210538212,0.0005483075696926801,0.0005947743128869751,0.0006598277533589879,0.0007434678911087189,0.0008642814234138857,0.0014125889931065657,0.0014218823417454249,0.0016077493145226045,0.0015519892226894506,0.002165350232854144,0.005194981889122173,0.0049719415217895566,0.0031876185831286323,0.004014726611987082,0.0046095009248740566,0.004563034181679762,0.004395753906180301,0.004628087622151775,0.0037916862446544662,0.0038660330337653382,0.003996139914709364,0.004182006887486544,0.004089073401097954,0.003773099547376748,0.00356864587732185,0.003382778904544671,0.003141151839934337,0.0036429926664327222,0.0040426066579036584,0.0038381529878487607,0.004572327530318621,0.006300890377146392,0.004832541292206673,0.005529542440121097,0.006273010331229815,0.007648425929780945,0.008930908041943485,0.007462558957003765,0.007193051846476855,0.007035064919616253,0.006347357120340688,0.006551810790395585,0.0065053440472012895,0.006626157579506456,0.0071651718005602775,0.007406798865170611,0.006904958038672226,0.00687707799275565,0.006849197946839073,0.0059012763856754556,0.006096436707091494,0.006849197946839073,0.008289666985862216,0.011012618137047897
49003,0.0005204275237761033,0.0005297208724149621,0.0005390142210538212,0.0005483075696926801,0.0005947743128869751,0.0006598277533589879,0.0007434678911087189,0.0008642814234138857,0.0014125889931065657,0.0014218823417454249,0.0016077493145226045,0.0015519892226894506,0.002165350232854144,0.005194981889122173,0.0049719415217895566,0.0031876185831286323,0.004014726611987082,0.0046095009248740566,0.004563034181679762,0.004395753906180301,0.004628087622151775,0.0037916862446544662,0.0038660330337653382,0.003996139914709364,0.004182006887486544,0.004089073401097954,0.003773099547376748,0.00356864587732185,0.003382778904544671,0.003141151839934337,0.0036429926664327222,0.0040426066579036584,0.0038381529878487607,0.004572327530318621,0.006300890377146392,0.004832541292206673,0.005529542440121097,0.006273010331229815,0.007648425929780945,0.008930908041943485,0.007462558957003765,0.007193051846476855,0.007035064919616253,0.006347357120340688,0.006551810790395585,0.0065053440472012895,0.006626157579506456,0.0071651718005602775,0.007406798865170611,0.006904958038672226,0.00687707799275565,0.006849197946839073,0.0059012763856754556,0.006096436707091494,0.006849197946839073,0.008289666985862216,0.011012618137047897
49005,0.0005204275237761033,0.0005297208724149621,0.0005390142210538212,0.0005483075696926801,0.0005947743128869751,0.0006598277533589879,0.0007434678911087189,0.0008642814234138857,0.0014125889931065657,0.0014218823417454249,0.0016077493145226045,0.0015519892226894506,0.002165350232854144,0.005194981889122173,0.0049719415217895566,0.0031876185831286323,0.004014726611987082,0.0046095009248740566,0.004563034181679762,0.004395753906180301,0.004628087622151775,0.0037916862446544662,0.0038660330337653382,0.003996139914709364,0.004182006887486544,0.004089073401097954,0.003773099547376748,0.00356864587732185,0.003382778904544671,0.003141151839934337,0.0036429926664327222,0.0040426066579036584,0.0038381529878487607,0.004572327530318621,0.006300890377146392,0.004832541292206673,0.005529542440121097,0.006273010331229815,0.007648425929780945,0.008930908041943485,0.007462558957003765,0.007193051846476855,0.007035064919616253,0.006347357120340688,0.006551810790395585,0.0065053440472012895,0.006626157579506456,0.0071651718005602775,0.007406798865170611,0.006904958038672226,0.00687707799275565,0.006849197946839073,0.0059012763856754556,0.006096436707091494,0.006849197946839073,0.008289666985862216,0.011012618137047897
49007,0.0005204275237761033,0.0005297208724149621,0.0005390142210538212,0.0005483075696926801,0.0005947743128869751,0.0006598277533589879,0.0007434678911087189,0.0008642814234138857,0.0014125889931065657,0.0014218823417454249,0.0016077493145226045,0.0015519892226894506,0.002165350232854144,0.005194981889122173,0.0049719415217895566,0.0031876185831286323,0.004014726611987082,0.0046095009248740566,0.004563034181679762,0.004395753906180301,0.004628087622151775,0.0037916862446544662,0.0038660330337653382,0.003996139914709364,0.004182006887486544,0.004089073401097954,0.003773099547376748,0.00356864587732185,0.003382778904544671,0.003141151839934337,0.0036429926664327222,0.0040426066579036584,0.0038381529878487607,0.004572327530318621,0.006300890377146392,0.004832541292206673,0.005529542440121097,0.006273010331229815,0.007648425929780945,0.008930908041943485,0.007462558957003765,0.007193051846476855,0.007035064919616253,0.006347357120340688,0.006551810790395585,0.0065053440472012895,0.006626157579506456,0.0071651718005602775,0.007406798865170611,0.006904958038672226,0.00687707799275565,0.006849197946839073,0.0059012763856754556,0.006096436707091494,0.006849197946839073,0.008289666985862216,0.011012618137047897
49009,0.0005204275237761033,0.0005297208724149621,0.0005390142210538212,0.0005483075696926801,0.0005947743128869751,0.0006598277533589879,0.0007434678911087189,0.0008642814234138857,0.0014125889931065657,0.0014218823417454249,0.0016077493145226045,0.0015519892226894506,0.002165350232854144,0.005194981889122173,0.0049719415217895566,0.0031876185831286323,0.004014726611987082,0.0046095009248740566,0.004563034181679762,0.004395753906180301,0.004628087622151775,0.0037916862446544662,0.0038660330337653382,0.003996139914709364,0.004182006887486544,0.004089073401097954,0.003773099547376748,0.00356864587732185,0.003382778904544671,0.003141151839934337,0.0036429926664327222,0.0040426066579036584,0.0038381529878487607,0.004572327530318621,0.006300890377146392,0.004832541292206673,0.005529542440121097,0.006273010331229815,0.007648425929780945,0.008930908041943485,0.007462558957003765,0.007193051846476855,0.007035064919616253,0.006347357120340688,0.006551810790395585,0.0065053440472012895,0.006626157579506456,0.0071651718005602775,0.007406798865170611,0.006904958038672226,0.00687707799275565,0.006849197946839073,0.0059012763856754556,0.006096436707091494,0.006849197946839073,0.008289666985862216,0.011012618137047897
49011,0.0005204275237761033,0.0005297208724149621,0.0005390142210538212,0.0005483075696926801,0.0005947743128869751,0.0006598277533589879,0.0007434678911087189,0.0008642814234138857,0.0014125889931065657,0.0014218823417454249,0.0016077493145226045,0.0015519892226894506,0.002165350232854144,0.005194981889122173,0.0049719415217895566,0.0031876185831286323,0.004014726611987082,0.0046095009248740566,0.004563034181679762,0.004395753906180301,0.004628087622151775,0.0037916862446544662,0.0038660330337653382,0.003996139914709364,0.004182006887486544,0.004089073401097954,0.003773099547376748,0.00356864587732185,0.003382778904544671,0.003141151839934337,0.0036429926664327222,0.0040426066579036584,0.0038381529878487607,0.004572327530318621,0.006300890377146392,0.004832541292206673,0.005529542440121097,0.006273010331229815,0.007648425929780945,0.008930908041943485,0.007462558957003765,0.007193051846476855,0.007035064919616253,0.006347357120340688,0.006551810790395585,0.0065053440472012895,0.006626157579506456,0.0071651718005602775,0.007406798865170611,0.006904958038672226,0.00687707799275565,0.006849197946839073,0.0059012763856754556,0.006096436707091494,0.006849197946839073,0.008289666985862216,0.011012618137047897
49013,0.0005204275237761033,0.0005297208724149621,0.0005390142210538212,0.0005483075696926801,0.0005947743128869751,0.0006598277533589879,0.0007434678911087189,0.0008642814234138857,0.0014125889931065657,0.0014218823417454249,0.0016077493145226045,0.0015519892226894506,0.002165350232854144,0.005194981889122173,0.0049719415217895566,0.0031876185831286323,0.004014726611987082,0.0046095009248740566,0.004563034181679762,0.004395753906180301,0.004628087622151775,0.0037916862446544662,0.0038660330337653382,0.003996139914709364,0.004182006887486544,0.004089073401097954,0.003773099547376748,0.00356864587732185,0.003382778904544671,0.003141151839934337,0.0036429926664327222,0.0040426066579036584,0.0038381529878487607,0.004572327530318621,0.006300890377146392,0.004832541292206673,0.005529542440121097,0.006273010331229815,0.007648425929780945,0.008930908041943485,0.007462558957003765,0.007193051846476855,0.007035064919616253,0.006347357120340688,0.006551810790395585,0.0065053440472012895,0.006626157579506456,0.0071651718005602775,0.007406798865170611,0.006904958038672226,0.00687707799275565,0.006849197946839073,0.0059012763856754556,0.006096436707091494,0.006849197946839073,0.008289666985862216,0.011012618137047897
49015,0.0005204275237761033,0.0005297208724149621,0.0005390142210538212,0.0005483075696926801,0.0005947743128869751,0.0006598277533589879,0.0007434678911087189,0.0008642814234138857,0.0014125889931065657,0.0014218823417454249,0.0016077493145226045,0.0015519892226894506,0.002165350232854144,0.005194981889122173,0.0049719415217895566,0.0031876185831286323,0.004014726611987082,0.0046095009248740566,0.004563034181679762,0.004395753906180301,0.004628087622151775,0.0037916862446544662,0.0038660330337653382,0.003996139914709364,0.004182006887486544,0.004089073401097954,0.003773099547376748,0.00356864587732185,0.003382778904544671,0.003141151839934337,0.0036429926664327222,0.0040426066579036584,0.0038381529878487607,0.004572327530318621,0.006300890377146392,0.004832541292206673,0.005529542440121097,0.006273010331229815,0.007648425929780945,0.008930908041943485,0.007462558957003765,0.007193051846476855,0.007035064919616253,0.006347357120340688,0.006551810790395585,0.0065053440472012895,0.006626157579506456,0.0071651718005602775,0.007406798865170611,0.006904958038672226,0.00687707799275565,0.006849197946839073,0.0059012763856754556,0.006096436707091494,0.006849197946839073,0.008289666985862216,0.011012618137047897
49017,0.0005204275237761033,0.0005297208724149621,0.0005390142210538212,0.0005483075696926801,0.0005947743128869751,0.0006598277533589879,0.0007434678911087189,0.0008642814234138857,0.0014125889931065657,0.0014218823417454249,0.0016077493145226045,0.0015519892226894506,0.002165350232854144,0.005194981889122173,0.0049719415217895566,0.0031876185831286323,0.004014726611987082,0.0046095009248740566,0.004563034181679762,0.004395753906180301,0.004628087622151775,0.0037916862446544662,0.0038660330337653382,0.003996139914709364,0.004182006887486544,0.004089073401097954,0.003773099547376748,0.00356864587732185,0.003382778904544671,0.003141151839934337,0.0036429926664327222,0.0040426066579036584,0.0038381529878487607,0.004572327530318621,0.006300890377146392,0.004832541292206673,0.005529542440121097,0.006273010331229815,0.007648425929780945,0.008930908041943485,0.007462558957003765,0.007193051846476855,0.007035064919616253,0.006347357120340688,0.006551810790395585,0.0065053440472012895,0.006626157579506456,0.0071651718005602775,0.007406798865170611,0.006904958038672226,0.00687707799275565,0.006849197946839073,0.0059012763856754556,0.006096436707091494,0.006849197946839073,0.008289666985862216,0.011012618137047897
49019,0.0005204275237761033,0.0005297208724149621,0.0005390142210538212,0.0005483075696926801,0.0005947743128869751,0.0006598277533589879,0.0007434678911087189,0.0008642814234138857,0.0014125889931065657,0.0014218823417454249,0.0016077493145226045,0.0015519892226894506,0.002165350232854144,0.005194981889122173,0.0049719415217895566,0.0031876185831286323,0.004014726611987082,0.0046095009248740566,0.004563034181679762,0.004395753906180301,0.004628087622151775,0.0037916862446544662,0.0038660330337653382,0.003996139914709364,0.004182006887486544,0.004089073401097954,0.003773099547376748,0.00356864587732185,0.003382778904544671,0.003141151839934337,0.0036429926664327222,0.0040426066579036584,0.0038381529878487607,0.004572327530318621,0.006300890377146392,0.004832541292206673,0.005529542440121097,0.006273010331229815,0.007648425929780945,0.008930908041943485,0.007462558957003765,0.007193051846476855,0.007035064919616253,0.006347357120340688,0.006551810790395585,0.0065053440472012895,0.006626157579506456,0.0071651718005602775,0.007406798865170611,0.006904958038672226,0.00687707799275565,0.006849197946839073,0.0059012763856754556,0.006096436707091494,0.006849197946839073,0.008289666985862216,0.011012618137047897
49021,0.0005204275237761033,0.0005297208724149621,0.0005390142210538212,0.0005483075696926801,0.0005947743128869751,0.0006598277533589879,0.0007434678911087189,0.0008642814234138857,0.0014125889931065657,0.0014218823417454249,0.0016077493145226045,0.0015519892226894506,0.002165350232854144,0.005194981889122173,0.0049719415217895566,0.0031876185831286323,0.004014726611987082,0.0046095009248740566,0.004563034181679762,0.004395753906180301,0.004628087622151775,0.0037916862446544662,0.0038660330337653382,0.003996139914709364,0.004182006887486544,0.004089073401097954,0.003773099547376748,0.00356864587732185,0.003382778904544671,0.003141151839934337,0.0036429926664327222,0.0040426066579036584,0.0038381529878487607,0.004572327530318621,0.006300890377146392,0.004832541292206673,0.005529542440121097,0.006273010331229815,0.007648425929780945,0.008930908041943485,0.007462558957003765,0.007193051846476855,0.007035064919616253,0.006347357120340688,0.006551810790395585,0.0065053440472012895,0.006626157579506456,0.0071651718005602775,0.007406798865170611,0.006904958038672226,0.00687707799275565,0.006849197946839073,0.0059012763856754556,0.006096436707091494,0.006849197946839073,0.008289666985862216,0.011012618137047897
49023,0.0005204275237761033,0.0005297208724149621,0.0005390142210538212,0.0005483075696926801,0.0005947743128869751,0.0006598277533589879,0.0007434678911087189,0.0008642814234138857,0.0014125889931065657,0.0014218823417454249,0.0016077493145226045,0.0015519892226894506,0.002165350232854144,0.005194981889122173,0.0049719415217895566,0.0031876185831286323,0.004014726611987082,0.0046095009248740566,0.004563034181679762,0.004395753906180301,0.004628087622151775,0.0037916862446544662,0.0038660330337653382,0.003996139914709364,0.004182006887486544,0.004089073401097954,0.003773099547376748,0.00356864587732185,0.003382778904544671,0.003141151839934337,0.0036429926664327222,0.0040426066579036584,0.0038381529878487607,0.004572327530318621,0.006300890377146392,0.004832541292206673,0.005529542440121097,0.006273010331229815,0.007648425929780945,0.008930908041943485,0.007462558957003765,0.007193051846476855,0.007035064919616253,0.006347357120340688,0.006551810790395585,0.0065053440472012895,0.006626157579506456,0.0071651718005602775,0.007406798865170611,0.006904958038672226,0.00687707799275565,0.006849197946839073,0.0059012763856754556,0.006096436707091494,0.006849197946839073,0.008289666985862216,0.011012618137047897
49025,0.0005204275237761033,0.0005297208724149621,0.0005390142210538212,0.0005483075696926801,0.0005947743128869751,0.0006598277533589879,0.0007434678911087189,0.0008642814234138857,0.0014125889931065657,0.0014218823417454249,0.0016077493145226045,0.0015519892226894506,0.002165350232854144,0.005194981889122173,0.0049719415217895566,0.0031876185831286323,0.004014726611987082,0.0046095009248740566,0.004563034181679762,0.004395753906180301,0.004628087622151775,0.0037916862446544662,0.0038660330337653382,0.003996139914709364,0.004182006887486544,0.004089073401097954,0.003773099547376748,0.00356864587732185,0.003382778904544671,0.003141151839934337,0.0036429926664327222,0.0040426066579036584,0.0038381529878487607,0.004572327530318621,0.006300890377146392,0.004832541292206673,0.005529542440121097,0.006273010331229815,0.007648425929780945,0.008930908041943485,0.007462558957003765,0.007193051846476855,0.007035064919616253,0.006347357120340688,0.006551810790395585,0.0065053440472012895,0.006626157579506456,0.0071651718005602775,0.007406798865170611,0.006904958038672226,0.00687707799275565,0.006849197946839073,0.0059012763856754556,0.006096436707091494,0.006849197946839073,0.008289666985862216,0.011012618137047897
49027,0.0005204275237761033,0.0005297208724149621,0.0005390142210538212,0.0005483075696926801,0.0005947743128869751,0.0006598277533589879,0.0007434678911087189,0.0008642814234138857,0.0014125889931065657,0.0014218823417454249,0.0016077493145226045,0.0015519892226894506,0.002165350232854144,0.005194981889122173,0.0049719415217895566,0.0031876185831286323,0.004014726611987082,0.0046095009248740566,0.004563034181679762,0.004395753906180301,0.004628087622151775,0.0037916862446544662,0.0038660330337653382,0.003996139914709364,0.004182006887486544,0.004089073401097954,0.003773099547376748,0.00356864587732185,0.003382778904544671,0.003141151839934337,0.0036429926664327222,0.0040426066579036584,0.0038381529878487607,0.004572327530318621,0.006300890377146392,0.004832541292206673,0.005529542440121097,0.006273010331229815,0.007648425929780945,0.008930908041943485,0.007462558957003765,0.007193051846476855,0.007035064919616253,0.006347357120340688,0.006551810790395585,0.0065053440472012895,0.006626157579506456,0.0071651718005602775,0.007406798865170611,0.006904958038672226,0.00687707799275565,0.006849197946839073,0.0059012763856754556,0.006096436707091494,0.006849197946839073,0.008289666985862216,0.011012618137047897
49029,0.0005204275237761033,0.0005297208724149621,0.0005390142210538212,0.0005483075696926801,0.0005947743128869751,0.0006598277533589879,0.0007434678911087189,0.0008642814234138857,0.0014125889931065657,0.0014218823417454249,0.0016077493145226045,0.0015519892226894506,0.002165350232854144,0.005194981889122173,0.0049719415217895566,0.0031876185831286323,0.004014726611987082,0.0046095009248740566,0.004563034181679762,0.004395753906180301,0.004628087622151775,0.0037916862446544662,0.0038660330337653382,0.003996139914709364,0.004182006887486544,0.004089073401097954,0.003773099547376748,0.00356864587732185,0.003382778904544671,0.003141151839934337,0.0036429926664327222,0.0040426066579036584,0.0038381529878487607,0.004572327530318621,0.006300890377146392,0.004832541292206673,0.005529542440121097,0.006273010331229815,0.007648425929780945,0.008930908041943485,0.007462558957003765,0.007193051846476855,0.007035064919616253,0.006347357120340688,0.006551810790395585,0.0065053440472012895,0.006626157579506456,0.0071651718005602775,0.007406798865170611,0.006904958038672226,0.00687707799275565,0.006849197946839073,0.0059012763856754556,0.006096436707091494,0.006849197946839073,0.008289666985862216,0.011012618137047897
49031,0.0005204275237761033,0.0005297208724149621,0.0005390142210538212,0.0005483075696926801,0.0005947743128869751,0.0006598277533589879,0.0007434678911087189,0.0008642814234138857,0.0014125889931065657,0.0014218823417454249,0.0016077493145226045,0.0015519892226894506,0.002165350232854144,0.005194981889122173,0.0049719415217895566,0.0031876185831286323,0.004014726611987082,0.0046095009248740566,0.004563034181679762,0.004395753906180301,0.004628087622151775,0.0037916862446544662,0.0038660330337653382,0.003996139914709364,0.004182006887486544,0.004089073401097954,0.003773099547376748,0.00356864587732185,0.003382778904544671,0.003141151839934337,0.0036429926664327222,0.0040426066579036584,0.0038381529878487607,0.004572327530318621,0.006300890377146392,0.004832541292206673,0.005529542440121097,0.006273010331229815,0.007648425929780945,0.008930908041943485,0.007462558957003765,0.007193051846476855,0.007035064919616253,0.006347357120340688,0.006551810790395585,0.0065053440472012895,0.006626157579506456,0.0071651718005602775,0.007406798865170611,0.006904958038672226,0.00687707799275565,0.006849197946839073,0.0059012763856754556,0.006096436707091494,0.006849197946839073,0.008289666985862216,0.011012618137047897
49033,0.0005204275237761033,0.0005297208724149621,0.0005390142210538212,0.0005483075696926801,0.0005947743128869751,0.0006598277533589879,0.0007434678911087189,0.0008642814234138857,0.0014125889931065657,0.0014218823417454249,0.0016077493145226045,0.0015519892226894506,0.002165350232854144,0.005194981889122173,0.0049719415217895566,0.0031876185831286323,0.004014726611987082,0.0046095009248740566,0.004563034181679762,0.004395753906180301,0.004628087622151775,0.0037916862446544662,0.0038660330337653382,0.003996139914709364,0.004182006887486544,0.004089073401097954,0.003773099547376748,0.00356864587732185,0.003382778904544671,0.003141151839934337,0.0036429926664327222,0.0040426066579036584,0.0038381529878487607,0.004572327530318621,0.006300890377146392,0.004832541292206673,0.005529542440121097,0.006273010331229815,0.007648425929780945,0.008930908041943485,0.007462558957003765,0.007193051846476855,0.007035064919616253,0.006347357120340688,0.006551810790395585,0.0065053440472012895,0.006626157579506456,0.0071651718005602775,0.007406798865170611,0.006904958038672226,0.00687707799275565,0.006849197946839073,0.0059012763856754556,0.006096436707091494,0.006849197946839073,0.008289666985862216,0.011012618137047897
49035,0.0005204275237761033,0.0005297208724149621,0.0005390142210538212,0.0005483075696926801,0.0005947743128869751,0.0006598277533589879,0.0007434678911087189,0.0008642814234138857,0.0014125889931065657,0.0014218823417454249,0.0016077493145226045,0.0015519892226894506,0.002165350232854144,0.005194981889122173,0.0049719415217895566,0.0031876185831286323,0.004014726611987082,0.0046095009248740566,0.004563034181679762,0.004395753906180301,0.004628087622151775,0.0037916862446544662,0.0038660330337653382,0.003996139914709364,0.004182006887486544,0.004089073401097954,0.003773099547376748,0.00356864587732185,0.003382778904544671,0.003141151839934337,0.0036429926664327222,0.0040426066579036584,0.0038381529878487607,0.004572327530318621,0.006300890377146392,0.004832541292206673,0.005529542440121097,0.006273010331229815,0.007648425929780945,0.008930908041943485,0.007462558957003765,0.007193051846476855,0.007035064919616253,0.006347357120340688,0.006551810790395585,0.0065053440472012895,0.006626157579506456,0.0071651718005602775,0.007406798865170611,0.006904958038672226,0.00687707799275565,0.006849197946839073,0.0059012763856754556,0.006096436707091494,0.006849197946839073,0.008289666985862216,0.011012618137047897
49037,0.0005204275237761033,0.0005297208724149621,0.0005390142210538212,0.0005483075696926801,0.0005947743128869751,0.0006598277533589879,0.0007434678911087189,0.0008642814234138857,0.0014125889931065657,0.0014218823417454249,0.0016077493145226045,0.0015519892226894506,0.002165350232854144,0.005194981889122173,0.0049719415217895566,0.0031876185831286323,0.004014726611987082,0.0046095009248740566,0.004563034181679762,0.004395753906180301,0.004628087622151775,0.0037916862446544662,0.0038660330337653382,0.003996139914709364,0.004182006887486544,0.004089073401097954,0.003773099547376748,0.00356864587732185,0.003382778904544671,0.003141151839934337,0.0036429926664327222,0.0040426066579036584,0.0038381529878487607,0.004572327530318621,0.006300890377146392,0.004832541292206673,0.005529542440121097,0.006273010331229815,0.007648425929780945,0.008930908041943485,0.007462558957003765,0.007193051846476855,0.007035064919616253,0.006347357120340688,0.006551810790395585,0.0065053440472012895,0.006626157579506456,0.0071651718005602775,0.007406798865170611,0.006904958038672226,0.00687707799275565,0.006849197946839073,0.0059012763856754556,0.006096436707091494,0.006849197946839073,0.008289666985862216,0.011012618137047897
49039,0.0005204275237761033,0.0005297208724149621,0.0005390142210538212,0.0005483075696926801,0.0005947743128869751,0.0006598277533589879,0.0007434678911087189,0.0008642814234138857,0.0014125889931065657,0.0014218823417454249,0.0016077493145226045,0.0015519892226894506,0.002165350232854144,0.005194981889122173,0.0049719415217895566,0.0031876185831286323,0.004014726611987082,0.0046095009248740566,0.004563034181679762,0.004395753906180301,0.004628087622151775,0.0037916862446544662,0.0038660330337653382,0.003996139914709364,0.004182006887486544,0.004089073401097954,0.003773099547376748,0.00356864587732185,0.003382778904544671,0.003141151839934337,0.0036429926664327222,0.0040426066579036584,0.0038381529878487607,0.004572327530318621,0.006300890377146392,0.004832541292206673,0.005529542440121097,0.006273010331229815,0.007648425929780945,0.008930908041943485,0.007462558957003765,0.007193051846476855,0.007035064919616253,0.006347357120340688,0.006551810790395585,0.0065053440472012895,0.006626157579506456,0.0071651718005602775,0.007406798865170611,0.006904958038672226,0.00687707799275565,0.006849197946839073,0.0059012763856754556,0.006096436707091494,0.006849197946839073,0.008289666985862216,0.011012618137047897
49041,0.0005204275237761033,0.0005297208724149621,0.0005390142210538212,0.0005483075696926801,0.0005947743128869751,0.0006598277533589879,0.0007434678911087189,0.0008642814234138857,0.0014125889931065657,0.0014218823417454249,0.0016077493145226045,0.0015519892226894506,0.002165350232854144,0.005194981889122173,0.0049719415217895566,0.0031876185831286323,0.004014726611987082,0.0046095009248740566,0.004563034181679762,0.004395753906180301,0.004628087622151775,0.0037916862446544662,0.0038660330337653382,0.003996139914709364,0.004182006887486544,0.004089073401097954,0.003773099547376748,0.00356864587732185,0.003382778904544671,0.003141151839934337,0.0036429926664327222,0.0040426066579036584,0.0038381529878487607,0.004572327530318621,0.006300890377146392,0.004832541292206673,0.005529542440121097,0.006273010331229815,0.007648425929780945,0.008930908041943485,0.007462558957003765,0.007193051846476855,0.007035064919616253,0.006347357120340688,0.006551810790395585,0.0065053440472012895,0.006626157579506456,0.0071651718005602775,0.007406798865170611,0.006904958038672226,0.00687707799275565,0.006849197946839073,0.0059012763856754556,0.006096436707091494,0.006849197946839073,0.008289666985862216,0.011012618137047897
49043,0.0005204275237761033,0.0005297208724149621,0.0005390142210538212,0.0005483075696926801,0.0005947743128869751,0.0006598277533589879,0.0007434678911087189,0.0008642814234138857,0.0014125889931065657,0.0014218823417454249,0.0016077493145226045,0.0015519892226894506,0.002165350232854144,0.005194981889122173,0.0049719415217895566,0.0031876185831286323,0.004014726611987082,0.0046095009248740566,0.004563034181679762,0.004395753906180301,0.004628087622151775,0.0037916862446544662,0.0038660330337653382,0.003996139914709364,0.004182006887486544,0.004089073401097954,0.003773099547376748,0.00356864587732185,0.003382778904544671,0.003141151839934337,0.0036429926664327222,0.0040426066579036584,0.0038381529878487607,0.004572327530318621,0.006300890377146392,0.004832541292206673,0.005529542440121097,0.006273010331229815,0.007648425929780945,0.008930908041943485,0.007462558957003765,0.007193051846476855,0.007035064919616253,0.006347357120340688,0.006551810790395585,0.0065053440472012895,0.006626157579506456,0.0071651718005602775,0.007406798865170611,0.006904958038672226,0.00687707799275565,0.006849197946839073,0.0059012763856754556,0.006096436707091494,0.006849197946839073,0.008289666985862216,0.011012618137047897
49045,0.0005204275237761033,0.0005297208724149621,0.0005390142210538212,0.0005483075696926801,0.0005947743128869751,0.0006598277533589879,0.0007434678911087189,0.0008642814234138857,0.0014125889931065657,0.0014218823417454249,0.0016077493145226045,0.0015519892226894506,0.002165350232854144,0.005194981889122173,0.0049719415217895566,0.0031876185831286323,0.004014726611987082,0.0046095009248740566,0.004563034181679762,0.004395753906180301,0.004628087622151775,0.0037916862446544662,0.0038660330337653382,0.003996139914709364,0.004182006887486544,0.004089073401097954,0.003773099547376748,0.00356864587732185,0.003382778904544671,0.003141151839934337,0.0036429926664327222,0.0040426066579036584,0.0038381529878487607,0.004572327530318621,0.006300890377146392,0.004832541292206673,0.005529542440121097,0.006273010331229815,0.007648425929780945,0.008930908041943485,0.007462558957003765,0.007193051846476855,0.007035064919616253,0.006347357120340688,0.006551810790395585,0.0065053440472012895,0.006626157579506456,0.0071651718005602775,0.007406798865170611,0.006904958038672226,0.00687707799275565,0.006849197946839073,0.0059012763856754556,0.006096436707091494,0.006849197946839073,0.008289666985862216,0.011012618137047897
49047,0.0005204275237761033,0.0005297208724149621,0.0005390142210538212,0.0005483075696926801,0.0005947743128869751,0.0006598277533589879,0.0007434678911087189,0.0008642814234138857,0.0014125889931065657,0.0014218823417454249,0.0016077493145226045,0.0015519892226894506,0.002165350232854144,0.005194981889122173,0.0049719415217895566,0.0031876185831286323,0.004014726611987082,0.0046095009248740566,0.004563034181679762,0.004395753906180301,0.004628087622151775,0.0037916862446544662,0.0038660330337653382,0.003996139914709364,0.004182006887486544,0.004089073401097954,0.003773099547376748,0.00356864587732185,0.003382778904544671,0.003141151839934337,0.0036429926664327222,0.0040426066579036584,0.0038381529878487607,0.004572327530318621,0.006300890377146392,0.004832541292206673,0.005529542440121097,0.006273010331229815,0.007648425929780945,0.008930908041943485,0.007462558957003765,0.007193051846476855,0.007035064919616253,0.006347357120340688,0.006551810790395585,0.0065053440472012895,0.006626157579506456,0.0071651718005602775,0.007406798865170611,0.006904958038672226,0.00687707799275565,0.006849197946839073,0.0059012763856754556,0.006096436707091494,0.006849197946839073,0.008289666985862216,0.011012618137047897
49049,0.0005204275237761033,0.0005297208724149621,0.0005390142210538212,0.0005483075696926801,0.0005947743128869751,0.0006598277533589879,0.0007434678911087189,0.0008642814234138857,0.0014125889931065657,0.0014218823417454249,0.0016077493145226045,0.0015519892226894506,0.002165350232854144,0.005194981889122173,0.0049719415217895566,0.0031876185831286323,0.004014726611987082,0.0046095009248740566,0.004563034181679762,0.004395753906180301,0.004628087622151775,0.0037916862446544662,0.0038660330337653382,0.003996139914709364,0.004182006887486544,0.004089073401097954,0.003773099547376748,0.00356864587732185,0.003382778904544671,0.003141151839934337,0.0036429926664327222,0.0040426066579036584,0.0038381529878487607,0.004572327530318621,0.006300890377146392,0.004832541292206673,0.005529542440121097,0.006273010331229815,0.007648425929780945,0.008930908041943485,0.007462558957003765,0.007193051846476855,0.007035064919616253,0.006347357120340688,0.006551810790395585,0.0065053440472012895,0.006626157579506456,0.0071651718005602775,0.007406798865170611,0.006904958038672226,0.00687707799275565,0.006849197946839073,0.0059012763856754556,0.006096436707091494,0.006849197946839073,0.008289666985862216,0.011012618137047897
49051,0.0005204275237761033,0.0005297208724149621,0.0005390142210538212,0.0005483075696926801,0.0005947743128869751,0.0006598277533589879,0.0007434678911087189,0.0008642814234138857,0.0014125889931065657,0.0014218823417454249,0.0016077493145226045,0.0015519892226894506,0.002165350232854144,0.005194981889122173,0.0049719415217895566,0.0031876185831286323,0.004014726611987082,0.0046095009248740566,0.004563034181679762,0.004395753906180301,0.004628087622151775,0.0037916862446544662,0.0038660330337653382,0.003996139914709364,0.004182006887486544,0.004089073401097954,0.003773099547376748,0.00356864587732185,0.003382778904544671,0.003141151839934337,0.0036429926664327222,0.0040426066579036584,0.0038381529878487607,0.004572327530318621,0.006300890377146392,0.004832541292206673,0.005529542440121097,0.006273010331229815,0.007648425929780945,0.008930908041943485,0.007462558957003765,0.007193051846476855,0.007035064919616253,0.006347357120340688,0.006551810790395585,0.0065053440472012895,0.006626157579506456,0.0071651718005602775,0.007406798865170611,0.006904958038672226,0.00687707799275565,0.006849197946839073,0.0059012763856754556,0.006096436707091494,0.006849197946839073,0.008289666985862216,0.011012618137047897
49053,0.0005204275237761033,0.0005297208724149621,0.0005390142210538212,0.0005483075696926801,0.0005947743128869751,0.0006598277533589879,0.0007434678911087189,0.0008642814234138857,0.0014125889931065657,0.0014218823417454249,0.0016077493145226045,0.0015519892226894506,0.002165350232854144,0.005194981889122173,0.0049719415217895566,0.0031876185831286323,0.004014726611987082,0.0046095009248740566,0.004563034181679762,0.004395753906180301,0.004628087622151775,0.0037916862446544662,0.0038660330337653382,0.003996139914709364,0.004182006887486544,0.004089073401097954,0.003773099547376748,0.00356864587732185,0.003382778904544671,0.003141151839934337,0.0036429926664327222,0.0040426066579036584,0.0038381529878487607,0.004572327530318621,0.006300890377146392,0.004832541292206673,0.005529542440121097,0.006273010331229815,0.007648425929780945,0.008930908041943485,0.007462558957003765,0.007193051846476855,0.007035064919616253,0.006347357120340688,0.006551810790395585,0.0065053440472012895,0.006626157579506456,0.0071651718005602775,0.007406798865170611,0.006904958038672226,0.00687707799275565,0.006849197946839073,0.0059012763856754556,0.006096436707091494,0.006849197946839073,0.008289666985862216,0.011012618137047897
49055,0.0005204275237761033,0.0005297208724149621,0.0005390142210538212,0.0005483075696926801,0.0005947743128869751,0.0006598277533589879,0.0007434678911087189,0.0008642814234138857,0.0014125889931065657,0.0014218823417454249,0.0016077493145226045,0.0015519892226894506,0.002165350232854144,0.005194981889122173,0.0049719415217895566,0.0031876185831286323,0.004014726611987082,0.0046095009248740566,0.004563034181679762,0.004395753906180301,0.004628087622151775,0.0037916862446544662,0.0038660330337653382,0.003996139914709364,0.004182006887486544,0.004089073401097954,0.003773099547376748,0.00356864587732185,0.003382778904544671,0.003141151839934337,0.0036429926664327222,0.0040426066579036584,0.0038381529878487607,0.004572327530318621,0.006300890377146392,0.004832541292206673,0.005529542440121097,0.006273010331229815,0.007648425929780945,0.008930908041943485,0.007462558957003765,0.007193051846476855,0.007035064919616253,0.006347357120340688,0.006551810790395585,0.0065053440472012895,0.006626157579506456,0.0071651718005602775,0.007406798865170611,0.006904958038672226,0.00687707799275565,0.006849197946839073,0.0059012763856754556,0.006096436707091494,0.006849197946839073,0.008289666985862216,0.011012618137047897
49057,0.0005204275237761033,0.0005297208724149621,0.0005390142210538212,0.0005483075696926801,0.0005947743128869751,0.0006598277533589879,0.0007434678911087189,0.0008642814234138857,0.0014125889931065657,0.0014218823417454249,0.0016077493145226045,0.0015519892226894506,0.002165350232854144,0.005194981889122173,0.0049719415217895566,0.0031876185831286323,0.004014726611987082,0.0046095009248740566,0.004563034181679762,0.004395753906180301,0.004628087622151775,0.0037916862446544662,0.0038660330337653382,0.003996139914709364,0.004182006887486544,0.004089073401097954,0.003773099547376748,0.00356864587732185,0.003382778904544671,0.003141151839934337,0.0036429926664327222,0.0040426066579036584,0.0038381529878487607,0.004572327530318621,0.006300890377146392,0.004832541292206673,0.005529542440121097,0.006273010331229815,0.007648425929780945,0.008930908041943485,0.007462558957003765,0.007193051846476855,0.007035064919616253,0.006347357120340688,0.006551810790395585,0.0065053440472012895,0.006626157579506456,0.0071651718005602775,0.007406798865170611,0.006904958038672226,0.00687707799275565,0.006849197946839073,0.0059012763856754556,0.006096436707091494,0.006849197946839073,0.008289666985862216,0.011012618137047897
50001,,,,,,,,,,,,,,0.005715409412898277,0.006365943817618405,0.006561104139034444,0.0060499699638971996,0.005278622026871903,0.005315795421427339,0.004758194503095801,0.004535154135763185,0.0043399938143471465,0.004405047254819159,0.004693141062623788,0.004869714686762109,0.005269328678233045,0.0048790080354009675,0.005204275237761032,0.005046288310900429,0.004869714686762109,0.004813954594928955,0.004721021108540365,0.005287915375510763,0.006031383266619482,0.007388212167892894,0.007620545883864367,0.0074346789110871885,0.008085213315807317,0.009005254831054356,0.010343497035050052,0.011886192909100642,0.013298781902207209,0.012044179835961247,0.01098473809113132,0.011059084880242194,0.011235658504380514,0.007035064919616253,0.008484827307278255,0.007332452076059739,0.006161490147563507,0.006542517441756726,0.006291597028507533,0.00558530253195425,0.0050277016136227115,0.006031383266619482,0.008113093361723894,0.006997891525060816
50003,,,,,,,,,,,,,,0.005715409412898277,0.006365943817618405,0.006561104139034444,0.0060499699638971996,0.005278622026871903,0.005315795421427339,0.004758194503095801,0.004535154135763185,0.0043399938143471465,0.004405047254819159,0.004693141062623788,0.004869714686762109,0.005269328678233045,0.0048790080354009675,0.005204275237761032,0.005046288310900429,0.004869714686762109,0.004813954594928955,0.004721021108540365,0.005287915375510763,0.006031383266619482,0.007388212167892894,0.007620545883864367,0.0074346789110871885,0.008085213315807317,0.009005254831054356,0.010343497035050052,0.011886192909100642,0.013298781902207209,0.012044179835961247,0.01098473809113132,0.011059084880242194,0.011235658504380514,0.007035064919616253,0.008484827307278255,0.007332452076059739,0.006161490147563507,0.006542517441756726,0.006291597028507533,0.00558530253195425,0.0050277016136227115,0.006031383266619482,0.008113093361723894,0.006997891525060816
50005,,,,,,,,,,,,,,0.005715409412898277,0.006365943817618405,0.006561104139034444,0.0060499699638971996,0.005278622026871903,0.005315795421427339,0.004758194503095801,0.004535154135763185,0.0043399938143471465,0.004405047254819159,0.004693141062623788,0.004869714686762109,0.005269328678233045,0.0048790080354009675,0.005204275237761032,0.005046288310900429,0.004869714686762109,0.004813954594928955,0.004721021108540365,0.005287915375510763,0.006031383266619482,0.007388212167892894,0.007620545883864367,0.0074346789110871885,0.008085213315807317,0.009005254831054356,0.010343497035050052,0.011886192909100642,0.013298781902207209,0.012044179835961247,0.01098473809113132,0.011059084880242194,0.011235658504380514,0.007035064919616253,0.008484827307278255,0.007332452076059739,0.006161490147563507,0.006542517441756726,0.006291597028507533,0.00558530253195425,0.0050277016136227115,0.006031383266619482,0.008113093361723894,0.006997891525060816
50007,,,,,,,,,,,,,,0.005715409412898277,0.006365943817618405,0.006561104139034444,0.0060499699638971996,0.005278622026871903,0.005315795421427339,0.004758194503095801,0.004535154135763185,0.0043399938143471465,0.004405047254819159,0.004693141062623788,0.004869714686762109,0.005269328678233045,0.0048790080354009675,0.005204275237761032,0.005046288310900429,0.004869714686762109,0.004813954594928955,0.004721021108540365,0.005287915375510763,0.006031383266619482,0.007388212167892894,0.007620545883864367,0.0074346789110871885,0.008085213315807317,0.009005254831054356,0.010343497035050052,0.011886192909100642,0.013298781902207209,0.012044179835961247,0.01098473809113132,0.011059084880242194,0.011235658504380514,0.007035064919616253,0.008484827307278255,0.007332452076059739,0.006161490147563507,0.006542517441756726,0.006291597028507533,0.00558530253195425,0.0050277016136227115,0.006031383266619482,0.008113093361723894,0.006997891525060816
50009,,,,,,,,,,,,,,0.005715409412898277,0.006365943817618405,0.006561104139034444,0.0060499699638971996,0.005278622026871903,0.005315795421427339,0.004758194503095801,0.004535154135763185,0.0043399938143471465,0.004405047254819159,0.004693141062623788,0.004869714686762109,0.005269328678233045,0.0048790080354009675,0.005204275237761032,0.005046288310900429,0.004869714686762109,0.004813954594928955,0.004721021108540365,0.005287915375510763,0.006031383266619482,0.007388212167892894,0.007620545883864367,0.0074346789110871885,0.008085213315807317,0.009005254831054356,0.010343497035050052,0.011886192909100642,0.013298781902207209,0.012044179835961247,0.01098473809113132,0.011059084880242194,0.011235658504380514,0.007035064919616253,0.008484827307278255,0.007332452076059739,0.006161490147563507,0.006542517441756726,0.006291597028507533,0.00558530253195425,0.0050277016136227115,0.006031383266619482,0.008113093361723894,0.006997891525060816
50011,,,,,,,,,,,,,,0.005715409412898277,0.006365943817618405,0.006561104139034444,0.0060499699638971996,0.005278622026871903,0.005315795421427339,0.004758194503095801,0.004535154135763185,0.0043399938143471465,0.004405047254819159,0.004693141062623788,0.004869714686762109,0.005269328678233045,0.0048790080354009675,0.005204275237761032,0.005046288310900429,0.004869714686762109,0.004813954594928955,0.004721021108540365,0.005287915375510763,0.006031383266619482,0.007388212167892894,0.007620545883864367,0.0074346789110871885,0.008085213315807317,0.009005254831054356,0.010343497035050052,0.011886192909100642,0.013298781902207209,0.012044179835961247,0.01098473809113132,0.011059084880242194,0.011235658504380514,0.007035064919616253,0.008484827307278255,0.007332452076059739,0.006161490147563507,0.006542517441756726,0.006291597028507533,0.00558530253195425,0.0050277016136227115,0.006031383266619482,0.008113093361723894,0.006997891525060816
50013,,,,,,,,,,,,,,0.005715409412898277,0.006365943817618405,0.006561104139034444,0.0060499699638971996,0.005278622026871903,0.005315795421427339,0.004758194503095801,0.004535154135763185,0.0043399938143471465,0.004405047254819159,0.004693141062623788,0.004869714686762109,0.005269328678233045,0.0048790080354009675,0.005204275237761032,0.005046288310900429,0.004869714686762109,0.004813954594928955,0.004721021108540365,0.005287915375510763,0.006031383266619482,0.007388212167892894,0.007620545883864367,0.0074346789110871885,0.008085213315807317,0.009005254831054356,0.010343497035050052,0.011886192909100642,0.013298781902207209,0.012044179835961247,0.01098473809113132,0.011059084880242194,0.011235658504380514,0.007035064919616253,0.008484827307278255,0.007332452076059739,0.006161490147563507,0.006542517441756726,0.006291597028507533,0.00558530253195425,0.0050277016136227115,0.006031383266619482,0.008113093361723894,0.006997891525060816
50015,,,,,,,,,,,,,,0.005715409412898277,0.006365943817618405,0.006561104139034444,0.0060499699638971996,0.005278622026871903,0.005315795421427339,0.004758194503095801,0.004535154135763185,0.0043399938143471465,0.004405047254819159,0.004693141062623788,0.004869714686762109,0.005269328678233045,0.0048790080354009675,0.005204275237761032,0.005046288310900429,0.004869714686762109,0.004813954594928955,0.004721021108540365,0.005287915375510763,0.006031383266619482,0.007388212167892894,0.007620545883864367,0.0074346789110871885,0.008085213315807317,0.009005254831054356,0.010343497035050052,0.011886192909100642,0.013298781902207209,0.012044179835961247,0.01098473809113132,0.011059084880242194,0.011235658504380514,0.007035064919616253,0.008484827307278255,0.007332452076059739,0.006161490147563507,0.006542517441756726,0.006291597028507533,0.00558530253195425,0.0050277016136227115,0.006031383266619482,0.008113093361723894,0.006997891525060816
50017,,,,,,,,,,,,,,0.005715409412898277,0.006365943817618405,0.006561104139034444,0.0060499699638971996,0.005278622026871903,0.005315795421427339,0.004758194503095801,0.004535154135763185,0.0043399938143471465,0.004405047254819159,0.004693141062623788,0.004869714686762109,0.005269328678233045,0.0048790080354009675,0.005204275237761032,0.005046288310900429,0.004869714686762109,0.004813954594928955,0.004721021108540365,0.005287915375510763,0.006031383266619482,0.007388212167892894,0.007620545883864367,0.0074346789110871885,0.008085213315807317,0.009005254831054356,0.010343497035050052,0.011886192909100642,0.013298781902207209,0.012044179835961247,0.01098473809113132,0.011059084880242194,0.011235658504380514,0.007035064919616253,0.008484827307278255,0.007332452076059739,0.006161490147563507,0.006542517441756726,0.006291597028507533,0.00558530253195425,0.0050277016136227115,0.006031383266619482,0.008113093361723894,0.006997891525060816
50019,,,,,,,,,,,,,,0.005715409412898277,0.006365943817618405,0.006561104139034444,0.0060499699638971996,0.005278622026871903,0.005315795421427339,0.004758194503095801,0.004535154135763185,0.0043399938143471465,0.004405047254819159,0.004693141062623788,0.004869714686762109,0.005269328678233045,0.0048790080354009675,0.005204275237761032,0.005046288310900429,0.004869714686762109,0.004813954594928955,0.004721021108540365,0.005287915375510763,0.006031383266619482,0.007388212167892894,0.007620545883864367,0.0074346789110871885,0.008085213315807317,0.009005254831054356,0.010343497035050052,0.011886192909100642,0.013298781902207209,0.012044179835961247,0.01098473809113132,0.011059084880242194,0.011235658504380514,0.007035064919616253,0.008484827307278255,0.007332452076059739,0.006161490147563507,0.006542517441756726,0.006291597028507533,0.00558530253195425,0.0050277016136227115,0.006031383266619482,0.008113093361723894,0.006997891525060816
50021,,,,,,,,,,,,,,0.005715409412898277,0.006365943817618405,0.006561104139034444,0.0060499699638971996,0.005278622026871903,0.005315795421427339,0.004758194503095801,0.004535154135763185,0.0043399938143471465,0.004405047254819159,0.004693141062623788,0.004869714686762109,0.005269328678233045,0.0048790080354009675,0.005204275237761032,0.005046288310900429,0.004869714686762109,0.004813954594928955,0.004721021108540365,0.005287915375510763,0.006031383266619482,0.007388212167892894,0.007620545883864367,0.0074346789110871885,0.008085213315807317,0.009005254831054356,0.010343497035050052,0.011886192909100642,0.013298781902207209,0.012044179835961247,0.01098473809113132,0.011059084880242194,0.011235658504380514,0.007035064919616253,0.008484827307278255,0.007332452076059739,0.006161490147563507,0.006542517441756726,0.006291597028507533,0.00558530253195425,0.0050277016136227115,0.006031383266619482,0.008113093361723894,0.006997891525060816
50023,,,,,,,,,,,,,,0.005715409412898277,0.006365943817618405,0.006561104139034444,0.0060499699638971996,0.005278622026871903,0.005315795421427339,0.004758194503095801,0.004535154135763185,0.0043399938143471465,0.004405047254819159,0.004693141062623788,0.004869714686762109,0.005269328678233045,0.0048790080354009675,0.005204275237761032,0.005046288310900429,0.004869714686762109,0.004813954594928955,0.004721021108540365,0.005287915375510763,0.006031383266619482,0.007388212167892894,0.007620545883864367,0.0074346789110871885,0.008085213315807317,0.009005254831054356,0.010343497035050052,0.011886192909100642,0.013298781902207209,0.012044179835961247,0.01098473809113132,0.011059084880242194,0.011235658504380514,0.007035064919616253,0.008484827307278255,0.007332452076059739,0.006161490147563507,0.006542517441756726,0.006291597028507533,0.00558530253195425,0.0050277016136227115,0.006031383266619482,0.008113093361723894,0.006997891525060816
50025,,,,,,,,,,,,,,0.005715409412898277,0.006365943817618405,0.006561104139034444,0.0060499699638971996,0.005278622026871903,0.005315795421427339,0.004758194503095801,0.004535154135763185,0.0043399938143471465,0.004405047254819159,0.004693141062623788,0.004869714686762109,0.005269328678233045,0.0048790080354009675,0.005204275237761032,0.005046288310900429,0.004869714686762109,0.004813954594928955,0.004721021108540365,0.005287915375510763,0.006031383266619482,0.007388212167892894,0.007620545883864367,0.0074346789110871885,0.008085213315807317,0.009005254831054356,0.010343497035050052,0.011886192909100642,0.013298781902207209,0.012044179835961247,0.01098473809113132,0.011059084880242194,0.011235658504380514,0.007035064919616253,0.008484827307278255,0.007332452076059739,0.006161490147563507,0.006542517441756726,0.006291597028507533,0.00558530253195425,0.0050277016136227115,0.006031383266619482,0.008113093361723894,0.006997891525060816
50027,,,,,,,,,,,,,,0.005715409412898277,0.006365943817618405,0.006561104139034444,0.0060499699638971996,0.005278622026871903,0.005315795421427339,0.004758194503095801,0.004535154135763185,0.0043399938143471465,0.004405047254819159,0.004693141062623788,0.004869714686762109,0.005269328678233045,0.0048790080354009675,0.005204275237761032,0.005046288310900429,0.004869714686762109,0.004813954594928955,0.004721021108540365,0.005287915375510763,0.006031383266619482,0.007388212167892894,0.007620545883864367,0.0074346789110871885,0.008085213315807317,0.009005254831054356,0.010343497035050052,0.011886192909100642,0.013298781902207209,0.012044179835961247,0.01098473809113132,0.011059084880242194,0.011235658504380514,0.007035064919616253,0.008484827307278255,0.007332452076059739,0.006161490147563507,0.006542517441756726,0.006291597028507533,0.00558530253195425,0.0050277016136227115,0.006031383266619482,0.008113093361723894,0.006997891525060816
51001,0.0008642814234138857,0.0009200415152470396,0.0009014548179693216,0.0008921614693304626,0.0009293348638858986,0.0010222683502744885,0.0010501483961910653,0.0012081353230516683,0.0015984559658837455,0.0017657362413832072,0.0022582837192427338,0.0024534440406587723,0.002908818123962862,0.0035035924368498374,0.0038846197310430557,0.004990528219067276,0.005799049550648007,0.005668942669703981,0.005557422486037674,0.004897594732678685,0.004312113768430569,0.004135540144292248,0.0045816208789574795,0.0045816208789574795,0.004507274089846608,0.004618794273512915,0.005204275237761032,0.005269328678233045,0.004721021108540365,0.0055109557428433785,0.0059942098720640455,0.0056875293669816996,0.005566715834676533,0.007035064919616253,0.00869857432597201,0.00669121101997847,0.00880080116099946,0.009414162171164153,0.011012618137047897,0.011579512404018296,0.011142725017991923,0.011904779606378361,0.009581442446663615,0.008875147950110332,0.009005254831054356,0.00815026675627933,0.008206026848112485,0.00852200070183369,0.007555492443392356,0.006719091065895047,0.00742538556244833,0.00750902570019806,0.007927226388946714,0.007546199094753496,0.008670694280055433,0.010724524329243269,
51003,0.0008642814234138857,0.0009200415152470396,0.0009014548179693216,0.0008921614693304626,0.0009293348638858986,0.0010222683502744885,0.0010501483961910653,0.0012081353230516683,0.0015984559658837455,0.0017657362413832072,0.0022582837192427338,0.0024534440406587723,0.002908818123962862,0.0035035924368498374,0.0038846197310430557,0.004990528219067276,0.005799049550648007,0.005668942669703981,0.005557422486037674,0.004897594732678685,0.004312113768430569,0.004135540144292248,0.0045816208789574795,0.0045816208789574795,0.004507274089846608,0.004618794273512915,0.005204275237761032,0.005269328678233045,0.004721021108540365,0.0055109557428433785,0.0059942098720640455,0.0056875293669816996,0.005566715834676533,0.007035064919616253,0.00869857432597201,0.00669121101997847,0.00880080116099946,0.009414162171164153,0.011012618137047897,0.011579512404018296,0.011142725017991923,0.011904779606378361,0.009581442446663615,0.008875147950110332,0.009005254831054356,0.00815026675627933,0.008206026848112485,0.00852200070183369,0.007555492443392356,0.006719091065895047,0.00742538556244833,0.00750902570019806,0.007927226388946714,0.007546199094753496,0.008670694280055433,0.010724524329243269,
51005,0.0008642814234138857,0.0009200415152470396,0.0009014548179693216,0.0008921614693304626,0.0009293348638858986,0.0010222683502744885,0.0010501483961910653,0.0012081353230516683,0.0015984559658837455,0.0017657362413832072,0.0022582837192427338,0.0024534440406587723,0.002908818123962862,0.0035035924368498374,0.0038846197310430557,0.004990528219067276,0.005799049550648007,0.005668942669703981,0.005557422486037674,0.004897594732678685,0.004312113768430569,0.004135540144292248,0.0045816208789574795,0.0045816208789574795,0.004507274089846608,0.004618794273512915,0.005204275237761032,0.005269328678233045,0.004721021108540365,0.0055109557428433785,0.0059942098720640455,0.0056875293669816996,0.005566715834676533,0.007035064919616253,0.00869857432597201,0.00669121101997847,0.00880080116099946,0.009414162171164153,0.011012618137047897,0.011579512404018296,0.011142725017991923,0.011904779606378361,0.009581442446663615,0.008875147950110332,0.009005254831054356,0.00815026675627933,0.008206026848112485,0.00852200070183369,0.007555492443392356,0.006719091065895047,0.00742538556244833,0.00750902570019806,0.007927226388946714,0.007546199094753496,0.008670694280055433,0.010724524329243269,
51007,0.0008642814234138857,0.0009200415152470396,0.0009014548179693216,0.0008921614693304626,0.0009293348638858986,0.0010222683502744885,0.0010501483961910653,0.0012081353230516683,0.0015984559658837455,0.0017657362413832072,0.0022582837192427338,0.0024534440406587723,0.002908818123962862,0.0035035924368498374,0.0038846197310430557,0.004990528219067276,0.005799049550648007,0.005668942669703981,0.005557422486037674,0.004897594732678685,0.004312113768430569,0.004135540144292248,0.0045816208789574795,0.0045816208789574795,0.004507274089846608,0.004618794273512915,0.005204275237761032,0.005269328678233045,0.004721021108540365,0.0055109557428433785,0.0059942098720640455,0.0056875293669816996,0.005566715834676533,0.007035064919616253,0.00869857432597201,0.00669121101997847,0.00880080116099946,0.009414162171164153,0.011012618137047897,0.011579512404018296,0.011142725017991923,0.011904779606378361,0.009581442446663615,0.008875147950110332,0.009005254831054356,0.00815026675627933,0.008206026848112485,0.00852200070183369,0.007555492443392356,0.006719091065895047,0.00742538556244833,0.00750902570019806,0.007927226388946714,0.007546199094753496,0.008670694280055433,0.010724524329243269,
51009,0.0008642814234138857,0.0009200415152470396,0.0009014548179693216,0.0008921614693304626,0.0009293348638858986,0.0010222683502744885,0.0010501483961910653,0.0012081353230516683,0.0015984559658837455,0.0017657362413832072,0.0022582837192427338,0.0024534440406587723,0.002908818123962862,0.0035035924368498374,0.0038846197310430557,0.004990528219067276,0.005799049550648007,0.005668942669703981,0.005557422486037674,0.004897594732678685,0.004312113768430569,0.004135540144292248,0.0045816208789574795,0.0045816208789574795,0.004507274089846608,0.004618794273512915,0.005204275237761032,0.005269328678233045,0.004721021108540365,0.0055109557428433785,0.0059942098720640455,0.0056875293669816996,0.005566715834676533,0.007035064919616253,0.00869857432597201,0.00669121101997847,0.00880080116099946,0.009414162171164153,0.011012618137047897,0.011579512404018296,0.011142725017991923,0.011904779606378361,0.009581442446663615,0.008875147950110332,0.009005254831054356,0.00815026675627933,0.008206026848112485,0.00852200070183369,0.007555492443392356,0.006719091065895047,0.00742538556244833,0.00750902570019806,0.007927226388946714,0.007546199094753496,0.008670694280055433,0.010724524329243269,
51011,0.0008642814234138857,0.0009200415152470396,0.0009014548179693216,0.0008921614693304626,0.0009293348638858986,0.0010222683502744885,0.0010501483961910653,0.0012081353230516683,0.0015984559658837455,0.0017657362413832072,0.0022582837192427338,0.0024534440406587723,0.002908818123962862,0.0035035924368498374,0.0038846197310430557,0.004990528219067276,0.005799049550648007,0.005668942669703981,0.005557422486037674,0.004897594732678685,0.004312113768430569,0.004135540144292248,0.0045816208789574795,0.0045816208789574795,0.004507274089846608,0.004618794273512915,0.005204275237761032,0.005269328678233045,0.004721021108540365,0.0055109557428433785,0.0059942098720640455,0.0056875293669816996,0.005566715834676533,0.007035064919616253,0.00869857432597201,0.00669121101997847,0.00880080116099946,0.009414162171164153,0.011012618137047897,0.011579512404018296,0.011142725017991923,0.011904779606378361,0.009581442446663615,0.008875147950110332,0.009005254831054356,0.00815026675627933,0.008206026848112485,0.00852200070183369,0.007555492443392356,0.006719091065895047,0.00742538556244833,0.00750902570019806,0.007927226388946714,0.007546199094753496,0.008670694280055433,0.010724524329243269,
51013,0.0008642814234138857,0.0009200415152470396,0.0009014548179693216,0.0008921614693304626,0.0009293348638858986,0.0010222683502744885,0.0010501483961910653,0.0012081353230516683,0.0015984559658837455,0.0017657362413832072,0.0022582837192427338,0.0024534440406587723,0.002908818123962862,0.0035035924368498374,0.0038846197310430557,0.004990528219067276,0.005799049550648007,0.005668942669703981,0.005557422486037674,0.004897594732678685,0.004312113768430569,0.004135540144292248,0.0045816208789574795,0.0045816208789574795,0.004507274089846608,0.004618794273512915,0.005204275237761032,0.005269328678233045,0.004721021108540365,0.0055109557428433785,0.0059942098720640455,0.0056875293669816996,0.005566715834676533,0.007035064919616253,0.00869857432597201,0.00669121101997847,0.00880080116099946,0.009414162171164153,0.011012618137047897,0.011579512404018296,0.011142725017991923,0.011904779606378361,0.009581442446663615,0.008875147950110332,0.009005254831054356,0.00815026675627933,0.008206026848112485,0.00852200070183369,0.007555492443392356,0.006719091065895047,0.00742538556244833,0.00750902570019806,0.007927226388946714,0.007546199094753496,0.008670694280055433,0.010724524329243269,
51015,0.0008642814234138857,0.0009200415152470396,0.0009014548179693216,0.0008921614693304626,0.0009293348638858986,0.0010222683502744885,0.0010501483961910653,0.0012081353230516683,0.0015984559658837455,0.0017657362413832072,0.0022582837192427338,0.0024534440406587723,0.002908818123962862,0.0035035924368498374,0.0038846197310430557,0.004990528219067276,0.005799049550648007,0.005668942669703981,0.005557422486037674,0.004897594732678685,0.004312113768430569,0.004135540144292248,0.0045816208789574795,0.0045816208789574795,0.004507274089846608,0.004618794273512915,0.005204275237761032,0.005269328678233045,0.004721021108540365,0.0055109557428433785,0.0059942098720640455,0.0056875293669816996,0.005566715834676533,0.007035064919616253,0.00869857432597201,0.00669121101997847,0.00880080116099946,0.009414162171164153,0.011012618137047897,0.011579512404018296,0.011142725017991923,0.011904779606378361,0.009581442446663615,0.008875147950110332,0.009005254831054356,0.00815026675627933,0.008206026848112485,0.00852200070183369,0.007555492443392356,0.006719091065895047,0.00742538556244833,0.00750902570019806,0.007927226388946714,0.007546199094753496,0.008670694280055433,0.010724524329243269,
51017,0.0008642814234138857,0.0009200415152470396,0.0009014548179693216,0.0008921614693304626,0.0009293348638858986,0.0010222683502744885,0.0010501483961910653,0.0012081353230516683,0.0015984559658837455,0.0017657362413832072,0.0022582837192427338,0.0024534440406587723,0.002908818123962862,0.0035035924368498374,0.0038846197310430557,0.004990528219067276,0.005799049550648007,0.005668942669703981,0.005557422486037674,0.004897594732678685,0.004312113768430569,0.004135540144292248,0.0045816208789574795,0.0045816208789574795,0.004507274089846608,0.004618794273512915,0.005204275237761032,0.005269328678233045,0.004721021108540365,0.0055109557428433785,0.0059942098720640455,0.0056875293669816996,0.005566715834676533,0.007035064919616253,0.00869857432597201,0.00669121101997847,0.00880080116099946,0.009414162171164153,0.011012618137047897,0.011579512404018296,0.011142725017991923,0.011904779606378361,0.009581442446663615,0.008875147950110332,0.009005254831054356,0.00815026675627933,0.008206026848112485,0.00852200070183369,0.007555492443392356,0.006719091065895047,0.00742538556244833,0.00750902570019806,0.007927226388946714,0.007546199094753496,0.008670694280055433,0.010724524329243269,
51019,0.0008642814234138857,0.0009200415152470396,0.0009014548179693216,0.0008921614693304626,0.0009293348638858986,0.0010222683502744885,0.0010501483961910653,0.0012081353230516683,0.0015984559658837455,0.0017657362413832072,0.0022582837192427338,0.0024534440406587723,0.002908818123962862,0.0035035924368498374,0.0038846197310430557,0.004990528219067276,0.005799049550648007,0.005668942669703981,0.005557422486037674,0.004897594732678685,0.004312113768430569,0.004135540144292248,0.0045816208789574795,0.0045816208789574795,0.004507274089846608,0.004618794273512915,0.005204275237761032,0.005269328678233045,0.004721021108540365,0.0055109557428433785,0.0059942098720640455,0.0056875293669816996,0.005566715834676533,0.007035064919616253,0.00869857432597201,0.00669121101997847,0.00880080116099946,0.009414162171164153,0.011012618137047897,0.011579512404018296,0.011142725017991923,0.011904779606378361,0.009581442446663615,0.008875147950110332,0.009005254831054356,0.00815026675627933,0.008206026848112485,0.00852200070183369,0.007555492443392356,0.006719091065895047,0.00742538556244833,0.00750902570019806,0.007927226388946714,0.007546199094753496,0.008670694280055433,0.010724524329243269,
51021,0.0008642814234138857,0.0009200415152470396,0.0009014548179693216,0.0008921614693304626,0.0009293348638858986,0.0010222683502744885,0.0010501483961910653,0.0012081353230516683,0.0015984559658837455,0.0017657362413832072,0.0022582837192427338,0.0024534440406587723,0.002908818123962862,0.0035035924368498374,0.0038846197310430557,0.004990528219067276,0.005799049550648007,0.005668942669703981,0.005557422486037674,0.004897594732678685,0.004312113768430569,0.004135540144292248,0.0045816208789574795,0.0045816208789574795,0.004507274089846608,0.004618794273512915,0.005204275237761032,0.005269328678233045,0.004721021108540365,0.0055109557428433785,0.0059942098720640455,0.0056875293669816996,0.005566715834676533,0.007035064919616253,0.00869857432597201,0.00669121101997847,0.00880080116099946,0.009414162171164153,0.011012618137047897,0.011579512404018296,0.011142725017991923,0.011904779606378361,0.009581442446663615,0.008875147950110332,0.009005254831054356,0.00815026675627933,0.008206026848112485,0.00852200070183369,0.007555492443392356,0.006719091065895047,0.00742538556244833,0.00750902570019806,0.007927226388946714,0.007546199094753496,0.008670694280055433,0.010724524329243269,
51023,0.0008642814234138857,0.0009200415152470396,0.0009014548179693216,0.0008921614693304626,0.0009293348638858986,0.0010222683502744885,0.0010501483961910653,0.0012081353230516683,0.0015984559658837455,0.0017657362413832072,0.0022582837192427338,0.0024534440406587723,0.002908818123962862,0.0035035924368498374,0.0038846197310430557,0.004990528219067276,0.005799049550648007,0.005668942669703981,0.005557422486037674,0.004897594732678685,0.004312113768430569,0.004135540144292248,0.0045816208789574795,0.0045816208789574795,0.004507274089846608,0.004618794273512915,0.005204275237761032,0.005269328678233045,0.004721021108540365,0.0055109557428433785,0.0059942098720640455,0.0056875293669816996,0.005566715834676533,0.007035064919616253,0.00869857432597201,0.00669121101997847,0.00880080116099946,0.009414162171164153,0.011012618137047897,0.011579512404018296,0.011142725017991923,0.011904779606378361,0.009581442446663615,0.008875147950110332,0.009005254831054356,0.00815026675627933,0.008206026848112485,0.00852200070183369,0.007555492443392356,0.006719091065895047,0.00742538556244833,0.00750902570019806,0.007927226388946714,0.007546199094753496,0.008670694280055433,0.010724524329243269,
51025,0.0008642814234138857,0.0009200415152470396,0.0009014548179693216,0.0008921614693304626,0.0009293348638858986,0.0010222683502744885,0.0010501483961910653,0.0012081353230516683,0.0015984559658837455,0.0017657362413832072,0.0022582837192427338,0.0024534440406587723,0.002908818123962862,0.0035035924368498374,0.0038846197310430557,0.004990528219067276,0.005799049550648007,0.005668942669703981,0.005557422486037674,0.004897594732678685,0.004312113768430569,0.004135540144292248,0.0045816208789574795,0.0045816208789574795,0.004507274089846608,0.004618794273512915,0.005204275237761032,0.005269328678233045,0.004721021108540365,0.0055109557428433785,0.0059942098720640455,0.0056875293669816996,0.005566715834676533,0.007035064919616253,0.00869857432597201,0.00669121101997847,0.00880080116099946,0.009414162171164153,0.011012618137047897,0.011579512404018296,0.011142725017991923,0.011904779606378361,0.009581442446663615,0.008875147950110332,0.009005254831054356,0.00815026675627933,0.008206026848112485,0.00852200070183369,0.007555492443392356,0.006719091065895047,0.00742538556244833,0.00750902570019806,0.007927226388946714,0.007546199094753496,0.008670694280055433,0.010724524329243269,
51027,0.0008642814234138857,0.0009200415152470396,0.0009014548179693216,0.0008921614693304626,0.0009293348638858986,0.0010222683502744885,0.0010501483961910653,0.0012081353230516683,0.0015984559658837455,0.0017657362413832072,0.0022582837192427338,0.0024534440406587723,0.002908818123962862,0.0035035924368498374,0.0038846197310430557,0.004990528219067276,0.005799049550648007,0.005668942669703981,0.005557422486037674,0.004897594732678685,0.004312113768430569,0.004135540144292248,0.0045816208789574795,0.0045816208789574795,0.004507274089846608,0.004618794273512915,0.005204275237761032,0.005269328678233045,0.004721021108540365,0.0055109557428433785,0.0059942098720640455,0.0056875293669816996,0.005566715834676533,0.007035064919616253,0.00869857432597201,0.00669121101997847,0.00880080116099946,0.009414162171164153,0.011012618137047897,0.011579512404018296,0.011142725017991923,0.011904779606378361,0.009581442446663615,0.008875147950110332,0.009005254831054356,0.00815026675627933,0.008206026848112485,0.00852200070183369,0.007555492443392356,0.006719091065895047,0.00742538556244833,0.00750902570019806,0.007927226388946714,0.007546199094753496,0.008670694280055433,0.010724524329243269,
51029,0.0008642814234138857,0.0009200415152470396,0.0009014548179693216,0.0008921614693304626,0.0009293348638858986,0.0010222683502744885,0.0010501483961910653,0.0012081353230516683,0.0015984559658837455,0.0017657362413832072,0.0022582837192427338,0.0024534440406587723,0.002908818123962862,0.0035035924368498374,0.0038846197310430557,0.004990528219067276,0.005799049550648007,0.005668942669703981,0.005557422486037674,0.004897594732678685,0.004312113768430569,0.004135540144292248,0.0045816208789574795,0.0045816208789574795,0.004507274089846608,0.004618794273512915,0.005204275237761032,0.005269328678233045,0.004721021108540365,0.0055109557428433785,0.0059942098720640455,0.0056875293669816996,0.005566715834676533,0.007035064919616253,0.00869857432597201,0.00669121101997847,0.00880080116099946,0.009414162171164153,0.011012618137047897,0.011579512404018296,0.011142725017991923,0.011904779606378361,0.009581442446663615,0.008875147950110332,0.009005254831054356,0.00815026675627933,0.008206026848112485,0.00852200070183369,0.007555492443392356,0.006719091065895047,0.00742538556244833,0.00750902570019806,0.007927226388946714,0.007546199094753496,0.008670694280055433,0.010724524329243269,
51031,0.0008642814234138857,0.0009200415152470396,0.0009014548179693216,0.0008921614693304626,0.0009293348638858986,0.0010222683502744885,0.0010501483961910653,0.0012081353230516683,0.0015984559658837455,0.0017657362413832072,0.0022582837192427338,0.0024534440406587723,0.002908818123962862,0.0035035924368498374,0.0038846197310430557,0.004990528219067276,0.005799049550648007,0.005668942669703981,0.005557422486037674,0.004897594732678685,0.004312113768430569,0.004135540144292248,0.0045816208789574795,0.0045816208789574795,0.004507274089846608,0.004618794273512915,0.005204275237761032,0.005269328678233045,0.004721021108540365,0.0055109557428433785,0.0059942098720640455,0.0056875293669816996,0.005566715834676533,0.007035064919616253,0.00869857432597201,0.00669121101997847,0.00880080116099946,0.009414162171164153,0.011012618137047897,0.011579512404018296,0.011142725017991923,0.011904779606378361,0.009581442446663615,0.008875147950110332,0.009005254831054356,0.00815026675627933,0.008206026848112485,0.00852200070183369,0.007555492443392356,0.006719091065895047,0.00742538556244833,0.00750902570019806,0.007927226388946714,0.007546199094753496,0.008670694280055433,0.010724524329243269,
51033,0.0008642814234138857,0.0009200415152470396,0.0009014548179693216,0.0008921614693304626,0.0009293348638858986,0.0010222683502744885,0.0010501483961910653,0.0012081353230516683,0.0015984559658837455,0.0017657362413832072,0.0022582837192427338,0.0024534440406587723,0.002908818123962862,0.0035035924368498374,0.0038846197310430557,0.004990528219067276,0.005799049550648007,0.005668942669703981,0.005557422486037674,0.004897594732678685,0.004312113768430569,0.004135540144292248,0.0045816208789574795,0.0045816208789574795,0.004507274089846608,0.004618794273512915,0.005204275237761032,0.005269328678233045,0.004721021108540365,0.0055109557428433785,0.0059942098720640455,0.0056875293669816996,0.005566715834676533,0.007035064919616253,0.00869857432597201,0.00669121101997847,0.00880080116099946,0.009414162171164153,0.011012618137047897,0.011579512404018296,0.011142725017991923,0.011904779606378361,0.009581442446663615,0.008875147950110332,0.009005254831054356,0.00815026675627933,0.008206026848112485,0.00852200070183369,0.007555492443392356,0.006719091065895047,0.00742538556244833,0.00750902570019806,0.007927226388946714,0.007546199094753496,0.008670694280055433,0.010724524329243269,
51035,0.0008642814234138857,0.0009200415152470396,0.0009014548179693216,0.0008921614693304626,0.0009293348638858986,0.0010222683502744885,0.0010501483961910653,0.0012081353230516683,0.0015984559658837455,0.0017657362413832072,0.0022582837192427338,0.0024534440406587723,0.002908818123962862,0.0035035924368498374,0.0038846197310430557,0.004990528219067276,0.005799049550648007,0.005668942669703981,0.005557422486037674,0.004897594732678685,0.004312113768430569,0.004135540144292248,0.0045816208789574795,0.0045816208789574795,0.004507274089846608,0.004618794273512915,0.005204275237761032,0.005269328678233045,0.004721021108540365,0.0055109557428433785,0.0059942098720640455,0.0056875293669816996,0.005566715834676533,0.007035064919616253,0.00869857432597201,0.00669121101997847,0.00880080116099946,0.009414162171164153,0.011012618137047897,0.011579512404018296,0.011142725017991923,0.011904779606378361,0.009581442446663615,0.008875147950110332,0.009005254831054356,0.00815026675627933,0.008206026848112485,0.00852200070183369,0.007555492443392356,0.006719091065895047,0.00742538556244833,0.00750902570019806,0.007927226388946714,0.007546199094753496,0.008670694280055433,0.010724524329243269,
51036,0.0008642814234138857,0.0009200415152470396,0.0009014548179693216,0.0008921614693304626,0.0009293348638858986,0.0010222683502744885,0.0010501483961910653,0.0012081353230516683,0.0015984559658837455,0.0017657362413832072,0.0022582837192427338,0.0024534440406587723,0.002908818123962862,0.0035035924368498374,0.0038846197310430557,0.004990528219067276,0.005799049550648007,0.005668942669703981,0.005557422486037674,0.004897594732678685,0.004312113768430569,0.004135540144292248,0.0045816208789574795,0.0045816208789574795,0.004507274089846608,0.004618794273512915,0.005204275237761032,0.005269328678233045,0.004721021108540365,0.0055109557428433785,0.0059942098720640455,0.0056875293669816996,0.005566715834676533,0.007035064919616253,0.00869857432597201,0.00669121101997847,0.00880080116099946,0.009414162171164153,0.011012618137047897,0.011579512404018296,0.011142725017991923,0.011904779606378361,0.009581442446663615,0.008875147950110332,0.009005254831054356,0.00815026675627933,0.008206026848112485,0.00852200070183369,0.007555492443392356,0.006719091065895047,0.00742538556244833,0.00750902570019806,0.007927226388946714,0.007546199094753496,0.008670694280055433,0.010724524329243269,
51037,0.0008642814234138857,0.0009200415152470396,0.0009014548179693216,0.0008921614693304626,0.0009293348638858986,0.0010222683502744885,0.0010501483961910653,0.0012081353230516683,0.0015984559658837455,0.0017657362413832072,0.0022582837192427338,0.0024534440406587723,0.002908818123962862,0.0035035924368498374,0.0038846197310430557,0.004990528219067276,0.005799049550648007,0.005668942669703981,0.005557422486037674,0.004897594732678685,0.004312113768430569,0.004135540144292248,0.0045816208789574795,0.0045816208789574795,0.004507274089846608,0.004618794273512915,0.005204275237761032,0.005269328678233045,0.004721021108540365,0.0055109557428433785,0.0059942098720640455,0.0056875293669816996,0.005566715834676533,0.007035064919616253,0.00869857432597201,0.00669121101997847,0.00880080116099946,0.009414162171164153,0.011012618137047897,0.011579512404018296,0.011142725017991923,0.011904779606378361,0.009581442446663615,0.008875147950110332,0.009005254831054356,0.00815026675627933,0.008206026848112485,0.00852200070183369,0.007555492443392356,0.006719091065895047,0.00742538556244833,0.00750902570019806,0.007927226388946714,0.007546199094753496,0.008670694280055433,0.010724524329243269,
51041,0.0008642814234138857,0.0009200415152470396,0.0009014548179693216,0.0008921614693304626,0.0009293348638858986,0.0010222683502744885,0.0010501483961910653,0.0012081353230516683,0.0015984559658837455,0.0017657362413832072,0.0022582837192427338,0.0024534440406587723,0.002908818123962862,0.0035035924368498374,0.0038846197310430557,0.004990528219067276,0.005799049550648007,0.005668942669703981,0.005557422486037674,0.004897594732678685,0.004312113768430569,0.004135540144292248,0.0045816208789574795,0.0045816208789574795,0.004507274089846608,0.004618794273512915,0.005204275237761032,0.005269328678233045,0.004721021108540365,0.0055109557428433785,0.0059942098720640455,0.0056875293669816996,0.005566715834676533,0.007035064919616253,0.00869857432597201,0.00669121101997847,0.00880080116099946,0.009414162171164153,0.011012618137047897,0.011579512404018296,0.011142725017991923,0.011904779606378361,0.009581442446663615,0.008875147950110332,0.009005254831054356,0.00815026675627933,0.008206026848112485,0.00852200070183369,0.007555492443392356,0.006719091065895047,0.00742538556244833,0.00750902570019806,0.007927226388946714,0.007546199094753496,0.008670694280055433,0.010724524329243269,
51043,0.0008642814234138857,0.0009200415152470396,0.0009014548179693216,0.0008921614693304626,0.0009293348638858986,0.0010222683502744885,0.0010501483961910653,0.0012081353230516683,0.0015984559658837455,0.0017657362413832072,0.0022582837192427338,0.0024534440406587723,0.002908818123962862,0.0035035924368498374,0.0038846197310430557,0.004990528219067276,0.005799049550648007,0.005668942669703981,0.005557422486037674,0.004897594732678685,0.004312113768430569,0.004135540144292248,0.0045816208789574795,0.0045816208789574795,0.004507274089846608,0.004618794273512915,0.005204275237761032,0.005269328678233045,0.004721021108540365,0.0055109557428433785,0.0059942098720640455,0.0056875293669816996,0.005566715834676533,0.007035064919616253,0.00869857432597201,0.00669121101997847,0.00880080116099946,0.009414162171164153,0.011012618137047897,0.011579512404018296,0.011142725017991923,0.011904779606378361,0.009581442446663615,0.008875147950110332,0.009005254831054356,0.00815026675627933,0.008206026848112485,0.00852200070183369,0.007555492443392356,0.006719091065895047,0.00742538556244833,0.00750902570019806,0.007927226388946714,0.007546199094753496,0.008670694280055433,0.010724524329243269,
51045,0.0008642814234138857,0.0009200415152470396,0.0009014548179693216,0.0008921614693304626,0.0009293348638858986,0.0010222683502744885,0.0010501483961910653,0.0012081353230516683,0.0015984559658837455,0.0017657362413832072,0.0022582837192427338,0.0024534440406587723,0.002908818123962862,0.0035035924368498374,0.0038846197310430557,0.004990528219067276,0.005799049550648007,0.005668942669703981,0.005557422486037674,0.004897594732678685,0.004312113768430569,0.004135540144292248,0.0045816208789574795,0.0045816208789574795,0.004507274089846608,0.004618794273512915,0.005204275237761032,0.005269328678233045,0.004721021108540365,0.0055109557428433785,0.0059942098720640455,0.0056875293669816996,0.005566715834676533,0.007035064919616253,0.00869857432597201,0.00669121101997847,0.00880080116099946,0.009414162171164153,0.011012618137047897,0.011579512404018296,0.011142725017991923,0.011904779606378361,0.009581442446663615,0.008875147950110332,0.009005254831054356,0.00815026675627933,0.008206026848112485,0.00852200070183369,0.007555492443392356,0.006719091065895047,0.00742538556244833,0.00750902570019806,0.007927226388946714,0.007546199094753496,0.008670694280055433,0.010724524329243269,
51047,0.0008642814234138857,0.0009200415152470396,0.0009014548179693216,0.0008921614693304626,0.0009293348638858986,0.0010222683502744885,0.0010501483961910653,0.0012081353230516683,0.0015984559658837455,0.0017657362413832072,0.0022582837192427338,0.0024534440406587723,0.002908818123962862,0.0035035924368498374,0.0038846197310430557,0.004990528219067276,0.005799049550648007,0.005668942669703981,0.005557422486037674,0.004897594732678685,0.004312113768430569,0.004135540144292248,0.0045816208789574795,0.0045816208789574795,0.004507274089846608,0.004618794273512915,0.005204275237761032,0.005269328678233045,0.004721021108540365,0.0055109557428433785,0.0059942098720640455,0.0056875293669816996,0.005566715834676533,0.007035064919616253,0.00869857432597201,0.00669121101997847,0.00880080116099946,0.009414162171164153,0.011012618137047897,0.011579512404018296,0.011142725017991923,0.011904779606378361,0.009581442446663615,0.008875147950110332,0.009005254831054356,0.00815026675627933,0.008206026848112485,0.00852200070183369,0.007555492443392356,0.006719091065895047,0.00742538556244833,0.00750902570019806,0.007927226388946714,0.007546199094753496,0.008670694280055433,0.010724524329243269,
51049,0.0008642814234138857,0.0009200415152470396,0.0009014548179693216,0.0008921614693304626,0.0009293348638858986,0.0010222683502744885,0.0010501483961910653,0.0012081353230516683,0.0015984559658837455,0.0017657362413832072,0.0022582837192427338,0.0024534440406587723,0.002908818123962862,0.0035035924368498374,0.0038846197310430557,0.004990528219067276,0.005799049550648007,0.005668942669703981,0.005557422486037674,0.004897594732678685,0.004312113768430569,0.004135540144292248,0.0045816208789574795,0.0045816208789574795,0.004507274089846608,0.004618794273512915,0.005204275237761032,0.005269328678233045,0.004721021108540365,0.0055109557428433785,0.0059942098720640455,0.0056875293669816996,0.005566715834676533,0.007035064919616253,0.00869857432597201,0.00669121101997847,0.00880080116099946,0.009414162171164153,0.011012618137047897,0.011579512404018296,0.011142725017991923,0.011904779606378361,0.009581442446663615,0.008875147950110332,0.009005254831054356,0.00815026675627933,0.008206026848112485,0.00852200070183369,0.007555492443392356,0.006719091065895047,0.00742538556244833,0.00750902570019806,0.007927226388946714,0.007546199094753496,0.008670694280055433,0.010724524329243269,
51051,0.0008642814234138857,0.0009200415152470396,0.0009014548179693216,0.0008921614693304626,0.0009293348638858986,0.0010222683502744885,0.0010501483961910653,0.0012081353230516683,0.0015984559658837455,0.0017657362413832072,0.0022582837192427338,0.0024534440406587723,0.002908818123962862,0.0035035924368498374,0.0038846197310430557,0.004990528219067276,0.005799049550648007,0.005668942669703981,0.005557422486037674,0.004897594732678685,0.004312113768430569,0.004135540144292248,0.0045816208789574795,0.0045816208789574795,0.004507274089846608,0.004618794273512915,0.005204275237761032,0.005269328678233045,0.004721021108540365,0.0055109557428433785,0.0059942098720640455,0.0056875293669816996,0.005566715834676533,0.007035064919616253,0.00869857432597201,0.00669121101997847,0.00880080116099946,0.009414162171164153,0.011012618137047897,0.011579512404018296,0.011142725017991923,0.011904779606378361,0.009581442446663615,0.008875147950110332,0.009005254831054356,0.00815026675627933,0.008206026848112485,0.00852200070183369,0.007555492443392356,0.006719091065895047,0.00742538556244833,0.00750902570019806,0.007927226388946714,0.007546199094753496,0.008670694280055433,0.010724524329243269,
51053,0.0008642814234138857,0.0009200415152470396,0.0009014548179693216,0.0008921614693304626,0.0009293348638858986,0.0010222683502744885,0.0010501483961910653,0.0012081353230516683,0.0015984559658837455,0.0017657362413832072,0.0022582837192427338,0.0024534440406587723,0.002908818123962862,0.0035035924368498374,0.0038846197310430557,0.004990528219067276,0.005799049550648007,0.005668942669703981,0.005557422486037674,0.004897594732678685,0.004312113768430569,0.004135540144292248,0.0045816208789574795,0.0045816208789574795,0.004507274089846608,0.004618794273512915,0.005204275237761032,0.005269328678233045,0.004721021108540365,0.0055109557428433785,0.0059942098720640455,0.0056875293669816996,0.005566715834676533,0.007035064919616253,0.00869857432597201,0.00669121101997847,0.00880080116099946,0.009414162171164153,0.011012618137047897,0.011579512404018296,0.011142725017991923,0.011904779606378361,0.009581442446663615,0.008875147950110332,0.009005254831054356,0.00815026675627933,0.008206026848112485,0.00852200070183369,0.007555492443392356,0.006719091065895047,0.00742538556244833,0.00750902570019806,0.007927226388946714,0.007546199094753496,0.008670694280055433,0.010724524329243269,
51057,0.0008642814234138857,0.0009200415152470396,0.0009014548179693216,0.0008921614693304626,0.0009293348638858986,0.0010222683502744885,0.0010501483961910653,0.0012081353230516683,0.0015984559658837455,0.0017657362413832072,0.0022582837192427338,0.0024534440406587723,0.002908818123962862,0.0035035924368498374,0.0038846197310430557,0.004990528219067276,0.005799049550648007,0.005668942669703981,0.005557422486037674,0.004897594732678685,0.004312113768430569,0.004135540144292248,0.0045816208789574795,0.0045816208789574795,0.004507274089846608,0.004618794273512915,0.005204275237761032,0.005269328678233045,0.004721021108540365,0.0055109557428433785,0.0059942098720640455,0.0056875293669816996,0.005566715834676533,0.007035064919616253,0.00869857432597201,0.00669121101997847,0.00880080116099946,0.009414162171164153,0.011012618137047897,0.011579512404018296,0.011142725017991923,0.011904779606378361,0.009581442446663615,0.008875147950110332,0.009005254831054356,0.00815026675627933,0.008206026848112485,0.00852200070183369,0.007555492443392356,0.006719091065895047,0.00742538556244833,0.00750902570019806,0.007927226388946714,0.007546199094753496,0.008670694280055433,0.010724524329243269,
51059,0.0008642814234138857,0.0009200415152470396,0.0009014548179693216,0.0008921614693304626,0.0009293348638858986,0.0010222683502744885,0.0010501483961910653,0.0012081353230516683,0.0015984559658837455,0.0017657362413832072,0.0022582837192427338,0.0024534440406587723,0.002908818123962862,0.0035035924368498374,0.0038846197310430557,0.004990528219067276,0.005799049550648007,0.005668942669703981,0.005557422486037674,0.004897594732678685,0.004312113768430569,0.004135540144292248,0.0045816208789574795,0.0045816208789574795,0.004507274089846608,0.004618794273512915,0.005204275237761032,0.005269328678233045,0.004721021108540365,0.0055109557428433785,0.0059942098720640455,0.0056875293669816996,0.005566715834676533,0.007035064919616253,0.00869857432597201,0.00669121101997847,0.00880080116099946,0.009414162171164153,0.011012618137047897,0.011579512404018296,0.011142725017991923,0.011904779606378361,0.009581442446663615,0.008875147950110332,0.009005254831054356,0.00815026675627933,0.008206026848112485,0.00852200070183369,0.007555492443392356,0.006719091065895047,0.00742538556244833,0.00750902570019806,0.007927226388946714,0.007546199094753496,0.008670694280055433,0.010724524329243269,
51061,0.0008642814234138857,0.0009200415152470396,0.0009014548179693216,0.0008921614693304626,0.0009293348638858986,0.0010222683502744885,0.0010501483961910653,0.0012081353230516683,0.0015984559658837455,0.0017657362413832072,0.0022582837192427338,0.0024534440406587723,0.002908818123962862,0.0035035924368498374,0.0038846197310430557,0.004990528219067276,0.005799049550648007,0.005668942669703981,0.005557422486037674,0.004897594732678685,0.004312113768430569,0.004135540144292248,0.0045816208789574795,0.0045816208789574795,0.004507274089846608,0.004618794273512915,0.005204275237761032,0.005269328678233045,0.004721021108540365,0.0055109557428433785,0.0059942098720640455,0.0056875293669816996,0.005566715834676533,0.007035064919616253,0.00869857432597201,0.00669121101997847,0.00880080116099946,0.009414162171164153,0.011012618137047897,0.011579512404018296,0.011142725017991923,0.011904779606378361,0.009581442446663615,0.008875147950110332,0.009005254831054356,0.00815026675627933,0.008206026848112485,0.00852200070183369,0.007555492443392356,0.006719091065895047,0.00742538556244833,0.00750902570019806,0.007927226388946714,0.007546199094753496,0.008670694280055433,0.010724524329243269,
51063,0.0008642814234138857,0.0009200415152470396,0.0009014548179693216,0.0008921614693304626,0.0009293348638858986,0.0010222683502744885,0.0010501483961910653,0.0012081353230516683,0.0015984559658837455,0.0017657362413832072,0.0022582837192427338,0.0024534440406587723,0.002908818123962862,0.0035035924368498374,0.0038846197310430557,0.004990528219067276,0.005799049550648007,0.005668942669703981,0.005557422486037674,0.004897594732678685,0.004312113768430569,0.004135540144292248,0.0045816208789574795,0.0045816208789574795,0.004507274089846608,0.004618794273512915,0.005204275237761032,0.005269328678233045,0.004721021108540365,0.0055109557428433785,0.0059942098720640455,0.0056875293669816996,0.005566715834676533,0.007035064919616253,0.00869857432597201,0.00669121101997847,0.00880080116099946,0.009414162171164153,0.011012618137047897,0.011579512404018296,0.011142725017991923,0.011904779606378361,0.009581442446663615,0.008875147950110332,0.009005254831054356,0.00815026675627933,0.008206026848112485,0.00852200070183369,0.007555492443392356,0.006719091065895047,0.00742538556244833,0.00750902570019806,0.007927226388946714,0.007546199094753496,0.008670694280055433,0.010724524329243269,
51065,0.0008642814234138857,0.0009200415152470396,0.0009014548179693216,0.0008921614693304626,0.0009293348638858986,0.0010222683502744885,0.0010501483961910653,0.0012081353230516683,0.0015984559658837455,0.0017657362413832072,0.0022582837192427338,0.0024534440406587723,0.002908818123962862,0.0035035924368498374,0.0038846197310430557,0.004990528219067276,0.005799049550648007,0.005668942669703981,0.005557422486037674,0.004897594732678685,0.004312113768430569,0.004135540144292248,0.0045816208789574795,0.0045816208789574795,0.004507274089846608,0.004618794273512915,0.005204275237761032,0.005269328678233045,0.004721021108540365,0.0055109557428433785,0.0059942098720640455,0.0056875293669816996,0.005566715834676533,0.007035064919616253,0.00869857432597201,0.00669121101997847,0.00880080116099946,0.009414162171164153,0.011012618137047897,0.011579512404018296,0.011142725017991923,0.011904779606378361,0.009581442446663615,0.008875147950110332,0.009005254831054356,0.00815026675627933,0.008206026848112485,0.00852200070183369,0.007555492443392356,0.006719091065895047,0.00742538556244833,0.00750902570019806,0.007927226388946714,0.007546199094753496,0.008670694280055433,0.010724524329243269,
51067,0.0008642814234138857,0.0009200415152470396,0.0009014548179693216,0.0008921614693304626,0.0009293348638858986,0.0010222683502744885,0.0010501483961910653,0.0012081353230516683,0.0015984559658837455,0.0017657362413832072,0.0022582837192427338,0.0024534440406587723,0.002908818123962862,0.0035035924368498374,0.0038846197310430557,0.004990528219067276,0.005799049550648007,0.005668942669703981,0.005557422486037674,0.004897594732678685,0.004312113768430569,0.004135540144292248,0.0045816208789574795,0.0045816208789574795,0.004507274089846608,0.004618794273512915,0.005204275237761032,0.005269328678233045,0.004721021108540365,0.0055109557428433785,0.0059942098720640455,0.0056875293669816996,0.005566715834676533,0.007035064919616253,0.00869857432597201,0.00669121101997847,0.00880080116099946,0.009414162171164153,0.011012618137047897,0.011579512404018296,0.011142725017991923,0.011904779606378361,0.009581442446663615,0.008875147950110332,0.009005254831054356,0.00815026675627933,0.008206026848112485,0.00852200070183369,0.007555492443392356,0.006719091065895047,0.00742538556244833,0.00750902570019806,0.007927226388946714,0.007546199094753496,0.008670694280055433,0.010724524329243269,
51069,0.0008642814234138857,0.0009200415152470396,0.0009014548179693216,0.0008921614693304626,0.0009293348638858986,0.0010222683502744885,0.0010501483961910653,0.0012081353230516683,0.0015984559658837455,0.0017657362413832072,0.0022582837192427338,0.0024534440406587723,0.002908818123962862,0.0035035924368498374,0.0038846197310430557,0.004990528219067276,0.005799049550648007,0.005668942669703981,0.005557422486037674,0.004897594732678685,0.004312113768430569,0.004135540144292248,0.0045816208789574795,0.0045816208789574795,0.004507274089846608,0.004618794273512915,0.005204275237761032,0.005269328678233045,0.004721021108540365,0.0055109557428433785,0.0059942098720640455,0.0056875293669816996,0.005566715834676533,0.007035064919616253,0.00869857432597201,0.00669121101997847,0.00880080116099946,0.009414162171164153,0.011012618137047897,0.011579512404018296,0.011142725017991923,0.011904779606378361,0.009581442446663615,0.008875147950110332,0.009005254831054356,0.00815026675627933,0.008206026848112485,0.00852200070183369,0.007555492443392356,0.006719091065895047,0.00742538556244833,0.00750902570019806,0.007927226388946714,0.007546199094753496,0.008670694280055433,0.010724524329243269,
51071,0.0008642814234138857,0.0009200415152470396,0.0009014548179693216,0.0008921614693304626,0.0009293348638858986,0.0010222683502744885,0.0010501483961910653,0.0012081353230516683,0.0015984559658837455,0.0017657362413832072,0.0022582837192427338,0.0024534440406587723,0.002908818123962862,0.0035035924368498374,0.0038846197310430557,0.004990528219067276,0.005799049550648007,0.005668942669703981,0.005557422486037674,0.004897594732678685,0.004312113768430569,0.004135540144292248,0.0045816208789574795,0.0045816208789574795,0.004507274089846608,0.004618794273512915,0.005204275237761032,0.005269328678233045,0.004721021108540365,0.0055109557428433785,0.0059942098720640455,0.0056875293669816996,0.005566715834676533,0.007035064919616253,0.00869857432597201,0.00669121101997847,0.00880080116099946,0.009414162171164153,0.011012618137047897,0.011579512404018296,0.011142725017991923,0.011904779606378361,0.009581442446663615,0.008875147950110332,0.009005254831054356,0.00815026675627933,0.008206026848112485,0.00852200070183369,0.007555492443392356,0.006719091065895047,0.00742538556244833,0.00750902570019806,0.007927226388946714,0.007546199094753496,0.008670694280055433,0.010724524329243269,
51073,0.0008642814234138857,0.0009200415152470396,0.0009014548179693216,0.0008921614693304626,0.0009293348638858986,0.0010222683502744885,0.0010501483961910653,0.0012081353230516683,0.0015984559658837455,0.0017657362413832072,0.0022582837192427338,0.0024534440406587723,0.002908818123962862,0.0035035924368498374,0.0038846197310430557,0.004990528219067276,0.005799049550648007,0.005668942669703981,0.005557422486037674,0.004897594732678685,0.004312113768430569,0.004135540144292248,0.0045816208789574795,0.0045816208789574795,0.004507274089846608,0.004618794273512915,0.005204275237761032,0.005269328678233045,0.004721021108540365,0.0055109557428433785,0.0059942098720640455,0.0056875293669816996,0.005566715834676533,0.007035064919616253,0.00869857432597201,0.00669121101997847,0.00880080116099946,0.009414162171164153,0.011012618137047897,0.011579512404018296,0.011142725017991923,0.011904779606378361,0.009581442446663615,0.008875147950110332,0.009005254831054356,0.00815026675627933,0.008206026848112485,0.00852200070183369,0.007555492443392356,0.006719091065895047,0.00742538556244833,0.00750902570019806,0.007927226388946714,0.007546199094753496,0.008670694280055433,0.010724524329243269,
51075,0.0008642814234138857,0.0009200415152470396,0.0009014548179693216,0.0008921614693304626,0.0009293348638858986,0.0010222683502744885,0.0010501483961910653,0.0012081353230516683,0.0015984559658837455,0.0017657362413832072,0.0022582837192427338,0.0024534440406587723,0.002908818123962862,0.0035035924368498374,0.0038846197310430557,0.004990528219067276,0.005799049550648007,0.005668942669703981,0.005557422486037674,0.004897594732678685,0.004312113768430569,0.004135540144292248,0.0045816208789574795,0.0045816208789574795,0.004507274089846608,0.004618794273512915,0.005204275237761032,0.005269328678233045,0.004721021108540365,0.0055109557428433785,0.0059942098720640455,0.0056875293669816996,0.005566715834676533,0.007035064919616253,0.00869857432597201,0.00669121101997847,0.00880080116099946,0.009414162171164153,0.011012618137047897,0.011579512404018296,0.011142725017991923,0.011904779606378361,0.009581442446663615,0.008875147950110332,0.009005254831054356,0.00815026675627933,0.008206026848112485,0.00852200070183369,0.007555492443392356,0.006719091065895047,0.00742538556244833,0.00750902570019806,0.007927226388946714,0.007546199094753496,0.008670694280055433,0.010724524329243269,
51077,0.0008642814234138857,0.0009200415152470396,0.0009014548179693216,0.0008921614693304626,0.0009293348638858986,0.0010222683502744885,0.0010501483961910653,0.0012081353230516683,0.0015984559658837455,0.0017657362413832072,0.0022582837192427338,0.0024534440406587723,0.002908818123962862,0.0035035924368498374,0.0038846197310430557,0.004990528219067276,0.005799049550648007,0.005668942669703981,0.005557422486037674,0.004897594732678685,0.004312113768430569,0.004135540144292248,0.0045816208789574795,0.0045816208789574795,0.004507274089846608,0.004618794273512915,0.005204275237761032,0.005269328678233045,0.004721021108540365,0.0055109557428433785,0.0059942098720640455,0.0056875293669816996,0.005566715834676533,0.007035064919616253,0.00869857432597201,0.00669121101997847,0.00880080116099946,0.009414162171164153,0.011012618137047897,0.011579512404018296,0.011142725017991923,0.011904779606378361,0.009581442446663615,0.008875147950110332,0.009005254831054356,0.00815026675627933,0.008206026848112485,0.00852200070183369,0.007555492443392356,0.006719091065895047,0.00742538556244833,0.00750902570019806,0.007927226388946714,0.007546199094753496,0.008670694280055433,0.010724524329243269,
51079,0.0008642814234138857,0.0009200415152470396,0.0009014548179693216,0.0008921614693304626,0.0009293348638858986,0.0010222683502744885,0.0010501483961910653,0.0012081353230516683,0.0015984559658837455,0.0017657362413832072,0.0022582837192427338,0.0024534440406587723,0.002908818123962862,0.0035035924368498374,0.0038846197310430557,0.004990528219067276,0.005799049550648007,0.005668942669703981,0.005557422486037674,0.004897594732678685,0.004312113768430569,0.004135540144292248,0.0045816208789574795,0.0045816208789574795,0.004507274089846608,0.004618794273512915,0.005204275237761032,0.005269328678233045,0.004721021108540365,0.0055109557428433785,0.0059942098720640455,0.0056875293669816996,0.005566715834676533,0.007035064919616253,0.00869857432597201,0.00669121101997847,0.00880080116099946,0.009414162171164153,0.011012618137047897,0.011579512404018296,0.011142725017991923,0.011904779606378361,0.009581442446663615,0.008875147950110332,0.009005254831054356,0.00815026675627933,0.008206026848112485,0.00852200070183369,0.007555492443392356,0.006719091065895047,0.00742538556244833,0.00750902570019806,0.007927226388946714,0.007546199094753496,0.008670694280055433,0.010724524329243269,
51081,0.0008642814234138857,0.0009200415152470396,0.0009014548179693216,0.0008921614693304626,0.0009293348638858986,0.0010222683502744885,0.0010501483961910653,0.0012081353230516683,0.0015984559658837455,0.0017657362413832072,0.0022582837192427338,0.0024534440406587723,0.002908818123962862,0.0035035924368498374,0.0038846197310430557,0.004990528219067276,0.005799049550648007,0.005668942669703981,0.005557422486037674,0.004897594732678685,0.004312113768430569,0.004135540144292248,0.0045816208789574795,0.0045816208789574795,0.004507274089846608,0.004618794273512915,0.005204275237761032,0.005269328678233045,0.004721021108540365,0.0055109557428433785,0.0059942098720640455,0.0056875293669816996,0.005566715834676533,0.007035064919616253,0.00869857432597201,0.00669121101997847,0.00880080116099946,0.009414162171164153,0.011012618137047897,0.011579512404018296,0.011142725017991923,0.011904779606378361,0.009581442446663615,0.008875147950110332,0.009005254831054356,0.00815026675627933,0.008206026848112485,0.00852200070183369,0.007555492443392356,0.006719091065895047,0.00742538556244833,0.00750902570019806,0.007927226388946714,0.007546199094753496,0.008670694280055433,0.010724524329243269,
51083,0.0008642814234138857,0.0009200415152470396,0.0009014548179693216,0.0008921614693304626,0.0009293348638858986,0.0010222683502744885,0.0010501483961910653,0.0012081353230516683,0.0015984559658837455,0.0017657362413832072,0.0022582837192427338,0.0024534440406587723,0.002908818123962862,0.0035035924368498374,0.0038846197310430557,0.004990528219067276,0.005799049550648007,0.005668942669703981,0.005557422486037674,0.004897594732678685,0.004312113768430569,0.004135540144292248,0.0045816208789574795,0.0045816208789574795,0.004507274089846608,0.004618794273512915,0.005204275237761032,0.005269328678233045,0.004721021108540365,0.0055109557428433785,0.0059942098720640455,0.0056875293669816996,0.005566715834676533,0.007035064919616253,0.00869857432597201,0.00669121101997847,0.00880080116099946,0.009414162171164153,0.011012618137047897,0.011579512404018296,0.011142725017991923,0.011904779606378361,0.009581442446663615,0.008875147950110332,0.009005254831054356,0.00815026675627933,0.008206026848112485,0.00852200070183369,0.007555492443392356,0.006719091065895047,0.00742538556244833,0.00750902570019806,0.007927226388946714,0.007546199094753496,0.008670694280055433,0.010724524329243269,
51085,0.0008642814234138857,0.0009200415152470396,0.0009014548179693216,0.0008921614693304626,0.0009293348638858986,0.0010222683502744885,0.0010501483961910653,0.0012081353230516683,0.0015984559658837455,0.0017657362413832072,0.0022582837192427338,0.0024534440406587723,0.002908818123962862,0.0035035924368498374,0.0038846197310430557,0.004990528219067276,0.005799049550648007,0.005668942669703981,0.005557422486037674,0.004897594732678685,0.004312113768430569,0.004135540144292248,0.0045816208789574795,0.0045816208789574795,0.004507274089846608,0.004618794273512915,0.005204275237761032,0.005269328678233045,0.004721021108540365,0.0055109557428433785,0.0059942098720640455,0.0056875293669816996,0.005566715834676533,0.007035064919616253,0.00869857432597201,0.00669121101997847,0.00880080116099946,0.009414162171164153,0.011012618137047897,0.011579512404018296,0.011142725017991923,0.011904779606378361,0.009581442446663615,0.008875147950110332,0.009005254831054356,0.00815026675627933,0.008206026848112485,0.00852200070183369,0.007555492443392356,0.006719091065895047,0.00742538556244833,0.00750902570019806,0.007927226388946714,0.007546199094753496,0.008670694280055433,0.010724524329243269,
51087,0.0008642814234138857,0.0009200415152470396,0.0009014548179693216,0.0008921614693304626,0.0009293348638858986,0.0010222683502744885,0.0010501483961910653,0.0012081353230516683,0.0015984559658837455,0.0017657362413832072,0.0022582837192427338,0.0024534440406587723,0.002908818123962862,0.0035035924368498374,0.0038846197310430557,0.004990528219067276,0.005799049550648007,0.005668942669703981,0.005557422486037674,0.004897594732678685,0.004312113768430569,0.004135540144292248,0.0045816208789574795,0.0045816208789574795,0.004507274089846608,0.004618794273512915,0.005204275237761032,0.005269328678233045,0.004721021108540365,0.0055109557428433785,0.0059942098720640455,0.0056875293669816996,0.005566715834676533,0.007035064919616253,0.00869857432597201,0.00669121101997847,0.00880080116099946,0.009414162171164153,0.011012618137047897,0.011579512404018296,0.011142725017991923,0.011904779606378361,0.009581442446663615,0.008875147950110332,0.009005254831054356,0.00815026675627933,0.008206026848112485,0.00852200070183369,0.007555492443392356,0.006719091065895047,0.00742538556244833,0.00750902570019806,0.007927226388946714,0.007546199094753496,0.008670694280055433,0.010724524329243269,
51089,0.0008642814234138857,0.0009200415152470396,0.0009014548179693216,0.0008921614693304626,0.0009293348638858986,0.0010222683502744885,0.0010501483961910653,0.0012081353230516683,0.0015984559658837455,0.0017657362413832072,0.0022582837192427338,0.0024534440406587723,0.002908818123962862,0.0035035924368498374,0.0038846197310430557,0.004990528219067276,0.005799049550648007,0.005668942669703981,0.005557422486037674,0.004897594732678685,0.004312113768430569,0.004135540144292248,0.0045816208789574795,0.0045816208789574795,0.004507274089846608,0.004618794273512915,0.005204275237761032,0.005269328678233045,0.004721021108540365,0.0055109557428433785,0.0059942098720640455,0.0056875293669816996,0.005566715834676533,0.007035064919616253,0.00869857432597201,0.00669121101997847,0.00880080116099946,0.009414162171164153,0.011012618137047897,0.011579512404018296,0.011142725017991923,0.011904779606378361,0.009581442446663615,0.008875147950110332,0.009005254831054356,0.00815026675627933,0.008206026848112485,0.00852200070183369,0.007555492443392356,0.006719091065895047,0.00742538556244833,0.00750902570019806,0.007927226388946714,0.007546199094753496,0.008670694280055433,0.010724524329243269,
51091,0.0008642814234138857,0.0009200415152470396,0.0009014548179693216,0.0008921614693304626,0.0009293348638858986,0.0010222683502744885,0.0010501483961910653,0.0012081353230516683,0.0015984559658837455,0.0017657362413832072,0.0022582837192427338,0.0024534440406587723,0.002908818123962862,0.0035035924368498374,0.0038846197310430557,0.004990528219067276,0.005799049550648007,0.005668942669703981,0.005557422486037674,0.004897594732678685,0.004312113768430569,0.004135540144292248,0.0045816208789574795,0.0045816208789574795,0.004507274089846608,0.004618794273512915,0.005204275237761032,0.005269328678233045,0.004721021108540365,0.0055109557428433785,0.0059942098720640455,0.0056875293669816996,0.005566715834676533,0.007035064919616253,0.00869857432597201,0.00669121101997847,0.00880080116099946,0.009414162171164153,0.011012618137047897,0.011579512404018296,0.011142725017991923,0.011904779606378361,0.009581442446663615,0.008875147950110332,0.009005254831054356,0.00815026675627933,0.008206026848112485,0.00852200070183369,0.007555492443392356,0.006719091065895047,0.00742538556244833,0.00750902570019806,0.007927226388946714,0.007546199094753496,0.008670694280055433,0.010724524329243269,
51093,0.0008642814234138857,0.0009200415152470396,0.0009014548179693216,0.0008921614693304626,0.0009293348638858986,0.0010222683502744885,0.0010501483961910653,0.0012081353230516683,0.0015984559658837455,0.0017657362413832072,0.0022582837192427338,0.0024534440406587723,0.002908818123962862,0.0035035924368498374,0.0038846197310430557,0.004990528219067276,0.005799049550648007,0.005668942669703981,0.005557422486037674,0.004897594732678685,0.004312113768430569,0.004135540144292248,0.0045816208789574795,0.0045816208789574795,0.004507274089846608,0.004618794273512915,0.005204275237761032,0.005269328678233045,0.004721021108540365,0.0055109557428433785,0.0059942098720640455,0.0056875293669816996,0.005566715834676533,0.007035064919616253,0.00869857432597201,0.00669121101997847,0.00880080116099946,0.009414162171164153,0.011012618137047897,0.011579512404018296,0.011142725017991923,0.011904779606378361,0.009581442446663615,0.008875147950110332,0.009005254831054356,0.00815026675627933,0.008206026848112485,0.00852200070183369,0.007555492443392356,0.006719091065895047,0.00742538556244833,0.00750902570019806,0.007927226388946714,0.007546199094753496,0.008670694280055433,0.010724524329243269,
51095,0.0008642814234138857,0.0009200415152470396,0.0009014548179693216,0.0008921614693304626,0.0009293348638858986,0.0010222683502744885,0.0010501483961910653,0.0012081353230516683,0.0015984559658837455,0.0017657362413832072,0.0022582837192427338,0.0024534440406587723,0.002908818123962862,0.0035035924368498374,0.0038846197310430557,0.004990528219067276,0.005799049550648007,0.005668942669703981,0.005557422486037674,0.004897594732678685,0.004312113768430569,0.004135540144292248,0.0045816208789574795,0.0045816208789574795,0.004507274089846608,0.004618794273512915,0.005204275237761032,0.005269328678233045,0.004721021108540365,0.0055109557428433785,0.0059942098720640455,0.0056875293669816996,0.005566715834676533,0.007035064919616253,0.00869857432597201,0.00669121101997847,0.00880080116099946,0.009414162171164153,0.011012618137047897,0.011579512404018296,0.011142725017991923,0.011904779606378361,0.009581442446663615,0.008875147950110332,0.009005254831054356,0.00815026675627933,0.008206026848112485,0.00852200070183369,0.007555492443392356,0.006719091065895047,0.00742538556244833,0.00750902570019806,0.007927226388946714,0.007546199094753496,0.008670694280055433,0.010724524329243269,
51097,0.0008642814234138857,0.0009200415152470396,0.0009014548179693216,0.0008921614693304626,0.0009293348638858986,0.0010222683502744885,0.0010501483961910653,0.0012081353230516683,0.0015984559658837455,0.0017657362413832072,0.0022582837192427338,0.0024534440406587723,0.002908818123962862,0.0035035924368498374,0.0038846197310430557,0.004990528219067276,0.005799049550648007,0.005668942669703981,0.005557422486037674,0.004897594732678685,0.004312113768430569,0.004135540144292248,0.0045816208789574795,0.0045816208789574795,0.004507274089846608,0.004618794273512915,0.005204275237761032,0.005269328678233045,0.004721021108540365,0.0055109557428433785,0.0059942098720640455,0.0056875293669816996,0.005566715834676533,0.007035064919616253,0.00869857432597201,0.00669121101997847,0.00880080116099946,0.009414162171164153,0.011012618137047897,0.011579512404018296,0.011142725017991923,0.011904779606378361,0.009581442446663615,0.008875147950110332,0.009005254831054356,0.00815026675627933,0.008206026848112485,0.00852200070183369,0.007555492443392356,0.006719091065895047,0.00742538556244833,0.00750902570019806,0.007927226388946714,0.007546199094753496,0.008670694280055433,0.010724524329243269,
51099,0.0008642814234138857,0.0009200415152470396,0.0009014548179693216,0.0008921614693304626,0.0009293348638858986,0.0010222683502744885,0.0010501483961910653,0.0012081353230516683,0.0015984559658837455,0.0017657362413832072,0.0022582837192427338,0.0024534440406587723,0.002908818123962862,0.0035035924368498374,0.0038846197310430557,0.004990528219067276,0.005799049550648007,0.005668942669703981,0.005557422486037674,0.004897594732678685,0.004312113768430569,0.004135540144292248,0.0045816208789574795,0.0045816208789574795,0.004507274089846608,0.004618794273512915,0.005204275237761032,0.005269328678233045,0.004721021108540365,0.0055109557428433785,0.0059942098720640455,0.0056875293669816996,0.005566715834676533,0.007035064919616253,0.00869857432597201,0.00669121101997847,0.00880080116099946,0.009414162171164153,0.011012618137047897,0.011579512404018296,0.011142725017991923,0.011904779606378361,0.009581442446663615,0.008875147950110332,0.009005254831054356,0.00815026675627933,0.008206026848112485,0.00852200070183369,0.007555492443392356,0.006719091065895047,0.00742538556244833,0.00750902570019806,0.007927226388946714,0.007546199094753496,0.008670694280055433,0.010724524329243269,
51101,0.0008642814234138857,0.0009200415152470396,0.0009014548179693216,0.0008921614693304626,0.0009293348638858986,0.0010222683502744885,0.0010501483961910653,0.0012081353230516683,0.0015984559658837455,0.0017657362413832072,0.0022582837192427338,0.0024534440406587723,0.002908818123962862,0.0035035924368498374,0.0038846197310430557,0.004990528219067276,0.005799049550648007,0.005668942669703981,0.005557422486037674,0.004897594732678685,0.004312113768430569,0.004135540144292248,0.0045816208789574795,0.0045816208789574795,0.004507274089846608,0.004618794273512915,0.005204275237761032,0.005269328678233045,0.004721021108540365,0.0055109557428433785,0.0059942098720640455,0.0056875293669816996,0.005566715834676533,0.007035064919616253,0.00869857432597201,0.00669121101997847,0.00880080116099946,0.009414162171164153,0.011012618137047897,0.011579512404018296,0.011142725017991923,0.011904779606378361,0.009581442446663615,0.008875147950110332,0.009005254831054356,0.00815026675627933,0.008206026848112485,0.00852200070183369,0.007555492443392356,0.006719091065895047,0.00742538556244833,0.00750902570019806,0.007927226388946714,0.007546199094753496,0.008670694280055433,0.010724524329243269,
51103,0.0008642814234138857,0.0009200415152470396,0.0009014548179693216,0.0008921614693304626,0.0009293348638858986,0.0010222683502744885,0.0010501483961910653,0.0012081353230516683,0.0015984559658837455,0.0017657362413832072,0.0022582837192427338,0.0024534440406587723,0.002908818123962862,0.0035035924368498374,0.0038846197310430557,0.004990528219067276,0.005799049550648007,0.005668942669703981,0.005557422486037674,0.004897594732678685,0.004312113768430569,0.004135540144292248,0.0045816208789574795,0.0045816208789574795,0.004507274089846608,0.004618794273512915,0.005204275237761032,0.005269328678233045,0.004721021108540365,0.0055109557428433785,0.0059942098720640455,0.0056875293669816996,0.005566715834676533,0.007035064919616253,0.00869857432597201,0.00669121101997847,0.00880080116099946,0.009414162171164153,0.011012618137047897,0.011579512404018296,0.011142725017991923,0.011904779606378361,0.009581442446663615,0.008875147950110332,0.009005254831054356,0.00815026675627933,0.008206026848112485,0.00852200070183369,0.007555492443392356,0.006719091065895047,0.00742538556244833,0.00750902570019806,0.007927226388946714,0.007546199094753496,0.008670694280055433,0.010724524329243269,
51105,0.0008642814234138857,0.0009200415152470396,0.0009014548179693216,0.0008921614693304626,0.0009293348638858986,0.0010222683502744885,0.0010501483961910653,0.0012081353230516683,0.0015984559658837455,0.0017657362413832072,0.0022582837192427338,0.0024534440406587723,0.002908818123962862,0.0035035924368498374,0.0038846197310430557,0.004990528219067276,0.005799049550648007,0.005668942669703981,0.005557422486037674,0.004897594732678685,0.004312113768430569,0.004135540144292248,0.0045816208789574795,0.0045816208789574795,0.004507274089846608,0.004618794273512915,0.005204275237761032,0.005269328678233045,0.004721021108540365,0.0055109557428433785,0.0059942098720640455,0.0056875293669816996,0.005566715834676533,0.007035064919616253,0.00869857432597201,0.00669121101997847,0.00880080116099946,0.009414162171164153,0.011012618137047897,0.011579512404018296,0.011142725017991923,0.011904779606378361,0.009581442446663615,0.008875147950110332,0.009005254831054356,0.00815026675627933,0.008206026848112485,0.00852200070183369,0.007555492443392356,0.006719091065895047,0.00742538556244833,0.00750902570019806,0.007927226388946714,0.007546199094753496,0.008670694280055433,0.010724524329243269,
51107,0.0008642814234138857,0.0009200415152470396,0.0009014548179693216,0.0008921614693304626,0.0009293348638858986,0.0010222683502744885,0.0010501483961910653,0.0012081353230516683,0.0015984559658837455,0.0017657362413832072,0.0022582837192427338,0.0024534440406587723,0.002908818123962862,0.0035035924368498374,0.0038846197310430557,0.004990528219067276,0.005799049550648007,0.005668942669703981,0.005557422486037674,0.004897594732678685,0.004312113768430569,0.004135540144292248,0.0045816208789574795,0.0045816208789574795,0.004507274089846608,0.004618794273512915,0.005204275237761032,0.005269328678233045,0.004721021108540365,0.0055109557428433785,0.0059942098720640455,0.0056875293669816996,0.005566715834676533,0.007035064919616253,0.00869857432597201,0.00669121101997847,0.00880080116099946,0.009414162171164153,0.011012618137047897,0.011579512404018296,0.011142725017991923,0.011904779606378361,0.009581442446663615,0.008875147950110332,0.009005254831054356,0.00815026675627933,0.008206026848112485,0.00852200070183369,0.007555492443392356,0.006719091065895047,0.00742538556244833,0.00750902570019806,0.007927226388946714,0.007546199094753496,0.008670694280055433,0.010724524329243269,
51109,0.0008642814234138857,0.0009200415152470396,0.0009014548179693216,0.0008921614693304626,0.0009293348638858986,0.0010222683502744885,0.0010501483961910653,0.0012081353230516683,0.0015984559658837455,0.0017657362413832072,0.0022582837192427338,0.0024534440406587723,0.002908818123962862,0.0035035924368498374,0.0038846197310430557,0.004990528219067276,0.005799049550648007,0.005668942669703981,0.005557422486037674,0.004897594732678685,0.004312113768430569,0.004135540144292248,0.0045816208789574795,0.0045816208789574795,0.004507274089846608,0.004618794273512915,0.005204275237761032,0.005269328678233045,0.004721021108540365,0.0055109557428433785,0.0059942098720640455,0.0056875293669816996,0.005566715834676533,0.007035064919616253,0.00869857432597201,0.00669121101997847,0.00880080116099946,0.009414162171164153,0.011012618137047897,0.011579512404018296,0.011142725017991923,0.011904779606378361,0.009581442446663615,0.008875147950110332,0.009005254831054356,0.00815026675627933,0.008206026848112485,0.00852200070183369,0.007555492443392356,0.006719091065895047,0.00742538556244833,0.00750902570019806,0.007927226388946714,0.007546199094753496,0.008670694280055433,0.010724524329243269,
51111,0.0008642814234138857,0.0009200415152470396,0.0009014548179693216,0.0008921614693304626,0.0009293348638858986,0.0010222683502744885,0.0010501483961910653,0.0012081353230516683,0.0015984559658837455,0.0017657362413832072,0.0022582837192427338,0.0024534440406587723,0.002908818123962862,0.0035035924368498374,0.0038846197310430557,0.004990528219067276,0.005799049550648007,0.005668942669703981,0.005557422486037674,0.004897594732678685,0.004312113768430569,0.004135540144292248,0.0045816208789574795,0.0045816208789574795,0.004507274089846608,0.004618794273512915,0.005204275237761032,0.005269328678233045,0.004721021108540365,0.0055109557428433785,0.0059942098720640455,0.0056875293669816996,0.005566715834676533,0.007035064919616253,0.00869857432597201,0.00669121101997847,0.00880080116099946,0.009414162171164153,0.011012618137047897,0.011579512404018296,0.011142725017991923,0.011904779606378361,0.009581442446663615,0.008875147950110332,0.009005254831054356,0.00815026675627933,0.008206026848112485,0.00852200070183369,0.007555492443392356,0.006719091065895047,0.00742538556244833,0.00750902570019806,0.007927226388946714,0.007546199094753496,0.008670694280055433,0.010724524329243269,
51113,0.0008642814234138857,0.0009200415152470396,0.0009014548179693216,0.0008921614693304626,0.0009293348638858986,0.0010222683502744885,0.0010501483961910653,0.0012081353230516683,0.0015984559658837455,0.0017657362413832072,0.0022582837192427338,0.0024534440406587723,0.002908818123962862,0.0035035924368498374,0.0038846197310430557,0.004990528219067276,0.005799049550648007,0.005668942669703981,0.005557422486037674,0.004897594732678685,0.004312113768430569,0.004135540144292248,0.0045816208789574795,0.0045816208789574795,0.004507274089846608,0.004618794273512915,0.005204275237761032,0.005269328678233045,0.004721021108540365,0.0055109557428433785,0.0059942098720640455,0.0056875293669816996,0.005566715834676533,0.007035064919616253,0.00869857432597201,0.00669121101997847,0.00880080116099946,0.009414162171164153,0.011012618137047897,0.011579512404018296,0.011142725017991923,0.011904779606378361,0.009581442446663615,0.008875147950110332,0.009005254831054356,0.00815026675627933,0.008206026848112485,0.00852200070183369,0.007555492443392356,0.006719091065895047,0.00742538556244833,0.00750902570019806,0.007927226388946714,0.007546199094753496,0.008670694280055433,0.010724524329243269,
51115,0.0008642814234138857,0.0009200415152470396,0.0009014548179693216,0.0008921614693304626,0.0009293348638858986,0.0010222683502744885,0.0010501483961910653,0.0012081353230516683,0.0015984559658837455,0.0017657362413832072,0.0022582837192427338,0.0024534440406587723,0.002908818123962862,0.0035035924368498374,0.0038846197310430557,0.004990528219067276,0.005799049550648007,0.005668942669703981,0.005557422486037674,0.004897594732678685,0.004312113768430569,0.004135540144292248,0.0045816208789574795,0.0045816208789574795,0.004507274089846608,0.004618794273512915,0.005204275237761032,0.005269328678233045,0.004721021108540365,0.0055109557428433785,0.0059942098720640455,0.0056875293669816996,0.005566715834676533,0.007035064919616253,0.00869857432597201,0.00669121101997847,0.00880080116099946,0.009414162171164153,0.011012618137047897,0.011579512404018296,0.011142725017991923,0.011904779606378361,0.009581442446663615,0.008875147950110332,0.009005254831054356,0.00815026675627933,0.008206026848112485,0.00852200070183369,0.007555492443392356,0.006719091065895047,0.00742538556244833,0.00750902570019806,0.007927226388946714,0.007546199094753496,0.008670694280055433,0.010724524329243269,
51117,0.0008642814234138857,0.0009200415152470396,0.0009014548179693216,0.0008921614693304626,0.0009293348638858986,0.0010222683502744885,0.0010501483961910653,0.0012081353230516683,0.0015984559658837455,0.0017657362413832072,0.0022582837192427338,0.0024534440406587723,0.002908818123962862,0.0035035924368498374,0.0038846197310430557,0.004990528219067276,0.005799049550648007,0.005668942669703981,0.005557422486037674,0.004897594732678685,0.004312113768430569,0.004135540144292248,0.0045816208789574795,0.0045816208789574795,0.004507274089846608,0.004618794273512915,0.005204275237761032,0.005269328678233045,0.004721021108540365,0.0055109557428433785,0.0059942098720640455,0.0056875293669816996,0.005566715834676533,0.007035064919616253,0.00869857432597201,0.00669121101997847,0.00880080116099946,0.009414162171164153,0.011012618137047897,0.011579512404018296,0.011142725017991923,0.011904779606378361,0.009581442446663615,0.008875147950110332,0.009005254831054356,0.00815026675627933,0.008206026848112485,0.00852200070183369,0.007555492443392356,0.006719091065895047,0.00742538556244833,0.00750902570019806,0.007927226388946714,0.007546199094753496,0.008670694280055433,0.010724524329243269,
51119,0.0008642814234138857,0.0009200415152470396,0.0009014548179693216,0.0008921614693304626,0.0009293348638858986,0.0010222683502744885,0.0010501483961910653,0.0012081353230516683,0.0015984559658837455,0.0017657362413832072,0.0022582837192427338,0.0024534440406587723,0.002908818123962862,0.0035035924368498374,0.0038846197310430557,0.004990528219067276,0.005799049550648007,0.005668942669703981,0.005557422486037674,0.004897594732678685,0.004312113768430569,0.004135540144292248,0.0045816208789574795,0.0045816208789574795,0.004507274089846608,0.004618794273512915,0.005204275237761032,0.005269328678233045,0.004721021108540365,0.0055109557428433785,0.0059942098720640455,0.0056875293669816996,0.005566715834676533,0.007035064919616253,0.00869857432597201,0.00669121101997847,0.00880080116099946,0.009414162171164153,0.011012618137047897,0.011579512404018296,0.011142725017991923,0.011904779606378361,0.009581442446663615,0.008875147950110332,0.009005254831054356,0.00815026675627933,0.008206026848112485,0.00852200070183369,0.007555492443392356,0.006719091065895047,0.00742538556244833,0.00750902570019806,0.007927226388946714,0.007546199094753496,0.008670694280055433,0.010724524329243269,
51121,0.0008642814234138857,0.0009200415152470396,0.0009014548179693216,0.0008921614693304626,0.0009293348638858986,0.0010222683502744885,0.0010501483961910653,0.0012081353230516683,0.0015984559658837455,0.0017657362413832072,0.0022582837192427338,0.0024534440406587723,0.002908818123962862,0.0035035924368498374,0.0038846197310430557,0.004990528219067276,0.005799049550648007,0.005668942669703981,0.005557422486037674,0.004897594732678685,0.004312113768430569,0.004135540144292248,0.0045816208789574795,0.0045816208789574795,0.004507274089846608,0.004618794273512915,0.005204275237761032,0.005269328678233045,0.004721021108540365,0.0055109557428433785,0.0059942098720640455,0.0056875293669816996,0.005566715834676533,0.007035064919616253,0.00869857432597201,0.00669121101997847,0.00880080116099946,0.009414162171164153,0.011012618137047897,0.011579512404018296,0.011142725017991923,0.011904779606378361,0.009581442446663615,0.008875147950110332,0.009005254831054356,0.00815026675627933,0.008206026848112485,0.00852200070183369,0.007555492443392356,0.006719091065895047,0.00742538556244833,0.00750902570019806,0.007927226388946714,0.007546199094753496,0.008670694280055433,0.010724524329243269,
51125,0.0008642814234138857,0.0009200415152470396,0.0009014548179693216,0.0008921614693304626,0.0009293348638858986,0.0010222683502744885,0.0010501483961910653,0.0012081353230516683,0.0015984559658837455,0.0017657362413832072,0.0022582837192427338,0.0024534440406587723,0.002908818123962862,0.0035035924368498374,0.0038846197310430557,0.004990528219067276,0.005799049550648007,0.005668942669703981,0.005557422486037674,0.004897594732678685,0.004312113768430569,0.004135540144292248,0.0045816208789574795,0.0045816208789574795,0.004507274089846608,0.004618794273512915,0.005204275237761032,0.005269328678233045,0.004721021108540365,0.0055109557428433785,0.0059942098720640455,0.0056875293669816996,0.005566715834676533,0.007035064919616253,0.00869857432597201,0.00669121101997847,0.00880080116099946,0.009414162171164153,0.011012618137047897,0.011579512404018296,0.011142725017991923,0.011904779606378361,0.009581442446663615,0.008875147950110332,0.009005254831054356,0.00815026675627933,0.008206026848112485,0.00852200070183369,0.007555492443392356,0.006719091065895047,0.00742538556244833,0.00750902570019806,0.007927226388946714,0.007546199094753496,0.008670694280055433,0.010724524329243269,
51127,0.0008642814234138857,0.0009200415152470396,0.0009014548179693216,0.0008921614693304626,0.0009293348638858986,0.0010222683502744885,0.0010501483961910653,0.0012081353230516683,0.0015984559658837455,0.0017657362413832072,0.0022582837192427338,0.0024534440406587723,0.002908818123962862,0.0035035924368498374,0.0038846197310430557,0.004990528219067276,0.005799049550648007,0.005668942669703981,0.005557422486037674,0.004897594732678685,0.004312113768430569,0.004135540144292248,0.0045816208789574795,0.0045816208789574795,0.004507274089846608,0.004618794273512915,0.005204275237761032,0.005269328678233045,0.004721021108540365,0.0055109557428433785,0.0059942098720640455,0.0056875293669816996,0.005566715834676533,0.007035064919616253,0.00869857432597201,0.00669121101997847,0.00880080116099946,0.009414162171164153,0.011012618137047897,0.011579512404018296,0.011142725017991923,0.011904779606378361,0.009581442446663615,0.008875147950110332,0.009005254831054356,0.00815026675627933,0.008206026848112485,0.00852200070183369,0.007555492443392356,0.006719091065895047,0.00742538556244833,0.00750902570019806,0.007927226388946714,0.007546199094753496,0.008670694280055433,0.010724524329243269,
51131,0.0008642814234138857,0.0009200415152470396,0.0009014548179693216,0.0008921614693304626,0.0009293348638858986,0.0010222683502744885,0.0010501483961910653,0.0012081353230516683,0.0015984559658837455,0.0017657362413832072,0.0022582837192427338,0.0024534440406587723,0.002908818123962862,0.0035035924368498374,0.0038846197310430557,0.004990528219067276,0.005799049550648007,0.005668942669703981,0.005557422486037674,0.004897594732678685,0.004312113768430569,0.004135540144292248,0.0045816208789574795,0.0045816208789574795,0.004507274089846608,0.004618794273512915,0.005204275237761032,0.005269328678233045,0.004721021108540365,0.0055109557428433785,0.0059942098720640455,0.0056875293669816996,0.005566715834676533,0.007035064919616253,0.00869857432597201,0.00669121101997847,0.00880080116099946,0.009414162171164153,0.011012618137047897,0.011579512404018296,0.011142725017991923,0.011904779606378361,0.009581442446663615,0.008875147950110332,0.009005254831054356,0.00815026675627933,0.008206026848112485,0.00852200070183369,0.007555492443392356,0.006719091065895047,0.00742538556244833,0.00750902570019806,0.007927226388946714,0.007546199094753496,0.008670694280055433,0.010724524329243269,
51133,0.0008642814234138857,0.0009200415152470396,0.0009014548179693216,0.0008921614693304626,0.0009293348638858986,0.0010222683502744885,0.0010501483961910653,0.0012081353230516683,0.0015984559658837455,0.0017657362413832072,0.0022582837192427338,0.0024534440406587723,0.002908818123962862,0.0035035924368498374,0.0038846197310430557,0.004990528219067276,0.005799049550648007,0.005668942669703981,0.005557422486037674,0.004897594732678685,0.004312113768430569,0.004135540144292248,0.0045816208789574795,0.0045816208789574795,0.004507274089846608,0.004618794273512915,0.005204275237761032,0.005269328678233045,0.004721021108540365,0.0055109557428433785,0.0059942098720640455,0.0056875293669816996,0.005566715834676533,0.007035064919616253,0.00869857432597201,0.00669121101997847,0.00880080116099946,0.009414162171164153,0.011012618137047897,0.011579512404018296,0.011142725017991923,0.011904779606378361,0.009581442446663615,0.008875147950110332,0.009005254831054356,0.00815026675627933,0.008206026848112485,0.00852200070183369,0.007555492443392356,0.006719091065895047,0.00742538556244833,0.00750902570019806,0.007927226388946714,0.007546199094753496,0.008670694280055433,0.010724524329243269,
51135,0.0008642814234138857,0.0009200415152470396,0.0009014548179693216,0.0008921614693304626,0.0009293348638858986,0.0010222683502744885,0.0010501483961910653,0.0012081353230516683,0.0015984559658837455,0.0017657362413832072,0.0022582837192427338,0.0024534440406587723,0.002908818123962862,0.0035035924368498374,0.0038846197310430557,0.004990528219067276,0.005799049550648007,0.005668942669703981,0.005557422486037674,0.004897594732678685,0.004312113768430569,0.004135540144292248,0.0045816208789574795,0.0045816208789574795,0.004507274089846608,0.004618794273512915,0.005204275237761032,0.005269328678233045,0.004721021108540365,0.0055109557428433785,0.0059942098720640455,0.0056875293669816996,0.005566715834676533,0.007035064919616253,0.00869857432597201,0.00669121101997847,0.00880080116099946,0.009414162171164153,0.011012618137047897,0.011579512404018296,0.011142725017991923,0.011904779606378361,0.009581442446663615,0.008875147950110332,0.009005254831054356,0.00815026675627933,0.008206026848112485,0.00852200070183369,0.007555492443392356,0.006719091065895047,0.00742538556244833,0.00750902570019806,0.007927226388946714,0.007546199094753496,0.008670694280055433,0.010724524329243269,
51137,0.0008642814234138857,0.0009200415152470396,0.0009014548179693216,0.0008921614693304626,0.0009293348638858986,0.0010222683502744885,0.0010501483961910653,0.0012081353230516683,0.0015984559658837455,0.0017657362413832072,0.0022582837192427338,0.0024534440406587723,0.002908818123962862,0.0035035924368498374,0.0038846197310430557,0.004990528219067276,0.005799049550648007,0.005668942669703981,0.005557422486037674,0.004897594732678685,0.004312113768430569,0.004135540144292248,0.0045816208789574795,0.0045816208789574795,0.004507274089846608,0.004618794273512915,0.005204275237761032,0.005269328678233045,0.004721021108540365,0.0055109557428433785,0.0059942098720640455,0.0056875293669816996,0.005566715834676533,0.007035064919616253,0.00869857432597201,0.00669121101997847,0.00880080116099946,0.009414162171164153,0.011012618137047897,0.011579512404018296,0.011142725017991923,0.011904779606378361,0.009581442446663615,0.008875147950110332,0.009005254831054356,0.00815026675627933,0.008206026848112485,0.00852200070183369,0.007555492443392356,0.006719091065895047,0.00742538556244833,0.00750902570019806,0.007927226388946714,0.007546199094753496,0.008670694280055433,0.010724524329243269,
51139,0.0008642814234138857,0.0009200415152470396,0.0009014548179693216,0.0008921614693304626,0.0009293348638858986,0.0010222683502744885,0.0010501483961910653,0.0012081353230516683,0.0015984559658837455,0.0017657362413832072,0.0022582837192427338,0.0024534440406587723,0.002908818123962862,0.0035035924368498374,0.0038846197310430557,0.004990528219067276,0.005799049550648007,0.005668942669703981,0.005557422486037674,0.004897594732678685,0.004312113768430569,0.004135540144292248,0.0045816208789574795,0.0045816208789574795,0.004507274089846608,0.004618794273512915,0.005204275237761032,0.005269328678233045,0.004721021108540365,0.0055109557428433785,0.0059942098720640455,0.0056875293669816996,0.005566715834676533,0.007035064919616253,0.00869857432597201,0.00669121101997847,0.00880080116099946,0.009414162171164153,0.011012618137047897,0.011579512404018296,0.011142725017991923,0.011904779606378361,0.009581442446663615,0.008875147950110332,0.009005254831054356,0.00815026675627933,0.008206026848112485,0.00852200070183369,0.007555492443392356,0.006719091065895047,0.00742538556244833,0.00750902570019806,0.007927226388946714,0.007546199094753496,0.008670694280055433,0.010724524329243269,
51141,0.0008642814234138857,0.0009200415152470396,0.0009014548179693216,0.0008921614693304626,0.0009293348638858986,0.0010222683502744885,0.0010501483961910653,0.0012081353230516683,0.0015984559658837455,0.0017657362413832072,0.0022582837192427338,0.0024534440406587723,0.002908818123962862,0.0035035924368498374,0.0038846197310430557,0.004990528219067276,0.005799049550648007,0.005668942669703981,0.005557422486037674,0.004897594732678685,0.004312113768430569,0.004135540144292248,0.0045816208789574795,0.0045816208789574795,0.004507274089846608,0.004618794273512915,0.005204275237761032,0.005269328678233045,0.004721021108540365,0.0055109557428433785,0.0059942098720640455,0.0056875293669816996,0.005566715834676533,0.007035064919616253,0.00869857432597201,0.00669121101997847,0.00880080116099946,0.009414162171164153,0.011012618137047897,0.011579512404018296,0.011142725017991923,0.011904779606378361,0.009581442446663615,0.008875147950110332,0.009005254831054356,0.00815026675627933,0.008206026848112485,0.00852200070183369,0.007555492443392356,0.006719091065895047,0.00742538556244833,0.00750902570019806,0.007927226388946714,0.007546199094753496,0.008670694280055433,0.010724524329243269,
51143,0.0008642814234138857,0.0009200415152470396,0.0009014548179693216,0.0008921614693304626,0.0009293348638858986,0.0010222683502744885,0.0010501483961910653,0.0012081353230516683,0.0015984559658837455,0.0017657362413832072,0.0022582837192427338,0.0024534440406587723,0.002908818123962862,0.0035035924368498374,0.0038846197310430557,0.004990528219067276,0.005799049550648007,0.005668942669703981,0.005557422486037674,0.004897594732678685,0.004312113768430569,0.004135540144292248,0.0045816208789574795,0.0045816208789574795,0.004507274089846608,0.004618794273512915,0.005204275237761032,0.005269328678233045,0.004721021108540365,0.0055109557428433785,0.0059942098720640455,0.0056875293669816996,0.005566715834676533,0.007035064919616253,0.00869857432597201,0.00669121101997847,0.00880080116099946,0.009414162171164153,0.011012618137047897,0.011579512404018296,0.011142725017991923,0.011904779606378361,0.009581442446663615,0.008875147950110332,0.009005254831054356,0.00815026675627933,0.008206026848112485,0.00852200070183369,0.007555492443392356,0.006719091065895047,0.00742538556244833,0.00750902570019806,0.007927226388946714,0.007546199094753496,0.008670694280055433,0.010724524329243269,
51145,0.0008642814234138857,0.0009200415152470396,0.0009014548179693216,0.0008921614693304626,0.0009293348638858986,0.0010222683502744885,0.0010501483961910653,0.0012081353230516683,0.0015984559658837455,0.0017657362413832072,0.0022582837192427338,0.0024534440406587723,0.002908818123962862,0.0035035924368498374,0.0038846197310430557,0.004990528219067276,0.005799049550648007,0.005668942669703981,0.005557422486037674,0.004897594732678685,0.004312113768430569,0.004135540144292248,0.0045816208789574795,0.0045816208789574795,0.004507274089846608,0.004618794273512915,0.005204275237761032,0.005269328678233045,0.004721021108540365,0.0055109557428433785,0.0059942098720640455,0.0056875293669816996,0.005566715834676533,0.007035064919616253,0.00869857432597201,0.00669121101997847,0.00880080116099946,0.009414162171164153,0.011012618137047897,0.011579512404018296,0.011142725017991923,0.011904779606378361,0.009581442446663615,0.008875147950110332,0.009005254831054356,0.00815026675627933,0.008206026848112485,0.00852200070183369,0.007555492443392356,0.006719091065895047,0.00742538556244833,0.00750902570019806,0.007927226388946714,0.007546199094753496,0.008670694280055433,0.010724524329243269,
51147,0.0008642814234138857,0.0009200415152470396,0.0009014548179693216,0.0008921614693304626,0.0009293348638858986,0.0010222683502744885,0.0010501483961910653,0.0012081353230516683,0.0015984559658837455,0.0017657362413832072,0.0022582837192427338,0.0024534440406587723,0.002908818123962862,0.0035035924368498374,0.0038846197310430557,0.004990528219067276,0.005799049550648007,0.005668942669703981,0.005557422486037674,0.004897594732678685,0.004312113768430569,0.004135540144292248,0.0045816208789574795,0.0045816208789574795,0.004507274089846608,0.004618794273512915,0.005204275237761032,0.005269328678233045,0.004721021108540365,0.0055109557428433785,0.0059942098720640455,0.0056875293669816996,0.005566715834676533,0.007035064919616253,0.00869857432597201,0.00669121101997847,0.00880080116099946,0.009414162171164153,0.011012618137047897,0.011579512404018296,0.011142725017991923,0.011904779606378361,0.009581442446663615,0.008875147950110332,0.009005254831054356,0.00815026675627933,0.008206026848112485,0.00852200070183369,0.007555492443392356,0.006719091065895047,0.00742538556244833,0.00750902570019806,0.007927226388946714,0.007546199094753496,0.008670694280055433,0.010724524329243269,
51149,0.0008642814234138857,0.0009200415152470396,0.0009014548179693216,0.0008921614693304626,0.0009293348638858986,0.0010222683502744885,0.0010501483961910653,0.0012081353230516683,0.0015984559658837455,0.0017657362413832072,0.0022582837192427338,0.0024534440406587723,0.002908818123962862,0.0035035924368498374,0.0038846197310430557,0.004990528219067276,0.005799049550648007,0.005668942669703981,0.005557422486037674,0.004897594732678685,0.004312113768430569,0.004135540144292248,0.0045816208789574795,0.0045816208789574795,0.004507274089846608,0.004618794273512915,0.005204275237761032,0.005269328678233045,0.004721021108540365,0.0055109557428433785,0.0059942098720640455,0.0056875293669816996,0.005566715834676533,0.007035064919616253,0.00869857432597201,0.00669121101997847,0.00880080116099946,0.009414162171164153,0.011012618137047897,0.011579512404018296,0.011142725017991923,0.011904779606378361,0.009581442446663615,0.008875147950110332,0.009005254831054356,0.00815026675627933,0.008206026848112485,0.00852200070183369,0.007555492443392356,0.006719091065895047,0.00742538556244833,0.00750902570019806,0.007927226388946714,0.007546199094753496,0.008670694280055433,0.010724524329243269,
51153,0.0008642814234138857,0.0009200415152470396,0.0009014548179693216,0.0008921614693304626,0.0009293348638858986,0.0010222683502744885,0.0010501483961910653,0.0012081353230516683,0.0015984559658837455,0.0017657362413832072,0.0022582837192427338,0.0024534440406587723,0.002908818123962862,0.0035035924368498374,0.0038846197310430557,0.004990528219067276,0.005799049550648007,0.005668942669703981,0.005557422486037674,0.004897594732678685,0.004312113768430569,0.004135540144292248,0.0045816208789574795,0.0045816208789574795,0.004507274089846608,0.004618794273512915,0.005204275237761032,0.005269328678233045,0.004721021108540365,0.0055109557428433785,0.0059942098720640455,0.0056875293669816996,0.005566715834676533,0.007035064919616253,0.00869857432597201,0.00669121101997847,0.00880080116099946,0.009414162171164153,0.011012618137047897,0.011579512404018296,0.011142725017991923,0.011904779606378361,0.009581442446663615,0.008875147950110332,0.009005254831054356,0.00815026675627933,0.008206026848112485,0.00852200070183369,0.007555492443392356,0.006719091065895047,0.00742538556244833,0.00750902570019806,0.007927226388946714,0.007546199094753496,0.008670694280055433,0.010724524329243269,
51155,0.0008642814234138857,0.0009200415152470396,0.0009014548179693216,0.0008921614693304626,0.0009293348638858986,0.0010222683502744885,0.0010501483961910653,0.0012081353230516683,0.0015984559658837455,0.0017657362413832072,0.0022582837192427338,0.0024534440406587723,0.002908818123962862,0.0035035924368498374,0.0038846197310430557,0.004990528219067276,0.005799049550648007,0.005668942669703981,0.005557422486037674,0.004897594732678685,0.004312113768430569,0.004135540144292248,0.0045816208789574795,0.0045816208789574795,0.004507274089846608,0.004618794273512915,0.005204275237761032,0.005269328678233045,0.004721021108540365,0.0055109557428433785,0.0059942098720640455,0.0056875293669816996,0.005566715834676533,0.007035064919616253,0.00869857432597201,0.00669121101997847,0.00880080116099946,0.009414162171164153,0.011012618137047897,0.011579512404018296,0.011142725017991923,0.011904779606378361,0.009581442446663615,0.008875147950110332,0.009005254831054356,0.00815026675627933,0.008206026848112485,0.00852200070183369,0.007555492443392356,0.006719091065895047,0.00742538556244833,0.00750902570019806,0.007927226388946714,0.007546199094753496,0.008670694280055433,0.010724524329243269,
51157,0.0008642814234138857,0.0009200415152470396,0.0009014548179693216,0.0008921614693304626,0.0009293348638858986,0.0010222683502744885,0.0010501483961910653,0.0012081353230516683,0.0015984559658837455,0.0017657362413832072,0.0022582837192427338,0.0024534440406587723,0.002908818123962862,0.0035035924368498374,0.0038846197310430557,0.004990528219067276,0.005799049550648007,0.005668942669703981,0.005557422486037674,0.004897594732678685,0.004312113768430569,0.004135540144292248,0.0045816208789574795,0.0045816208789574795,0.004507274089846608,0.004618794273512915,0.005204275237761032,0.005269328678233045,0.004721021108540365,0.0055109557428433785,0.0059942098720640455,0.0056875293669816996,0.005566715834676533,0.007035064919616253,0.00869857432597201,0.00669121101997847,0.00880080116099946,0.009414162171164153,0.011012618137047897,0.011579512404018296,0.011142725017991923,0.011904779606378361,0.009581442446663615,0.008875147950110332,0.009005254831054356,0.00815026675627933,0.008206026848112485,0.00852200070183369,0.007555492443392356,0.006719091065895047,0.00742538556244833,0.00750902570019806,0.007927226388946714,0.007546199094753496,0.008670694280055433,0.010724524329243269,
51159,0.0008642814234138857,0.0009200415152470396,0.0009014548179693216,0.0008921614693304626,0.0009293348638858986,0.0010222683502744885,0.0010501483961910653,0.0012081353230516683,0.0015984559658837455,0.0017657362413832072,0.0022582837192427338,0.0024534440406587723,0.002908818123962862,0.0035035924368498374,0.0038846197310430557,0.004990528219067276,0.005799049550648007,0.005668942669703981,0.005557422486037674,0.004897594732678685,0.004312113768430569,0.004135540144292248,0.0045816208789574795,0.0045816208789574795,0.004507274089846608,0.004618794273512915,0.005204275237761032,0.005269328678233045,0.004721021108540365,0.0055109557428433785,0.0059942098720640455,0.0056875293669816996,0.005566715834676533,0.007035064919616253,0.00869857432597201,0.00669121101997847,0.00880080116099946,0.009414162171164153,0.011012618137047897,0.011579512404018296,0.011142725017991923,0.011904779606378361,0.009581442446663615,0.008875147950110332,0.009005254831054356,0.00815026675627933,0.008206026848112485,0.00852200070183369,0.007555492443392356,0.006719091065895047,0.00742538556244833,0.00750902570019806,0.007927226388946714,0.007546199094753496,0.008670694280055433,0.010724524329243269,
51161,0.0008642814234138857,0.0009200415152470396,0.0009014548179693216,0.0008921614693304626,0.0009293348638858986,0.0010222683502744885,0.0010501483961910653,0.0012081353230516683,0.0015984559658837455,0.0017657362413832072,0.0022582837192427338,0.0024534440406587723,0.002908818123962862,0.0035035924368498374,0.0038846197310430557,0.004990528219067276,0.005799049550648007,0.005668942669703981,0.005557422486037674,0.004897594732678685,0.004312113768430569,0.004135540144292248,0.0045816208789574795,0.0045816208789574795,0.004507274089846608,0.004618794273512915,0.005204275237761032,0.005269328678233045,0.004721021108540365,0.0055109557428433785,0.0059942098720640455,0.0056875293669816996,0.005566715834676533,0.007035064919616253,0.00869857432597201,0.00669121101997847,0.00880080116099946,0.009414162171164153,0.011012618137047897,0.011579512404018296,0.011142725017991923,0.011904779606378361,0.009581442446663615,0.008875147950110332,0.009005254831054356,0.00815026675627933,0.008206026848112485,0.00852200070183369,0.007555492443392356,0.006719091065895047,0.00742538556244833,0.00750902570019806,0.007927226388946714,0.007546199094753496,0.008670694280055433,0.010724524329243269,
51163,0.0008642814234138857,0.0009200415152470396,0.0009014548179693216,0.0008921614693304626,0.0009293348638858986,0.0010222683502744885,0.0010501483961910653,0.0012081353230516683,0.0015984559658837455,0.0017657362413832072,0.0022582837192427338,0.0024534440406587723,0.002908818123962862,0.0035035924368498374,0.0038846197310430557,0.004990528219067276,0.005799049550648007,0.005668942669703981,0.005557422486037674,0.004897594732678685,0.004312113768430569,0.004135540144292248,0.0045816208789574795,0.0045816208789574795,0.004507274089846608,0.004618794273512915,0.005204275237761032,0.005269328678233045,0.004721021108540365,0.0055109557428433785,0.0059942098720640455,0.0056875293669816996,0.005566715834676533,0.007035064919616253,0.00869857432597201,0.00669121101997847,0.00880080116099946,0.009414162171164153,0.011012618137047897,0.011579512404018296,0.011142725017991923,0.011904779606378361,0.009581442446663615,0.008875147950110332,0.009005254831054356,0.00815026675627933,0.008206026848112485,0.00852200070183369,0.007555492443392356,0.006719091065895047,0.00742538556244833,0.00750902570019806,0.007927226388946714,0.007546199094753496,0.008670694280055433,0.010724524329243269,
51165,0.0008642814234138857,0.0009200415152470396,0.0009014548179693216,0.0008921614693304626,0.0009293348638858986,0.0010222683502744885,0.0010501483961910653,0.0012081353230516683,0.0015984559658837455,0.0017657362413832072,0.0022582837192427338,0.0024534440406587723,0.002908818123962862,0.0035035924368498374,0.0038846197310430557,0.004990528219067276,0.005799049550648007,0.005668942669703981,0.005557422486037674,0.004897594732678685,0.004312113768430569,0.004135540144292248,0.0045816208789574795,0.0045816208789574795,0.004507274089846608,0.004618794273512915,0.005204275237761032,0.005269328678233045,0.004721021108540365,0.0055109557428433785,0.0059942098720640455,0.0056875293669816996,0.005566715834676533,0.007035064919616253,0.00869857432597201,0.00669121101997847,0.00880080116099946,0.009414162171164153,0.011012618137047897,0.011579512404018296,0.011142725017991923,0.011904779606378361,0.009581442446663615,0.008875147950110332,0.009005254831054356,0.00815026675627933,0.008206026848112485,0.00852200070183369,0.007555492443392356,0.006719091065895047,0.00742538556244833,0.00750902570019806,0.007927226388946714,0.007546199094753496,0.008670694280055433,0.010724524329243269,
51167,0.0008642814234138857,0.0009200415152470396,0.0009014548179693216,0.0008921614693304626,0.0009293348638858986,0.0010222683502744885,0.0010501483961910653,0.0012081353230516683,0.0015984559658837455,0.0017657362413832072,0.0022582837192427338,0.0024534440406587723,0.002908818123962862,0.0035035924368498374,0.0038846197310430557,0.004990528219067276,0.005799049550648007,0.005668942669703981,0.005557422486037674,0.004897594732678685,0.004312113768430569,0.004135540144292248,0.0045816208789574795,0.0045816208789574795,0.004507274089846608,0.004618794273512915,0.005204275237761032,0.005269328678233045,0.004721021108540365,0.0055109557428433785,0.0059942098720640455,0.0056875293669816996,0.005566715834676533,0.007035064919616253,0.00869857432597201,0.00669121101997847,0.00880080116099946,0.009414162171164153,0.011012618137047897,0.011579512404018296,0.011142725017991923,0.011904779606378361,0.009581442446663615,0.008875147950110332,0.009005254831054356,0.00815026675627933,0.008206026848112485,0.00852200070183369,0.007555492443392356,0.006719091065895047,0.00742538556244833,0.00750902570019806,0.007927226388946714,0.007546199094753496,0.008670694280055433,0.010724524329243269,
51169,0.0008642814234138857,0.0009200415152470396,0.0009014548179693216,0.0008921614693304626,0.0009293348638858986,0.0010222683502744885,0.0010501483961910653,0.0012081353230516683,0.0015984559658837455,0.0017657362413832072,0.0022582837192427338,0.0024534440406587723,0.002908818123962862,0.0035035924368498374,0.0038846197310430557,0.004990528219067276,0.005799049550648007,0.005668942669703981,0.005557422486037674,0.004897594732678685,0.004312113768430569,0.004135540144292248,0.0045816208789574795,0.0045816208789574795,0.004507274089846608,0.004618794273512915,0.005204275237761032,0.005269328678233045,0.004721021108540365,0.0055109557428433785,0.0059942098720640455,0.0056875293669816996,0.005566715834676533,0.007035064919616253,0.00869857432597201,0.00669121101997847,0.00880080116099946,0.009414162171164153,0.011012618137047897,0.011579512404018296,0.011142725017991923,0.011904779606378361,0.009581442446663615,0.008875147950110332,0.009005254831054356,0.00815026675627933,0.008206026848112485,0.00852200070183369,0.007555492443392356,0.006719091065895047,0.00742538556244833,0.00750902570019806,0.007927226388946714,0.007546199094753496,0.008670694280055433,0.010724524329243269,
51171,0.0008642814234138857,0.0009200415152470396,0.0009014548179693216,0.0008921614693304626,0.0009293348638858986,0.0010222683502744885,0.0010501483961910653,0.0012081353230516683,0.0015984559658837455,0.0017657362413832072,0.0022582837192427338,0.0024534440406587723,0.002908818123962862,0.0035035924368498374,0.0038846197310430557,0.004990528219067276,0.005799049550648007,0.005668942669703981,0.005557422486037674,0.004897594732678685,0.004312113768430569,0.004135540144292248,0.0045816208789574795,0.0045816208789574795,0.004507274089846608,0.004618794273512915,0.005204275237761032,0.005269328678233045,0.004721021108540365,0.0055109557428433785,0.0059942098720640455,0.0056875293669816996,0.005566715834676533,0.007035064919616253,0.00869857432597201,0.00669121101997847,0.00880080116099946,0.009414162171164153,0.011012618137047897,0.011579512404018296,0.011142725017991923,0.011904779606378361,0.009581442446663615,0.008875147950110332,0.009005254831054356,0.00815026675627933,0.008206026848112485,0.00852200070183369,0.007555492443392356,0.006719091065895047,0.00742538556244833,0.00750902570019806,0.007927226388946714,0.007546199094753496,0.008670694280055433,0.010724524329243269,
51173,0.0008642814234138857,0.0009200415152470396,0.0009014548179693216,0.0008921614693304626,0.0009293348638858986,0.0010222683502744885,0.0010501483961910653,0.0012081353230516683,0.0015984559658837455,0.0017657362413832072,0.0022582837192427338,0.0024534440406587723,0.002908818123962862,0.0035035924368498374,0.0038846197310430557,0.004990528219067276,0.005799049550648007,0.005668942669703981,0.005557422486037674,0.004897594732678685,0.004312113768430569,0.004135540144292248,0.0045816208789574795,0.0045816208789574795,0.004507274089846608,0.004618794273512915,0.005204275237761032,0.005269328678233045,0.004721021108540365,0.0055109557428433785,0.0059942098720640455,0.0056875293669816996,0.005566715834676533,0.007035064919616253,0.00869857432597201,0.00669121101997847,0.00880080116099946,0.009414162171164153,0.011012618137047897,0.011579512404018296,0.011142725017991923,0.011904779606378361,0.009581442446663615,0.008875147950110332,0.009005254831054356,0.00815026675627933,0.008206026848112485,0.00852200070183369,0.007555492443392356,0.006719091065895047,0.00742538556244833,0.00750902570019806,0.007927226388946714,0.007546199094753496,0.008670694280055433,0.010724524329243269,
51175,0.0008642814234138857,0.0009200415152470396,0.0009014548179693216,0.0008921614693304626,0.0009293348638858986,0.0010222683502744885,0.0010501483961910653,0.0012081353230516683,0.0015984559658837455,0.0017657362413832072,0.0022582837192427338,0.0024534440406587723,0.002908818123962862,0.0035035924368498374,0.0038846197310430557,0.004990528219067276,0.005799049550648007,0.005668942669703981,0.005557422486037674,0.004897594732678685,0.004312113768430569,0.004135540144292248,0.0045816208789574795,0.0045816208789574795,0.004507274089846608,0.004618794273512915,0.005204275237761032,0.005269328678233045,0.004721021108540365,0.0055109557428433785,0.0059942098720640455,0.0056875293669816996,0.005566715834676533,0.007035064919616253,0.00869857432597201,0.00669121101997847,0.00880080116099946,0.009414162171164153,0.011012618137047897,0.011579512404018296,0.011142725017991923,0.011904779606378361,0.009581442446663615,0.008875147950110332,0.009005254831054356,0.00815026675627933,0.008206026848112485,0.00852200070183369,0.007555492443392356,0.006719091065895047,0.00742538556244833,0.00750902570019806,0.007927226388946714,0.007546199094753496,0.008670694280055433,0.010724524329243269,
51177,0.0008642814234138857,0.0009200415152470396,0.0009014548179693216,0.0008921614693304626,0.0009293348638858986,0.0010222683502744885,0.0010501483961910653,0.0012081353230516683,0.0015984559658837455,0.0017657362413832072,0.0022582837192427338,0.0024534440406587723,0.002908818123962862,0.0035035924368498374,0.0038846197310430557,0.004990528219067276,0.005799049550648007,0.005668942669703981,0.005557422486037674,0.004897594732678685,0.004312113768430569,0.004135540144292248,0.0045816208789574795,0.0045816208789574795,0.004507274089846608,0.004618794273512915,0.005204275237761032,0.005269328678233045,0.004721021108540365,0.0055109557428433785,0.0059942098720640455,0.0056875293669816996,0.005566715834676533,0.007035064919616253,0.00869857432597201,0.00669121101997847,0.00880080116099946,0.009414162171164153,0.011012618137047897,0.011579512404018296,0.011142725017991923,0.011904779606378361,0.009581442446663615,0.008875147950110332,0.009005254831054356,0.00815026675627933,0.008206026848112485,0.00852200070183369,0.007555492443392356,0.006719091065895047,0.00742538556244833,0.00750902570019806,0.007927226388946714,0.007546199094753496,0.008670694280055433,0.010724524329243269,
51179,0.0008642814234138857,0.0009200415152470396,0.0009014548179693216,0.0008921614693304626,0.0009293348638858986,0.0010222683502744885,0.0010501483961910653,0.0012081353230516683,0.0015984559658837455,0.0017657362413832072,0.0022582837192427338,0.0024534440406587723,0.002908818123962862,0.0035035924368498374,0.0038846197310430557,0.004990528219067276,0.005799049550648007,0.005668942669703981,0.005557422486037674,0.004897594732678685,0.004312113768430569,0.004135540144292248,0.0045816208789574795,0.0045816208789574795,0.004507274089846608,0.004618794273512915,0.005204275237761032,0.005269328678233045,0.004721021108540365,0.0055109557428433785,0.0059942098720640455,0.0056875293669816996,0.005566715834676533,0.007035064919616253,0.00869857432597201,0.00669121101997847,0.00880080116099946,0.009414162171164153,0.011012618137047897,0.011579512404018296,0.011142725017991923,0.011904779606378361,0.009581442446663615,0.008875147950110332,0.009005254831054356,0.00815026675627933,0.008206026848112485,0.00852200070183369,0.007555492443392356,0.006719091065895047,0.00742538556244833,0.00750902570019806,0.007927226388946714,0.007546199094753496,0.008670694280055433,0.010724524329243269,
51181,0.0008642814234138857,0.0009200415152470396,0.0009014548179693216,0.0008921614693304626,0.0009293348638858986,0.0010222683502744885,0.0010501483961910653,0.0012081353230516683,0.0015984559658837455,0.0017657362413832072,0.0022582837192427338,0.0024534440406587723,0.002908818123962862,0.0035035924368498374,0.0038846197310430557,0.004990528219067276,0.005799049550648007,0.005668942669703981,0.005557422486037674,0.004897594732678685,0.004312113768430569,0.004135540144292248,0.0045816208789574795,0.0045816208789574795,0.004507274089846608,0.004618794273512915,0.005204275237761032,0.005269328678233045,0.004721021108540365,0.0055109557428433785,0.0059942098720640455,0.0056875293669816996,0.005566715834676533,0.007035064919616253,0.00869857432597201,0.00669121101997847,0.00880080116099946,0.009414162171164153,0.011012618137047897,0.011579512404018296,0.011142725017991923,0.011904779606378361,0.009581442446663615,0.008875147950110332,0.009005254831054356,0.00815026675627933,0.008206026848112485,0.00852200070183369,0.007555492443392356,0.006719091065895047,0.00742538556244833,0.00750902570019806,0.007927226388946714,0.007546199094753496,0.008670694280055433,0.010724524329243269,
51183,0.0008642814234138857,0.0009200415152470396,0.0009014548179693216,0.0008921614693304626,0.0009293348638858986,0.0010222683502744885,0.0010501483961910653,0.0012081353230516683,0.0015984559658837455,0.0017657362413832072,0.0022582837192427338,0.0024534440406587723,0.002908818123962862,0.0035035924368498374,0.0038846197310430557,0.004990528219067276,0.005799049550648007,0.005668942669703981,0.005557422486037674,0.004897594732678685,0.004312113768430569,0.004135540144292248,0.0045816208789574795,0.0045816208789574795,0.004507274089846608,0.004618794273512915,0.005204275237761032,0.005269328678233045,0.004721021108540365,0.0055109557428433785,0.0059942098720640455,0.0056875293669816996,0.005566715834676533,0.007035064919616253,0.00869857432597201,0.00669121101997847,0.00880080116099946,0.009414162171164153,0.011012618137047897,0.011579512404018296,0.011142725017991923,0.011904779606378361,0.009581442446663615,0.008875147950110332,0.009005254831054356,0.00815026675627933,0.008206026848112485,0.00852200070183369,0.007555492443392356,0.006719091065895047,0.00742538556244833,0.00750902570019806,0.007927226388946714,0.007546199094753496,0.008670694280055433,0.010724524329243269,
51185,0.0008642814234138857,0.0009200415152470396,0.0009014548179693216,0.0008921614693304626,0.0009293348638858986,0.0010222683502744885,0.0010501483961910653,0.0012081353230516683,0.0015984559658837455,0.0017657362413832072,0.0022582837192427338,0.0024534440406587723,0.002908818123962862,0.0035035924368498374,0.0038846197310430557,0.004990528219067276,0.005799049550648007,0.005668942669703981,0.005557422486037674,0.004897594732678685,0.004312113768430569,0.004135540144292248,0.0045816208789574795,0.0045816208789574795,0.004507274089846608,0.004618794273512915,0.005204275237761032,0.005269328678233045,0.004721021108540365,0.0055109557428433785,0.0059942098720640455,0.0056875293669816996,0.005566715834676533,0.007035064919616253,0.00869857432597201,0.00669121101997847,0.00880080116099946,0.009414162171164153,0.011012618137047897,0.011579512404018296,0.011142725017991923,0.011904779606378361,0.009581442446663615,0.008875147950110332,0.009005254831054356,0.00815026675627933,0.008206026848112485,0.00852200070183369,0.007555492443392356,0.006719091065895047,0.00742538556244833,0.00750902570019806,0.007927226388946714,0.007546199094753496,0.008670694280055433,0.010724524329243269,
51187,0.0008642814234138857,0.0009200415152470396,0.0009014548179693216,0.0008921614693304626,0.0009293348638858986,0.0010222683502744885,0.0010501483961910653,0.0012081353230516683,0.0015984559658837455,0.0017657362413832072,0.0022582837192427338,0.0024534440406587723,0.002908818123962862,0.0035035924368498374,0.0038846197310430557,0.004990528219067276,0.005799049550648007,0.005668942669703981,0.005557422486037674,0.004897594732678685,0.004312113768430569,0.004135540144292248,0.0045816208789574795,0.0045816208789574795,0.004507274089846608,0.004618794273512915,0.005204275237761032,0.005269328678233045,0.004721021108540365,0.0055109557428433785,0.0059942098720640455,0.0056875293669816996,0.005566715834676533,0.007035064919616253,0.00869857432597201,0.00669121101997847,0.00880080116099946,0.009414162171164153,0.011012618137047897,0.011579512404018296,0.011142725017991923,0.011904779606378361,0.009581442446663615,0.008875147950110332,0.009005254831054356,0.00815026675627933,0.008206026848112485,0.00852200070183369,0.007555492443392356,0.006719091065895047,0.00742538556244833,0.00750902570019806,0.007927226388946714,0.007546199094753496,0.008670694280055433,0.010724524329243269,
51191,0.0008642814234138857,0.0009200415152470396,0.0009014548179693216,0.0008921614693304626,0.0009293348638858986,0.0010222683502744885,0.0010501483961910653,0.0012081353230516683,0.0015984559658837455,0.0017657362413832072,0.0022582837192427338,0.0024534440406587723,0.002908818123962862,0.0035035924368498374,0.0038846197310430557,0.004990528219067276,0.005799049550648007,0.005668942669703981,0.005557422486037674,0.004897594732678685,0.004312113768430569,0.004135540144292248,0.0045816208789574795,0.0045816208789574795,0.004507274089846608,0.004618794273512915,0.005204275237761032,0.005269328678233045,0.004721021108540365,0.0055109557428433785,0.0059942098720640455,0.0056875293669816996,0.005566715834676533,0.007035064919616253,0.00869857432597201,0.00669121101997847,0.00880080116099946,0.009414162171164153,0.011012618137047897,0.011579512404018296,0.011142725017991923,0.011904779606378361,0.009581442446663615,0.008875147950110332,0.009005254831054356,0.00815026675627933,0.008206026848112485,0.00852200070183369,0.007555492443392356,0.006719091065895047,0.00742538556244833,0.00750902570019806,0.007927226388946714,0.007546199094753496,0.008670694280055433,0.010724524329243269,
51193,0.0008642814234138857,0.0009200415152470396,0.0009014548179693216,0.0008921614693304626,0.0009293348638858986,0.0010222683502744885,0.0010501483961910653,0.0012081353230516683,0.0015984559658837455,0.0017657362413832072,0.0022582837192427338,0.0024534440406587723,0.002908818123962862,0.0035035924368498374,0.0038846197310430557,0.004990528219067276,0.005799049550648007,0.005668942669703981,0.005557422486037674,0.004897594732678685,0.004312113768430569,0.004135540144292248,0.0045816208789574795,0.0045816208789574795,0.004507274089846608,0.004618794273512915,0.005204275237761032,0.005269328678233045,0.004721021108540365,0.0055109557428433785,0.0059942098720640455,0.0056875293669816996,0.005566715834676533,0.007035064919616253,0.00869857432597201,0.00669121101997847,0.00880080116099946,0.009414162171164153,0.011012618137047897,0.011579512404018296,0.011142725017991923,0.011904779606378361,0.009581442446663615,0.008875147950110332,0.009005254831054356,0.00815026675627933,0.008206026848112485,0.00852200070183369,0.007555492443392356,0.006719091065895047,0.00742538556244833,0.00750902570019806,0.007927226388946714,0.007546199094753496,0.008670694280055433,0.010724524329243269,
51195,0.0008642814234138857,0.0009200415152470396,0.0009014548179693216,0.0008921614693304626,0.0009293348638858986,0.0010222683502744885,0.0010501483961910653,0.0012081353230516683,0.0015984559658837455,0.0017657362413832072,0.0022582837192427338,0.0024534440406587723,0.002908818123962862,0.0035035924368498374,0.0038846197310430557,0.004990528219067276,0.005799049550648007,0.005668942669703981,0.005557422486037674,0.004897594732678685,0.004312113768430569,0.004135540144292248,0.0045816208789574795,0.0045816208789574795,0.004507274089846608,0.004618794273512915,0.005204275237761032,0.005269328678233045,0.004721021108540365,0.0055109557428433785,0.0059942098720640455,0.0056875293669816996,0.005566715834676533,0.007035064919616253,0.00869857432597201,0.00669121101997847,0.00880080116099946,0.009414162171164153,0.011012618137047897,0.011579512404018296,0.011142725017991923,0.011904779606378361,0.009581442446663615,0.008875147950110332,0.009005254831054356,0.00815026675627933,0.008206026848112485,0.00852200070183369,0.007555492443392356,0.006719091065895047,0.00742538556244833,0.00750902570019806,0.007927226388946714,0.007546199094753496,0.008670694280055433,0.010724524329243269,
51197,0.0008642814234138857,0.0009200415152470396,0.0009014548179693216,0.0008921614693304626,0.0009293348638858986,0.0010222683502744885,0.0010501483961910653,0.0012081353230516683,0.0015984559658837455,0.0017657362413832072,0.0022582837192427338,0.0024534440406587723,0.002908818123962862,0.0035035924368498374,0.0038846197310430557,0.004990528219067276,0.005799049550648007,0.005668942669703981,0.005557422486037674,0.004897594732678685,0.004312113768430569,0.004135540144292248,0.0045816208789574795,0.0045816208789574795,0.004507274089846608,0.004618794273512915,0.005204275237761032,0.005269328678233045,0.004721021108540365,0.0055109557428433785,0.0059942098720640455,0.0056875293669816996,0.005566715834676533,0.007035064919616253,0.00869857432597201,0.00669121101997847,0.00880080116099946,0.009414162171164153,0.011012618137047897,0.011579512404018296,0.011142725017991923,0.011904779606378361,0.009581442446663615,0.008875147950110332,0.009005254831054356,0.00815026675627933,0.008206026848112485,0.00852200070183369,0.007555492443392356,0.006719091065895047,0.00742538556244833,0.00750902570019806,0.007927226388946714,0.007546199094753496,0.008670694280055433,0.010724524329243269,
51199,0.0008642814234138857,0.0009200415152470396,0.0009014548179693216,0.0008921614693304626,0.0009293348638858986,0.0010222683502744885,0.0010501483961910653,0.0012081353230516683,0.0015984559658837455,0.0017657362413832072,0.0022582837192427338,0.0024534440406587723,0.002908818123962862,0.0035035924368498374,0.0038846197310430557,0.004990528219067276,0.005799049550648007,0.005668942669703981,0.005557422486037674,0.004897594732678685,0.004312113768430569,0.004135540144292248,0.0045816208789574795,0.0045816208789574795,0.004507274089846608,0.004618794273512915,0.005204275237761032,0.005269328678233045,0.004721021108540365,0.0055109557428433785,0.0059942098720640455,0.0056875293669816996,0.005566715834676533,0.007035064919616253,0.00869857432597201,0.00669121101997847,0.00880080116099946,0.009414162171164153,0.011012618137047897,0.011579512404018296,0.011142725017991923,0.011904779606378361,0.009581442446663615,0.008875147950110332,0.009005254831054356,0.00815026675627933,0.008206026848112485,0.00852200070183369,0.007555492443392356,0.006719091065895047,0.00742538556244833,0.00750902570019806,0.007927226388946714,0.007546199094753496,0.008670694280055433,0.010724524329243269,
51510,0.0008642814234138857,0.0009200415152470396,0.0009014548179693216,0.0008921614693304626,0.0009293348638858986,0.0010222683502744885,0.0010501483961910653,0.0012081353230516683,0.0015984559658837455,0.0017657362413832072,0.0022582837192427338,0.0024534440406587723,0.002908818123962862,0.0035035924368498374,0.0038846197310430557,0.004990528219067276,0.005799049550648007,0.005668942669703981,0.005557422486037674,0.004897594732678685,0.004312113768430569,0.004135540144292248,0.0045816208789574795,0.0045816208789574795,0.004507274089846608,0.004618794273512915,0.005204275237761032,0.005269328678233045,0.004721021108540365,0.0055109557428433785,0.0059942098720640455,0.0056875293669816996,0.005566715834676533,0.007035064919616253,0.00869857432597201,0.00669121101997847,0.00880080116099946,0.009414162171164153,0.011012618137047897,0.011579512404018296,0.011142725017991923,0.011904779606378361,0.009581442446663615,0.008875147950110332,0.009005254831054356,0.00815026675627933,0.008206026848112485,0.00852200070183369,0.007555492443392356,0.006719091065895047,0.00742538556244833,0.00750902570019806,0.007927226388946714,0.007546199094753496,0.008670694280055433,0.010724524329243269,
51520,0.0008642814234138857,0.0009200415152470396,0.0009014548179693216,0.0008921614693304626,0.0009293348638858986,0.0010222683502744885,0.0010501483961910653,0.0012081353230516683,0.0015984559658837455,0.0017657362413832072,0.0022582837192427338,0.0024534440406587723,0.002908818123962862,0.0035035924368498374,0.0038846197310430557,0.004990528219067276,0.005799049550648007,0.005668942669703981,0.005557422486037674,0.004897594732678685,0.004312113768430569,0.004135540144292248,0.0045816208789574795,0.0045816208789574795,0.004507274089846608,0.004618794273512915,0.005204275237761032,0.005269328678233045,0.004721021108540365,0.0055109557428433785,0.0059942098720640455,0.0056875293669816996,0.005566715834676533,0.007035064919616253,0.00869857432597201,0.00669121101997847,0.00880080116099946,0.009414162171164153,0.011012618137047897,0.011579512404018296,0.011142725017991923,0.011904779606378361,0.009581442446663615,0.008875147950110332,0.009005254831054356,0.00815026675627933,0.008206026848112485,0.00852200070183369,0.007555492443392356,0.006719091065895047,0.00742538556244833,0.00750902570019806,0.007927226388946714,0.007546199094753496,0.008670694280055433,0.010724524329243269,
51530,0.0008642814234138857,0.0009200415152470396,0.0009014548179693216,0.0008921614693304626,0.0009293348638858986,0.0010222683502744885,0.0010501483961910653,0.0012081353230516683,0.0015984559658837455,0.0017657362413832072,0.0022582837192427338,0.0024534440406587723,0.002908818123962862,0.0035035924368498374,0.0038846197310430557,0.004990528219067276,0.005799049550648007,0.005668942669703981,0.005557422486037674,0.004897594732678685,0.004312113768430569,0.004135540144292248,0.0045816208789574795,0.0045816208789574795,0.004507274089846608,0.004618794273512915,0.005204275237761032,0.005269328678233045,0.004721021108540365,0.0055109557428433785,0.0059942098720640455,0.0056875293669816996,0.005566715834676533,0.007035064919616253,0.00869857432597201,0.00669121101997847,0.00880080116099946,0.009414162171164153,0.011012618137047897,0.011579512404018296,0.011142725017991923,0.011904779606378361,0.009581442446663615,0.008875147950110332,0.009005254831054356,0.00815026675627933,0.008206026848112485,0.00852200070183369,0.007555492443392356,0.006719091065895047,0.00742538556244833,0.00750902570019806,0.007927226388946714,0.007546199094753496,0.008670694280055433,0.010724524329243269,
51540,0.0008642814234138857,0.0009200415152470396,0.0009014548179693216,0.0008921614693304626,0.0009293348638858986,0.0010222683502744885,0.0010501483961910653,0.0012081353230516683,0.0015984559658837455,0.0017657362413832072,0.0022582837192427338,0.0024534440406587723,0.002908818123962862,0.0035035924368498374,0.0038846197310430557,0.004990528219067276,0.005799049550648007,0.005668942669703981,0.005557422486037674,0.004897594732678685,0.004312113768430569,0.004135540144292248,0.0045816208789574795,0.0045816208789574795,0.004507274089846608,0.004618794273512915,0.005204275237761032,0.005269328678233045,0.004721021108540365,0.0055109557428433785,0.0059942098720640455,0.0056875293669816996,0.005566715834676533,0.007035064919616253,0.00869857432597201,0.00669121101997847,0.00880080116099946,0.009414162171164153,0.011012618137047897,0.011579512404018296,0.011142725017991923,0.011904779606378361,0.009581442446663615,0.008875147950110332,0.009005254831054356,0.00815026675627933,0.008206026848112485,0.00852200070183369,0.007555492443392356,0.006719091065895047,0.00742538556244833,0.00750902570019806,0.007927226388946714,0.007546199094753496,0.008670694280055433,0.010724524329243269,
51550,0.0008642814234138857,0.0009200415152470396,0.0009014548179693216,0.0008921614693304626,0.0009293348638858986,0.0010222683502744885,0.0010501483961910653,0.0012081353230516683,0.0015984559658837455,0.0017657362413832072,0.0022582837192427338,0.0024534440406587723,0.002908818123962862,0.0035035924368498374,0.0038846197310430557,0.004990528219067276,0.005799049550648007,0.005668942669703981,0.005557422486037674,0.004897594732678685,0.004312113768430569,0.004135540144292248,0.0045816208789574795,0.0045816208789574795,0.004507274089846608,0.004618794273512915,0.005204275237761032,0.005269328678233045,0.004721021108540365,0.0055109557428433785,0.0059942098720640455,0.0056875293669816996,0.005566715834676533,0.007035064919616253,0.00869857432597201,0.00669121101997847,0.00880080116099946,0.009414162171164153,0.011012618137047897,0.011579512404018296,0.011142725017991923,0.011904779606378361,0.009581442446663615,0.008875147950110332,0.009005254831054356,0.00815026675627933,0.008206026848112485,0.00852200070183369,0.007555492443392356,0.006719091065895047,0.00742538556244833,0.00750902570019806,0.007927226388946714,0.007546199094753496,0.008670694280055433,0.010724524329243269,
51570,0.0008642814234138857,0.0009200415152470396,0.0009014548179693216,0.0008921614693304626,0.0009293348638858986,0.0010222683502744885,0.0010501483961910653,0.0012081353230516683,0.0015984559658837455,0.0017657362413832072,0.0022582837192427338,0.0024534440406587723,0.002908818123962862,0.0035035924368498374,0.0038846197310430557,0.004990528219067276,0.005799049550648007,0.005668942669703981,0.005557422486037674,0.004897594732678685,0.004312113768430569,0.004135540144292248,0.0045816208789574795,0.0045816208789574795,0.004507274089846608,0.004618794273512915,0.005204275237761032,0.005269328678233045,0.004721021108540365,0.0055109557428433785,0.0059942098720640455,0.0056875293669816996,0.005566715834676533,0.007035064919616253,0.00869857432597201,0.00669121101997847,0.00880080116099946,0.009414162171164153,0.011012618137047897,0.011579512404018296,0.011142725017991923,0.011904779606378361,0.009581442446663615,0.008875147950110332,0.009005254831054356,0.00815026675627933,0.008206026848112485,0.00852200070183369,0.007555492443392356,0.006719091065895047,0.00742538556244833,0.00750902570019806,0.007927226388946714,0.007546199094753496,0.008670694280055433,0.010724524329243269,
51580,0.0008642814234138857,0.0009200415152470396,0.0009014548179693216,0.0008921614693304626,0.0009293348638858986,0.0010222683502744885,0.0010501483961910653,0.0012081353230516683,0.0015984559658837455,0.0017657362413832072,0.0022582837192427338,0.0024534440406587723,0.002908818123962862,0.0035035924368498374,0.0038846197310430557,0.004990528219067276,0.005799049550648007,0.005668942669703981,0.005557422486037674,0.004897594732678685,0.004312113768430569,0.004135540144292248,0.0045816208789574795,0.0045816208789574795,0.004507274089846608,0.004618794273512915,0.005204275237761032,0.005269328678233045,0.004721021108540365,0.0055109557428433785,0.0059942098720640455,0.0056875293669816996,0.005566715834676533,0.007035064919616253,0.00869857432597201,0.00669121101997847,0.00880080116099946,0.009414162171164153,0.011012618137047897,0.011579512404018296,0.011142725017991923,0.011904779606378361,0.009581442446663615,0.008875147950110332,0.009005254831054356,0.00815026675627933,0.008206026848112485,0.00852200070183369,0.007555492443392356,0.006719091065895047,0.00742538556244833,0.00750902570019806,0.007927226388946714,0.007546199094753496,0.008670694280055433,0.010724524329243269,
51590,0.0008642814234138857,0.0009200415152470396,0.0009014548179693216,0.0008921614693304626,0.0009293348638858986,0.0010222683502744885,0.0010501483961910653,0.0012081353230516683,0.0015984559658837455,0.0017657362413832072,0.0022582837192427338,0.0024534440406587723,0.002908818123962862,0.0035035924368498374,0.0038846197310430557,0.004990528219067276,0.005799049550648007,0.005668942669703981,0.005557422486037674,0.004897594732678685,0.004312113768430569,0.004135540144292248,0.0045816208789574795,0.0045816208789574795,0.004507274089846608,0.004618794273512915,0.005204275237761032,0.005269328678233045,0.004721021108540365,0.0055109557428433785,0.0059942098720640455,0.0056875293669816996,0.005566715834676533,0.007035064919616253,0.00869857432597201,0.00669121101997847,0.00880080116099946,0.009414162171164153,0.011012618137047897,0.011579512404018296,0.011142725017991923,0.011904779606378361,0.009581442446663615,0.008875147950110332,0.009005254831054356,0.00815026675627933,0.008206026848112485,0.00852200070183369,0.007555492443392356,0.006719091065895047,0.00742538556244833,0.00750902570019806,0.007927226388946714,0.007546199094753496,0.008670694280055433,0.010724524329243269,
51595,0.0008642814234138857,0.0009200415152470396,0.0009014548179693216,0.0008921614693304626,0.0009293348638858986,0.0010222683502744885,0.0010501483961910653,0.0012081353230516683,0.0015984559658837455,0.0017657362413832072,0.0022582837192427338,0.0024534440406587723,0.002908818123962862,0.0035035924368498374,0.0038846197310430557,0.004990528219067276,0.005799049550648007,0.005668942669703981,0.005557422486037674,0.004897594732678685,0.004312113768430569,0.004135540144292248,0.0045816208789574795,0.0045816208789574795,0.004507274089846608,0.004618794273512915,0.005204275237761032,0.005269328678233045,0.004721021108540365,0.0055109557428433785,0.0059942098720640455,0.0056875293669816996,0.005566715834676533,0.007035064919616253,0.00869857432597201,0.00669121101997847,0.00880080116099946,0.009414162171164153,0.011012618137047897,0.011579512404018296,0.011142725017991923,0.011904779606378361,0.009581442446663615,0.008875147950110332,0.009005254831054356,0.00815026675627933,0.008206026848112485,0.00852200070183369,0.007555492443392356,0.006719091065895047,0.00742538556244833,0.00750902570019806,0.007927226388946714,0.007546199094753496,0.008670694280055433,0.010724524329243269,
51600,0.0008642814234138857,0.0009200415152470396,0.0009014548179693216,0.0008921614693304626,0.0009293348638858986,0.0010222683502744885,0.0010501483961910653,0.0012081353230516683,0.0015984559658837455,0.0017657362413832072,0.0022582837192427338,0.0024534440406587723,0.002908818123962862,0.0035035924368498374,0.0038846197310430557,0.004990528219067276,0.005799049550648007,0.005668942669703981,0.005557422486037674,0.004897594732678685,0.004312113768430569,0.004135540144292248,0.0045816208789574795,0.0045816208789574795,0.004507274089846608,0.004618794273512915,0.005204275237761032,0.005269328678233045,0.004721021108540365,0.0055109557428433785,0.0059942098720640455,0.0056875293669816996,0.005566715834676533,0.007035064919616253,0.00869857432597201,0.00669121101997847,0.00880080116099946,0.009414162171164153,0.011012618137047897,0.011579512404018296,0.011142725017991923,0.011904779606378361,0.009581442446663615,0.008875147950110332,0.009005254831054356,0.00815026675627933,0.008206026848112485,0.00852200070183369,0.007555492443392356,0.006719091065895047,0.00742538556244833,0.00750902570019806,0.007927226388946714,0.007546199094753496,0.008670694280055433,0.010724524329243269,
51610,0.0008642814234138857,0.0009200415152470396,0.0009014548179693216,0.0008921614693304626,0.0009293348638858986,0.0010222683502744885,0.0010501483961910653,0.0012081353230516683,0.0015984559658837455,0.0017657362413832072,0.0022582837192427338,0.0024534440406587723,0.002908818123962862,0.0035035924368498374,0.0038846197310430557,0.004990528219067276,0.005799049550648007,0.005668942669703981,0.005557422486037674,0.004897594732678685,0.004312113768430569,0.004135540144292248,0.0045816208789574795,0.0045816208789574795,0.004507274089846608,0.004618794273512915,0.005204275237761032,0.005269328678233045,0.004721021108540365,0.0055109557428433785,0.0059942098720640455,0.0056875293669816996,0.005566715834676533,0.007035064919616253,0.00869857432597201,0.00669121101997847,0.00880080116099946,0.009414162171164153,0.011012618137047897,0.011579512404018296,0.011142725017991923,0.011904779606378361,0.009581442446663615,0.008875147950110332,0.009005254831054356,0.00815026675627933,0.008206026848112485,0.00852200070183369,0.007555492443392356,0.006719091065895047,0.00742538556244833,0.00750902570019806,0.007927226388946714,0.007546199094753496,0.008670694280055433,0.010724524329243269,
51620,0.0008642814234138857,0.0009200415152470396,0.0009014548179693216,0.0008921614693304626,0.0009293348638858986,0.0010222683502744885,0.0010501483961910653,0.0012081353230516683,0.0015984559658837455,0.0017657362413832072,0.0022582837192427338,0.0024534440406587723,0.002908818123962862,0.0035035924368498374,0.0038846197310430557,0.004990528219067276,0.005799049550648007,0.005668942669703981,0.005557422486037674,0.004897594732678685,0.004312113768430569,0.004135540144292248,0.0045816208789574795,0.0045816208789574795,0.004507274089846608,0.004618794273512915,0.005204275237761032,0.005269328678233045,0.004721021108540365,0.0055109557428433785,0.0059942098720640455,0.0056875293669816996,0.005566715834676533,0.007035064919616253,0.00869857432597201,0.00669121101997847,0.00880080116099946,0.009414162171164153,0.011012618137047897,0.011579512404018296,0.011142725017991923,0.011904779606378361,0.009581442446663615,0.008875147950110332,0.009005254831054356,0.00815026675627933,0.008206026848112485,0.00852200070183369,0.007555492443392356,0.006719091065895047,0.00742538556244833,0.00750902570019806,0.007927226388946714,0.007546199094753496,0.008670694280055433,0.010724524329243269,
51630,0.0008642814234138857,0.0009200415152470396,0.0009014548179693216,0.0008921614693304626,0.0009293348638858986,0.0010222683502744885,0.0010501483961910653,0.0012081353230516683,0.0015984559658837455,0.0017657362413832072,0.0022582837192427338,0.0024534440406587723,0.002908818123962862,0.0035035924368498374,0.0038846197310430557,0.004990528219067276,0.005799049550648007,0.005668942669703981,0.005557422486037674,0.004897594732678685,0.004312113768430569,0.004135540144292248,0.0045816208789574795,0.0045816208789574795,0.004507274089846608,0.004618794273512915,0.005204275237761032,0.005269328678233045,0.004721021108540365,0.0055109557428433785,0.0059942098720640455,0.0056875293669816996,0.005566715834676533,0.007035064919616253,0.00869857432597201,0.00669121101997847,0.00880080116099946,0.009414162171164153,0.011012618137047897,0.011579512404018296,0.011142725017991923,0.011904779606378361,0.009581442446663615,0.008875147950110332,0.009005254831054356,0.00815026675627933,0.008206026848112485,0.00852200070183369,0.007555492443392356,0.006719091065895047,0.00742538556244833,0.00750902570019806,0.007927226388946714,0.007546199094753496,0.008670694280055433,0.010724524329243269,
51640,0.0008642814234138857,0.0009200415152470396,0.0009014548179693216,0.0008921614693304626,0.0009293348638858986,0.0010222683502744885,0.0010501483961910653,0.0012081353230516683,0.0015984559658837455,0.0017657362413832072,0.0022582837192427338,0.0024534440406587723,0.002908818123962862,0.0035035924368498374,0.0038846197310430557,0.004990528219067276,0.005799049550648007,0.005668942669703981,0.005557422486037674,0.004897594732678685,0.004312113768430569,0.004135540144292248,0.0045816208789574795,0.0045816208789574795,0.004507274089846608,0.004618794273512915,0.005204275237761032,0.005269328678233045,0.004721021108540365,0.0055109557428433785,0.0059942098720640455,0.0056875293669816996,0.005566715834676533,0.007035064919616253,0.00869857432597201,0.00669121101997847,0.00880080116099946,0.009414162171164153,0.011012618137047897,0.011579512404018296,0.011142725017991923,0.011904779606378361,0.009581442446663615,0.008875147950110332,0.009005254831054356,0.00815026675627933,0.008206026848112485,0.00852200070183369,0.007555492443392356,0.006719091065895047,0.00742538556244833,0.00750902570019806,0.007927226388946714,0.007546199094753496,0.008670694280055433,0.010724524329243269,
51650,0.0008642814234138857,0.0009200415152470396,0.0009014548179693216,0.0008921614693304626,0.0009293348638858986,0.0010222683502744885,0.0010501483961910653,0.0012081353230516683,0.0015984559658837455,0.0017657362413832072,0.0022582837192427338,0.0024534440406587723,0.002908818123962862,0.0035035924368498374,0.0038846197310430557,0.004990528219067276,0.005799049550648007,0.005668942669703981,0.005557422486037674,0.004897594732678685,0.004312113768430569,0.004135540144292248,0.0045816208789574795,0.0045816208789574795,0.004507274089846608,0.004618794273512915,0.005204275237761032,0.005269328678233045,0.004721021108540365,0.0055109557428433785,0.0059942098720640455,0.0056875293669816996,0.005566715834676533,0.007035064919616253,0.00869857432597201,0.00669121101997847,0.00880080116099946,0.009414162171164153,0.011012618137047897,0.011579512404018296,0.011142725017991923,0.011904779606378361,0.009581442446663615,0.008875147950110332,0.009005254831054356,0.00815026675627933,0.008206026848112485,0.00852200070183369,0.007555492443392356,0.006719091065895047,0.00742538556244833,0.00750902570019806,0.007927226388946714,0.007546199094753496,0.008670694280055433,0.010724524329243269,
51660,0.0008642814234138857,0.0009200415152470396,0.0009014548179693216,0.0008921614693304626,0.0009293348638858986,0.0010222683502744885,0.0010501483961910653,0.0012081353230516683,0.0015984559658837455,0.0017657362413832072,0.0022582837192427338,0.0024534440406587723,0.002908818123962862,0.0035035924368498374,0.0038846197310430557,0.004990528219067276,0.005799049550648007,0.005668942669703981,0.005557422486037674,0.004897594732678685,0.004312113768430569,0.004135540144292248,0.0045816208789574795,0.0045816208789574795,0.004507274089846608,0.004618794273512915,0.005204275237761032,0.005269328678233045,0.004721021108540365,0.0055109557428433785,0.0059942098720640455,0.0056875293669816996,0.005566715834676533,0.007035064919616253,0.00869857432597201,0.00669121101997847,0.00880080116099946,0.009414162171164153,0.011012618137047897,0.011579512404018296,0.011142725017991923,0.011904779606378361,0.009581442446663615,0.008875147950110332,0.009005254831054356,0.00815026675627933,0.008206026848112485,0.00852200070183369,0.007555492443392356,0.006719091065895047,0.00742538556244833,0.00750902570019806,0.007927226388946714,0.007546199094753496,0.008670694280055433,0.010724524329243269,
51670,0.0008642814234138857,0.0009200415152470396,0.0009014548179693216,0.0008921614693304626,0.0009293348638858986,0.0010222683502744885,0.0010501483961910653,0.0012081353230516683,0.0015984559658837455,0.0017657362413832072,0.0022582837192427338,0.0024534440406587723,0.002908818123962862,0.0035035924368498374,0.0038846197310430557,0.004990528219067276,0.005799049550648007,0.005668942669703981,0.005557422486037674,0.004897594732678685,0.004312113768430569,0.004135540144292248,0.0045816208789574795,0.0045816208789574795,0.004507274089846608,0.004618794273512915,0.005204275237761032,0.005269328678233045,0.004721021108540365,0.0055109557428433785,0.0059942098720640455,0.0056875293669816996,0.005566715834676533,0.007035064919616253,0.00869857432597201,0.00669121101997847,0.00880080116099946,0.009414162171164153,0.011012618137047897,0.011579512404018296,0.011142725017991923,0.011904779606378361,0.009581442446663615,0.008875147950110332,0.009005254831054356,0.00815026675627933,0.008206026848112485,0.00852200070183369,0.007555492443392356,0.006719091065895047,0.00742538556244833,0.00750902570019806,0.007927226388946714,0.007546199094753496,0.008670694280055433,0.010724524329243269,
51678,0.0008642814234138857,0.0009200415152470396,0.0009014548179693216,0.0008921614693304626,0.0009293348638858986,0.0010222683502744885,0.0010501483961910653,0.0012081353230516683,0.0015984559658837455,0.0017657362413832072,0.0022582837192427338,0.0024534440406587723,0.002908818123962862,0.0035035924368498374,0.0038846197310430557,0.004990528219067276,0.005799049550648007,0.005668942669703981,0.005557422486037674,0.004897594732678685,0.004312113768430569,0.004135540144292248,0.0045816208789574795,0.0045816208789574795,0.004507274089846608,0.004618794273512915,0.005204275237761032,0.005269328678233045,0.004721021108540365,0.0055109557428433785,0.0059942098720640455,0.0056875293669816996,0.005566715834676533,0.007035064919616253,0.00869857432597201,0.00669121101997847,0.00880080116099946,0.009414162171164153,0.011012618137047897,0.011579512404018296,0.011142725017991923,0.011904779606378361,0.009581442446663615,0.008875147950110332,0.009005254831054356,0.00815026675627933,0.008206026848112485,0.00852200070183369,0.007555492443392356,0.006719091065895047,0.00742538556244833,0.00750902570019806,0.007927226388946714,0.007546199094753496,0.008670694280055433,0.010724524329243269,
51680,0.0008642814234138857,0.0009200415152470396,0.0009014548179693216,0.0008921614693304626,0.0009293348638858986,0.0010222683502744885,0.0010501483961910653,0.0012081353230516683,0.0015984559658837455,0.0017657362413832072,0.0022582837192427338,0.0024534440406587723,0.002908818123962862,0.0035035924368498374,0.0038846197310430557,0.004990528219067276,0.005799049550648007,0.005668942669703981,0.005557422486037674,0.004897594732678685,0.004312113768430569,0.004135540144292248,0.0045816208789574795,0.0045816208789574795,0.004507274089846608,0.004618794273512915,0.005204275237761032,0.005269328678233045,0.004721021108540365,0.0055109557428433785,0.0059942098720640455,0.0056875293669816996,0.005566715834676533,0.007035064919616253,0.00869857432597201,0.00669121101997847,0.00880080116099946,0.009414162171164153,0.011012618137047897,0.011579512404018296,0.011142725017991923,0.011904779606378361,0.009581442446663615,0.008875147950110332,0.009005254831054356,0.00815026675627933,0.008206026848112485,0.00852200070183369,0.007555492443392356,0.006719091065895047,0.00742538556244833,0.00750902570019806,0.007927226388946714,0.007546199094753496,0.008670694280055433,0.010724524329243269,
51683,0.0008642814234138857,0.0009200415152470396,0.0009014548179693216,0.0008921614693304626,0.0009293348638858986,0.0010222683502744885,0.0010501483961910653,0.0012081353230516683,0.0015984559658837455,0.0017657362413832072,0.0022582837192427338,0.0024534440406587723,0.002908818123962862,0.0035035924368498374,0.0038846197310430557,0.004990528219067276,0.005799049550648007,0.005668942669703981,0.005557422486037674,0.004897594732678685,0.004312113768430569,0.004135540144292248,0.0045816208789574795,0.0045816208789574795,0.004507274089846608,0.004618794273512915,0.005204275237761032,0.005269328678233045,0.004721021108540365,0.0055109557428433785,0.0059942098720640455,0.0056875293669816996,0.005566715834676533,0.007035064919616253,0.00869857432597201,0.00669121101997847,0.00880080116099946,0.009414162171164153,0.011012618137047897,0.011579512404018296,0.011142725017991923,0.011904779606378361,0.009581442446663615,0.008875147950110332,0.009005254831054356,0.00815026675627933,0.008206026848112485,0.00852200070183369,0.007555492443392356,0.006719091065895047,0.00742538556244833,0.00750902570019806,0.007927226388946714,0.007546199094753496,0.008670694280055433,0.010724524329243269,
51685,0.0008642814234138857,0.0009200415152470396,0.0009014548179693216,0.0008921614693304626,0.0009293348638858986,0.0010222683502744885,0.0010501483961910653,0.0012081353230516683,0.0015984559658837455,0.0017657362413832072,0.0022582837192427338,0.0024534440406587723,0.002908818123962862,0.0035035924368498374,0.0038846197310430557,0.004990528219067276,0.005799049550648007,0.005668942669703981,0.005557422486037674,0.004897594732678685,0.004312113768430569,0.004135540144292248,0.0045816208789574795,0.0045816208789574795,0.004507274089846608,0.004618794273512915,0.005204275237761032,0.005269328678233045,0.004721021108540365,0.0055109557428433785,0.0059942098720640455,0.0056875293669816996,0.005566715834676533,0.007035064919616253,0.00869857432597201,0.00669121101997847,0.00880080116099946,0.009414162171164153,0.011012618137047897,0.011579512404018296,0.011142725017991923,0.011904779606378361,0.009581442446663615,0.008875147950110332,0.009005254831054356,0.00815026675627933,0.008206026848112485,0.00852200070183369,0.007555492443392356,0.006719091065895047,0.00742538556244833,0.00750902570019806,0.007927226388946714,0.007546199094753496,0.008670694280055433,0.010724524329243269,
51690,0.0008642814234138857,0.0009200415152470396,0.0009014548179693216,0.0008921614693304626,0.0009293348638858986,0.0010222683502744885,0.0010501483961910653,0.0012081353230516683,0.0015984559658837455,0.0017657362413832072,0.0022582837192427338,0.0024534440406587723,0.002908818123962862,0.0035035924368498374,0.0038846197310430557,0.004990528219067276,0.005799049550648007,0.005668942669703981,0.005557422486037674,0.004897594732678685,0.004312113768430569,0.004135540144292248,0.0045816208789574795,0.0045816208789574795,0.004507274089846608,0.004618794273512915,0.005204275237761032,0.005269328678233045,0.004721021108540365,0.0055109557428433785,0.0059942098720640455,0.0056875293669816996,0.005566715834676533,0.007035064919616253,0.00869857432597201,0.00669121101997847,0.00880080116099946,0.009414162171164153,0.011012618137047897,0.011579512404018296,0.011142725017991923,0.011904779606378361,0.009581442446663615,0.008875147950110332,0.009005254831054356,0.00815026675627933,0.008206026848112485,0.00852200070183369,0.007555492443392356,0.006719091065895047,0.00742538556244833,0.00750902570019806,0.007927226388946714,0.007546199094753496,0.008670694280055433,0.010724524329243269,
51700,0.0008642814234138857,0.0009200415152470396,0.0009014548179693216,0.0008921614693304626,0.0009293348638858986,0.0010222683502744885,0.0010501483961910653,0.0012081353230516683,0.0015984559658837455,0.0017657362413832072,0.0022582837192427338,0.0024534440406587723,0.002908818123962862,0.0035035924368498374,0.0038846197310430557,0.004990528219067276,0.005799049550648007,0.005668942669703981,0.005557422486037674,0.004897594732678685,0.004312113768430569,0.004135540144292248,0.0045816208789574795,0.0045816208789574795,0.004507274089846608,0.004618794273512915,0.005204275237761032,0.005269328678233045,0.004721021108540365,0.0055109557428433785,0.0059942098720640455,0.0056875293669816996,0.005566715834676533,0.007035064919616253,0.00869857432597201,0.00669121101997847,0.00880080116099946,0.009414162171164153,0.011012618137047897,0.011579512404018296,0.011142725017991923,0.011904779606378361,0.009581442446663615,0.008875147950110332,0.009005254831054356,0.00815026675627933,0.008206026848112485,0.00852200070183369,0.007555492443392356,0.006719091065895047,0.00742538556244833,0.00750902570019806,0.007927226388946714,0.007546199094753496,0.008670694280055433,0.010724524329243269,
51710,0.0008642814234138857,0.0009200415152470396,0.0009014548179693216,0.0008921614693304626,0.0009293348638858986,0.0010222683502744885,0.0010501483961910653,0.0012081353230516683,0.0015984559658837455,0.0017657362413832072,0.0022582837192427338,0.0024534440406587723,0.002908818123962862,0.0035035924368498374,0.0038846197310430557,0.004990528219067276,0.005799049550648007,0.005668942669703981,0.005557422486037674,0.004897594732678685,0.004312113768430569,0.004135540144292248,0.0045816208789574795,0.0045816208789574795,0.004507274089846608,0.004618794273512915,0.005204275237761032,0.005269328678233045,0.004721021108540365,0.0055109557428433785,0.0059942098720640455,0.0056875293669816996,0.005566715834676533,0.007035064919616253,0.00869857432597201,0.00669121101997847,0.00880080116099946,0.009414162171164153,0.011012618137047897,0.011579512404018296,0.011142725017991923,0.011904779606378361,0.009581442446663615,0.008875147950110332,0.009005254831054356,0.00815026675627933,0.008206026848112485,0.00852200070183369,0.007555492443392356,0.006719091065895047,0.00742538556244833,0.00750902570019806,0.007927226388946714,0.007546199094753496,0.008670694280055433,0.010724524329243269,
51720,0.0008642814234138857,0.0009200415152470396,0.0009014548179693216,0.0008921614693304626,0.0009293348638858986,0.0010222683502744885,0.0010501483961910653,0.0012081353230516683,0.0015984559658837455,0.0017657362413832072,0.0022582837192427338,0.0024534440406587723,0.002908818123962862,0.0035035924368498374,0.0038846197310430557,0.004990528219067276,0.005799049550648007,0.005668942669703981,0.005557422486037674,0.004897594732678685,0.004312113768430569,0.004135540144292248,0.0045816208789574795,0.0045816208789574795,0.004507274089846608,0.004618794273512915,0.005204275237761032,0.005269328678233045,0.004721021108540365,0.0055109557428433785,0.0059942098720640455,0.0056875293669816996,0.005566715834676533,0.007035064919616253,0.00869857432597201,0.00669121101997847,0.00880080116099946,0.009414162171164153,0.011012618137047897,0.011579512404018296,0.011142725017991923,0.011904779606378361,0.009581442446663615,0.008875147950110332,0.009005254831054356,0.00815026675627933,0.008206026848112485,0.00852200070183369,0.007555492443392356,0.006719091065895047,0.00742538556244833,0.00750902570019806,0.007927226388946714,0.007546199094753496,0.008670694280055433,0.010724524329243269,
51730,0.0008642814234138857,0.0009200415152470396,0.0009014548179693216,0.0008921614693304626,0.0009293348638858986,0.0010222683502744885,0.0010501483961910653,0.0012081353230516683,0.0015984559658837455,0.0017657362413832072,0.0022582837192427338,0.0024534440406587723,0.002908818123962862,0.0035035924368498374,0.0038846197310430557,0.004990528219067276,0.005799049550648007,0.005668942669703981,0.005557422486037674,0.004897594732678685,0.004312113768430569,0.004135540144292248,0.0045816208789574795,0.0045816208789574795,0.004507274089846608,0.004618794273512915,0.005204275237761032,0.005269328678233045,0.004721021108540365,0.0055109557428433785,0.0059942098720640455,0.0056875293669816996,0.005566715834676533,0.007035064919616253,0.00869857432597201,0.00669121101997847,0.00880080116099946,0.009414162171164153,0.011012618137047897,0.011579512404018296,0.011142725017991923,0.011904779606378361,0.009581442446663615,0.008875147950110332,0.009005254831054356,0.00815026675627933,0.008206026848112485,0.00852200070183369,0.007555492443392356,0.006719091065895047,0.00742538556244833,0.00750902570019806,0.007927226388946714,0.007546199094753496,0.008670694280055433,0.010724524329243269,
51735,0.0008642814234138857,0.0009200415152470396,0.0009014548179693216,0.0008921614693304626,0.0009293348638858986,0.0010222683502744885,0.0010501483961910653,0.0012081353230516683,0.0015984559658837455,0.0017657362413832072,0.0022582837192427338,0.0024534440406587723,0.002908818123962862,0.0035035924368498374,0.0038846197310430557,0.004990528219067276,0.005799049550648007,0.005668942669703981,0.005557422486037674,0.004897594732678685,0.004312113768430569,0.004135540144292248,0.0045816208789574795,0.0045816208789574795,0.004507274089846608,0.004618794273512915,0.005204275237761032,0.005269328678233045,0.004721021108540365,0.0055109557428433785,0.0059942098720640455,0.0056875293669816996,0.005566715834676533,0.007035064919616253,0.00869857432597201,0.00669121101997847,0.00880080116099946,0.009414162171164153,0.011012618137047897,0.011579512404018296,0.011142725017991923,0.011904779606378361,0.009581442446663615,0.008875147950110332,0.009005254831054356,0.00815026675627933,0.008206026848112485,0.00852200070183369,0.007555492443392356,0.006719091065895047,0.00742538556244833,0.00750902570019806,0.007927226388946714,0.007546199094753496,0.008670694280055433,0.010724524329243269,
51740,0.0008642814234138857,0.0009200415152470396,0.0009014548179693216,0.0008921614693304626,0.0009293348638858986,0.0010222683502744885,0.0010501483961910653,0.0012081353230516683,0.0015984559658837455,0.0017657362413832072,0.0022582837192427338,0.0024534440406587723,0.002908818123962862,0.0035035924368498374,0.0038846197310430557,0.004990528219067276,0.005799049550648007,0.005668942669703981,0.005557422486037674,0.004897594732678685,0.004312113768430569,0.004135540144292248,0.0045816208789574795,0.0045816208789574795,0.004507274089846608,0.004618794273512915,0.005204275237761032,0.005269328678233045,0.004721021108540365,0.0055109557428433785,0.0059942098720640455,0.0056875293669816996,0.005566715834676533,0.007035064919616253,0.00869857432597201,0.00669121101997847,0.00880080116099946,0.009414162171164153,0.011012618137047897,0.011579512404018296,0.011142725017991923,0.011904779606378361,0.009581442446663615,0.008875147950110332,0.009005254831054356,0.00815026675627933,0.008206026848112485,0.00852200070183369,0.007555492443392356,0.006719091065895047,0.00742538556244833,0.00750902570019806,0.007927226388946714,0.007546199094753496,0.008670694280055433,0.010724524329243269,
51750,0.0008642814234138857,0.0009200415152470396,0.0009014548179693216,0.0008921614693304626,0.0009293348638858986,0.0010222683502744885,0.0010501483961910653,0.0012081353230516683,0.0015984559658837455,0.0017657362413832072,0.0022582837192427338,0.0024534440406587723,0.002908818123962862,0.0035035924368498374,0.0038846197310430557,0.004990528219067276,0.005799049550648007,0.005668942669703981,0.005557422486037674,0.004897594732678685,0.004312113768430569,0.004135540144292248,0.0045816208789574795,0.0045816208789574795,0.004507274089846608,0.004618794273512915,0.005204275237761032,0.005269328678233045,0.004721021108540365,0.0055109557428433785,0.0059942098720640455,0.0056875293669816996,0.005566715834676533,0.007035064919616253,0.00869857432597201,0.00669121101997847,0.00880080116099946,0.009414162171164153,0.011012618137047897,0.011579512404018296,0.011142725017991923,0.011904779606378361,0.009581442446663615,0.008875147950110332,0.009005254831054356,0.00815026675627933,0.008206026848112485,0.00852200070183369,0.007555492443392356,0.006719091065895047,0.00742538556244833,0.00750902570019806,0.007927226388946714,0.007546199094753496,0.008670694280055433,0.010724524329243269,
51760,0.0008642814234138857,0.0009200415152470396,0.0009014548179693216,0.0008921614693304626,0.0009293348638858986,0.0010222683502744885,0.0010501483961910653,0.0012081353230516683,0.0015984559658837455,0.0017657362413832072,0.0022582837192427338,0.0024534440406587723,0.002908818123962862,0.0035035924368498374,0.0038846197310430557,0.004990528219067276,0.005799049550648007,0.005668942669703981,0.005557422486037674,0.004897594732678685,0.004312113768430569,0.004135540144292248,0.0045816208789574795,0.0045816208789574795,0.004507274089846608,0.004618794273512915,0.005204275237761032,0.005269328678233045,0.004721021108540365,0.0055109557428433785,0.0059942098720640455,0.0056875293669816996,0.005566715834676533,0.007035064919616253,0.00869857432597201,0.00669121101997847,0.00880080116099946,0.009414162171164153,0.011012618137047897,0.011579512404018296,0.011142725017991923,0.011904779606378361,0.009581442446663615,0.008875147950110332,0.009005254831054356,0.00815026675627933,0.008206026848112485,0.00852200070183369,0.007555492443392356,0.006719091065895047,0.00742538556244833,0.00750902570019806,0.007927226388946714,0.007546199094753496,0.008670694280055433,0.010724524329243269,
51770,0.0008642814234138857,0.0009200415152470396,0.0009014548179693216,0.0008921614693304626,0.0009293348638858986,0.0010222683502744885,0.0010501483961910653,0.0012081353230516683,0.0015984559658837455,0.0017657362413832072,0.0022582837192427338,0.0024534440406587723,0.002908818123962862,0.0035035924368498374,0.0038846197310430557,0.004990528219067276,0.005799049550648007,0.005668942669703981,0.005557422486037674,0.004897594732678685,0.004312113768430569,0.004135540144292248,0.0045816208789574795,0.0045816208789574795,0.004507274089846608,0.004618794273512915,0.005204275237761032,0.005269328678233045,0.004721021108540365,0.0055109557428433785,0.0059942098720640455,0.0056875293669816996,0.005566715834676533,0.007035064919616253,0.00869857432597201,0.00669121101997847,0.00880080116099946,0.009414162171164153,0.011012618137047897,0.011579512404018296,0.011142725017991923,0.011904779606378361,0.009581442446663615,0.008875147950110332,0.009005254831054356,0.00815026675627933,0.008206026848112485,0.00852200070183369,0.007555492443392356,0.006719091065895047,0.00742538556244833,0.00750902570019806,0.007927226388946714,0.007546199094753496,0.008670694280055433,0.010724524329243269,
51775,0.0008642814234138857,0.0009200415152470396,0.0009014548179693216,0.0008921614693304626,0.0009293348638858986,0.0010222683502744885,0.0010501483961910653,0.0012081353230516683,0.0015984559658837455,0.0017657362413832072,0.0022582837192427338,0.0024534440406587723,0.002908818123962862,0.0035035924368498374,0.0038846197310430557,0.004990528219067276,0.005799049550648007,0.005668942669703981,0.005557422486037674,0.004897594732678685,0.004312113768430569,0.004135540144292248,0.0045816208789574795,0.0045816208789574795,0.004507274089846608,0.004618794273512915,0.005204275237761032,0.005269328678233045,0.004721021108540365,0.0055109557428433785,0.0059942098720640455,0.0056875293669816996,0.005566715834676533,0.007035064919616253,0.00869857432597201,0.00669121101997847,0.00880080116099946,0.009414162171164153,0.011012618137047897,0.011579512404018296,0.011142725017991923,0.011904779606378361,0.009581442446663615,0.008875147950110332,0.009005254831054356,0.00815026675627933,0.008206026848112485,0.00852200070183369,0.007555492443392356,0.006719091065895047,0.00742538556244833,0.00750902570019806,0.007927226388946714,0.007546199094753496,0.008670694280055433,0.010724524329243269,
51790,0.0008642814234138857,0.0009200415152470396,0.0009014548179693216,0.0008921614693304626,0.0009293348638858986,0.0010222683502744885,0.0010501483961910653,0.0012081353230516683,0.0015984559658837455,0.0017657362413832072,0.0022582837192427338,0.0024534440406587723,0.002908818123962862,0.0035035924368498374,0.0038846197310430557,0.004990528219067276,0.005799049550648007,0.005668942669703981,0.005557422486037674,0.004897594732678685,0.004312113768430569,0.004135540144292248,0.0045816208789574795,0.0045816208789574795,0.004507274089846608,0.004618794273512915,0.005204275237761032,0.005269328678233045,0.004721021108540365,0.0055109557428433785,0.0059942098720640455,0.0056875293669816996,0.005566715834676533,0.007035064919616253,0.00869857432597201,0.00669121101997847,0.00880080116099946,0.009414162171164153,0.011012618137047897,0.011579512404018296,0.011142725017991923,0.011904779606378361,0.009581442446663615,0.008875147950110332,0.009005254831054356,0.00815026675627933,0.008206026848112485,0.00852200070183369,0.007555492443392356,0.006719091065895047,0.00742538556244833,0.00750902570019806,0.007927226388946714,0.007546199094753496,0.008670694280055433,0.010724524329243269,
51800,0.0008642814234138857,0.0009200415152470396,0.0009014548179693216,0.0008921614693304626,0.0009293348638858986,0.0010222683502744885,0.0010501483961910653,0.0012081353230516683,0.0015984559658837455,0.0017657362413832072,0.0022582837192427338,0.0024534440406587723,0.002908818123962862,0.0035035924368498374,0.0038846197310430557,0.004990528219067276,0.005799049550648007,0.005668942669703981,0.005557422486037674,0.004897594732678685,0.004312113768430569,0.004135540144292248,0.0045816208789574795,0.0045816208789574795,0.004507274089846608,0.004618794273512915,0.005204275237761032,0.005269328678233045,0.004721021108540365,0.0055109557428433785,0.0059942098720640455,0.0056875293669816996,0.005566715834676533,0.007035064919616253,0.00869857432597201,0.00669121101997847,0.00880080116099946,0.009414162171164153,0.011012618137047897,0.011579512404018296,0.011142725017991923,0.011904779606378361,0.009581442446663615,0.008875147950110332,0.009005254831054356,0.00815026675627933,0.008206026848112485,0.00852200070183369,0.007555492443392356,0.006719091065895047,0.00742538556244833,0.00750902570019806,0.007927226388946714,0.007546199094753496,0.008670694280055433,0.010724524329243269,
51810,0.0008642814234138857,0.0009200415152470396,0.0009014548179693216,0.0008921614693304626,0.0009293348638858986,0.0010222683502744885,0.0010501483961910653,0.0012081353230516683,0.0015984559658837455,0.0017657362413832072,0.0022582837192427338,0.0024534440406587723,0.002908818123962862,0.0035035924368498374,0.0038846197310430557,0.004990528219067276,0.005799049550648007,0.005668942669703981,0.005557422486037674,0.004897594732678685,0.004312113768430569,0.004135540144292248,0.0045816208789574795,0.0045816208789574795,0.004507274089846608,0.004618794273512915,0.005204275237761032,0.005269328678233045,0.004721021108540365,0.0055109557428433785,0.0059942098720640455,0.0056875293669816996,0.005566715834676533,0.007035064919616253,0.00869857432597201,0.00669121101997847,0.00880080116099946,0.009414162171164153,0.011012618137047897,0.011579512404018296,0.011142725017991923,0.011904779606378361,0.009581442446663615,0.008875147950110332,0.009005254831054356,0.00815026675627933,0.008206026848112485,0.00852200070183369,0.007555492443392356,0.006719091065895047,0.00742538556244833,0.00750902570019806,0.007927226388946714,0.007546199094753496,0.008670694280055433,0.010724524329243269,
51820,0.0008642814234138857,0.0009200415152470396,0.0009014548179693216,0.0008921614693304626,0.0009293348638858986,0.0010222683502744885,0.0010501483961910653,0.0012081353230516683,0.0015984559658837455,0.0017657362413832072,0.0022582837192427338,0.0024534440406587723,0.002908818123962862,0.0035035924368498374,0.0038846197310430557,0.004990528219067276,0.005799049550648007,0.005668942669703981,0.005557422486037674,0.004897594732678685,0.004312113768430569,0.004135540144292248,0.0045816208789574795,0.0045816208789574795,0.004507274089846608,0.004618794273512915,0.005204275237761032,0.005269328678233045,0.004721021108540365,0.0055109557428433785,0.0059942098720640455,0.0056875293669816996,0.005566715834676533,0.007035064919616253,0.00869857432597201,0.00669121101997847,0.00880080116099946,0.009414162171164153,0.011012618137047897,0.011579512404018296,0.011142725017991923,0.011904779606378361,0.009581442446663615,0.008875147950110332,0.009005254831054356,0.00815026675627933,0.008206026848112485,0.00852200070183369,0.007555492443392356,0.006719091065895047,0.00742538556244833,0.00750902570019806,0.007927226388946714,0.007546199094753496,0.008670694280055433,0.010724524329243269,
51830,0.0008642814234138857,0.0009200415152470396,0.0009014548179693216,0.0008921614693304626,0.0009293348638858986,0.0010222683502744885,0.0010501483961910653,0.0012081353230516683,0.0015984559658837455,0.0017657362413832072,0.0022582837192427338,0.0024534440406587723,0.002908818123962862,0.0035035924368498374,0.0038846197310430557,0.004990528219067276,0.005799049550648007,0.005668942669703981,0.005557422486037674,0.004897594732678685,0.004312113768430569,0.004135540144292248,0.0045816208789574795,0.0045816208789574795,0.004507274089846608,0.004618794273512915,0.005204275237761032,0.005269328678233045,0.004721021108540365,0.0055109557428433785,0.0059942098720640455,0.0056875293669816996,0.005566715834676533,0.007035064919616253,0.00869857432597201,0.00669121101997847,0.00880080116099946,0.009414162171164153,0.011012618137047897,0.011579512404018296,0.011142725017991923,0.011904779606378361,0.009581442446663615,0.008875147950110332,0.009005254831054356,0.00815026675627933,0.008206026848112485,0.00852200070183369,0.007555492443392356,0.006719091065895047,0.00742538556244833,0.00750902570019806,0.007927226388946714,0.007546199094753496,0.008670694280055433,0.010724524329243269,
51840,0.0008642814234138857,0.0009200415152470396,0.0009014548179693216,0.0008921614693304626,0.0009293348638858986,0.0010222683502744885,0.0010501483961910653,0.0012081353230516683,0.0015984559658837455,0.0017657362413832072,0.0022582837192427338,0.0024534440406587723,0.002908818123962862,0.0035035924368498374,0.0038846197310430557,0.004990528219067276,0.005799049550648007,0.005668942669703981,0.005557422486037674,0.004897594732678685,0.004312113768430569,0.004135540144292248,0.0045816208789574795,0.0045816208789574795,0.004507274089846608,0.004618794273512915,0.005204275237761032,0.005269328678233045,0.004721021108540365,0.0055109557428433785,0.0059942098720640455,0.0056875293669816996,0.005566715834676533,0.007035064919616253,0.00869857432597201,0.00669121101997847,0.00880080116099946,0.009414162171164153,0.011012618137047897,0.011579512404018296,0.011142725017991923,0.011904779606378361,0.009581442446663615,0.008875147950110332,0.009005254831054356,0.00815026675627933,0.008206026848112485,0.00852200070183369,0.007555492443392356,0.006719091065895047,0.00742538556244833,0.00750902570019806,0.007927226388946714,0.007546199094753496,0.008670694280055433,0.010724524329243269,
53001,0.0010687350934687832,0.0010129750016356295,0.0010222683502744885,0.0010315616989133474,0.0010501483961910653,0.0010780284421076424,0.0011616685798573733,0.001236015368968245,0.0016913894522723354,0.002072416746465554,0.002481324086575349,0.002648604362074811,0.003215498629045209,0.0044886873925688905,0.0049719415217895566,0.00577116950473143,0.005650355972426263,0.005650355972426263,0.005064875008178147,0.004693141062623788,0.004182006887486544,0.004265647025236274,0.004349287162986005,0.00384744633648762,0.003773099547376748,0.004014726611987082,0.004209886933403121,0.004553740833040903,0.004646674319429493,0.004470100695291171,0.004395753906180301,0.004414340603458018,0.004544447484402044,0.005594595880593109,0.008010866526696445,0.007657719278419804,0.006858491295477932,0.008735747720527447,0.009692962630329921,0.011124138320714206,0.011505165614907425,0.010678057586048974,0.011393645431241117,0.009748722722163075,0.009665082584413346,0.009126068363359524,0.008559174096389127,0.008391893820889663,0.009088894968804087,0.00789005299439128,0.007713479370252959,0.0073417454246985986,0.00696071813050538,0.008140973407640471,0.008754334417805164,0.009878829603107103,0.011923366303656079
53003,0.0010687350934687832,0.0010129750016356295,0.0010222683502744885,0.0010315616989133474,0.0010501483961910653,0.0010780284421076424,0.0011616685798573733,0.001236015368968245,0.0016913894522723354,0.002072416746465554,0.002481324086575349,0.002648604362074811,0.003215498629045209,0.0044886873925688905,0.0049719415217895566,0.00577116950473143,0.005650355972426263,0.005650355972426263,0.005064875008178147,0.004693141062623788,0.004182006887486544,0.004265647025236274,0.004349287162986005,0.00384744633648762,0.003773099547376748,0.004014726611987082,0.004209886933403121,0.004553740833040903,0.004646674319429493,0.004470100695291171,0.004395753906180301,0.004414340603458018,0.004544447484402044,0.005594595880593109,0.008010866526696445,0.007657719278419804,0.006858491295477932,0.008735747720527447,0.009692962630329921,0.011124138320714206,0.011505165614907425,0.010678057586048974,0.011393645431241117,0.009748722722163075,0.009665082584413346,0.009126068363359524,0.008559174096389127,0.008391893820889663,0.009088894968804087,0.00789005299439128,0.007713479370252959,0.0073417454246985986,0.00696071813050538,0.008140973407640471,0.008754334417805164,0.009878829603107103,0.011923366303656079
53005,0.0010687350934687832,0.0010129750016356295,0.0010222683502744885,0.0010315616989133474,0.0010501483961910653,0.0010780284421076424,0.0011616685798573733,0.001236015368968245,0.0016913894522723354,0.002072416746465554,0.002481324086575349,0.002648604362074811,0.003215498629045209,0.0044886873925688905,0.0049719415217895566,0.00577116950473143,0.005650355972426263,0.005650355972426263,0.005064875008178147,0.004693141062623788,0.004182006887486544,0.004265647025236274,0.004349287162986005,0.00384744633648762,0.003773099547376748,0.004014726611987082,0.004209886933403121,0.004553740833040903,0.004646674319429493,0.004470100695291171,0.004395753906180301,0.004414340603458018,0.004544447484402044,0.005594595880593109,0.008010866526696445,0.007657719278419804,0.006858491295477932,0.008735747720527447,0.009692962630329921,0.011124138320714206,0.011505165614907425,0.010678057586048974,0.011393645431241117,0.009748722722163075,0.009665082584413346,0.009126068363359524,0.008559174096389127,0.008391893820889663,0.009088894968804087,0.00789005299439128,0.007713479370252959,0.0073417454246985986,0.00696071813050538,0.008140973407640471,0.008754334417805164,0.009878829603107103,0.011923366303656079
53007,0.0010687350934687832,0.0010129750016356295,0.0010222683502744885,0.0010315616989133474,0.0010501483961910653,0.0010780284421076424,0.0011616685798573733,0.001236015368968245,0.0016913894522723354,0.002072416746465554,0.002481324086575349,0.002648604362074811,0.003215498629045209,0.0044886873925688905,0.0049719415217895566,0.00577116950473143,0.005650355972426263,0.005650355972426263,0.005064875008178147,0.004693141062623788,0.004182006887486544,0.004265647025236274,0.004349287162986005,0.00384744633648762,0.003773099547376748,0.004014726611987082,0.004209886933403121,0.004553740833040903,0.004646674319429493,0.004470100695291171,0.004395753906180301,0.004414340603458018,0.004544447484402044,0.005594595880593109,0.008010866526696445,0.007657719278419804,0.006858491295477932,0.008735747720527447,0.009692962630329921,0.011124138320714206,0.011505165614907425,0.010678057586048974,0.011393645431241117,0.009748722722163075,0.009665082584413346,0.009126068363359524,0.008559174096389127,0.008391893820889663,0.009088894968804087,0.00789005299439128,0.007713479370252959,0.0073417454246985986,0.00696071813050538,0.008140973407640471,0.008754334417805164,0.009878829603107103,0.011923366303656079
53009,0.0010687350934687832,0.0010129750016356295,0.0010222683502744885,0.0010315616989133474,0.0010501483961910653,0.0010780284421076424,0.0011616685798573733,0.001236015368968245,0.0016913894522723354,0.002072416746465554,0.002481324086575349,0.002648604362074811,0.003215498629045209,0.0044886873925688905,0.0049719415217895566,0.00577116950473143,0.005650355972426263,0.005650355972426263,0.005064875008178147,0.004693141062623788,0.004182006887486544,0.004265647025236274,0.004349287162986005,0.00384744633648762,0.003773099547376748,0.004014726611987082,0.004209886933403121,0.004553740833040903,0.004646674319429493,0.004470100695291171,0.004395753906180301,0.004414340603458018,0.004544447484402044,0.005594595880593109,0.008010866526696445,0.007657719278419804,0.006858491295477932,0.008735747720527447,0.009692962630329921,0.011124138320714206,0.011505165614907425,0.010678057586048974,0.011393645431241117,0.009748722722163075,0.009665082584413346,0.009126068363359524,0.008559174096389127,0.008391893820889663,0.009088894968804087,0.00789005299439128,0.007713479370252959,0.0073417454246985986,0.00696071813050538,0.008140973407640471,0.008754334417805164,0.009878829603107103,0.011923366303656079
53011,0.0010687350934687832,0.0010129750016356295,0.0010222683502744885,0.0010315616989133474,0.0010501483961910653,0.0010780284421076424,0.0011616685798573733,0.001236015368968245,0.0016913894522723354,0.002072416746465554,0.002481324086575349,0.002648604362074811,0.003215498629045209,0.0044886873925688905,0.0049719415217895566,0.00577116950473143,0.005650355972426263,0.005650355972426263,0.005064875008178147,0.004693141062623788,0.004182006887486544,0.004265647025236274,0.004349287162986005,0.00384744633648762,0.003773099547376748,0.004014726611987082,0.004209886933403121,0.004553740833040903,0.004646674319429493,0.004470100695291171,0.004395753906180301,0.004414340603458018,0.004544447484402044,0.005594595880593109,0.008010866526696445,0.007657719278419804,0.006858491295477932,0.008735747720527447,0.009692962630329921,0.011124138320714206,0.011505165614907425,0.010678057586048974,0.011393645431241117,0.009748722722163075,0.009665082584413346,0.009126068363359524,0.008559174096389127,0.008391893820889663,0.009088894968804087,0.00789005299439128,0.007713479370252959,0.0073417454246985986,0.00696071813050538,0.008140973407640471,0.008754334417805164,0.009878829603107103,0.011923366303656079
53013,0.0010687350934687832,0.0010129750016356295,0.0010222683502744885,0.0010315616989133474,0.0010501483961910653,0.0010780284421076424,0.0011616685798573733,0.001236015368968245,0.0016913894522723354,0.002072416746465554,0.002481324086575349,0.002648604362074811,0.003215498629045209,0.0044886873925688905,0.0049719415217895566,0.00577116950473143,0.005650355972426263,0.005650355972426263,0.005064875008178147,0.004693141062623788,0.004182006887486544,0.004265647025236274,0.004349287162986005,0.00384744633648762,0.003773099547376748,0.004014726611987082,0.004209886933403121,0.004553740833040903,0.004646674319429493,0.004470100695291171,0.004395753906180301,0.004414340603458018,0.004544447484402044,0.005594595880593109,0.008010866526696445,0.007657719278419804,0.006858491295477932,0.008735747720527447,0.009692962630329921,0.011124138320714206,0.011505165614907425,0.010678057586048974,0.011393645431241117,0.009748722722163075,0.009665082584413346,0.009126068363359524,0.008559174096389127,0.008391893820889663,0.009088894968804087,0.00789005299439128,0.007713479370252959,0.0073417454246985986,0.00696071813050538,0.008140973407640471,0.008754334417805164,0.009878829603107103,0.011923366303656079
53015,0.0010687350934687832,0.0010129750016356295,0.0010222683502744885,0.0010315616989133474,0.0010501483961910653,0.0010780284421076424,0.0011616685798573733,0.001236015368968245,0.0016913894522723354,0.002072416746465554,0.002481324086575349,0.002648604362074811,0.003215498629045209,0.0044886873925688905,0.0049719415217895566,0.00577116950473143,0.005650355972426263,0.005650355972426263,0.005064875008178147,0.004693141062623788,0.004182006887486544,0.004265647025236274,0.004349287162986005,0.00384744633648762,0.003773099547376748,0.004014726611987082,0.004209886933403121,0.004553740833040903,0.004646674319429493,0.004470100695291171,0.004395753906180301,0.004414340603458018,0.004544447484402044,0.005594595880593109,0.008010866526696445,0.007657719278419804,0.006858491295477932,0.008735747720527447,0.009692962630329921,0.011124138320714206,0.011505165614907425,0.010678057586048974,0.011393645431241117,0.009748722722163075,0.009665082584413346,0.009126068363359524,0.008559174096389127,0.008391893820889663,0.009088894968804087,0.00789005299439128,0.007713479370252959,0.0073417454246985986,0.00696071813050538,0.008140973407640471,0.008754334417805164,0.009878829603107103,0.011923366303656079
53017,0.0010687350934687832,0.0010129750016356295,0.0010222683502744885,0.0010315616989133474,0.0010501483961910653,0.0010780284421076424,0.0011616685798573733,0.001236015368968245,0.0016913894522723354,0.002072416746465554,0.002481324086575349,0.002648604362074811,0.003215498629045209,0.0044886873925688905,0.0049719415217895566,0.00577116950473143,0.005650355972426263,0.005650355972426263,0.005064875008178147,0.004693141062623788,0.004182006887486544,0.004265647025236274,0.004349287162986005,0.00384744633648762,0.003773099547376748,0.004014726611987082,0.004209886933403121,0.004553740833040903,0.004646674319429493,0.004470100695291171,0.004395753906180301,0.004414340603458018,0.004544447484402044,0.005594595880593109,0.008010866526696445,0.007657719278419804,0.006858491295477932,0.008735747720527447,0.009692962630329921,0.011124138320714206,0.011505165614907425,0.010678057586048974,0.011393645431241117,0.009748722722163075,0.009665082584413346,0.009126068363359524,0.008559174096389127,0.008391893820889663,0.009088894968804087,0.00789005299439128,0.007713479370252959,0.0073417454246985986,0.00696071813050538,0.008140973407640471,0.008754334417805164,0.009878829603107103,0.011923366303656079
53019,0.0010687350934687832,0.0010129750016356295,0.0010222683502744885,0.0010315616989133474,0.0010501483961910653,0.0010780284421076424,0.0011616685798573733,0.001236015368968245,0.0016913894522723354,0.002072416746465554,0.002481324086575349,0.002648604362074811,0.003215498629045209,0.0044886873925688905,0.0049719415217895566,0.00577116950473143,0.005650355972426263,0.005650355972426263,0.005064875008178147,0.004693141062623788,0.004182006887486544,0.004265647025236274,0.004349287162986005,0.00384744633648762,0.003773099547376748,0.004014726611987082,0.004209886933403121,0.004553740833040903,0.004646674319429493,0.004470100695291171,0.004395753906180301,0.004414340603458018,0.004544447484402044,0.005594595880593109,0.008010866526696445,0.007657719278419804,0.006858491295477932,0.008735747720527447,0.009692962630329921,0.011124138320714206,0.011505165614907425,0.010678057586048974,0.011393645431241117,0.009748722722163075,0.009665082584413346,0.009126068363359524,0.008559174096389127,0.008391893820889663,0.009088894968804087,0.00789005299439128,0.007713479370252959,0.0073417454246985986,0.00696071813050538,0.008140973407640471,0.008754334417805164,0.009878829603107103,0.011923366303656079
53021,0.0010687350934687832,0.0010129750016356295,0.0010222683502744885,0.0010315616989133474,0.0010501483961910653,0.0010780284421076424,0.0011616685798573733,0.001236015368968245,0.0016913894522723354,0.002072416746465554,0.002481324086575349,0.002648604362074811,0.003215498629045209,0.0044886873925688905,0.0049719415217895566,0.00577116950473143,0.005650355972426263,0.005650355972426263,0.005064875008178147,0.004693141062623788,0.004182006887486544,0.004265647025236274,0.004349287162986005,0.00384744633648762,0.003773099547376748,0.004014726611987082,0.004209886933403121,0.004553740833040903,0.004646674319429493,0.004470100695291171,0.004395753906180301,0.004414340603458018,0.004544447484402044,0.005594595880593109,0.008010866526696445,0.007657719278419804,0.006858491295477932,0.008735747720527447,0.009692962630329921,0.011124138320714206,0.011505165614907425,0.010678057586048974,0.011393645431241117,0.009748722722163075,0.009665082584413346,0.009126068363359524,0.008559174096389127,0.008391893820889663,0.009088894968804087,0.00789005299439128,0.007713479370252959,0.0073417454246985986,0.00696071813050538,0.008140973407640471,0.008754334417805164,0.009878829603107103,0.011923366303656079
53023,0.0010687350934687832,0.0010129750016356295,0.0010222683502744885,0.0010315616989133474,0.0010501483961910653,0.0010780284421076424,0.0011616685798573733,0.001236015368968245,0.0016913894522723354,0.002072416746465554,0.002481324086575349,0.002648604362074811,0.003215498629045209,0.0044886873925688905,0.0049719415217895566,0.00577116950473143,0.005650355972426263,0.005650355972426263,0.005064875008178147,0.004693141062623788,0.004182006887486544,0.004265647025236274,0.004349287162986005,0.00384744633648762,0.003773099547376748,0.004014726611987082,0.004209886933403121,0.004553740833040903,0.004646674319429493,0.004470100695291171,0.004395753906180301,0.004414340603458018,0.004544447484402044,0.005594595880593109,0.008010866526696445,0.007657719278419804,0.006858491295477932,0.008735747720527447,0.009692962630329921,0.011124138320714206,0.011505165614907425,0.010678057586048974,0.011393645431241117,0.009748722722163075,0.009665082584413346,0.009126068363359524,0.008559174096389127,0.008391893820889663,0.009088894968804087,0.00789005299439128,0.007713479370252959,0.0073417454246985986,0.00696071813050538,0.008140973407640471,0.008754334417805164,0.009878829603107103,0.011923366303656079
53025,0.0010687350934687832,0.0010129750016356295,0.0010222683502744885,0.0010315616989133474,0.0010501483961910653,0.0010780284421076424,0.0011616685798573733,0.001236015368968245,0.0016913894522723354,0.002072416746465554,0.002481324086575349,0.002648604362074811,0.003215498629045209,0.0044886873925688905,0.0049719415217895566,0.00577116950473143,0.005650355972426263,0.005650355972426263,0.005064875008178147,0.004693141062623788,0.004182006887486544,0.004265647025236274,0.004349287162986005,0.00384744633648762,0.003773099547376748,0.004014726611987082,0.004209886933403121,0.004553740833040903,0.004646674319429493,0.004470100695291171,0.004395753906180301,0.004414340603458018,0.004544447484402044,0.005594595880593109,0.008010866526696445,0.007657719278419804,0.006858491295477932,0.008735747720527447,0.009692962630329921,0.011124138320714206,0.011505165614907425,0.010678057586048974,0.011393645431241117,0.009748722722163075,0.009665082584413346,0.009126068363359524,0.008559174096389127,0.008391893820889663,0.009088894968804087,0.00789005299439128,0.007713479370252959,0.0073417454246985986,0.00696071813050538,0.008140973407640471,0.008754334417805164,0.009878829603107103,0.011923366303656079
53027,0.0010687350934687832,0.0010129750016356295,0.0010222683502744885,0.0010315616989133474,0.0010501483961910653,0.0010780284421076424,0.0011616685798573733,0.001236015368968245,0.0016913894522723354,0.002072416746465554,0.002481324086575349,0.002648604362074811,0.003215498629045209,0.0044886873925688905,0.0049719415217895566,0.00577116950473143,0.005650355972426263,0.005650355972426263,0.005064875008178147,0.004693141062623788,0.004182006887486544,0.004265647025236274,0.004349287162986005,0.00384744633648762,0.003773099547376748,0.004014726611987082,0.004209886933403121,0.004553740833040903,0.004646674319429493,0.004470100695291171,0.004395753906180301,0.004414340603458018,0.004544447484402044,0.005594595880593109,0.008010866526696445,0.007657719278419804,0.006858491295477932,0.008735747720527447,0.009692962630329921,0.011124138320714206,0.011505165614907425,0.010678057586048974,0.011393645431241117,0.009748722722163075,0.009665082584413346,0.009126068363359524,0.008559174096389127,0.008391893820889663,0.009088894968804087,0.00789005299439128,0.007713479370252959,0.0073417454246985986,0.00696071813050538,0.008140973407640471,0.008754334417805164,0.009878829603107103,0.011923366303656079
53029,0.0010687350934687832,0.0010129750016356295,0.0010222683502744885,0.0010315616989133474,0.0010501483961910653,0.0010780284421076424,0.0011616685798573733,0.001236015368968245,0.0016913894522723354,0.002072416746465554,0.002481324086575349,0.002648604362074811,0.003215498629045209,0.0044886873925688905,0.0049719415217895566,0.00577116950473143,0.005650355972426263,0.005650355972426263,0.005064875008178147,0.004693141062623788,0.004182006887486544,0.004265647025236274,0.004349287162986005,0.00384744633648762,0.003773099547376748,0.004014726611987082,0.004209886933403121,0.004553740833040903,0.004646674319429493,0.004470100695291171,0.004395753906180301,0.004414340603458018,0.004544447484402044,0.005594595880593109,0.008010866526696445,0.007657719278419804,0.006858491295477932,0.008735747720527447,0.009692962630329921,0.011124138320714206,0.011505165614907425,0.010678057586048974,0.011393645431241117,0.009748722722163075,0.009665082584413346,0.009126068363359524,0.008559174096389127,0.008391893820889663,0.009088894968804087,0.00789005299439128,0.007713479370252959,0.0073417454246985986,0.00696071813050538,0.008140973407640471,0.008754334417805164,0.009878829603107103,0.011923366303656079
53031,0.0010687350934687832,0.0010129750016356295,0.0010222683502744885,0.0010315616989133474,0.0010501483961910653,0.0010780284421076424,0.0011616685798573733,0.001236015368968245,0.0016913894522723354,0.002072416746465554,0.002481324086575349,0.002648604362074811,0.003215498629045209,0.0044886873925688905,0.0049719415217895566,0.00577116950473143,0.005650355972426263,0.005650355972426263,0.005064875008178147,0.004693141062623788,0.004182006887486544,0.004265647025236274,0.004349287162986005,0.00384744633648762,0.003773099547376748,0.004014726611987082,0.004209886933403121,0.004553740833040903,0.004646674319429493,0.004470100695291171,0.004395753906180301,0.004414340603458018,0.004544447484402044,0.005594595880593109,0.008010866526696445,0.007657719278419804,0.006858491295477932,0.008735747720527447,0.009692962630329921,0.011124138320714206,0.011505165614907425,0.010678057586048974,0.011393645431241117,0.009748722722163075,0.009665082584413346,0.009126068363359524,0.008559174096389127,0.008391893820889663,0.009088894968804087,0.00789005299439128,0.007713479370252959,0.0073417454246985986,0.00696071813050538,0.008140973407640471,0.008754334417805164,0.009878829603107103,0.011923366303656079
53033,0.0010687350934687832,0.0010129750016356295,0.0010222683502744885,0.0010315616989133474,0.0010501483961910653,0.0010780284421076424,0.0011616685798573733,0.001236015368968245,0.0016913894522723354,0.002072416746465554,0.002481324086575349,0.002648604362074811,0.003215498629045209,0.0044886873925688905,0.0049719415217895566,0.00577116950473143,0.005650355972426263,0.005650355972426263,0.005064875008178147,0.004693141062623788,0.004182006887486544,0.004265647025236274,0.004349287162986005,0.00384744633648762,0.003773099547376748,0.004014726611987082,0.004209886933403121,0.004553740833040903,0.004646674319429493,0.004470100695291171,0.004395753906180301,0.004414340603458018,0.004544447484402044,0.005594595880593109,0.008010866526696445,0.007657719278419804,0.006858491295477932,0.008735747720527447,0.009692962630329921,0.011124138320714206,0.011505165614907425,0.010678057586048974,0.011393645431241117,0.009748722722163075,0.009665082584413346,0.009126068363359524,0.008559174096389127,0.008391893820889663,0.009088894968804087,0.00789005299439128,0.007713479370252959,0.0073417454246985986,0.00696071813050538,0.008140973407640471,0.008754334417805164,0.009878829603107103,0.011923366303656079
53035,0.0010687350934687832,0.0010129750016356295,0.0010222683502744885,0.0010315616989133474,0.0010501483961910653,0.0010780284421076424,0.0011616685798573733,0.001236015368968245,0.0016913894522723354,0.002072416746465554,0.002481324086575349,0.002648604362074811,0.003215498629045209,0.0044886873925688905,0.0049719415217895566,0.00577116950473143,0.005650355972426263,0.005650355972426263,0.005064875008178147,0.004693141062623788,0.004182006887486544,0.004265647025236274,0.004349287162986005,0.00384744633648762,0.003773099547376748,0.004014726611987082,0.004209886933403121,0.004553740833040903,0.004646674319429493,0.004470100695291171,0.004395753906180301,0.004414340603458018,0.004544447484402044,0.005594595880593109,0.008010866526696445,0.007657719278419804,0.006858491295477932,0.008735747720527447,0.009692962630329921,0.011124138320714206,0.011505165614907425,0.010678057586048974,0.011393645431241117,0.009748722722163075,0.009665082584413346,0.009126068363359524,0.008559174096389127,0.008391893820889663,0.009088894968804087,0.00789005299439128,0.007713479370252959,0.0073417454246985986,0.00696071813050538,0.008140973407640471,0.008754334417805164,0.009878829603107103,0.011923366303656079
53037,0.0010687350934687832,0.0010129750016356295,0.0010222683502744885,0.0010315616989133474,0.0010501483961910653,0.0010780284421076424,0.0011616685798573733,0.001236015368968245,0.0016913894522723354,0.002072416746465554,0.002481324086575349,0.002648604362074811,0.003215498629045209,0.0044886873925688905,0.0049719415217895566,0.00577116950473143,0.005650355972426263,0.005650355972426263,0.005064875008178147,0.004693141062623788,0.004182006887486544,0.004265647025236274,0.004349287162986005,0.00384744633648762,0.003773099547376748,0.004014726611987082,0.004209886933403121,0.004553740833040903,0.004646674319429493,0.004470100695291171,0.004395753906180301,0.004414340603458018,0.004544447484402044,0.005594595880593109,0.008010866526696445,0.007657719278419804,0.006858491295477932,0.008735747720527447,0.009692962630329921,0.011124138320714206,0.011505165614907425,0.010678057586048974,0.011393645431241117,0.009748722722163075,0.009665082584413346,0.009126068363359524,0.008559174096389127,0.008391893820889663,0.009088894968804087,0.00789005299439128,0.007713479370252959,0.0073417454246985986,0.00696071813050538,0.008140973407640471,0.008754334417805164,0.009878829603107103,0.011923366303656079
53039,0.0010687350934687832,0.0010129750016356295,0.0010222683502744885,0.0010315616989133474,0.0010501483961910653,0.0010780284421076424,0.0011616685798573733,0.001236015368968245,0.0016913894522723354,0.002072416746465554,0.002481324086575349,0.002648604362074811,0.003215498629045209,0.0044886873925688905,0.0049719415217895566,0.00577116950473143,0.005650355972426263,0.005650355972426263,0.005064875008178147,0.004693141062623788,0.004182006887486544,0.004265647025236274,0.004349287162986005,0.00384744633648762,0.003773099547376748,0.004014726611987082,0.004209886933403121,0.004553740833040903,0.004646674319429493,0.004470100695291171,0.004395753906180301,0.004414340603458018,0.004544447484402044,0.005594595880593109,0.008010866526696445,0.007657719278419804,0.006858491295477932,0.008735747720527447,0.009692962630329921,0.011124138320714206,0.011505165614907425,0.010678057586048974,0.011393645431241117,0.009748722722163075,0.009665082584413346,0.009126068363359524,0.008559174096389127,0.008391893820889663,0.009088894968804087,0.00789005299439128,0.007713479370252959,0.0073417454246985986,0.00696071813050538,0.008140973407640471,0.008754334417805164,0.009878829603107103,0.011923366303656079
53041,0.0010687350934687832,0.0010129750016356295,0.0010222683502744885,0.0010315616989133474,0.0010501483961910653,0.0010780284421076424,0.0011616685798573733,0.001236015368968245,0.0016913894522723354,0.002072416746465554,0.002481324086575349,0.002648604362074811,0.003215498629045209,0.0044886873925688905,0.0049719415217895566,0.00577116950473143,0.005650355972426263,0.005650355972426263,0.005064875008178147,0.004693141062623788,0.004182006887486544,0.004265647025236274,0.004349287162986005,0.00384744633648762,0.003773099547376748,0.004014726611987082,0.004209886933403121,0.004553740833040903,0.004646674319429493,0.004470100695291171,0.004395753906180301,0.004414340603458018,0.004544447484402044,0.005594595880593109,0.008010866526696445,0.007657719278419804,0.006858491295477932,0.008735747720527447,0.009692962630329921,0.011124138320714206,0.011505165614907425,0.010678057586048974,0.011393645431241117,0.009748722722163075,0.009665082584413346,0.009126068363359524,0.008559174096389127,0.008391893820889663,0.009088894968804087,0.00789005299439128,0.007713479370252959,0.0073417454246985986,0.00696071813050538,0.008140973407640471,0.008754334417805164,0.009878829603107103,0.011923366303656079
53043,0.0010687350934687832,0.0010129750016356295,0.0010222683502744885,0.0010315616989133474,0.0010501483961910653,0.0010780284421076424,0.0011616685798573733,0.001236015368968245,0.0016913894522723354,0.002072416746465554,0.002481324086575349,0.002648604362074811,0.003215498629045209,0.0044886873925688905,0.0049719415217895566,0.00577116950473143,0.005650355972426263,0.005650355972426263,0.005064875008178147,0.004693141062623788,0.004182006887486544,0.004265647025236274,0.004349287162986005,0.00384744633648762,0.003773099547376748,0.004014726611987082,0.004209886933403121,0.004553740833040903,0.004646674319429493,0.004470100695291171,0.004395753906180301,0.004414340603458018,0.004544447484402044,0.005594595880593109,0.008010866526696445,0.007657719278419804,0.006858491295477932,0.008735747720527447,0.009692962630329921,0.011124138320714206,0.011505165614907425,0.010678057586048974,0.011393645431241117,0.009748722722163075,0.009665082584413346,0.009126068363359524,0.008559174096389127,0.008391893820889663,0.009088894968804087,0.00789005299439128,0.007713479370252959,0.0073417454246985986,0.00696071813050538,0.008140973407640471,0.008754334417805164,0.009878829603107103,0.011923366303656079
53045,0.0010687350934687832,0.0010129750016356295,0.0010222683502744885,0.0010315616989133474,0.0010501483961910653,0.0010780284421076424,0.0011616685798573733,0.001236015368968245,0.0016913894522723354,0.002072416746465554,0.002481324086575349,0.002648604362074811,0.003215498629045209,0.0044886873925688905,0.0049719415217895566,0.00577116950473143,0.005650355972426263,0.005650355972426263,0.005064875008178147,0.004693141062623788,0.004182006887486544,0.004265647025236274,0.004349287162986005,0.00384744633648762,0.003773099547376748,0.004014726611987082,0.004209886933403121,0.004553740833040903,0.004646674319429493,0.004470100695291171,0.004395753906180301,0.004414340603458018,0.004544447484402044,0.005594595880593109,0.008010866526696445,0.007657719278419804,0.006858491295477932,0.008735747720527447,0.009692962630329921,0.011124138320714206,0.011505165614907425,0.010678057586048974,0.011393645431241117,0.009748722722163075,0.009665082584413346,0.009126068363359524,0.008559174096389127,0.008391893820889663,0.009088894968804087,0.00789005299439128,0.007713479370252959,0.0073417454246985986,0.00696071813050538,0.008140973407640471,0.008754334417805164,0.009878829603107103,0.011923366303656079
53047,0.0010687350934687832,0.0010129750016356295,0.0010222683502744885,0.0010315616989133474,0.0010501483961910653,0.0010780284421076424,0.0011616685798573733,0.001236015368968245,0.0016913894522723354,0.002072416746465554,0.002481324086575349,0.002648604362074811,0.003215498629045209,0.0044886873925688905,0.0049719415217895566,0.00577116950473143,0.005650355972426263,0.005650355972426263,0.005064875008178147,0.004693141062623788,0.004182006887486544,0.004265647025236274,0.004349287162986005,0.00384744633648762,0.003773099547376748,0.004014726611987082,0.004209886933403121,0.004553740833040903,0.004646674319429493,0.004470100695291171,0.004395753906180301,0.004414340603458018,0.004544447484402044,0.005594595880593109,0.008010866526696445,0.007657719278419804,0.006858491295477932,0.008735747720527447,0.009692962630329921,0.011124138320714206,0.011505165614907425,0.010678057586048974,0.011393645431241117,0.009748722722163075,0.009665082584413346,0.009126068363359524,0.008559174096389127,0.008391893820889663,0.009088894968804087,0.00789005299439128,0.007713479370252959,0.0073417454246985986,0.00696071813050538,0.008140973407640471,0.008754334417805164,0.009878829603107103,0.011923366303656079
53049,0.0010687350934687832,0.0010129750016356295,0.0010222683502744885,0.0010315616989133474,0.0010501483961910653,0.0010780284421076424,0.0011616685798573733,0.001236015368968245,0.0016913894522723354,0.002072416746465554,0.002481324086575349,0.002648604362074811,0.003215498629045209,0.0044886873925688905,0.0049719415217895566,0.00577116950473143,0.005650355972426263,0.005650355972426263,0.005064875008178147,0.004693141062623788,0.004182006887486544,0.004265647025236274,0.004349287162986005,0.00384744633648762,0.003773099547376748,0.004014726611987082,0.004209886933403121,0.004553740833040903,0.004646674319429493,0.004470100695291171,0.004395753906180301,0.004414340603458018,0.004544447484402044,0.005594595880593109,0.008010866526696445,0.007657719278419804,0.006858491295477932,0.008735747720527447,0.009692962630329921,0.011124138320714206,0.011505165614907425,0.010678057586048974,0.011393645431241117,0.009748722722163075,0.009665082584413346,0.009126068363359524,0.008559174096389127,0.008391893820889663,0.009088894968804087,0.00789005299439128,0.007713479370252959,0.0073417454246985986,0.00696071813050538,0.008140973407640471,0.008754334417805164,0.009878829603107103,0.011923366303656079
53051,0.0010687350934687832,0.0010129750016356295,0.0010222683502744885,0.0010315616989133474,0.0010501483961910653,0.0010780284421076424,0.0011616685798573733,0.001236015368968245,0.0016913894522723354,0.002072416746465554,0.002481324086575349,0.002648604362074811,0.003215498629045209,0.0044886873925688905,0.0049719415217895566,0.00577116950473143,0.005650355972426263,0.005650355972426263,0.005064875008178147,0.004693141062623788,0.004182006887486544,0.004265647025236274,0.004349287162986005,0.00384744633648762,0.003773099547376748,0.004014726611987082,0.004209886933403121,0.004553740833040903,0.004646674319429493,0.004470100695291171,0.004395753906180301,0.004414340603458018,0.004544447484402044,0.005594595880593109,0.008010866526696445,0.007657719278419804,0.006858491295477932,0.008735747720527447,0.009692962630329921,0.011124138320714206,0.011505165614907425,0.010678057586048974,0.011393645431241117,0.009748722722163075,0.009665082584413346,0.009126068363359524,0.008559174096389127,0.008391893820889663,0.009088894968804087,0.00789005299439128,0.007713479370252959,0.0073417454246985986,0.00696071813050538,0.008140973407640471,0.008754334417805164,0.009878829603107103,0.011923366303656079
53053,0.0010687350934687832,0.0010129750016356295,0.0010222683502744885,0.0010315616989133474,0.0010501483961910653,0.0010780284421076424,0.0011616685798573733,0.001236015368968245,0.0016913894522723354,0.002072416746465554,0.002481324086575349,0.002648604362074811,0.003215498629045209,0.0044886873925688905,0.0049719415217895566,0.00577116950473143,0.005650355972426263,0.005650355972426263,0.005064875008178147,0.004693141062623788,0.004182006887486544,0.004265647025236274,0.004349287162986005,0.00384744633648762,0.003773099547376748,0.004014726611987082,0.004209886933403121,0.004553740833040903,0.004646674319429493,0.004470100695291171,0.004395753906180301,0.004414340603458018,0.004544447484402044,0.005594595880593109,0.008010866526696445,0.007657719278419804,0.006858491295477932,0.008735747720527447,0.009692962630329921,0.011124138320714206,0.011505165614907425,0.010678057586048974,0.011393645431241117,0.009748722722163075,0.009665082584413346,0.009126068363359524,0.008559174096389127,0.008391893820889663,0.009088894968804087,0.00789005299439128,0.007713479370252959,0.0073417454246985986,0.00696071813050538,0.008140973407640471,0.008754334417805164,0.009878829603107103,0.011923366303656079
53055,0.0010687350934687832,0.0010129750016356295,0.0010222683502744885,0.0010315616989133474,0.0010501483961910653,0.0010780284421076424,0.0011616685798573733,0.001236015368968245,0.0016913894522723354,0.002072416746465554,0.002481324086575349,0.002648604362074811,0.003215498629045209,0.0044886873925688905,0.0049719415217895566,0.00577116950473143,0.005650355972426263,0.005650355972426263,0.005064875008178147,0.004693141062623788,0.004182006887486544,0.004265647025236274,0.004349287162986005,0.00384744633648762,0.003773099547376748,0.004014726611987082,0.004209886933403121,0.004553740833040903,0.004646674319429493,0.004470100695291171,0.004395753906180301,0.004414340603458018,0.004544447484402044,0.005594595880593109,0.008010866526696445,0.007657719278419804,0.006858491295477932,0.008735747720527447,0.009692962630329921,0.011124138320714206,0.011505165614907425,0.010678057586048974,0.011393645431241117,0.009748722722163075,0.009665082584413346,0.009126068363359524,0.008559174096389127,0.008391893820889663,0.009088894968804087,0.00789005299439128,0.007713479370252959,0.0073417454246985986,0.00696071813050538,0.008140973407640471,0.008754334417805164,0.009878829603107103,0.011923366303656079
53057,0.0010687350934687832,0.0010129750016356295,0.0010222683502744885,0.0010315616989133474,0.0010501483961910653,0.0010780284421076424,0.0011616685798573733,0.001236015368968245,0.0016913894522723354,0.002072416746465554,0.002481324086575349,0.002648604362074811,0.003215498629045209,0.0044886873925688905,0.0049719415217895566,0.00577116950473143,0.005650355972426263,0.005650355972426263,0.005064875008178147,0.004693141062623788,0.004182006887486544,0.004265647025236274,0.004349287162986005,0.00384744633648762,0.003773099547376748,0.004014726611987082,0.004209886933403121,0.004553740833040903,0.004646674319429493,0.004470100695291171,0.004395753906180301,0.004414340603458018,0.004544447484402044,0.005594595880593109,0.008010866526696445,0.007657719278419804,0.006858491295477932,0.008735747720527447,0.009692962630329921,0.011124138320714206,0.011505165614907425,0.010678057586048974,0.011393645431241117,0.009748722722163075,0.009665082584413346,0.009126068363359524,0.008559174096389127,0.008391893820889663,0.009088894968804087,0.00789005299439128,0.007713479370252959,0.0073417454246985986,0.00696071813050538,0.008140973407640471,0.008754334417805164,0.009878829603107103,0.011923366303656079
53059,0.0010687350934687832,0.0010129750016356295,0.0010222683502744885,0.0010315616989133474,0.0010501483961910653,0.0010780284421076424,0.0011616685798573733,0.001236015368968245,0.0016913894522723354,0.002072416746465554,0.002481324086575349,0.002648604362074811,0.003215498629045209,0.0044886873925688905,0.0049719415217895566,0.00577116950473143,0.005650355972426263,0.005650355972426263,0.005064875008178147,0.004693141062623788,0.004182006887486544,0.004265647025236274,0.004349287162986005,0.00384744633648762,0.003773099547376748,0.004014726611987082,0.004209886933403121,0.004553740833040903,0.004646674319429493,0.004470100695291171,0.004395753906180301,0.004414340603458018,0.004544447484402044,0.005594595880593109,0.008010866526696445,0.007657719278419804,0.006858491295477932,0.008735747720527447,0.009692962630329921,0.011124138320714206,0.011505165614907425,0.010678057586048974,0.011393645431241117,0.009748722722163075,0.009665082584413346,0.009126068363359524,0.008559174096389127,0.008391893820889663,0.009088894968804087,0.00789005299439128,0.007713479370252959,0.0073417454246985986,0.00696071813050538,0.008140973407640471,0.008754334417805164,0.009878829603107103,0.011923366303656079
53061,0.0010687350934687832,0.0010129750016356295,0.0010222683502744885,0.0010315616989133474,0.0010501483961910653,0.0010780284421076424,0.0011616685798573733,0.001236015368968245,0.0016913894522723354,0.002072416746465554,0.002481324086575349,0.002648604362074811,0.003215498629045209,0.0044886873925688905,0.0049719415217895566,0.00577116950473143,0.005650355972426263,0.005650355972426263,0.005064875008178147,0.004693141062623788,0.004182006887486544,0.004265647025236274,0.004349287162986005,0.00384744633648762,0.003773099547376748,0.004014726611987082,0.004209886933403121,0.004553740833040903,0.004646674319429493,0.004470100695291171,0.004395753906180301,0.004414340603458018,0.004544447484402044,0.005594595880593109,0.008010866526696445,0.007657719278419804,0.006858491295477932,0.008735747720527447,0.009692962630329921,0.011124138320714206,0.011505165614907425,0.010678057586048974,0.011393645431241117,0.009748722722163075,0.009665082584413346,0.009126068363359524,0.008559174096389127,0.008391893820889663,0.009088894968804087,0.00789005299439128,0.007713479370252959,0.0073417454246985986,0.00696071813050538,0.008140973407640471,0.008754334417805164,0.009878829603107103,0.011923366303656079
53063,0.0010687350934687832,0.0010129750016356295,0.0010222683502744885,0.0010315616989133474,0.0010501483961910653,0.0010780284421076424,0.0011616685798573733,0.001236015368968245,0.0016913894522723354,0.002072416746465554,0.002481324086575349,0.002648604362074811,0.003215498629045209,0.0044886873925688905,0.0049719415217895566,0.00577116950473143,0.005650355972426263,0.005650355972426263,0.005064875008178147,0.004693141062623788,0.004182006887486544,0.004265647025236274,0.004349287162986005,0.00384744633648762,0.003773099547376748,0.004014726611987082,0.004209886933403121,0.004553740833040903,0.004646674319429493,0.004470100695291171,0.004395753906180301,0.004414340603458018,0.004544447484402044,0.005594595880593109,0.008010866526696445,0.007657719278419804,0.006858491295477932,0.008735747720527447,0.009692962630329921,0.011124138320714206,0.011505165614907425,0.010678057586048974,0.011393645431241117,0.009748722722163075,0.009665082584413346,0.009126068363359524,0.008559174096389127,0.008391893820889663,0.009088894968804087,0.00789005299439128,0.007713479370252959,0.0073417454246985986,0.00696071813050538,0.008140973407640471,0.008754334417805164,0.009878829603107103,0.011923366303656079
53065,0.0010687350934687832,0.0010129750016356295,0.0010222683502744885,0.0010315616989133474,0.0010501483961910653,0.0010780284421076424,0.0011616685798573733,0.001236015368968245,0.0016913894522723354,0.002072416746465554,0.002481324086575349,0.002648604362074811,0.003215498629045209,0.0044886873925688905,0.0049719415217895566,0.00577116950473143,0.005650355972426263,0.005650355972426263,0.005064875008178147,0.004693141062623788,0.004182006887486544,0.004265647025236274,0.004349287162986005,0.00384744633648762,0.003773099547376748,0.004014726611987082,0.004209886933403121,0.004553740833040903,0.004646674319429493,0.004470100695291171,0.004395753906180301,0.004414340603458018,0.004544447484402044,0.005594595880593109,0.008010866526696445,0.007657719278419804,0.006858491295477932,0.008735747720527447,0.009692962630329921,0.011124138320714206,0.011505165614907425,0.010678057586048974,0.011393645431241117,0.009748722722163075,0.009665082584413346,0.009126068363359524,0.008559174096389127,0.008391893820889663,0.009088894968804087,0.00789005299439128,0.007713479370252959,0.0073417454246985986,0.00696071813050538,0.008140973407640471,0.008754334417805164,0.009878829603107103,0.011923366303656079
53067,0.0010687350934687832,0.0010129750016356295,0.0010222683502744885,0.0010315616989133474,0.0010501483961910653,0.0010780284421076424,0.0011616685798573733,0.001236015368968245,0.0016913894522723354,0.002072416746465554,0.002481324086575349,0.002648604362074811,0.003215498629045209,0.0044886873925688905,0.0049719415217895566,0.00577116950473143,0.005650355972426263,0.005650355972426263,0.005064875008178147,0.004693141062623788,0.004182006887486544,0.004265647025236274,0.004349287162986005,0.00384744633648762,0.003773099547376748,0.004014726611987082,0.004209886933403121,0.004553740833040903,0.004646674319429493,0.004470100695291171,0.004395753906180301,0.004414340603458018,0.004544447484402044,0.005594595880593109,0.008010866526696445,0.007657719278419804,0.006858491295477932,0.008735747720527447,0.009692962630329921,0.011124138320714206,0.011505165614907425,0.010678057586048974,0.011393645431241117,0.009748722722163075,0.009665082584413346,0.009126068363359524,0.008559174096389127,0.008391893820889663,0.009088894968804087,0.00789005299439128,0.007713479370252959,0.0073417454246985986,0.00696071813050538,0.008140973407640471,0.008754334417805164,0.009878829603107103,0.011923366303656079
53069,0.0010687350934687832,0.0010129750016356295,0.0010222683502744885,0.0010315616989133474,0.0010501483961910653,0.0010780284421076424,0.0011616685798573733,0.001236015368968245,0.0016913894522723354,0.002072416746465554,0.002481324086575349,0.002648604362074811,0.003215498629045209,0.0044886873925688905,0.0049719415217895566,0.00577116950473143,0.005650355972426263,0.005650355972426263,0.005064875008178147,0.004693141062623788,0.004182006887486544,0.004265647025236274,0.004349287162986005,0.00384744633648762,0.003773099547376748,0.004014726611987082,0.004209886933403121,0.004553740833040903,0.004646674319429493,0.004470100695291171,0.004395753906180301,0.004414340603458018,0.004544447484402044,0.005594595880593109,0.008010866526696445,0.007657719278419804,0.006858491295477932,0.008735747720527447,0.009692962630329921,0.011124138320714206,0.011505165614907425,0.010678057586048974,0.011393645431241117,0.009748722722163075,0.009665082584413346,0.009126068363359524,0.008559174096389127,0.008391893820889663,0.009088894968804087,0.00789005299439128,0.007713479370252959,0.0073417454246985986,0.00696071813050538,0.008140973407640471,0.008754334417805164,0.009878829603107103,0.011923366303656079
53071,0.0010687350934687832,0.0010129750016356295,0.0010222683502744885,0.0010315616989133474,0.0010501483961910653,0.0010780284421076424,0.0011616685798573733,0.001236015368968245,0.0016913894522723354,0.002072416746465554,0.002481324086575349,0.002648604362074811,0.003215498629045209,0.0044886873925688905,0.0049719415217895566,0.00577116950473143,0.005650355972426263,0.005650355972426263,0.005064875008178147,0.004693141062623788,0.004182006887486544,0.004265647025236274,0.004349287162986005,0.00384744633648762,0.003773099547376748,0.004014726611987082,0.004209886933403121,0.004553740833040903,0.004646674319429493,0.004470100695291171,0.004395753906180301,0.004414340603458018,0.004544447484402044,0.005594595880593109,0.008010866526696445,0.007657719278419804,0.006858491295477932,0.008735747720527447,0.009692962630329921,0.011124138320714206,0.011505165614907425,0.010678057586048974,0.011393645431241117,0.009748722722163075,0.009665082584413346,0.009126068363359524,0.008559174096389127,0.008391893820889663,0.009088894968804087,0.00789005299439128,0.007713479370252959,0.0073417454246985986,0.00696071813050538,0.008140973407640471,0.008754334417805164,0.009878829603107103,0.011923366303656079
53073,0.0010687350934687832,0.0010129750016356295,0.0010222683502744885,0.0010315616989133474,0.0010501483961910653,0.0010780284421076424,0.0011616685798573733,0.001236015368968245,0.0016913894522723354,0.002072416746465554,0.002481324086575349,0.002648604362074811,0.003215498629045209,0.0044886873925688905,0.0049719415217895566,0.00577116950473143,0.005650355972426263,0.005650355972426263,0.005064875008178147,0.004693141062623788,0.004182006887486544,0.004265647025236274,0.004349287162986005,0.00384744633648762,0.003773099547376748,0.004014726611987082,0.004209886933403121,0.004553740833040903,0.004646674319429493,0.004470100695291171,0.004395753906180301,0.004414340603458018,0.004544447484402044,0.005594595880593109,0.008010866526696445,0.007657719278419804,0.006858491295477932,0.008735747720527447,0.009692962630329921,0.011124138320714206,0.011505165614907425,0.010678057586048974,0.011393645431241117,0.009748722722163075,0.009665082584413346,0.009126068363359524,0.008559174096389127,0.008391893820889663,0.009088894968804087,0.00789005299439128,0.007713479370252959,0.0073417454246985986,0.00696071813050538,0.008140973407640471,0.008754334417805164,0.009878829603107103,0.011923366303656079
53075,0.0010687350934687832,0.0010129750016356295,0.0010222683502744885,0.0010315616989133474,0.0010501483961910653,0.0010780284421076424,0.0011616685798573733,0.001236015368968245,0.0016913894522723354,0.002072416746465554,0.002481324086575349,0.002648604362074811,0.003215498629045209,0.0044886873925688905,0.0049719415217895566,0.00577116950473143,0.005650355972426263,0.005650355972426263,0.005064875008178147,0.004693141062623788,0.004182006887486544,0.004265647025236274,0.004349287162986005,0.00384744633648762,0.003773099547376748,0.004014726611987082,0.004209886933403121,0.004553740833040903,0.004646674319429493,0.004470100695291171,0.004395753906180301,0.004414340603458018,0.004544447484402044,0.005594595880593109,0.008010866526696445,0.007657719278419804,0.006858491295477932,0.008735747720527447,0.009692962630329921,0.011124138320714206,0.011505165614907425,0.010678057586048974,0.011393645431241117,0.009748722722163075,0.009665082584413346,0.009126068363359524,0.008559174096389127,0.008391893820889663,0.009088894968804087,0.00789005299439128,0.007713479370252959,0.0073417454246985986,0.00696071813050538,0.008140973407640471,0.008754334417805164,0.009878829603107103,0.011923366303656079
53077,0.0010687350934687832,0.0010129750016356295,0.0010222683502744885,0.0010315616989133474,0.0010501483961910653,0.0010780284421076424,0.0011616685798573733,0.001236015368968245,0.0016913894522723354,0.002072416746465554,0.002481324086575349,0.002648604362074811,0.003215498629045209,0.0044886873925688905,0.0049719415217895566,0.00577116950473143,0.005650355972426263,0.005650355972426263,0.005064875008178147,0.004693141062623788,0.004182006887486544,0.004265647025236274,0.004349287162986005,0.00384744633648762,0.003773099547376748,0.004014726611987082,0.004209886933403121,0.004553740833040903,0.004646674319429493,0.004470100695291171,0.004395753906180301,0.004414340603458018,0.004544447484402044,0.005594595880593109,0.008010866526696445,0.007657719278419804,0.006858491295477932,0.008735747720527447,0.009692962630329921,0.011124138320714206,0.011505165614907425,0.010678057586048974,0.011393645431241117,0.009748722722163075,0.009665082584413346,0.009126068363359524,0.008559174096389127,0.008391893820889663,0.009088894968804087,0.00789005299439128,0.007713479370252959,0.0073417454246985986,0.00696071813050538,0.008140973407640471,0.008754334417805164,0.009878829603107103,0.011923366303656079
54001,0.0006412410560812699,0.000650534404720129,0.000650534404720129,0.0006598277533589879,0.0006784144506367059,0.0006970011479144239,0.0007062944965532829,0.0008271080288584497,0.0011337885339407962,0.0013940022958288478,0.002091003443743272,0.001998069957354682,0.0024999107838530672,0.003103978445378901,0.0036708727123492993,0.004590914227596339,0.005315795421427339,0.0053901422105382115,0.005594595880593109,0.005473782348287942,0.005092755054094724,0.004813954594928955,0.004888301384039826,0.005418022256454789,0.005678236018342841,0.005092755054094724,0.005455195651010224,0.00549236904556566,0.0056596493210651225,0.005603889229231968,0.005891983037036597,0.005817636247925724,0.005789756202009148,0.006115023404369212,0.006542517441756726,0.006858491295477932,0.00788075964575242,0.009414162171164153,0.011356472036685682,0.013363835342679223,0.012425207130154462,0.012583194057015065,0.013233728461735195,0.009544269052108178,0.008968081436498921,0.00868928097733315,0.008001573178057586,0.008289666985862216,0.008317547031778791,0.007202345195115714,0.007109411708727124,0.007536905746114637,0.007453265608364906,0.0075833724893089325,0.007871466297113562,0.009005254831054356,
54003,0.0006412410560812699,0.000650534404720129,0.000650534404720129,0.0006598277533589879,0.0006784144506367059,0.0006970011479144239,0.0007062944965532829,0.0008271080288584497,0.0011337885339407962,0.0013940022958288478,0.002091003443743272,0.001998069957354682,0.0024999107838530672,0.003103978445378901,0.0036708727123492993,0.004590914227596339,0.005315795421427339,0.0053901422105382115,0.005594595880593109,0.005473782348287942,0.005092755054094724,0.004813954594928955,0.004888301384039826,0.005418022256454789,0.005678236018342841,0.005092755054094724,0.005455195651010224,0.00549236904556566,0.0056596493210651225,0.005603889229231968,0.005891983037036597,0.005817636247925724,0.005789756202009148,0.006115023404369212,0.006542517441756726,0.006858491295477932,0.00788075964575242,0.009414162171164153,0.011356472036685682,0.013363835342679223,0.012425207130154462,0.012583194057015065,0.013233728461735195,0.009544269052108178,0.008968081436498921,0.00868928097733315,0.008001573178057586,0.008289666985862216,0.008317547031778791,0.007202345195115714,0.007109411708727124,0.007536905746114637,0.007453265608364906,0.0075833724893089325,0.007871466297113562,0.009005254831054356,
54005,0.0006412410560812699,0.000650534404720129,0.000650534404720129,0.0006598277533589879,0.0006784144506367059,0.0006970011479144239,0.0007062944965532829,0.0008271080288584497,0.0011337885339407962,0.0013940022958288478,0.002091003443743272,0.001998069957354682,0.0024999107838530672,0.003103978445378901,0.0036708727123492993,0.004590914227596339,0.005315795421427339,0.0053901422105382115,0.005594595880593109,0.005473782348287942,0.005092755054094724,0.004813954594928955,0.004888301384039826,0.005418022256454789,0.005678236018342841,0.005092755054094724,0.005455195651010224,0.00549236904556566,0.0056596493210651225,0.005603889229231968,0.005891983037036597,0.005817636247925724,0.005789756202009148,0.006115023404369212,0.006542517441756726,0.006858491295477932,0.00788075964575242,0.009414162171164153,0.011356472036685682,0.013363835342679223,0.012425207130154462,0.012583194057015065,0.013233728461735195,0.009544269052108178,0.008968081436498921,0.00868928097733315,0.008001573178057586,0.008289666985862216,0.008317547031778791,0.007202345195115714,0.007109411708727124,0.007536905746114637,0.007453265608364906,0.0075833724893089325,0.007871466297113562,0.009005254831054356,
54007,0.0006412410560812699,0.000650534404720129,0.000650534404720129,0.0006598277533589879,0.0006784144506367059,0.0006970011479144239,0.0007062944965532829,0.0008271080288584497,0.0011337885339407962,0.0013940022958288478,0.002091003443743272,0.001998069957354682,0.0024999107838530672,0.003103978445378901,0.0036708727123492993,0.004590914227596339,0.005315795421427339,0.0053901422105382115,0.005594595880593109,0.005473782348287942,0.005092755054094724,0.004813954594928955,0.004888301384039826,0.005418022256454789,0.005678236018342841,0.005092755054094724,0.005455195651010224,0.00549236904556566,0.0056596493210651225,0.005603889229231968,0.005891983037036597,0.005817636247925724,0.005789756202009148,0.006115023404369212,0.006542517441756726,0.006858491295477932,0.00788075964575242,0.009414162171164153,0.011356472036685682,0.013363835342679223,0.012425207130154462,0.012583194057015065,0.013233728461735195,0.009544269052108178,0.008968081436498921,0.00868928097733315,0.008001573178057586,0.008289666985862216,0.008317547031778791,0.007202345195115714,0.007109411708727124,0.007536905746114637,0.007453265608364906,0.0075833724893089325,0.007871466297113562,0.009005254831054356,
54009,0.0006412410560812699,0.000650534404720129,0.000650534404720129,0.0006598277533589879,0.0006784144506367059,0.0006970011479144239,0.0007062944965532829,0.0008271080288584497,0.0011337885339407962,0.0013940022958288478,0.002091003443743272,0.001998069957354682,0.0024999107838530672,0.003103978445378901,0.0036708727123492993,0.004590914227596339,0.005315795421427339,0.0053901422105382115,0.005594595880593109,0.005473782348287942,0.005092755054094724,0.004813954594928955,0.004888301384039826,0.005418022256454789,0.005678236018342841,0.005092755054094724,0.005455195651010224,0.00549236904556566,0.0056596493210651225,0.005603889229231968,0.005891983037036597,0.005817636247925724,0.005789756202009148,0.006115023404369212,0.006542517441756726,0.006858491295477932,0.00788075964575242,0.009414162171164153,0.011356472036685682,0.013363835342679223,0.012425207130154462,0.012583194057015065,0.013233728461735195,0.009544269052108178,0.008968081436498921,0.00868928097733315,0.008001573178057586,0.008289666985862216,0.008317547031778791,0.007202345195115714,0.007109411708727124,0.007536905746114637,0.007453265608364906,0.0075833724893089325,0.007871466297113562,0.009005254831054356,
54011,0.0006412410560812699,0.000650534404720129,0.000650534404720129,0.0006598277533589879,0.0006784144506367059,0.0006970011479144239,0.0007062944965532829,0.0008271080288584497,0.0011337885339407962,0.0013940022958288478,0.002091003443743272,0.001998069957354682,0.0024999107838530672,0.003103978445378901,0.0036708727123492993,0.004590914227596339,0.005315795421427339,0.0053901422105382115,0.005594595880593109,0.005473782348287942,0.005092755054094724,0.004813954594928955,0.004888301384039826,0.005418022256454789,0.005678236018342841,0.005092755054094724,0.005455195651010224,0.00549236904556566,0.0056596493210651225,0.005603889229231968,0.005891983037036597,0.005817636247925724,0.005789756202009148,0.006115023404369212,0.006542517441756726,0.006858491295477932,0.00788075964575242,0.009414162171164153,0.011356472036685682,0.013363835342679223,0.012425207130154462,0.012583194057015065,0.013233728461735195,0.009544269052108178,0.008968081436498921,0.00868928097733315,0.008001573178057586,0.008289666985862216,0.008317547031778791,0.007202345195115714,0.007109411708727124,0.007536905746114637,0.007453265608364906,0.0075833724893089325,0.007871466297113562,0.009005254831054356,
54013,0.0006412410560812699,0.000650534404720129,0.000650534404720129,0.0006598277533589879,0.0006784144506367059,0.0006970011479144239,0.0007062944965532829,0.0008271080288584497,0.0011337885339407962,0.0013940022958288478,0.002091003443743272,0.001998069957354682,0.0024999107838530672,0.003103978445378901,0.0036708727123492993,0.004590914227596339,0.005315795421427339,0.0053901422105382115,0.005594595880593109,0.005473782348287942,0.005092755054094724,0.004813954594928955,0.004888301384039826,0.005418022256454789,0.005678236018342841,0.005092755054094724,0.005455195651010224,0.00549236904556566,0.0056596493210651225,0.005603889229231968,0.005891983037036597,0.005817636247925724,0.005789756202009148,0.006115023404369212,0.006542517441756726,0.006858491295477932,0.00788075964575242,0.009414162171164153,0.011356472036685682,0.013363835342679223,0.012425207130154462,0.012583194057015065,0.013233728461735195,0.009544269052108178,0.008968081436498921,0.00868928097733315,0.008001573178057586,0.008289666985862216,0.008317547031778791,0.007202345195115714,0.007109411708727124,0.007536905746114637,0.007453265608364906,0.0075833724893089325,0.007871466297113562,0.009005254831054356,
54015,0.0006412410560812699,0.000650534404720129,0.000650534404720129,0.0006598277533589879,0.0006784144506367059,0.0006970011479144239,0.0007062944965532829,0.0008271080288584497,0.0011337885339407962,0.0013940022958288478,0.002091003443743272,0.001998069957354682,0.0024999107838530672,0.003103978445378901,0.0036708727123492993,0.004590914227596339,0.005315795421427339,0.0053901422105382115,0.005594595880593109,0.005473782348287942,0.005092755054094724,0.004813954594928955,0.004888301384039826,0.005418022256454789,0.005678236018342841,0.005092755054094724,0.005455195651010224,0.00549236904556566,0.0056596493210651225,0.005603889229231968,0.005891983037036597,0.005817636247925724,0.005789756202009148,0.006115023404369212,0.006542517441756726,0.006858491295477932,0.00788075964575242,0.009414162171164153,0.011356472036685682,0.013363835342679223,0.012425207130154462,0.012583194057015065,0.013233728461735195,0.009544269052108178,0.008968081436498921,0.00868928097733315,0.008001573178057586,0.008289666985862216,0.008317547031778791,0.007202345195115714,0.007109411708727124,0.007536905746114637,0.007453265608364906,0.0075833724893089325,0.007871466297113562,0.009005254831054356,
54017,0.0006412410560812699,0.000650534404720129,0.000650534404720129,0.0006598277533589879,0.0006784144506367059,0.0006970011479144239,0.0007062944965532829,0.0008271080288584497,0.0011337885339407962,0.0013940022958288478,0.002091003443743272,0.001998069957354682,0.0024999107838530672,0.003103978445378901,0.0036708727123492993,0.004590914227596339,0.005315795421427339,0.0053901422105382115,0.005594595880593109,0.005473782348287942,0.005092755054094724,0.004813954594928955,0.004888301384039826,0.005418022256454789,0.005678236018342841,0.005092755054094724,0.005455195651010224,0.00549236904556566,0.0056596493210651225,0.005603889229231968,0.005891983037036597,0.005817636247925724,0.005789756202009148,0.006115023404369212,0.006542517441756726,0.006858491295477932,0.00788075964575242,0.009414162171164153,0.011356472036685682,0.013363835342679223,0.012425207130154462,0.012583194057015065,0.013233728461735195,0.009544269052108178,0.008968081436498921,0.00868928097733315,0.008001573178057586,0.008289666985862216,0.008317547031778791,0.007202345195115714,0.007109411708727124,0.007536905746114637,0.007453265608364906,0.0075833724893089325,0.007871466297113562,0.009005254831054356,
54019,0.0006412410560812699,0.000650534404720129,0.000650534404720129,0.0006598277533589879,0.0006784144506367059,0.0006970011479144239,0.0007062944965532829,0.0008271080288584497,0.0011337885339407962,0.0013940022958288478,0.002091003443743272,0.001998069957354682,0.0024999107838530672,0.003103978445378901,0.0036708727123492993,0.004590914227596339,0.005315795421427339,0.0053901422105382115,0.005594595880593109,0.005473782348287942,0.005092755054094724,0.004813954594928955,0.004888301384039826,0.005418022256454789,0.005678236018342841,0.005092755054094724,0.005455195651010224,0.00549236904556566,0.0056596493210651225,0.005603889229231968,0.005891983037036597,0.005817636247925724,0.005789756202009148,0.006115023404369212,0.006542517441756726,0.006858491295477932,0.00788075964575242,0.009414162171164153,0.011356472036685682,0.013363835342679223,0.012425207130154462,0.012583194057015065,0.013233728461735195,0.009544269052108178,0.008968081436498921,0.00868928097733315,0.008001573178057586,0.008289666985862216,0.008317547031778791,0.007202345195115714,0.007109411708727124,0.007536905746114637,0.007453265608364906,0.0075833724893089325,0.007871466297113562,0.009005254831054356,
54021,0.0006412410560812699,0.000650534404720129,0.000650534404720129,0.0006598277533589879,0.0006784144506367059,0.0006970011479144239,0.0007062944965532829,0.0008271080288584497,0.0011337885339407962,0.0013940022958288478,0.002091003443743272,0.001998069957354682,0.0024999107838530672,0.003103978445378901,0.0036708727123492993,0.004590914227596339,0.005315795421427339,0.0053901422105382115,0.005594595880593109,0.005473782348287942,0.005092755054094724,0.004813954594928955,0.004888301384039826,0.005418022256454789,0.005678236018342841,0.005092755054094724,0.005455195651010224,0.00549236904556566,0.0056596493210651225,0.005603889229231968,0.005891983037036597,0.005817636247925724,0.005789756202009148,0.006115023404369212,0.006542517441756726,0.006858491295477932,0.00788075964575242,0.009414162171164153,0.011356472036685682,0.013363835342679223,0.012425207130154462,0.012583194057015065,0.013233728461735195,0.009544269052108178,0.008968081436498921,0.00868928097733315,0.008001573178057586,0.008289666985862216,0.008317547031778791,0.007202345195115714,0.007109411708727124,0.007536905746114637,0.007453265608364906,0.0075833724893089325,0.007871466297113562,0.009005254831054356,
54023,0.0006412410560812699,0.000650534404720129,0.000650534404720129,0.0006598277533589879,0.0006784144506367059,0.0006970011479144239,0.0007062944965532829,0.0008271080288584497,0.0011337885339407962,0.0013940022958288478,0.002091003443743272,0.001998069957354682,0.0024999107838530672,0.003103978445378901,0.0036708727123492993,0.004590914227596339,0.005315795421427339,0.0053901422105382115,0.005594595880593109,0.005473782348287942,0.005092755054094724,0.004813954594928955,0.004888301384039826,0.005418022256454789,0.005678236018342841,0.005092755054094724,0.005455195651010224,0.00549236904556566,0.0056596493210651225,0.005603889229231968,0.005891983037036597,0.005817636247925724,0.005789756202009148,0.006115023404369212,0.006542517441756726,0.006858491295477932,0.00788075964575242,0.009414162171164153,0.011356472036685682,0.013363835342679223,0.012425207130154462,0.012583194057015065,0.013233728461735195,0.009544269052108178,0.008968081436498921,0.00868928097733315,0.008001573178057586,0.008289666985862216,0.008317547031778791,0.007202345195115714,0.007109411708727124,0.007536905746114637,0.007453265608364906,0.0075833724893089325,0.007871466297113562,0.009005254831054356,
54025,0.0006412410560812699,0.000650534404720129,0.000650534404720129,0.0006598277533589879,0.0006784144506367059,0.0006970011479144239,0.0007062944965532829,0.0008271080288584497,0.0011337885339407962,0.0013940022958288478,0.002091003443743272,0.001998069957354682,0.0024999107838530672,0.003103978445378901,0.0036708727123492993,0.004590914227596339,0.005315795421427339,0.0053901422105382115,0.005594595880593109,0.005473782348287942,0.005092755054094724,0.004813954594928955,0.004888301384039826,0.005418022256454789,0.005678236018342841,0.005092755054094724,0.005455195651010224,0.00549236904556566,0.0056596493210651225,0.005603889229231968,0.005891983037036597,0.005817636247925724,0.005789756202009148,0.006115023404369212,0.006542517441756726,0.006858491295477932,0.00788075964575242,0.009414162171164153,0.011356472036685682,0.013363835342679223,0.012425207130154462,0.012583194057015065,0.013233728461735195,0.009544269052108178,0.008968081436498921,0.00868928097733315,0.008001573178057586,0.008289666985862216,0.008317547031778791,0.007202345195115714,0.007109411708727124,0.007536905746114637,0.007453265608364906,0.0075833724893089325,0.007871466297113562,0.009005254831054356,
54027,0.0006412410560812699,0.000650534404720129,0.000650534404720129,0.0006598277533589879,0.0006784144506367059,0.0006970011479144239,0.0007062944965532829,0.0008271080288584497,0.0011337885339407962,0.0013940022958288478,0.002091003443743272,0.001998069957354682,0.0024999107838530672,0.003103978445378901,0.0036708727123492993,0.004590914227596339,0.005315795421427339,0.0053901422105382115,0.005594595880593109,0.005473782348287942,0.005092755054094724,0.004813954594928955,0.004888301384039826,0.005418022256454789,0.005678236018342841,0.005092755054094724,0.005455195651010224,0.00549236904556566,0.0056596493210651225,0.005603889229231968,0.005891983037036597,0.005817636247925724,0.005789756202009148,0.006115023404369212,0.006542517441756726,0.006858491295477932,0.00788075964575242,0.009414162171164153,0.011356472036685682,0.013363835342679223,0.012425207130154462,0.012583194057015065,0.013233728461735195,0.009544269052108178,0.008968081436498921,0.00868928097733315,0.008001573178057586,0.008289666985862216,0.008317547031778791,0.007202345195115714,0.007109411708727124,0.007536905746114637,0.007453265608364906,0.0075833724893089325,0.007871466297113562,0.009005254831054356,
54029,0.0006412410560812699,0.000650534404720129,0.000650534404720129,0.0006598277533589879,0.0006784144506367059,0.0006970011479144239,0.0007062944965532829,0.0008271080288584497,0.0011337885339407962,0.0013940022958288478,0.002091003443743272,0.001998069957354682,0.0024999107838530672,0.003103978445378901,0.0036708727123492993,0.004590914227596339,0.005315795421427339,0.0053901422105382115,0.005594595880593109,0.005473782348287942,0.005092755054094724,0.004813954594928955,0.004888301384039826,0.005418022256454789,0.005678236018342841,0.005092755054094724,0.005455195651010224,0.00549236904556566,0.0056596493210651225,0.005603889229231968,0.005891983037036597,0.005817636247925724,0.005789756202009148,0.006115023404369212,0.006542517441756726,0.006858491295477932,0.00788075964575242,0.009414162171164153,0.011356472036685682,0.013363835342679223,0.012425207130154462,0.012583194057015065,0.013233728461735195,0.009544269052108178,0.008968081436498921,0.00868928097733315,0.008001573178057586,0.008289666985862216,0.008317547031778791,0.007202345195115714,0.007109411708727124,0.007536905746114637,0.007453265608364906,0.0075833724893089325,0.007871466297113562,0.009005254831054356,
54031,0.0006412410560812699,0.000650534404720129,0.000650534404720129,0.0006598277533589879,0.0006784144506367059,0.0006970011479144239,0.0007062944965532829,0.0008271080288584497,0.0011337885339407962,0.0013940022958288478,0.002091003443743272,0.001998069957354682,0.0024999107838530672,0.003103978445378901,0.0036708727123492993,0.004590914227596339,0.005315795421427339,0.0053901422105382115,0.005594595880593109,0.005473782348287942,0.005092755054094724,0.004813954594928955,0.004888301384039826,0.005418022256454789,0.005678236018342841,0.005092755054094724,0.005455195651010224,0.00549236904556566,0.0056596493210651225,0.005603889229231968,0.005891983037036597,0.005817636247925724,0.005789756202009148,0.006115023404369212,0.006542517441756726,0.006858491295477932,0.00788075964575242,0.009414162171164153,0.011356472036685682,0.013363835342679223,0.012425207130154462,0.012583194057015065,0.013233728461735195,0.009544269052108178,0.008968081436498921,0.00868928097733315,0.008001573178057586,0.008289666985862216,0.008317547031778791,0.007202345195115714,0.007109411708727124,0.007536905746114637,0.007453265608364906,0.0075833724893089325,0.007871466297113562,0.009005254831054356,
54033,0.0006412410560812699,0.000650534404720129,0.000650534404720129,0.0006598277533589879,0.0006784144506367059,0.0006970011479144239,0.0007062944965532829,0.0008271080288584497,0.0011337885339407962,0.0013940022958288478,0.002091003443743272,0.001998069957354682,0.0024999107838530672,0.003103978445378901,0.0036708727123492993,0.004590914227596339,0.005315795421427339,0.0053901422105382115,0.005594595880593109,0.005473782348287942,0.005092755054094724,0.004813954594928955,0.004888301384039826,0.005418022256454789,0.005678236018342841,0.005092755054094724,0.005455195651010224,0.00549236904556566,0.0056596493210651225,0.005603889229231968,0.005891983037036597,0.005817636247925724,0.005789756202009148,0.006115023404369212,0.006542517441756726,0.006858491295477932,0.00788075964575242,0.009414162171164153,0.011356472036685682,0.013363835342679223,0.012425207130154462,0.012583194057015065,0.013233728461735195,0.009544269052108178,0.008968081436498921,0.00868928097733315,0.008001573178057586,0.008289666985862216,0.008317547031778791,0.007202345195115714,0.007109411708727124,0.007536905746114637,0.007453265608364906,0.0075833724893089325,0.007871466297113562,0.009005254831054356,
54035,0.0006412410560812699,0.000650534404720129,0.000650534404720129,0.0006598277533589879,0.0006784144506367059,0.0006970011479144239,0.0007062944965532829,0.0008271080288584497,0.0011337885339407962,0.0013940022958288478,0.002091003443743272,0.001998069957354682,0.0024999107838530672,0.003103978445378901,0.0036708727123492993,0.004590914227596339,0.005315795421427339,0.0053901422105382115,0.005594595880593109,0.005473782348287942,0.005092755054094724,0.004813954594928955,0.004888301384039826,0.005418022256454789,0.005678236018342841,0.005092755054094724,0.005455195651010224,0.00549236904556566,0.0056596493210651225,0.005603889229231968,0.005891983037036597,0.005817636247925724,0.005789756202009148,0.006115023404369212,0.006542517441756726,0.006858491295477932,0.00788075964575242,0.009414162171164153,0.011356472036685682,0.013363835342679223,0.012425207130154462,0.012583194057015065,0.013233728461735195,0.009544269052108178,0.008968081436498921,0.00868928097733315,0.008001573178057586,0.008289666985862216,0.008317547031778791,0.007202345195115714,0.007109411708727124,0.007536905746114637,0.007453265608364906,0.0075833724893089325,0.007871466297113562,0.009005254831054356,
54037,0.0006412410560812699,0.000650534404720129,0.000650534404720129,0.0006598277533589879,0.0006784144506367059,0.0006970011479144239,0.0007062944965532829,0.0008271080288584497,0.0011337885339407962,0.0013940022958288478,0.002091003443743272,0.001998069957354682,0.0024999107838530672,0.003103978445378901,0.0036708727123492993,0.004590914227596339,0.005315795421427339,0.0053901422105382115,0.005594595880593109,0.005473782348287942,0.005092755054094724,0.004813954594928955,0.004888301384039826,0.005418022256454789,0.005678236018342841,0.005092755054094724,0.005455195651010224,0.00549236904556566,0.0056596493210651225,0.005603889229231968,0.005891983037036597,0.005817636247925724,0.005789756202009148,0.006115023404369212,0.006542517441756726,0.006858491295477932,0.00788075964575242,0.009414162171164153,0.011356472036685682,0.013363835342679223,0.012425207130154462,0.012583194057015065,0.013233728461735195,0.009544269052108178,0.008968081436498921,0.00868928097733315,0.008001573178057586,0.008289666985862216,0.008317547031778791,0.007202345195115714,0.007109411708727124,0.007536905746114637,0.007453265608364906,0.0075833724893089325,0.007871466297113562,0.009005254831054356,
54039,0.0006412410560812699,0.000650534404720129,0.000650534404720129,0.0006598277533589879,0.0006784144506367059,0.0006970011479144239,0.0007062944965532829,0.0008271080288584497,0.0011337885339407962,0.0013940022958288478,0.002091003443743272,0.001998069957354682,0.0024999107838530672,0.003103978445378901,0.0036708727123492993,0.004590914227596339,0.005315795421427339,0.0053901422105382115,0.005594595880593109,0.005473782348287942,0.005092755054094724,0.004813954594928955,0.004888301384039826,0.005418022256454789,0.005678236018342841,0.005092755054094724,0.005455195651010224,0.00549236904556566,0.0056596493210651225,0.005603889229231968,0.005891983037036597,0.005817636247925724,0.005789756202009148,0.006115023404369212,0.006542517441756726,0.006858491295477932,0.00788075964575242,0.009414162171164153,0.011356472036685682,0.013363835342679223,0.012425207130154462,0.012583194057015065,0.013233728461735195,0.009544269052108178,0.008968081436498921,0.00868928097733315,0.008001573178057586,0.008289666985862216,0.008317547031778791,0.007202345195115714,0.007109411708727124,0.007536905746114637,0.007453265608364906,0.0075833724893089325,0.007871466297113562,0.009005254831054356,
54041,0.0006412410560812699,0.000650534404720129,0.000650534404720129,0.0006598277533589879,0.0006784144506367059,0.0006970011479144239,0.0007062944965532829,0.0008271080288584497,0.0011337885339407962,0.0013940022958288478,0.002091003443743272,0.001998069957354682,0.0024999107838530672,0.003103978445378901,0.0036708727123492993,0.004590914227596339,0.005315795421427339,0.0053901422105382115,0.005594595880593109,0.005473782348287942,0.005092755054094724,0.004813954594928955,0.004888301384039826,0.005418022256454789,0.005678236018342841,0.005092755054094724,0.005455195651010224,0.00549236904556566,0.0056596493210651225,0.005603889229231968,0.005891983037036597,0.005817636247925724,0.005789756202009148,0.006115023404369212,0.006542517441756726,0.006858491295477932,0.00788075964575242,0.009414162171164153,0.011356472036685682,0.013363835342679223,0.012425207130154462,0.012583194057015065,0.013233728461735195,0.009544269052108178,0.008968081436498921,0.00868928097733315,0.008001573178057586,0.008289666985862216,0.008317547031778791,0.007202345195115714,0.007109411708727124,0.007536905746114637,0.007453265608364906,0.0075833724893089325,0.007871466297113562,0.009005254831054356,
54043,0.0006412410560812699,0.000650534404720129,0.000650534404720129,0.0006598277533589879,0.0006784144506367059,0.0006970011479144239,0.0007062944965532829,0.0008271080288584497,0.0011337885339407962,0.0013940022958288478,0.002091003443743272,0.001998069957354682,0.0024999107838530672,0.003103978445378901,0.0036708727123492993,0.004590914227596339,0.005315795421427339,0.0053901422105382115,0.005594595880593109,0.005473782348287942,0.005092755054094724,0.004813954594928955,0.004888301384039826,0.005418022256454789,0.005678236018342841,0.005092755054094724,0.005455195651010224,0.00549236904556566,0.0056596493210651225,0.005603889229231968,0.005891983037036597,0.005817636247925724,0.005789756202009148,0.006115023404369212,0.006542517441756726,0.006858491295477932,0.00788075964575242,0.009414162171164153,0.011356472036685682,0.013363835342679223,0.012425207130154462,0.012583194057015065,0.013233728461735195,0.009544269052108178,0.008968081436498921,0.00868928097733315,0.008001573178057586,0.008289666985862216,0.008317547031778791,0.007202345195115714,0.007109411708727124,0.007536905746114637,0.007453265608364906,0.0075833724893089325,0.007871466297113562,0.009005254831054356,
54045,0.0006412410560812699,0.000650534404720129,0.000650534404720129,0.0006598277533589879,0.0006784144506367059,0.0006970011479144239,0.0007062944965532829,0.0008271080288584497,0.0011337885339407962,0.0013940022958288478,0.002091003443743272,0.001998069957354682,0.0024999107838530672,0.003103978445378901,0.0036708727123492993,0.004590914227596339,0.005315795421427339,0.0053901422105382115,0.005594595880593109,0.005473782348287942,0.005092755054094724,0.004813954594928955,0.004888301384039826,0.005418022256454789,0.005678236018342841,0.005092755054094724,0.005455195651010224,0.00549236904556566,0.0056596493210651225,0.005603889229231968,0.005891983037036597,0.005817636247925724,0.005789756202009148,0.006115023404369212,0.006542517441756726,0.006858491295477932,0.00788075964575242,0.009414162171164153,0.011356472036685682,0.013363835342679223,0.012425207130154462,0.012583194057015065,0.013233728461735195,0.009544269052108178,0.008968081436498921,0.00868928097733315,0.008001573178057586,0.008289666985862216,0.008317547031778791,0.007202345195115714,0.007109411708727124,0.007536905746114637,0.007453265608364906,0.0075833724893089325,0.007871466297113562,0.009005254831054356,
54047,0.0006412410560812699,0.000650534404720129,0.000650534404720129,0.0006598277533589879,0.0006784144506367059,0.0006970011479144239,0.0007062944965532829,0.0008271080288584497,0.0011337885339407962,0.0013940022958288478,0.002091003443743272,0.001998069957354682,0.0024999107838530672,0.003103978445378901,0.0036708727123492993,0.004590914227596339,0.005315795421427339,0.0053901422105382115,0.005594595880593109,0.005473782348287942,0.005092755054094724,0.004813954594928955,0.004888301384039826,0.005418022256454789,0.005678236018342841,0.005092755054094724,0.005455195651010224,0.00549236904556566,0.0056596493210651225,0.005603889229231968,0.005891983037036597,0.005817636247925724,0.005789756202009148,0.006115023404369212,0.006542517441756726,0.006858491295477932,0.00788075964575242,0.009414162171164153,0.011356472036685682,0.013363835342679223,0.012425207130154462,0.012583194057015065,0.013233728461735195,0.009544269052108178,0.008968081436498921,0.00868928097733315,0.008001573178057586,0.008289666985862216,0.008317547031778791,0.007202345195115714,0.007109411708727124,0.007536905746114637,0.007453265608364906,0.0075833724893089325,0.007871466297113562,0.009005254831054356,
54049,0.0006412410560812699,0.000650534404720129,0.000650534404720129,0.0006598277533589879,0.0006784144506367059,0.0006970011479144239,0.0007062944965532829,0.0008271080288584497,0.0011337885339407962,0.0013940022958288478,0.002091003443743272,0.001998069957354682,0.0024999107838530672,0.003103978445378901,0.0036708727123492993,0.004590914227596339,0.005315795421427339,0.0053901422105382115,0.005594595880593109,0.005473782348287942,0.005092755054094724,0.004813954594928955,0.004888301384039826,0.005418022256454789,0.005678236018342841,0.005092755054094724,0.005455195651010224,0.00549236904556566,0.0056596493210651225,0.005603889229231968,0.005891983037036597,0.005817636247925724,0.005789756202009148,0.006115023404369212,0.006542517441756726,0.006858491295477932,0.00788075964575242,0.009414162171164153,0.011356472036685682,0.013363835342679223,0.012425207130154462,0.012583194057015065,0.013233728461735195,0.009544269052108178,0.008968081436498921,0.00868928097733315,0.008001573178057586,0.008289666985862216,0.008317547031778791,0.007202345195115714,0.007109411708727124,0.007536905746114637,0.007453265608364906,0.0075833724893089325,0.007871466297113562,0.009005254831054356,
54051,0.0006412410560812699,0.000650534404720129,0.000650534404720129,0.0006598277533589879,0.0006784144506367059,0.0006970011479144239,0.0007062944965532829,0.0008271080288584497,0.0011337885339407962,0.0013940022958288478,0.002091003443743272,0.001998069957354682,0.0024999107838530672,0.003103978445378901,0.0036708727123492993,0.004590914227596339,0.005315795421427339,0.0053901422105382115,0.005594595880593109,0.005473782348287942,0.005092755054094724,0.004813954594928955,0.004888301384039826,0.005418022256454789,0.005678236018342841,0.005092755054094724,0.005455195651010224,0.00549236904556566,0.0056596493210651225,0.005603889229231968,0.005891983037036597,0.005817636247925724,0.005789756202009148,0.006115023404369212,0.006542517441756726,0.006858491295477932,0.00788075964575242,0.009414162171164153,0.011356472036685682,0.013363835342679223,0.012425207130154462,0.012583194057015065,0.013233728461735195,0.009544269052108178,0.008968081436498921,0.00868928097733315,0.008001573178057586,0.008289666985862216,0.008317547031778791,0.007202345195115714,0.007109411708727124,0.007536905746114637,0.007453265608364906,0.0075833724893089325,0.007871466297113562,0.009005254831054356,
54053,0.0006412410560812699,0.000650534404720129,0.000650534404720129,0.0006598277533589879,0.0006784144506367059,0.0006970011479144239,0.0007062944965532829,0.0008271080288584497,0.0011337885339407962,0.0013940022958288478,0.002091003443743272,0.001998069957354682,0.0024999107838530672,0.003103978445378901,0.0036708727123492993,0.004590914227596339,0.005315795421427339,0.0053901422105382115,0.005594595880593109,0.005473782348287942,0.005092755054094724,0.004813954594928955,0.004888301384039826,0.005418022256454789,0.005678236018342841,0.005092755054094724,0.005455195651010224,0.00549236904556566,0.0056596493210651225,0.005603889229231968,0.005891983037036597,0.005817636247925724,0.005789756202009148,0.006115023404369212,0.006542517441756726,0.006858491295477932,0.00788075964575242,0.009414162171164153,0.011356472036685682,0.013363835342679223,0.012425207130154462,0.012583194057015065,0.013233728461735195,0.009544269052108178,0.008968081436498921,0.00868928097733315,0.008001573178057586,0.008289666985862216,0.008317547031778791,0.007202345195115714,0.007109411708727124,0.007536905746114637,0.007453265608364906,0.0075833724893089325,0.007871466297113562,0.009005254831054356,
54055,0.0006412410560812699,0.000650534404720129,0.000650534404720129,0.0006598277533589879,0.0006784144506367059,0.0006970011479144239,0.0007062944965532829,0.0008271080288584497,0.0011337885339407962,0.0013940022958288478,0.002091003443743272,0.001998069957354682,0.0024999107838530672,0.003103978445378901,0.0036708727123492993,0.004590914227596339,0.005315795421427339,0.0053901422105382115,0.005594595880593109,0.005473782348287942,0.005092755054094724,0.004813954594928955,0.004888301384039826,0.005418022256454789,0.005678236018342841,0.005092755054094724,0.005455195651010224,0.00549236904556566,0.0056596493210651225,0.005603889229231968,0.005891983037036597,0.005817636247925724,0.005789756202009148,0.006115023404369212,0.006542517441756726,0.006858491295477932,0.00788075964575242,0.009414162171164153,0.011356472036685682,0.013363835342679223,0.012425207130154462,0.012583194057015065,0.013233728461735195,0.009544269052108178,0.008968081436498921,0.00868928097733315,0.008001573178057586,0.008289666985862216,0.008317547031778791,0.007202345195115714,0.007109411708727124,0.007536905746114637,0.007453265608364906,0.0075833724893089325,0.007871466297113562,0.009005254831054356,
54057,0.0006412410560812699,0.000650534404720129,0.000650534404720129,0.0006598277533589879,0.0006784144506367059,0.0006970011479144239,0.0007062944965532829,0.0008271080288584497,0.0011337885339407962,0.0013940022958288478,0.002091003443743272,0.001998069957354682,0.0024999107838530672,0.003103978445378901,0.0036708727123492993,0.004590914227596339,0.005315795421427339,0.0053901422105382115,0.005594595880593109,0.005473782348287942,0.005092755054094724,0.004813954594928955,0.004888301384039826,0.005418022256454789,0.005678236018342841,0.005092755054094724,0.005455195651010224,0.00549236904556566,0.0056596493210651225,0.005603889229231968,0.005891983037036597,0.005817636247925724,0.005789756202009148,0.006115023404369212,0.006542517441756726,0.006858491295477932,0.00788075964575242,0.009414162171164153,0.011356472036685682,0.013363835342679223,0.012425207130154462,0.012583194057015065,0.013233728461735195,0.009544269052108178,0.008968081436498921,0.00868928097733315,0.008001573178057586,0.008289666985862216,0.008317547031778791,0.007202345195115714,0.007109411708727124,0.007536905746114637,0.007453265608364906,0.0075833724893089325,0.007871466297113562,0.009005254831054356,
54059,0.0006412410560812699,0.000650534404720129,0.000650534404720129,0.0006598277533589879,0.0006784144506367059,0.0006970011479144239,0.0007062944965532829,0.0008271080288584497,0.0011337885339407962,0.0013940022958288478,0.002091003443743272,0.001998069957354682,0.0024999107838530672,0.003103978445378901,0.0036708727123492993,0.004590914227596339,0.005315795421427339,0.0053901422105382115,0.005594595880593109,0.005473782348287942,0.005092755054094724,0.004813954594928955,0.004888301384039826,0.005418022256454789,0.005678236018342841,0.005092755054094724,0.005455195651010224,0.00549236904556566,0.0056596493210651225,0.005603889229231968,0.005891983037036597,0.005817636247925724,0.005789756202009148,0.006115023404369212,0.006542517441756726,0.006858491295477932,0.00788075964575242,0.009414162171164153,0.011356472036685682,0.013363835342679223,0.012425207130154462,0.012583194057015065,0.013233728461735195,0.009544269052108178,0.008968081436498921,0.00868928097733315,0.008001573178057586,0.008289666985862216,0.008317547031778791,0.007202345195115714,0.007109411708727124,0.007536905746114637,0.007453265608364906,0.0075833724893089325,0.007871466297113562,0.009005254831054356,
54061,0.0006412410560812699,0.000650534404720129,0.000650534404720129,0.0006598277533589879,0.0006784144506367059,0.0006970011479144239,0.0007062944965532829,0.0008271080288584497,0.0011337885339407962,0.0013940022958288478,0.002091003443743272,0.001998069957354682,0.0024999107838530672,0.003103978445378901,0.0036708727123492993,0.004590914227596339,0.005315795421427339,0.0053901422105382115,0.005594595880593109,0.005473782348287942,0.005092755054094724,0.004813954594928955,0.004888301384039826,0.005418022256454789,0.005678236018342841,0.005092755054094724,0.005455195651010224,0.00549236904556566,0.0056596493210651225,0.005603889229231968,0.005891983037036597,0.005817636247925724,0.005789756202009148,0.006115023404369212,0.006542517441756726,0.006858491295477932,0.00788075964575242,0.009414162171164153,0.011356472036685682,0.013363835342679223,0.012425207130154462,0.012583194057015065,0.013233728461735195,0.009544269052108178,0.008968081436498921,0.00868928097733315,0.008001573178057586,0.008289666985862216,0.008317547031778791,0.007202345195115714,0.007109411708727124,0.007536905746114637,0.007453265608364906,0.0075833724893089325,0.007871466297113562,0.009005254831054356,
54063,0.0006412410560812699,0.000650534404720129,0.000650534404720129,0.0006598277533589879,0.0006784144506367059,0.0006970011479144239,0.0007062944965532829,0.0008271080288584497,0.0011337885339407962,0.0013940022958288478,0.002091003443743272,0.001998069957354682,0.0024999107838530672,0.003103978445378901,0.0036708727123492993,0.004590914227596339,0.005315795421427339,0.0053901422105382115,0.005594595880593109,0.005473782348287942,0.005092755054094724,0.004813954594928955,0.004888301384039826,0.005418022256454789,0.005678236018342841,0.005092755054094724,0.005455195651010224,0.00549236904556566,0.0056596493210651225,0.005603889229231968,0.005891983037036597,0.005817636247925724,0.005789756202009148,0.006115023404369212,0.006542517441756726,0.006858491295477932,0.00788075964575242,0.009414162171164153,0.011356472036685682,0.013363835342679223,0.012425207130154462,0.012583194057015065,0.013233728461735195,0.009544269052108178,0.008968081436498921,0.00868928097733315,0.008001573178057586,0.008289666985862216,0.008317547031778791,0.007202345195115714,0.007109411708727124,0.007536905746114637,0.007453265608364906,0.0075833724893089325,0.007871466297113562,0.009005254831054356,
54065,0.0006412410560812699,0.000650534404720129,0.000650534404720129,0.0006598277533589879,0.0006784144506367059,0.0006970011479144239,0.0007062944965532829,0.0008271080288584497,0.0011337885339407962,0.0013940022958288478,0.002091003443743272,0.001998069957354682,0.0024999107838530672,0.003103978445378901,0.0036708727123492993,0.004590914227596339,0.005315795421427339,0.0053901422105382115,0.005594595880593109,0.005473782348287942,0.005092755054094724,0.004813954594928955,0.004888301384039826,0.005418022256454789,0.005678236018342841,0.005092755054094724,0.005455195651010224,0.00549236904556566,0.0056596493210651225,0.005603889229231968,0.005891983037036597,0.005817636247925724,0.005789756202009148,0.006115023404369212,0.006542517441756726,0.006858491295477932,0.00788075964575242,0.009414162171164153,0.011356472036685682,0.013363835342679223,0.012425207130154462,0.012583194057015065,0.013233728461735195,0.009544269052108178,0.008968081436498921,0.00868928097733315,0.008001573178057586,0.008289666985862216,0.008317547031778791,0.007202345195115714,0.007109411708727124,0.007536905746114637,0.007453265608364906,0.0075833724893089325,0.007871466297113562,0.009005254831054356,
54067,0.0006412410560812699,0.000650534404720129,0.000650534404720129,0.0006598277533589879,0.0006784144506367059,0.0006970011479144239,0.0007062944965532829,0.0008271080288584497,0.0011337885339407962,0.0013940022958288478,0.002091003443743272,0.001998069957354682,0.0024999107838530672,0.003103978445378901,0.0036708727123492993,0.004590914227596339,0.005315795421427339,0.0053901422105382115,0.005594595880593109,0.005473782348287942,0.005092755054094724,0.004813954594928955,0.004888301384039826,0.005418022256454789,0.005678236018342841,0.005092755054094724,0.005455195651010224,0.00549236904556566,0.0056596493210651225,0.005603889229231968,0.005891983037036597,0.005817636247925724,0.005789756202009148,0.006115023404369212,0.006542517441756726,0.006858491295477932,0.00788075964575242,0.009414162171164153,0.011356472036685682,0.013363835342679223,0.012425207130154462,0.012583194057015065,0.013233728461735195,0.009544269052108178,0.008968081436498921,0.00868928097733315,0.008001573178057586,0.008289666985862216,0.008317547031778791,0.007202345195115714,0.007109411708727124,0.007536905746114637,0.007453265608364906,0.0075833724893089325,0.007871466297113562,0.009005254831054356,
54069,0.0006412410560812699,0.000650534404720129,0.000650534404720129,0.0006598277533589879,0.0006784144506367059,0.0006970011479144239,0.0007062944965532829,0.0008271080288584497,0.0011337885339407962,0.0013940022958288478,0.002091003443743272,0.001998069957354682,0.0024999107838530672,0.003103978445378901,0.0036708727123492993,0.004590914227596339,0.005315795421427339,0.0053901422105382115,0.005594595880593109,0.005473782348287942,0.005092755054094724,0.004813954594928955,0.004888301384039826,0.005418022256454789,0.005678236018342841,0.005092755054094724,0.005455195651010224,0.00549236904556566,0.0056596493210651225,0.005603889229231968,0.005891983037036597,0.005817636247925724,0.005789756202009148,0.006115023404369212,0.006542517441756726,0.006858491295477932,0.00788075964575242,0.009414162171164153,0.011356472036685682,0.013363835342679223,0.012425207130154462,0.012583194057015065,0.013233728461735195,0.009544269052108178,0.008968081436498921,0.00868928097733315,0.008001573178057586,0.008289666985862216,0.008317547031778791,0.007202345195115714,0.007109411708727124,0.007536905746114637,0.007453265608364906,0.0075833724893089325,0.007871466297113562,0.009005254831054356,
54071,0.0006412410560812699,0.000650534404720129,0.000650534404720129,0.0006598277533589879,0.0006784144506367059,0.0006970011479144239,0.0007062944965532829,0.0008271080288584497,0.0011337885339407962,0.0013940022958288478,0.002091003443743272,0.001998069957354682,0.0024999107838530672,0.003103978445378901,0.0036708727123492993,0.004590914227596339,0.005315795421427339,0.0053901422105382115,0.005594595880593109,0.005473782348287942,0.005092755054094724,0.004813954594928955,0.004888301384039826,0.005418022256454789,0.005678236018342841,0.005092755054094724,0.005455195651010224,0.00549236904556566,0.0056596493210651225,0.005603889229231968,0.005891983037036597,0.005817636247925724,0.005789756202009148,0.006115023404369212,0.006542517441756726,0.006858491295477932,0.00788075964575242,0.009414162171164153,0.011356472036685682,0.013363835342679223,0.012425207130154462,0.012583194057015065,0.013233728461735195,0.009544269052108178,0.008968081436498921,0.00868928097733315,0.008001573178057586,0.008289666985862216,0.008317547031778791,0.007202345195115714,0.007109411708727124,0.007536905746114637,0.007453265608364906,0.0075833724893089325,0.007871466297113562,0.009005254831054356,
54073,0.0006412410560812699,0.000650534404720129,0.000650534404720129,0.0006598277533589879,0.0006784144506367059,0.0006970011479144239,0.0007062944965532829,0.0008271080288584497,0.0011337885339407962,0.0013940022958288478,0.002091003443743272,0.001998069957354682,0.0024999107838530672,0.003103978445378901,0.0036708727123492993,0.004590914227596339,0.005315795421427339,0.0053901422105382115,0.005594595880593109,0.005473782348287942,0.005092755054094724,0.004813954594928955,0.004888301384039826,0.005418022256454789,0.005678236018342841,0.005092755054094724,0.005455195651010224,0.00549236904556566,0.0056596493210651225,0.005603889229231968,0.005891983037036597,0.005817636247925724,0.005789756202009148,0.006115023404369212,0.006542517441756726,0.006858491295477932,0.00788075964575242,0.009414162171164153,0.011356472036685682,0.013363835342679223,0.012425207130154462,0.012583194057015065,0.013233728461735195,0.009544269052108178,0.008968081436498921,0.00868928097733315,0.008001573178057586,0.008289666985862216,0.008317547031778791,0.007202345195115714,0.007109411708727124,0.007536905746114637,0.007453265608364906,0.0075833724893089325,0.007871466297113562,0.009005254831054356,
54075,0.0006412410560812699,0.000650534404720129,0.000650534404720129,0.0006598277533589879,0.0006784144506367059,0.0006970011479144239,0.0007062944965532829,0.0008271080288584497,0.0011337885339407962,0.0013940022958288478,0.002091003443743272,0.001998069957354682,0.0024999107838530672,0.003103978445378901,0.0036708727123492993,0.004590914227596339,0.005315795421427339,0.0053901422105382115,0.005594595880593109,0.005473782348287942,0.005092755054094724,0.004813954594928955,0.004888301384039826,0.005418022256454789,0.005678236018342841,0.005092755054094724,0.005455195651010224,0.00549236904556566,0.0056596493210651225,0.005603889229231968,0.005891983037036597,0.005817636247925724,0.005789756202009148,0.006115023404369212,0.006542517441756726,0.006858491295477932,0.00788075964575242,0.009414162171164153,0.011356472036685682,0.013363835342679223,0.012425207130154462,0.012583194057015065,0.013233728461735195,0.009544269052108178,0.008968081436498921,0.00868928097733315,0.008001573178057586,0.008289666985862216,0.008317547031778791,0.007202345195115714,0.007109411708727124,0.007536905746114637,0.007453265608364906,0.0075833724893089325,0.007871466297113562,0.009005254831054356,
54077,0.0006412410560812699,0.000650534404720129,0.000650534404720129,0.0006598277533589879,0.0006784144506367059,0.0006970011479144239,0.0007062944965532829,0.0008271080288584497,0.0011337885339407962,0.0013940022958288478,0.002091003443743272,0.001998069957354682,0.0024999107838530672,0.003103978445378901,0.0036708727123492993,0.004590914227596339,0.005315795421427339,0.0053901422105382115,0.005594595880593109,0.005473782348287942,0.005092755054094724,0.004813954594928955,0.004888301384039826,0.005418022256454789,0.005678236018342841,0.005092755054094724,0.005455195651010224,0.00549236904556566,0.0056596493210651225,0.005603889229231968,0.005891983037036597,0.005817636247925724,0.005789756202009148,0.006115023404369212,0.006542517441756726,0.006858491295477932,0.00788075964575242,0.009414162171164153,0.011356472036685682,0.013363835342679223,0.012425207130154462,0.012583194057015065,0.013233728461735195,0.009544269052108178,0.008968081436498921,0.00868928097733315,0.008001573178057586,0.008289666985862216,0.008317547031778791,0.007202345195115714,0.007109411708727124,0.007536905746114637,0.007453265608364906,0.0075833724893089325,0.007871466297113562,0.009005254831054356,
54079,0.0006412410560812699,0.000650534404720129,0.000650534404720129,0.0006598277533589879,0.0006784144506367059,0.0006970011479144239,0.0007062944965532829,0.0008271080288584497,0.0011337885339407962,0.0013940022958288478,0.002091003443743272,0.001998069957354682,0.0024999107838530672,0.003103978445378901,0.0036708727123492993,0.004590914227596339,0.005315795421427339,0.0053901422105382115,0.005594595880593109,0.005473782348287942,0.005092755054094724,0.004813954594928955,0.004888301384039826,0.005418022256454789,0.005678236018342841,0.005092755054094724,0.005455195651010224,0.00549236904556566,0.0056596493210651225,0.005603889229231968,0.005891983037036597,0.005817636247925724,0.005789756202009148,0.006115023404369212,0.006542517441756726,0.006858491295477932,0.00788075964575242,0.009414162171164153,0.011356472036685682,0.013363835342679223,0.012425207130154462,0.012583194057015065,0.013233728461735195,0.009544269052108178,0.008968081436498921,0.00868928097733315,0.008001573178057586,0.008289666985862216,0.008317547031778791,0.007202345195115714,0.007109411708727124,0.007536905746114637,0.007453265608364906,0.0075833724893089325,0.007871466297113562,0.009005254831054356,
54081,0.0006412410560812699,0.000650534404720129,0.000650534404720129,0.0006598277533589879,0.0006784144506367059,0.0006970011479144239,0.0007062944965532829,0.0008271080288584497,0.0011337885339407962,0.0013940022958288478,0.002091003443743272,0.001998069957354682,0.0024999107838530672,0.003103978445378901,0.0036708727123492993,0.004590914227596339,0.005315795421427339,0.0053901422105382115,0.005594595880593109,0.005473782348287942,0.005092755054094724,0.004813954594928955,0.004888301384039826,0.005418022256454789,0.005678236018342841,0.005092755054094724,0.005455195651010224,0.00549236904556566,0.0056596493210651225,0.005603889229231968,0.005891983037036597,0.005817636247925724,0.005789756202009148,0.006115023404369212,0.006542517441756726,0.006858491295477932,0.00788075964575242,0.009414162171164153,0.011356472036685682,0.013363835342679223,0.012425207130154462,0.012583194057015065,0.013233728461735195,0.009544269052108178,0.008968081436498921,0.00868928097733315,0.008001573178057586,0.008289666985862216,0.008317547031778791,0.007202345195115714,0.007109411708727124,0.007536905746114637,0.007453265608364906,0.0075833724893089325,0.007871466297113562,0.009005254831054356,
54083,0.0006412410560812699,0.000650534404720129,0.000650534404720129,0.0006598277533589879,0.0006784144506367059,0.0006970011479144239,0.0007062944965532829,0.0008271080288584497,0.0011337885339407962,0.0013940022958288478,0.002091003443743272,0.001998069957354682,0.0024999107838530672,0.003103978445378901,0.0036708727123492993,0.004590914227596339,0.005315795421427339,0.0053901422105382115,0.005594595880593109,0.005473782348287942,0.005092755054094724,0.004813954594928955,0.004888301384039826,0.005418022256454789,0.005678236018342841,0.005092755054094724,0.005455195651010224,0.00549236904556566,0.0056596493210651225,0.005603889229231968,0.005891983037036597,0.005817636247925724,0.005789756202009148,0.006115023404369212,0.006542517441756726,0.006858491295477932,0.00788075964575242,0.009414162171164153,0.011356472036685682,0.013363835342679223,0.012425207130154462,0.012583194057015065,0.013233728461735195,0.009544269052108178,0.008968081436498921,0.00868928097733315,0.008001573178057586,0.008289666985862216,0.008317547031778791,0.007202345195115714,0.007109411708727124,0.007536905746114637,0.007453265608364906,0.0075833724893089325,0.007871466297113562,0.009005254831054356,
54085,0.0006412410560812699,0.000650534404720129,0.000650534404720129,0.0006598277533589879,0.0006784144506367059,0.0006970011479144239,0.0007062944965532829,0.0008271080288584497,0.0011337885339407962,0.0013940022958288478,0.002091003443743272,0.001998069957354682,0.0024999107838530672,0.003103978445378901,0.0036708727123492993,0.004590914227596339,0.005315795421427339,0.0053901422105382115,0.005594595880593109,0.005473782348287942,0.005092755054094724,0.004813954594928955,0.004888301384039826,0.005418022256454789,0.005678236018342841,0.005092755054094724,0.005455195651010224,0.00549236904556566,0.0056596493210651225,0.005603889229231968,0.005891983037036597,0.005817636247925724,0.005789756202009148,0.006115023404369212,0.006542517441756726,0.006858491295477932,0.00788075964575242,0.009414162171164153,0.011356472036685682,0.013363835342679223,0.012425207130154462,0.012583194057015065,0.013233728461735195,0.009544269052108178,0.008968081436498921,0.00868928097733315,0.008001573178057586,0.008289666985862216,0.008317547031778791,0.007202345195115714,0.007109411708727124,0.007536905746114637,0.007453265608364906,0.0075833724893089325,0.007871466297113562,0.009005254831054356,
54087,0.0006412410560812699,0.000650534404720129,0.000650534404720129,0.0006598277533589879,0.0006784144506367059,0.0006970011479144239,0.0007062944965532829,0.0008271080288584497,0.0011337885339407962,0.0013940022958288478,0.002091003443743272,0.001998069957354682,0.0024999107838530672,0.003103978445378901,0.0036708727123492993,0.004590914227596339,0.005315795421427339,0.0053901422105382115,0.005594595880593109,0.005473782348287942,0.005092755054094724,0.004813954594928955,0.004888301384039826,0.005418022256454789,0.005678236018342841,0.005092755054094724,0.005455195651010224,0.00549236904556566,0.0056596493210651225,0.005603889229231968,0.005891983037036597,0.005817636247925724,0.005789756202009148,0.006115023404369212,0.006542517441756726,0.006858491295477932,0.00788075964575242,0.009414162171164153,0.011356472036685682,0.013363835342679223,0.012425207130154462,0.012583194057015065,0.013233728461735195,0.009544269052108178,0.008968081436498921,0.00868928097733315,0.008001573178057586,0.008289666985862216,0.008317547031778791,0.007202345195115714,0.007109411708727124,0.007536905746114637,0.007453265608364906,0.0075833724893089325,0.007871466297113562,0.009005254831054356,
54089,0.0006412410560812699,0.000650534404720129,0.000650534404720129,0.0006598277533589879,0.0006784144506367059,0.0006970011479144239,0.0007062944965532829,0.0008271080288584497,0.0011337885339407962,0.0013940022958288478,0.002091003443743272,0.001998069957354682,0.0024999107838530672,0.003103978445378901,0.0036708727123492993,0.004590914227596339,0.005315795421427339,0.0053901422105382115,0.005594595880593109,0.005473782348287942,0.005092755054094724,0.004813954594928955,0.004888301384039826,0.005418022256454789,0.005678236018342841,0.005092755054094724,0.005455195651010224,0.00549236904556566,0.0056596493210651225,0.005603889229231968,0.005891983037036597,0.005817636247925724,0.005789756202009148,0.006115023404369212,0.006542517441756726,0.006858491295477932,0.00788075964575242,0.009414162171164153,0.011356472036685682,0.013363835342679223,0.012425207130154462,0.012583194057015065,0.013233728461735195,0.009544269052108178,0.008968081436498921,0.00868928097733315,0.008001573178057586,0.008289666985862216,0.008317547031778791,0.007202345195115714,0.007109411708727124,0.007536905746114637,0.007453265608364906,0.0075833724893089325,0.007871466297113562,0.009005254831054356,
54091,0.0006412410560812699,0.000650534404720129,0.000650534404720129,0.0006598277533589879,0.0006784144506367059,0.0006970011479144239,0.0007062944965532829,0.0008271080288584497,0.0011337885339407962,0.0013940022958288478,0.002091003443743272,0.001998069957354682,0.0024999107838530672,0.003103978445378901,0.0036708727123492993,0.004590914227596339,0.005315795421427339,0.0053901422105382115,0.005594595880593109,0.005473782348287942,0.005092755054094724,0.004813954594928955,0.004888301384039826,0.005418022256454789,0.005678236018342841,0.005092755054094724,0.005455195651010224,0.00549236904556566,0.0056596493210651225,0.005603889229231968,0.005891983037036597,0.005817636247925724,0.005789756202009148,0.006115023404369212,0.006542517441756726,0.006858491295477932,0.00788075964575242,0.009414162171164153,0.011356472036685682,0.013363835342679223,0.012425207130154462,0.012583194057015065,0.013233728461735195,0.009544269052108178,0.008968081436498921,0.00868928097733315,0.008001573178057586,0.008289666985862216,0.008317547031778791,0.007202345195115714,0.007109411708727124,0.007536905746114637,0.007453265608364906,0.0075833724893089325,0.007871466297113562,0.009005254831054356,
54093,0.0006412410560812699,0.000650534404720129,0.000650534404720129,0.0006598277533589879,0.0006784144506367059,0.0006970011479144239,0.0007062944965532829,0.0008271080288584497,0.0011337885339407962,0.0013940022958288478,0.002091003443743272,0.001998069957354682,0.0024999107838530672,0.003103978445378901,0.0036708727123492993,0.004590914227596339,0.005315795421427339,0.0053901422105382115,0.005594595880593109,0.005473782348287942,0.005092755054094724,0.004813954594928955,0.004888301384039826,0.005418022256454789,0.005678236018342841,0.005092755054094724,0.005455195651010224,0.00549236904556566,0.0056596493210651225,0.005603889229231968,0.005891983037036597,0.005817636247925724,0.005789756202009148,0.006115023404369212,0.006542517441756726,0.006858491295477932,0.00788075964575242,0.009414162171164153,0.011356472036685682,0.013363835342679223,0.012425207130154462,0.012583194057015065,0.013233728461735195,0.009544269052108178,0.008968081436498921,0.00868928097733315,0.008001573178057586,0.008289666985862216,0.008317547031778791,0.007202345195115714,0.007109411708727124,0.007536905746114637,0.007453265608364906,0.0075833724893089325,0.007871466297113562,0.009005254831054356,
54095,0.0006412410560812699,0.000650534404720129,0.000650534404720129,0.0006598277533589879,0.0006784144506367059,0.0006970011479144239,0.0007062944965532829,0.0008271080288584497,0.0011337885339407962,0.0013940022958288478,0.002091003443743272,0.001998069957354682,0.0024999107838530672,0.003103978445378901,0.0036708727123492993,0.004590914227596339,0.005315795421427339,0.0053901422105382115,0.005594595880593109,0.005473782348287942,0.005092755054094724,0.004813954594928955,0.004888301384039826,0.005418022256454789,0.005678236018342841,0.005092755054094724,0.005455195651010224,0.00549236904556566,0.0056596493210651225,0.005603889229231968,0.005891983037036597,0.005817636247925724,0.005789756202009148,0.006115023404369212,0.006542517441756726,0.006858491295477932,0.00788075964575242,0.009414162171164153,0.011356472036685682,0.013363835342679223,0.012425207130154462,0.012583194057015065,0.013233728461735195,0.009544269052108178,0.008968081436498921,0.00868928097733315,0.008001573178057586,0.008289666985862216,0.008317547031778791,0.007202345195115714,0.007109411708727124,0.007536905746114637,0.007453265608364906,0.0075833724893089325,0.007871466297113562,0.009005254831054356,
54097,0.0006412410560812699,0.000650534404720129,0.000650534404720129,0.0006598277533589879,0.0006784144506367059,0.0006970011479144239,0.0007062944965532829,0.0008271080288584497,0.0011337885339407962,0.0013940022958288478,0.002091003443743272,0.001998069957354682,0.0024999107838530672,0.003103978445378901,0.0036708727123492993,0.004590914227596339,0.005315795421427339,0.0053901422105382115,0.005594595880593109,0.005473782348287942,0.005092755054094724,0.004813954594928955,0.004888301384039826,0.005418022256454789,0.005678236018342841,0.005092755054094724,0.005455195651010224,0.00549236904556566,0.0056596493210651225,0.005603889229231968,0.005891983037036597,0.005817636247925724,0.005789756202009148,0.006115023404369212,0.006542517441756726,0.006858491295477932,0.00788075964575242,0.009414162171164153,0.011356472036685682,0.013363835342679223,0.012425207130154462,0.012583194057015065,0.013233728461735195,0.009544269052108178,0.008968081436498921,0.00868928097733315,0.008001573178057586,0.008289666985862216,0.008317547031778791,0.007202345195115714,0.007109411708727124,0.007536905746114637,0.007453265608364906,0.0075833724893089325,0.007871466297113562,0.009005254831054356,
54099,0.0006412410560812699,0.000650534404720129,0.000650534404720129,0.0006598277533589879,0.0006784144506367059,0.0006970011479144239,0.0007062944965532829,0.0008271080288584497,0.0011337885339407962,0.0013940022958288478,0.002091003443743272,0.001998069957354682,0.0024999107838530672,0.003103978445378901,0.0036708727123492993,0.004590914227596339,0.005315795421427339,0.0053901422105382115,0.005594595880593109,0.005473782348287942,0.005092755054094724,0.004813954594928955,0.004888301384039826,0.005418022256454789,0.005678236018342841,0.005092755054094724,0.005455195651010224,0.00549236904556566,0.0056596493210651225,0.005603889229231968,0.005891983037036597,0.005817636247925724,0.005789756202009148,0.006115023404369212,0.006542517441756726,0.006858491295477932,0.00788075964575242,0.009414162171164153,0.011356472036685682,0.013363835342679223,0.012425207130154462,0.012583194057015065,0.013233728461735195,0.009544269052108178,0.008968081436498921,0.00868928097733315,0.008001573178057586,0.008289666985862216,0.008317547031778791,0.007202345195115714,0.007109411708727124,0.007536905746114637,0.007453265608364906,0.0075833724893089325,0.007871466297113562,0.009005254831054356,
54101,0.0006412410560812699,0.000650534404720129,0.000650534404720129,0.0006598277533589879,0.0006784144506367059,0.0006970011479144239,0.0007062944965532829,0.0008271080288584497,0.0011337885339407962,0.0013940022958288478,0.002091003443743272,0.001998069957354682,0.0024999107838530672,0.003103978445378901,0.0036708727123492993,0.004590914227596339,0.005315795421427339,0.0053901422105382115,0.005594595880593109,0.005473782348287942,0.005092755054094724,0.004813954594928955,0.004888301384039826,0.005418022256454789,0.005678236018342841,0.005092755054094724,0.005455195651010224,0.00549236904556566,0.0056596493210651225,0.005603889229231968,0.005891983037036597,0.005817636247925724,0.005789756202009148,0.006115023404369212,0.006542517441756726,0.006858491295477932,0.00788075964575242,0.009414162171164153,0.011356472036685682,0.013363835342679223,0.012425207130154462,0.012583194057015065,0.013233728461735195,0.009544269052108178,0.008968081436498921,0.00868928097733315,0.008001573178057586,0.008289666985862216,0.008317547031778791,0.007202345195115714,0.007109411708727124,0.007536905746114637,0.007453265608364906,0.0075833724893089325,0.007871466297113562,0.009005254831054356,
54103,0.0006412410560812699,0.000650534404720129,0.000650534404720129,0.0006598277533589879,0.0006784144506367059,0.0006970011479144239,0.0007062944965532829,0.0008271080288584497,0.0011337885339407962,0.0013940022958288478,0.002091003443743272,0.001998069957354682,0.0024999107838530672,0.003103978445378901,0.0036708727123492993,0.004590914227596339,0.005315795421427339,0.0053901422105382115,0.005594595880593109,0.005473782348287942,0.005092755054094724,0.004813954594928955,0.004888301384039826,0.005418022256454789,0.005678236018342841,0.005092755054094724,0.005455195651010224,0.00549236904556566,0.0056596493210651225,0.005603889229231968,0.005891983037036597,0.005817636247925724,0.005789756202009148,0.006115023404369212,0.006542517441756726,0.006858491295477932,0.00788075964575242,0.009414162171164153,0.011356472036685682,0.013363835342679223,0.012425207130154462,0.012583194057015065,0.013233728461735195,0.009544269052108178,0.008968081436498921,0.00868928097733315,0.008001573178057586,0.008289666985862216,0.008317547031778791,0.007202345195115714,0.007109411708727124,0.007536905746114637,0.007453265608364906,0.0075833724893089325,0.007871466297113562,0.009005254831054356,
54105,0.0006412410560812699,0.000650534404720129,0.000650534404720129,0.0006598277533589879,0.0006784144506367059,0.0006970011479144239,0.0007062944965532829,0.0008271080288584497,0.0011337885339407962,0.0013940022958288478,0.002091003443743272,0.001998069957354682,0.0024999107838530672,0.003103978445378901,0.0036708727123492993,0.004590914227596339,0.005315795421427339,0.0053901422105382115,0.005594595880593109,0.005473782348287942,0.005092755054094724,0.004813954594928955,0.004888301384039826,0.005418022256454789,0.005678236018342841,0.005092755054094724,0.005455195651010224,0.00549236904556566,0.0056596493210651225,0.005603889229231968,0.005891983037036597,0.005817636247925724,0.005789756202009148,0.006115023404369212,0.006542517441756726,0.006858491295477932,0.00788075964575242,0.009414162171164153,0.011356472036685682,0.013363835342679223,0.012425207130154462,0.012583194057015065,0.013233728461735195,0.009544269052108178,0.008968081436498921,0.00868928097733315,0.008001573178057586,0.008289666985862216,0.008317547031778791,0.007202345195115714,0.007109411708727124,0.007536905746114637,0.007453265608364906,0.0075833724893089325,0.007871466297113562,0.009005254831054356,
54107,0.0006412410560812699,0.000650534404720129,0.000650534404720129,0.0006598277533589879,0.0006784144506367059,0.0006970011479144239,0.0007062944965532829,0.0008271080288584497,0.0011337885339407962,0.0013940022958288478,0.002091003443743272,0.001998069957354682,0.0024999107838530672,0.003103978445378901,0.0036708727123492993,0.004590914227596339,0.005315795421427339,0.0053901422105382115,0.005594595880593109,0.005473782348287942,0.005092755054094724,0.004813954594928955,0.004888301384039826,0.005418022256454789,0.005678236018342841,0.005092755054094724,0.005455195651010224,0.00549236904556566,0.0056596493210651225,0.005603889229231968,0.005891983037036597,0.005817636247925724,0.005789756202009148,0.006115023404369212,0.006542517441756726,0.006858491295477932,0.00788075964575242,0.009414162171164153,0.011356472036685682,0.013363835342679223,0.012425207130154462,0.012583194057015065,0.013233728461735195,0.009544269052108178,0.008968081436498921,0.00868928097733315,0.008001573178057586,0.008289666985862216,0.008317547031778791,0.007202345195115714,0.007109411708727124,0.007536905746114637,0.007453265608364906,0.0075833724893089325,0.007871466297113562,0.009005254831054356,
54109,0.0006412410560812699,0.000650534404720129,0.000650534404720129,0.0006598277533589879,0.0006784144506367059,0.0006970011479144239,0.0007062944965532829,0.0008271080288584497,0.0011337885339407962,0.0013940022958288478,0.002091003443743272,0.001998069957354682,0.0024999107838530672,0.003103978445378901,0.0036708727123492993,0.004590914227596339,0.005315795421427339,0.0053901422105382115,0.005594595880593109,0.005473782348287942,0.005092755054094724,0.004813954594928955,0.004888301384039826,0.005418022256454789,0.005678236018342841,0.005092755054094724,0.005455195651010224,0.00549236904556566,0.0056596493210651225,0.005603889229231968,0.005891983037036597,0.005817636247925724,0.005789756202009148,0.006115023404369212,0.006542517441756726,0.006858491295477932,0.00788075964575242,0.009414162171164153,0.011356472036685682,0.013363835342679223,0.012425207130154462,0.012583194057015065,0.013233728461735195,0.009544269052108178,0.008968081436498921,0.00868928097733315,0.008001573178057586,0.008289666985862216,0.008317547031778791,0.007202345195115714,0.007109411708727124,0.007536905746114637,0.007453265608364906,0.0075833724893089325,0.007871466297113562,0.009005254831054356,
55001,0.0007434678911087189,0.0007899346343030137,0.0007434678911087189,0.0007713479370252958,0.0008828681206916036,0.0009293348638858986,0.0010315616989133474,0.0010408550475522066,0.0012174286716905272,0.0015891626172448866,0.001951603214160387,0.0021839369301318618,0.0024999107838530672,0.003215498629045209,0.0040704867038202355,0.004590914227596339,0.004934768127234121,0.00486042133812325,0.004832541292206673,0.004655967668068352,0.004442220649374595,0.004349287162986005,0.00412624679565339,0.004414340603458018,0.004293527071152851,0.004470100695291171,0.004795367897651236,0.004563034181679762,0.004182006887486544,0.0044886873925688905,0.0049719415217895566,0.0043678738602637235,0.004497980741207749,0.005873396339758879,0.007016478222338534,0.005678236018342841,0.007406798865170611,0.008094506664446176,0.009646495887135629,0.009544269052108178,0.00962790918985791,0.010389963778244346,0.008317547031778791,0.007927226388946714,0.007462558957003765,0.006821317900922495,0.006449583955368136,0.008122386710362754,0.006300890377146392,0.005845516293842302,0.00613361010164693,0.005984916523425187,0.005706116064259417,0.005334382118705058,0.00732315872742088,0.008875147950110332,0.007917933040307855
55003,0.0007434678911087189,0.0007899346343030137,0.0007434678911087189,0.0007713479370252958,0.0008828681206916036,0.0009293348638858986,0.0010315616989133474,0.0010408550475522066,0.0012174286716905272,0.0015891626172448866,0.001951603214160387,0.0021839369301318618,0.0024999107838530672,0.003215498629045209,0.0040704867038202355,0.004590914227596339,0.004934768127234121,0.00486042133812325,0.004832541292206673,0.004655967668068352,0.004442220649374595,0.004349287162986005,0.00412624679565339,0.004414340603458018,0.004293527071152851,0.004470100695291171,0.004795367897651236,0.004563034181679762,0.004182006887486544,0.0044886873925688905,0.0049719415217895566,0.0043678738602637235,0.004497980741207749,0.005873396339758879,0.007016478222338534,0.005678236018342841,0.007406798865170611,0.008094506664446176,0.009646495887135629,0.009544269052108178,0.00962790918985791,0.010389963778244346,0.008317547031778791,0.007927226388946714,0.007462558957003765,0.006821317900922495,0.006449583955368136,0.008122386710362754,0.006300890377146392,0.005845516293842302,0.00613361010164693,0.005984916523425187,0.005706116064259417,0.005334382118705058,0.00732315872742088,0.008875147950110332,0.007917933040307855
55005,0.0007434678911087189,0.0007899346343030137,0.0007434678911087189,0.0007713479370252958,0.0008828681206916036,0.0009293348638858986,0.0010315616989133474,0.0010408550475522066,0.0012174286716905272,0.0015891626172448866,0.001951603214160387,0.0021839369301318618,0.0024999107838530672,0.003215498629045209,0.0040704867038202355,0.004590914227596339,0.004934768127234121,0.00486042133812325,0.004832541292206673,0.004655967668068352,0.004442220649374595,0.004349287162986005,0.00412624679565339,0.004414340603458018,0.004293527071152851,0.004470100695291171,0.004795367897651236,0.004563034181679762,0.004182006887486544,0.0044886873925688905,0.0049719415217895566,0.0043678738602637235,0.004497980741207749,0.005873396339758879,0.007016478222338534,0.005678236018342841,0.007406798865170611,0.008094506664446176,0.009646495887135629,0.009544269052108178,0.00962790918985791,0.010389963778244346,0.008317547031778791,0.007927226388946714,0.007462558957003765,0.006821317900922495,0.006449583955368136,0.008122386710362754,0.006300890377146392,0.005845516293842302,0.00613361010164693,0.005984916523425187,0.005706116064259417,0.005334382118705058,0.00732315872742088,0.008875147950110332,0.007917933040307855
55007,0.0007434678911087189,0.0007899346343030137,0.0007434678911087189,0.0007713479370252958,0.0008828681206916036,0.0009293348638858986,0.0010315616989133474,0.0010408550475522066,0.0012174286716905272,0.0015891626172448866,0.001951603214160387,0.0021839369301318618,0.0024999107838530672,0.003215498629045209,0.0040704867038202355,0.004590914227596339,0.004934768127234121,0.00486042133812325,0.004832541292206673,0.004655967668068352,0.004442220649374595,0.004349287162986005,0.00412624679565339,0.004414340603458018,0.004293527071152851,0.004470100695291171,0.004795367897651236,0.004563034181679762,0.004182006887486544,0.0044886873925688905,0.0049719415217895566,0.0043678738602637235,0.004497980741207749,0.005873396339758879,0.007016478222338534,0.005678236018342841,0.007406798865170611,0.008094506664446176,0.009646495887135629,0.009544269052108178,0.00962790918985791,0.010389963778244346,0.008317547031778791,0.007927226388946714,0.007462558957003765,0.006821317900922495,0.006449583955368136,0.008122386710362754,0.006300890377146392,0.005845516293842302,0.00613361010164693,0.005984916523425187,0.005706116064259417,0.005334382118705058,0.00732315872742088,0.008875147950110332,0.007917933040307855
55009,0.0007434678911087189,0.0007899346343030137,0.0007434678911087189,0.0007713479370252958,0.0008828681206916036,0.0009293348638858986,0.0010315616989133474,0.0010408550475522066,0.0012174286716905272,0.0015891626172448866,0.001951603214160387,0.0021839369301318618,0.0024999107838530672,0.003215498629045209,0.0040704867038202355,0.004590914227596339,0.004934768127234121,0.00486042133812325,0.004832541292206673,0.004655967668068352,0.004442220649374595,0.004349287162986005,0.00412624679565339,0.004414340603458018,0.004293527071152851,0.004470100695291171,0.004795367897651236,0.004563034181679762,0.004182006887486544,0.0044886873925688905,0.0049719415217895566,0.0043678738602637235,0.004497980741207749,0.005873396339758879,0.007016478222338534,0.005678236018342841,0.007406798865170611,0.008094506664446176,0.009646495887135629,0.009544269052108178,0.00962790918985791,0.010389963778244346,0.008317547031778791,0.007927226388946714,0.007462558957003765,0.006821317900922495,0.006449583955368136,0.008122386710362754,0.006300890377146392,0.005845516293842302,0.00613361010164693,0.005984916523425187,0.005706116064259417,0.005334382118705058,0.00732315872742088,0.008875147950110332,0.007917933040307855
55011,0.0007434678911087189,0.0007899346343030137,0.0007434678911087189,0.0007713479370252958,0.0008828681206916036,0.0009293348638858986,0.0010315616989133474,0.0010408550475522066,0.0012174286716905272,0.0015891626172448866,0.001951603214160387,0.0021839369301318618,0.0024999107838530672,0.003215498629045209,0.0040704867038202355,0.004590914227596339,0.004934768127234121,0.00486042133812325,0.004832541292206673,0.004655967668068352,0.004442220649374595,0.004349287162986005,0.00412624679565339,0.004414340603458018,0.004293527071152851,0.004470100695291171,0.004795367897651236,0.004563034181679762,0.004182006887486544,0.0044886873925688905,0.0049719415217895566,0.0043678738602637235,0.004497980741207749,0.005873396339758879,0.007016478222338534,0.005678236018342841,0.007406798865170611,0.008094506664446176,0.009646495887135629,0.009544269052108178,0.00962790918985791,0.010389963778244346,0.008317547031778791,0.007927226388946714,0.007462558957003765,0.006821317900922495,0.006449583955368136,0.008122386710362754,0.006300890377146392,0.005845516293842302,0.00613361010164693,0.005984916523425187,0.005706116064259417,0.005334382118705058,0.00732315872742088,0.008875147950110332,0.007917933040307855
55013,0.0007434678911087189,0.0007899346343030137,0.0007434678911087189,0.0007713479370252958,0.0008828681206916036,0.0009293348638858986,0.0010315616989133474,0.0010408550475522066,0.0012174286716905272,0.0015891626172448866,0.001951603214160387,0.0021839369301318618,0.0024999107838530672,0.003215498629045209,0.0040704867038202355,0.004590914227596339,0.004934768127234121,0.00486042133812325,0.004832541292206673,0.004655967668068352,0.004442220649374595,0.004349287162986005,0.00412624679565339,0.004414340603458018,0.004293527071152851,0.004470100695291171,0.004795367897651236,0.004563034181679762,0.004182006887486544,0.0044886873925688905,0.0049719415217895566,0.0043678738602637235,0.004497980741207749,0.005873396339758879,0.007016478222338534,0.005678236018342841,0.007406798865170611,0.008094506664446176,0.009646495887135629,0.009544269052108178,0.00962790918985791,0.010389963778244346,0.008317547031778791,0.007927226388946714,0.007462558957003765,0.006821317900922495,0.006449583955368136,0.008122386710362754,0.006300890377146392,0.005845516293842302,0.00613361010164693,0.005984916523425187,0.005706116064259417,0.005334382118705058,0.00732315872742088,0.008875147950110332,0.007917933040307855
55015,0.0007434678911087189,0.0007899346343030137,0.0007434678911087189,0.0007713479370252958,0.0008828681206916036,0.0009293348638858986,0.0010315616989133474,0.0010408550475522066,0.0012174286716905272,0.0015891626172448866,0.001951603214160387,0.0021839369301318618,0.0024999107838530672,0.003215498629045209,0.0040704867038202355,0.004590914227596339,0.004934768127234121,0.00486042133812325,0.004832541292206673,0.004655967668068352,0.004442220649374595,0.004349287162986005,0.00412624679565339,0.004414340603458018,0.004293527071152851,0.004470100695291171,0.004795367897651236,0.004563034181679762,0.004182006887486544,0.0044886873925688905,0.0049719415217895566,0.0043678738602637235,0.004497980741207749,0.005873396339758879,0.007016478222338534,0.005678236018342841,0.007406798865170611,0.008094506664446176,0.009646495887135629,0.009544269052108178,0.00962790918985791,0.010389963778244346,0.008317547031778791,0.007927226388946714,0.007462558957003765,0.006821317900922495,0.006449583955368136,0.008122386710362754,0.006300890377146392,0.005845516293842302,0.00613361010164693,0.005984916523425187,0.005706116064259417,0.005334382118705058,0.00732315872742088,0.008875147950110332,0.007917933040307855
55017,0.0007434678911087189,0.0007899346343030137,0.0007434678911087189,0.0007713479370252958,0.0008828681206916036,0.0009293348638858986,0.0010315616989133474,0.0010408550475522066,0.0012174286716905272,0.0015891626172448866,0.001951603214160387,0.0021839369301318618,0.0024999107838530672,0.003215498629045209,0.0040704867038202355,0.004590914227596339,0.004934768127234121,0.00486042133812325,0.004832541292206673,0.004655967668068352,0.004442220649374595,0.004349287162986005,0.00412624679565339,0.004414340603458018,0.004293527071152851,0.004470100695291171,0.004795367897651236,0.004563034181679762,0.004182006887486544,0.0044886873925688905,0.0049719415217895566,0.0043678738602637235,0.004497980741207749,0.005873396339758879,0.007016478222338534,0.005678236018342841,0.007406798865170611,0.008094506664446176,0.009646495887135629,0.009544269052108178,0.00962790918985791,0.010389963778244346,0.008317547031778791,0.007927226388946714,0.007462558957003765,0.006821317900922495,0.006449583955368136,0.008122386710362754,0.006300890377146392,0.005845516293842302,0.00613361010164693,0.005984916523425187,0.005706116064259417,0.005334382118705058,0.00732315872742088,0.008875147950110332,0.007917933040307855
55019,0.0007434678911087189,0.0007899346343030137,0.0007434678911087189,0.0007713479370252958,0.0008828681206916036,0.0009293348638858986,0.0010315616989133474,0.0010408550475522066,0.0012174286716905272,0.0015891626172448866,0.001951603214160387,0.0021839369301318618,0.0024999107838530672,0.003215498629045209,0.0040704867038202355,0.004590914227596339,0.004934768127234121,0.00486042133812325,0.004832541292206673,0.004655967668068352,0.004442220649374595,0.004349287162986005,0.00412624679565339,0.004414340603458018,0.004293527071152851,0.004470100695291171,0.004795367897651236,0.004563034181679762,0.004182006887486544,0.0044886873925688905,0.0049719415217895566,0.0043678738602637235,0.004497980741207749,0.005873396339758879,0.007016478222338534,0.005678236018342841,0.007406798865170611,0.008094506664446176,0.009646495887135629,0.009544269052108178,0.00962790918985791,0.010389963778244346,0.008317547031778791,0.007927226388946714,0.007462558957003765,0.006821317900922495,0.006449583955368136,0.008122386710362754,0.006300890377146392,0.005845516293842302,0.00613361010164693,0.005984916523425187,0.005706116064259417,0.005334382118705058,0.00732315872742088,0.008875147950110332,0.007917933040307855
55021,0.0007434678911087189,0.0007899346343030137,0.0007434678911087189,0.0007713479370252958,0.0008828681206916036,0.0009293348638858986,0.0010315616989133474,0.0010408550475522066,0.0012174286716905272,0.0015891626172448866,0.001951603214160387,0.0021839369301318618,0.0024999107838530672,0.003215498629045209,0.0040704867038202355,0.004590914227596339,0.004934768127234121,0.00486042133812325,0.004832541292206673,0.004655967668068352,0.004442220649374595,0.004349287162986005,0.00412624679565339,0.004414340603458018,0.004293527071152851,0.004470100695291171,0.004795367897651236,0.004563034181679762,0.004182006887486544,0.0044886873925688905,0.0049719415217895566,0.0043678738602637235,0.004497980741207749,0.005873396339758879,0.007016478222338534,0.005678236018342841,0.007406798865170611,0.008094506664446176,0.009646495887135629,0.009544269052108178,0.00962790918985791,0.010389963778244346,0.008317547031778791,0.007927226388946714,0.007462558957003765,0.006821317900922495,0.006449583955368136,0.008122386710362754,0.006300890377146392,0.005845516293842302,0.00613361010164693,0.005984916523425187,0.005706116064259417,0.005334382118705058,0.00732315872742088,0.008875147950110332,0.007917933040307855
55023,0.0007434678911087189,0.0007899346343030137,0.0007434678911087189,0.0007713479370252958,0.0008828681206916036,0.0009293348638858986,0.0010315616989133474,0.0010408550475522066,0.0012174286716905272,0.0015891626172448866,0.001951603214160387,0.0021839369301318618,0.0024999107838530672,0.003215498629045209,0.0040704867038202355,0.004590914227596339,0.004934768127234121,0.00486042133812325,0.004832541292206673,0.004655967668068352,0.004442220649374595,0.004349287162986005,0.00412624679565339,0.004414340603458018,0.004293527071152851,0.004470100695291171,0.004795367897651236,0.004563034181679762,0.004182006887486544,0.0044886873925688905,0.0049719415217895566,0.0043678738602637235,0.004497980741207749,0.005873396339758879,0.007016478222338534,0.005678236018342841,0.007406798865170611,0.008094506664446176,0.009646495887135629,0.009544269052108178,0.00962790918985791,0.010389963778244346,0.008317547031778791,0.007927226388946714,0.007462558957003765,0.006821317900922495,0.006449583955368136,0.008122386710362754,0.006300890377146392,0.005845516293842302,0.00613361010164693,0.005984916523425187,0.005706116064259417,0.005334382118705058,0.00732315872742088,0.008875147950110332,0.007917933040307855
55025,0.0007434678911087189,0.0007899346343030137,0.0007434678911087189,0.0007713479370252958,0.0008828681206916036,0.0009293348638858986,0.0010315616989133474,0.0010408550475522066,0.0012174286716905272,0.0015891626172448866,0.001951603214160387,0.0021839369301318618,0.0024999107838530672,0.003215498629045209,0.0040704867038202355,0.004590914227596339,0.004934768127234121,0.00486042133812325,0.004832541292206673,0.004655967668068352,0.004442220649374595,0.004349287162986005,0.00412624679565339,0.004414340603458018,0.004293527071152851,0.004470100695291171,0.004795367897651236,0.004563034181679762,0.004182006887486544,0.0044886873925688905,0.0049719415217895566,0.0043678738602637235,0.004497980741207749,0.005873396339758879,0.007016478222338534,0.005678236018342841,0.007406798865170611,0.008094506664446176,0.009646495887135629,0.009544269052108178,0.00962790918985791,0.010389963778244346,0.008317547031778791,0.007927226388946714,0.007462558957003765,0.006821317900922495,0.006449583955368136,0.008122386710362754,0.006300890377146392,0.005845516293842302,0.00613361010164693,0.005984916523425187,0.005706116064259417,0.005334382118705058,0.00732315872742088,0.008875147950110332,0.007917933040307855
55027,0.0007434678911087189,0.0007899346343030137,0.0007434678911087189,0.0007713479370252958,0.0008828681206916036,0.0009293348638858986,0.0010315616989133474,0.0010408550475522066,0.0012174286716905272,0.0015891626172448866,0.001951603214160387,0.0021839369301318618,0.0024999107838530672,0.003215498629045209,0.0040704867038202355,0.004590914227596339,0.004934768127234121,0.00486042133812325,0.004832541292206673,0.004655967668068352,0.004442220649374595,0.004349287162986005,0.00412624679565339,0.004414340603458018,0.004293527071152851,0.004470100695291171,0.004795367897651236,0.004563034181679762,0.004182006887486544,0.0044886873925688905,0.0049719415217895566,0.0043678738602637235,0.004497980741207749,0.005873396339758879,0.007016478222338534,0.005678236018342841,0.007406798865170611,0.008094506664446176,0.009646495887135629,0.009544269052108178,0.00962790918985791,0.010389963778244346,0.008317547031778791,0.007927226388946714,0.007462558957003765,0.006821317900922495,0.006449583955368136,0.008122386710362754,0.006300890377146392,0.005845516293842302,0.00613361010164693,0.005984916523425187,0.005706116064259417,0.005334382118705058,0.00732315872742088,0.008875147950110332,0.007917933040307855
55029,0.0007434678911087189,0.0007899346343030137,0.0007434678911087189,0.0007713479370252958,0.0008828681206916036,0.0009293348638858986,0.0010315616989133474,0.0010408550475522066,0.0012174286716905272,0.0015891626172448866,0.001951603214160387,0.0021839369301318618,0.0024999107838530672,0.003215498629045209,0.0040704867038202355,0.004590914227596339,0.004934768127234121,0.00486042133812325,0.004832541292206673,0.004655967668068352,0.004442220649374595,0.004349287162986005,0.00412624679565339,0.004414340603458018,0.004293527071152851,0.004470100695291171,0.004795367897651236,0.004563034181679762,0.004182006887486544,0.0044886873925688905,0.0049719415217895566,0.0043678738602637235,0.004497980741207749,0.005873396339758879,0.007016478222338534,0.005678236018342841,0.007406798865170611,0.008094506664446176,0.009646495887135629,0.009544269052108178,0.00962790918985791,0.010389963778244346,0.008317547031778791,0.007927226388946714,0.007462558957003765,0.006821317900922495,0.006449583955368136,0.008122386710362754,0.006300890377146392,0.005845516293842302,0.00613361010164693,0.005984916523425187,0.005706116064259417,0.005334382118705058,0.00732315872742088,0.008875147950110332,0.007917933040307855
55031,0.0007434678911087189,0.0007899346343030137,0.0007434678911087189,0.0007713479370252958,0.0008828681206916036,0.0009293348638858986,0.0010315616989133474,0.0010408550475522066,0.0012174286716905272,0.0015891626172448866,0.001951603214160387,0.0021839369301318618,0.0024999107838530672,0.003215498629045209,0.0040704867038202355,0.004590914227596339,0.004934768127234121,0.00486042133812325,0.004832541292206673,0.004655967668068352,0.004442220649374595,0.004349287162986005,0.00412624679565339,0.004414340603458018,0.004293527071152851,0.004470100695291171,0.004795367897651236,0.004563034181679762,0.004182006887486544,0.0044886873925688905,0.0049719415217895566,0.0043678738602637235,0.004497980741207749,0.005873396339758879,0.007016478222338534,0.005678236018342841,0.007406798865170611,0.008094506664446176,0.009646495887135629,0.009544269052108178,0.00962790918985791,0.010389963778244346,0.008317547031778791,0.007927226388946714,0.007462558957003765,0.006821317900922495,0.006449583955368136,0.008122386710362754,0.006300890377146392,0.005845516293842302,0.00613361010164693,0.005984916523425187,0.005706116064259417,0.005334382118705058,0.00732315872742088,0.008875147950110332,0.007917933040307855
55033,0.0007434678911087189,0.0007899346343030137,0.0007434678911087189,0.0007713479370252958,0.0008828681206916036,0.0009293348638858986,0.0010315616989133474,0.0010408550475522066,0.0012174286716905272,0.0015891626172448866,0.001951603214160387,0.0021839369301318618,0.0024999107838530672,0.003215498629045209,0.0040704867038202355,0.004590914227596339,0.004934768127234121,0.00486042133812325,0.004832541292206673,0.004655967668068352,0.004442220649374595,0.004349287162986005,0.00412624679565339,0.004414340603458018,0.004293527071152851,0.004470100695291171,0.004795367897651236,0.004563034181679762,0.004182006887486544,0.0044886873925688905,0.0049719415217895566,0.0043678738602637235,0.004497980741207749,0.005873396339758879,0.007016478222338534,0.005678236018342841,0.007406798865170611,0.008094506664446176,0.009646495887135629,0.009544269052108178,0.00962790918985791,0.010389963778244346,0.008317547031778791,0.007927226388946714,0.007462558957003765,0.006821317900922495,0.006449583955368136,0.008122386710362754,0.006300890377146392,0.005845516293842302,0.00613361010164693,0.005984916523425187,0.005706116064259417,0.005334382118705058,0.00732315872742088,0.008875147950110332,0.007917933040307855
55035,0.0007434678911087189,0.0007899346343030137,0.0007434678911087189,0.0007713479370252958,0.0008828681206916036,0.0009293348638858986,0.0010315616989133474,0.0010408550475522066,0.0012174286716905272,0.0015891626172448866,0.001951603214160387,0.0021839369301318618,0.0024999107838530672,0.003215498629045209,0.0040704867038202355,0.004590914227596339,0.004934768127234121,0.00486042133812325,0.004832541292206673,0.004655967668068352,0.004442220649374595,0.004349287162986005,0.00412624679565339,0.004414340603458018,0.004293527071152851,0.004470100695291171,0.004795367897651236,0.004563034181679762,0.004182006887486544,0.0044886873925688905,0.0049719415217895566,0.0043678738602637235,0.004497980741207749,0.005873396339758879,0.007016478222338534,0.005678236018342841,0.007406798865170611,0.008094506664446176,0.009646495887135629,0.009544269052108178,0.00962790918985791,0.010389963778244346,0.008317547031778791,0.007927226388946714,0.007462558957003765,0.006821317900922495,0.006449583955368136,0.008122386710362754,0.006300890377146392,0.005845516293842302,0.00613361010164693,0.005984916523425187,0.005706116064259417,0.005334382118705058,0.00732315872742088,0.008875147950110332,0.007917933040307855
55037,0.0007434678911087189,0.0007899346343030137,0.0007434678911087189,0.0007713479370252958,0.0008828681206916036,0.0009293348638858986,0.0010315616989133474,0.0010408550475522066,0.0012174286716905272,0.0015891626172448866,0.001951603214160387,0.0021839369301318618,0.0024999107838530672,0.003215498629045209,0.0040704867038202355,0.004590914227596339,0.004934768127234121,0.00486042133812325,0.004832541292206673,0.004655967668068352,0.004442220649374595,0.004349287162986005,0.00412624679565339,0.004414340603458018,0.004293527071152851,0.004470100695291171,0.004795367897651236,0.004563034181679762,0.004182006887486544,0.0044886873925688905,0.0049719415217895566,0.0043678738602637235,0.004497980741207749,0.005873396339758879,0.007016478222338534,0.005678236018342841,0.007406798865170611,0.008094506664446176,0.009646495887135629,0.009544269052108178,0.00962790918985791,0.010389963778244346,0.008317547031778791,0.007927226388946714,0.007462558957003765,0.006821317900922495,0.006449583955368136,0.008122386710362754,0.006300890377146392,0.005845516293842302,0.00613361010164693,0.005984916523425187,0.005706116064259417,0.005334382118705058,0.00732315872742088,0.008875147950110332,0.007917933040307855
55039,0.0007434678911087189,0.0007899346343030137,0.0007434678911087189,0.0007713479370252958,0.0008828681206916036,0.0009293348638858986,0.0010315616989133474,0.0010408550475522066,0.0012174286716905272,0.0015891626172448866,0.001951603214160387,0.0021839369301318618,0.0024999107838530672,0.003215498629045209,0.0040704867038202355,0.004590914227596339,0.004934768127234121,0.00486042133812325,0.004832541292206673,0.004655967668068352,0.004442220649374595,0.004349287162986005,0.00412624679565339,0.004414340603458018,0.004293527071152851,0.004470100695291171,0.004795367897651236,0.004563034181679762,0.004182006887486544,0.0044886873925688905,0.0049719415217895566,0.0043678738602637235,0.004497980741207749,0.005873396339758879,0.007016478222338534,0.005678236018342841,0.007406798865170611,0.008094506664446176,0.009646495887135629,0.009544269052108178,0.00962790918985791,0.010389963778244346,0.008317547031778791,0.007927226388946714,0.007462558957003765,0.006821317900922495,0.006449583955368136,0.008122386710362754,0.006300890377146392,0.005845516293842302,0.00613361010164693,0.005984916523425187,0.005706116064259417,0.005334382118705058,0.00732315872742088,0.008875147950110332,0.007917933040307855
55041,0.0007434678911087189,0.0007899346343030137,0.0007434678911087189,0.0007713479370252958,0.0008828681206916036,0.0009293348638858986,0.0010315616989133474,0.0010408550475522066,0.0012174286716905272,0.0015891626172448866,0.001951603214160387,0.0021839369301318618,0.0024999107838530672,0.003215498629045209,0.0040704867038202355,0.004590914227596339,0.004934768127234121,0.00486042133812325,0.004832541292206673,0.004655967668068352,0.004442220649374595,0.004349287162986005,0.00412624679565339,0.004414340603458018,0.004293527071152851,0.004470100695291171,0.004795367897651236,0.004563034181679762,0.004182006887486544,0.0044886873925688905,0.0049719415217895566,0.0043678738602637235,0.004497980741207749,0.005873396339758879,0.007016478222338534,0.005678236018342841,0.007406798865170611,0.008094506664446176,0.009646495887135629,0.009544269052108178,0.00962790918985791,0.010389963778244346,0.008317547031778791,0.007927226388946714,0.007462558957003765,0.006821317900922495,0.006449583955368136,0.008122386710362754,0.006300890377146392,0.005845516293842302,0.00613361010164693,0.005984916523425187,0.005706116064259417,0.005334382118705058,0.00732315872742088,0.008875147950110332,0.007917933040307855
55043,0.0007434678911087189,0.0007899346343030137,0.0007434678911087189,0.0007713479370252958,0.0008828681206916036,0.0009293348638858986,0.0010315616989133474,0.0010408550475522066,0.0012174286716905272,0.0015891626172448866,0.001951603214160387,0.0021839369301318618,0.0024999107838530672,0.003215498629045209,0.0040704867038202355,0.004590914227596339,0.004934768127234121,0.00486042133812325,0.004832541292206673,0.004655967668068352,0.004442220649374595,0.004349287162986005,0.00412624679565339,0.004414340603458018,0.004293527071152851,0.004470100695291171,0.004795367897651236,0.004563034181679762,0.004182006887486544,0.0044886873925688905,0.0049719415217895566,0.0043678738602637235,0.004497980741207749,0.005873396339758879,0.007016478222338534,0.005678236018342841,0.007406798865170611,0.008094506664446176,0.009646495887135629,0.009544269052108178,0.00962790918985791,0.010389963778244346,0.008317547031778791,0.007927226388946714,0.007462558957003765,0.006821317900922495,0.006449583955368136,0.008122386710362754,0.006300890377146392,0.005845516293842302,0.00613361010164693,0.005984916523425187,0.005706116064259417,0.005334382118705058,0.00732315872742088,0.008875147950110332,0.007917933040307855
55045,0.0007434678911087189,0.0007899346343030137,0.0007434678911087189,0.0007713479370252958,0.0008828681206916036,0.0009293348638858986,0.0010315616989133474,0.0010408550475522066,0.0012174286716905272,0.0015891626172448866,0.001951603214160387,0.0021839369301318618,0.0024999107838530672,0.003215498629045209,0.0040704867038202355,0.004590914227596339,0.004934768127234121,0.00486042133812325,0.004832541292206673,0.004655967668068352,0.004442220649374595,0.004349287162986005,0.00412624679565339,0.004414340603458018,0.004293527071152851,0.004470100695291171,0.004795367897651236,0.004563034181679762,0.004182006887486544,0.0044886873925688905,0.0049719415217895566,0.0043678738602637235,0.004497980741207749,0.005873396339758879,0.007016478222338534,0.005678236018342841,0.007406798865170611,0.008094506664446176,0.009646495887135629,0.009544269052108178,0.00962790918985791,0.010389963778244346,0.008317547031778791,0.007927226388946714,0.007462558957003765,0.006821317900922495,0.006449583955368136,0.008122386710362754,0.006300890377146392,0.005845516293842302,0.00613361010164693,0.005984916523425187,0.005706116064259417,0.005334382118705058,0.00732315872742088,0.008875147950110332,0.007917933040307855
55047,0.0007434678911087189,0.0007899346343030137,0.0007434678911087189,0.0007713479370252958,0.0008828681206916036,0.0009293348638858986,0.0010315616989133474,0.0010408550475522066,0.0012174286716905272,0.0015891626172448866,0.001951603214160387,0.0021839369301318618,0.0024999107838530672,0.003215498629045209,0.0040704867038202355,0.004590914227596339,0.004934768127234121,0.00486042133812325,0.004832541292206673,0.004655967668068352,0.004442220649374595,0.004349287162986005,0.00412624679565339,0.004414340603458018,0.004293527071152851,0.004470100695291171,0.004795367897651236,0.004563034181679762,0.004182006887486544,0.0044886873925688905,0.0049719415217895566,0.0043678738602637235,0.004497980741207749,0.005873396339758879,0.007016478222338534,0.005678236018342841,0.007406798865170611,0.008094506664446176,0.009646495887135629,0.009544269052108178,0.00962790918985791,0.010389963778244346,0.008317547031778791,0.007927226388946714,0.007462558957003765,0.006821317900922495,0.006449583955368136,0.008122386710362754,0.006300890377146392,0.005845516293842302,0.00613361010164693,0.005984916523425187,0.005706116064259417,0.005334382118705058,0.00732315872742088,0.008875147950110332,0.007917933040307855
55049,0.0007434678911087189,0.0007899346343030137,0.0007434678911087189,0.0007713479370252958,0.0008828681206916036,0.0009293348638858986,0.0010315616989133474,0.0010408550475522066,0.0012174286716905272,0.0015891626172448866,0.001951603214160387,0.0021839369301318618,0.0024999107838530672,0.003215498629045209,0.0040704867038202355,0.004590914227596339,0.004934768127234121,0.00486042133812325,0.004832541292206673,0.004655967668068352,0.004442220649374595,0.004349287162986005,0.00412624679565339,0.004414340603458018,0.004293527071152851,0.004470100695291171,0.004795367897651236,0.004563034181679762,0.004182006887486544,0.0044886873925688905,0.0049719415217895566,0.0043678738602637235,0.004497980741207749,0.005873396339758879,0.007016478222338534,0.005678236018342841,0.007406798865170611,0.008094506664446176,0.009646495887135629,0.009544269052108178,0.00962790918985791,0.010389963778244346,0.008317547031778791,0.007927226388946714,0.007462558957003765,0.006821317900922495,0.006449583955368136,0.008122386710362754,0.006300890377146392,0.005845516293842302,0.00613361010164693,0.005984916523425187,0.005706116064259417,0.005334382118705058,0.00732315872742088,0.008875147950110332,0.007917933040307855
55051,0.0007434678911087189,0.0007899346343030137,0.0007434678911087189,0.0007713479370252958,0.0008828681206916036,0.0009293348638858986,0.0010315616989133474,0.0010408550475522066,0.0012174286716905272,0.0015891626172448866,0.001951603214160387,0.0021839369301318618,0.0024999107838530672,0.003215498629045209,0.0040704867038202355,0.004590914227596339,0.004934768127234121,0.00486042133812325,0.004832541292206673,0.004655967668068352,0.004442220649374595,0.004349287162986005,0.00412624679565339,0.004414340603458018,0.004293527071152851,0.004470100695291171,0.004795367897651236,0.004563034181679762,0.004182006887486544,0.0044886873925688905,0.0049719415217895566,0.0043678738602637235,0.004497980741207749,0.005873396339758879,0.007016478222338534,0.005678236018342841,0.007406798865170611,0.008094506664446176,0.009646495887135629,0.009544269052108178,0.00962790918985791,0.010389963778244346,0.008317547031778791,0.007927226388946714,0.007462558957003765,0.006821317900922495,0.006449583955368136,0.008122386710362754,0.006300890377146392,0.005845516293842302,0.00613361010164693,0.005984916523425187,0.005706116064259417,0.005334382118705058,0.00732315872742088,0.008875147950110332,0.007917933040307855
55053,0.0007434678911087189,0.0007899346343030137,0.0007434678911087189,0.0007713479370252958,0.0008828681206916036,0.0009293348638858986,0.0010315616989133474,0.0010408550475522066,0.0012174286716905272,0.0015891626172448866,0.001951603214160387,0.0021839369301318618,0.0024999107838530672,0.003215498629045209,0.0040704867038202355,0.004590914227596339,0.004934768127234121,0.00486042133812325,0.004832541292206673,0.004655967668068352,0.004442220649374595,0.004349287162986005,0.00412624679565339,0.004414340603458018,0.004293527071152851,0.004470100695291171,0.004795367897651236,0.004563034181679762,0.004182006887486544,0.0044886873925688905,0.0049719415217895566,0.0043678738602637235,0.004497980741207749,0.005873396339758879,0.007016478222338534,0.005678236018342841,0.007406798865170611,0.008094506664446176,0.009646495887135629,0.009544269052108178,0.00962790918985791,0.010389963778244346,0.008317547031778791,0.007927226388946714,0.007462558957003765,0.006821317900922495,0.006449583955368136,0.008122386710362754,0.006300890377146392,0.005845516293842302,0.00613361010164693,0.005984916523425187,0.005706116064259417,0.005334382118705058,0.00732315872742088,0.008875147950110332,0.007917933040307855
55055,0.0007434678911087189,0.0007899346343030137,0.0007434678911087189,0.0007713479370252958,0.0008828681206916036,0.0009293348638858986,0.0010315616989133474,0.0010408550475522066,0.0012174286716905272,0.0015891626172448866,0.001951603214160387,0.0021839369301318618,0.0024999107838530672,0.003215498629045209,0.0040704867038202355,0.004590914227596339,0.004934768127234121,0.00486042133812325,0.004832541292206673,0.004655967668068352,0.004442220649374595,0.004349287162986005,0.00412624679565339,0.004414340603458018,0.004293527071152851,0.004470100695291171,0.004795367897651236,0.004563034181679762,0.004182006887486544,0.0044886873925688905,0.0049719415217895566,0.0043678738602637235,0.004497980741207749,0.005873396339758879,0.007016478222338534,0.005678236018342841,0.007406798865170611,0.008094506664446176,0.009646495887135629,0.009544269052108178,0.00962790918985791,0.010389963778244346,0.008317547031778791,0.007927226388946714,0.007462558957003765,0.006821317900922495,0.006449583955368136,0.008122386710362754,0.006300890377146392,0.005845516293842302,0.00613361010164693,0.005984916523425187,0.005706116064259417,0.005334382118705058,0.00732315872742088,0.008875147950110332,0.007917933040307855
55057,0.0007434678911087189,0.0007899346343030137,0.0007434678911087189,0.0007713479370252958,0.0008828681206916036,0.0009293348638858986,0.0010315616989133474,0.0010408550475522066,0.0012174286716905272,0.0015891626172448866,0.001951603214160387,0.0021839369301318618,0.0024999107838530672,0.003215498629045209,0.0040704867038202355,0.004590914227596339,0.004934768127234121,0.00486042133812325,0.004832541292206673,0.004655967668068352,0.004442220649374595,0.004349287162986005,0.00412624679565339,0.004414340603458018,0.004293527071152851,0.004470100695291171,0.004795367897651236,0.004563034181679762,0.004182006887486544,0.0044886873925688905,0.0049719415217895566,0.0043678738602637235,0.004497980741207749,0.005873396339758879,0.007016478222338534,0.005678236018342841,0.007406798865170611,0.008094506664446176,0.009646495887135629,0.009544269052108178,0.00962790918985791,0.010389963778244346,0.008317547031778791,0.007927226388946714,0.007462558957003765,0.006821317900922495,0.006449583955368136,0.008122386710362754,0.006300890377146392,0.005845516293842302,0.00613361010164693,0.005984916523425187,0.005706116064259417,0.005334382118705058,0.00732315872742088,0.008875147950110332,0.007917933040307855
55059,0.0007434678911087189,0.0007899346343030137,0.0007434678911087189,0.0007713479370252958,0.0008828681206916036,0.0009293348638858986,0.0010315616989133474,0.0010408550475522066,0.0012174286716905272,0.0015891626172448866,0.001951603214160387,0.0021839369301318618,0.0024999107838530672,0.003215498629045209,0.0040704867038202355,0.004590914227596339,0.004934768127234121,0.00486042133812325,0.004832541292206673,0.004655967668068352,0.004442220649374595,0.004349287162986005,0.00412624679565339,0.004414340603458018,0.004293527071152851,0.004470100695291171,0.004795367897651236,0.004563034181679762,0.004182006887486544,0.0044886873925688905,0.0049719415217895566,0.0043678738602637235,0.004497980741207749,0.005873396339758879,0.007016478222338534,0.005678236018342841,0.007406798865170611,0.008094506664446176,0.009646495887135629,0.009544269052108178,0.00962790918985791,0.010389963778244346,0.008317547031778791,0.007927226388946714,0.007462558957003765,0.006821317900922495,0.006449583955368136,0.008122386710362754,0.006300890377146392,0.005845516293842302,0.00613361010164693,0.005984916523425187,0.005706116064259417,0.005334382118705058,0.00732315872742088,0.008875147950110332,0.007917933040307855
55061,0.0007434678911087189,0.0007899346343030137,0.0007434678911087189,0.0007713479370252958,0.0008828681206916036,0.0009293348638858986,0.0010315616989133474,0.0010408550475522066,0.0012174286716905272,0.0015891626172448866,0.001951603214160387,0.0021839369301318618,0.0024999107838530672,0.003215498629045209,0.0040704867038202355,0.004590914227596339,0.004934768127234121,0.00486042133812325,0.004832541292206673,0.004655967668068352,0.004442220649374595,0.004349287162986005,0.00412624679565339,0.004414340603458018,0.004293527071152851,0.004470100695291171,0.004795367897651236,0.004563034181679762,0.004182006887486544,0.0044886873925688905,0.0049719415217895566,0.0043678738602637235,0.004497980741207749,0.005873396339758879,0.007016478222338534,0.005678236018342841,0.007406798865170611,0.008094506664446176,0.009646495887135629,0.009544269052108178,0.00962790918985791,0.010389963778244346,0.008317547031778791,0.007927226388946714,0.007462558957003765,0.006821317900922495,0.006449583955368136,0.008122386710362754,0.006300890377146392,0.005845516293842302,0.00613361010164693,0.005984916523425187,0.005706116064259417,0.005334382118705058,0.00732315872742088,0.008875147950110332,0.007917933040307855
55063,0.0007434678911087189,0.0007899346343030137,0.0007434678911087189,0.0007713479370252958,0.0008828681206916036,0.0009293348638858986,0.0010315616989133474,0.0010408550475522066,0.0012174286716905272,0.0015891626172448866,0.001951603214160387,0.0021839369301318618,0.0024999107838530672,0.003215498629045209,0.0040704867038202355,0.004590914227596339,0.004934768127234121,0.00486042133812325,0.004832541292206673,0.004655967668068352,0.004442220649374595,0.004349287162986005,0.00412624679565339,0.004414340603458018,0.004293527071152851,0.004470100695291171,0.004795367897651236,0.004563034181679762,0.004182006887486544,0.0044886873925688905,0.0049719415217895566,0.0043678738602637235,0.004497980741207749,0.005873396339758879,0.007016478222338534,0.005678236018342841,0.007406798865170611,0.008094506664446176,0.009646495887135629,0.009544269052108178,0.00962790918985791,0.010389963778244346,0.008317547031778791,0.007927226388946714,0.007462558957003765,0.006821317900922495,0.006449583955368136,0.008122386710362754,0.006300890377146392,0.005845516293842302,0.00613361010164693,0.005984916523425187,0.005706116064259417,0.005334382118705058,0.00732315872742088,0.008875147950110332,0.007917933040307855
55065,0.0007434678911087189,0.0007899346343030137,0.0007434678911087189,0.0007713479370252958,0.0008828681206916036,0.0009293348638858986,0.0010315616989133474,0.0010408550475522066,0.0012174286716905272,0.0015891626172448866,0.001951603214160387,0.0021839369301318618,0.0024999107838530672,0.003215498629045209,0.0040704867038202355,0.004590914227596339,0.004934768127234121,0.00486042133812325,0.004832541292206673,0.004655967668068352,0.004442220649374595,0.004349287162986005,0.00412624679565339,0.004414340603458018,0.004293527071152851,0.004470100695291171,0.004795367897651236,0.004563034181679762,0.004182006887486544,0.0044886873925688905,0.0049719415217895566,0.0043678738602637235,0.004497980741207749,0.005873396339758879,0.007016478222338534,0.005678236018342841,0.007406798865170611,0.008094506664446176,0.009646495887135629,0.009544269052108178,0.00962790918985791,0.010389963778244346,0.008317547031778791,0.007927226388946714,0.007462558957003765,0.006821317900922495,0.006449583955368136,0.008122386710362754,0.006300890377146392,0.005845516293842302,0.00613361010164693,0.005984916523425187,0.005706116064259417,0.005334382118705058,0.00732315872742088,0.008875147950110332,0.007917933040307855
55067,0.0007434678911087189,0.0007899346343030137,0.0007434678911087189,0.0007713479370252958,0.0008828681206916036,0.0009293348638858986,0.0010315616989133474,0.0010408550475522066,0.0012174286716905272,0.0015891626172448866,0.001951603214160387,0.0021839369301318618,0.0024999107838530672,0.003215498629045209,0.0040704867038202355,0.004590914227596339,0.004934768127234121,0.00486042133812325,0.004832541292206673,0.004655967668068352,0.004442220649374595,0.004349287162986005,0.00412624679565339,0.004414340603458018,0.004293527071152851,0.004470100695291171,0.004795367897651236,0.004563034181679762,0.004182006887486544,0.0044886873925688905,0.0049719415217895566,0.0043678738602637235,0.004497980741207749,0.005873396339758879,0.007016478222338534,0.005678236018342841,0.007406798865170611,0.008094506664446176,0.009646495887135629,0.009544269052108178,0.00962790918985791,0.010389963778244346,0.008317547031778791,0.007927226388946714,0.007462558957003765,0.006821317900922495,0.006449583955368136,0.008122386710362754,0.006300890377146392,0.005845516293842302,0.00613361010164693,0.005984916523425187,0.005706116064259417,0.005334382118705058,0.00732315872742088,0.008875147950110332,0.007917933040307855
55069,0.0007434678911087189,0.0007899346343030137,0.0007434678911087189,0.0007713479370252958,0.0008828681206916036,0.0009293348638858986,0.0010315616989133474,0.0010408550475522066,0.0012174286716905272,0.0015891626172448866,0.001951603214160387,0.0021839369301318618,0.0024999107838530672,0.003215498629045209,0.0040704867038202355,0.004590914227596339,0.004934768127234121,0.00486042133812325,0.004832541292206673,0.004655967668068352,0.004442220649374595,0.004349287162986005,0.00412624679565339,0.004414340603458018,0.004293527071152851,0.004470100695291171,0.004795367897651236,0.004563034181679762,0.004182006887486544,0.0044886873925688905,0.0049719415217895566,0.0043678738602637235,0.004497980741207749,0.005873396339758879,0.007016478222338534,0.005678236018342841,0.007406798865170611,0.008094506664446176,0.009646495887135629,0.009544269052108178,0.00962790918985791,0.010389963778244346,0.008317547031778791,0.007927226388946714,0.007462558957003765,0.006821317900922495,0.006449583955368136,0.008122386710362754,0.006300890377146392,0.005845516293842302,0.00613361010164693,0.005984916523425187,0.005706116064259417,0.005334382118705058,0.00732315872742088,0.008875147950110332,0.007917933040307855
55071,0.0007434678911087189,0.0007899346343030137,0.0007434678911087189,0.0007713479370252958,0.0008828681206916036,0.0009293348638858986,0.0010315616989133474,0.0010408550475522066,0.0012174286716905272,0.0015891626172448866,0.001951603214160387,0.0021839369301318618,0.0024999107838530672,0.003215498629045209,0.0040704867038202355,0.004590914227596339,0.004934768127234121,0.00486042133812325,0.004832541292206673,0.004655967668068352,0.004442220649374595,0.004349287162986005,0.00412624679565339,0.004414340603458018,0.004293527071152851,0.004470100695291171,0.004795367897651236,0.004563034181679762,0.004182006887486544,0.0044886873925688905,0.0049719415217895566,0.0043678738602637235,0.004497980741207749,0.005873396339758879,0.007016478222338534,0.005678236018342841,0.007406798865170611,0.008094506664446176,0.009646495887135629,0.009544269052108178,0.00962790918985791,0.010389963778244346,0.008317547031778791,0.007927226388946714,0.007462558957003765,0.006821317900922495,0.006449583955368136,0.008122386710362754,0.006300890377146392,0.005845516293842302,0.00613361010164693,0.005984916523425187,0.005706116064259417,0.005334382118705058,0.00732315872742088,0.008875147950110332,0.007917933040307855
55073,0.0007434678911087189,0.0007899346343030137,0.0007434678911087189,0.0007713479370252958,0.0008828681206916036,0.0009293348638858986,0.0010315616989133474,0.0010408550475522066,0.0012174286716905272,0.0015891626172448866,0.001951603214160387,0.0021839369301318618,0.0024999107838530672,0.003215498629045209,0.0040704867038202355,0.004590914227596339,0.004934768127234121,0.00486042133812325,0.004832541292206673,0.004655967668068352,0.004442220649374595,0.004349287162986005,0.00412624679565339,0.004414340603458018,0.004293527071152851,0.004470100695291171,0.004795367897651236,0.004563034181679762,0.004182006887486544,0.0044886873925688905,0.0049719415217895566,0.0043678738602637235,0.004497980741207749,0.005873396339758879,0.007016478222338534,0.005678236018342841,0.007406798865170611,0.008094506664446176,0.009646495887135629,0.009544269052108178,0.00962790918985791,0.010389963778244346,0.008317547031778791,0.007927226388946714,0.007462558957003765,0.006821317900922495,0.006449583955368136,0.008122386710362754,0.006300890377146392,0.005845516293842302,0.00613361010164693,0.005984916523425187,0.005706116064259417,0.005334382118705058,0.00732315872742088,0.008875147950110332,0.007917933040307855
55075,0.0007434678911087189,0.0007899346343030137,0.0007434678911087189,0.0007713479370252958,0.0008828681206916036,0.0009293348638858986,0.0010315616989133474,0.0010408550475522066,0.0012174286716905272,0.0015891626172448866,0.001951603214160387,0.0021839369301318618,0.0024999107838530672,0.003215498629045209,0.0040704867038202355,0.004590914227596339,0.004934768127234121,0.00486042133812325,0.004832541292206673,0.004655967668068352,0.004442220649374595,0.004349287162986005,0.00412624679565339,0.004414340603458018,0.004293527071152851,0.004470100695291171,0.004795367897651236,0.004563034181679762,0.004182006887486544,0.0044886873925688905,0.0049719415217895566,0.0043678738602637235,0.004497980741207749,0.005873396339758879,0.007016478222338534,0.005678236018342841,0.007406798865170611,0.008094506664446176,0.009646495887135629,0.009544269052108178,0.00962790918985791,0.010389963778244346,0.008317547031778791,0.007927226388946714,0.007462558957003765,0.006821317900922495,0.006449583955368136,0.008122386710362754,0.006300890377146392,0.005845516293842302,0.00613361010164693,0.005984916523425187,0.005706116064259417,0.005334382118705058,0.00732315872742088,0.008875147950110332,0.007917933040307855
55077,0.0007434678911087189,0.0007899346343030137,0.0007434678911087189,0.0007713479370252958,0.0008828681206916036,0.0009293348638858986,0.0010315616989133474,0.0010408550475522066,0.0012174286716905272,0.0015891626172448866,0.001951603214160387,0.0021839369301318618,0.0024999107838530672,0.003215498629045209,0.0040704867038202355,0.004590914227596339,0.004934768127234121,0.00486042133812325,0.004832541292206673,0.004655967668068352,0.004442220649374595,0.004349287162986005,0.00412624679565339,0.004414340603458018,0.004293527071152851,0.004470100695291171,0.004795367897651236,0.004563034181679762,0.004182006887486544,0.0044886873925688905,0.0049719415217895566,0.0043678738602637235,0.004497980741207749,0.005873396339758879,0.007016478222338534,0.005678236018342841,0.007406798865170611,0.008094506664446176,0.009646495887135629,0.009544269052108178,0.00962790918985791,0.010389963778244346,0.008317547031778791,0.007927226388946714,0.007462558957003765,0.006821317900922495,0.006449583955368136,0.008122386710362754,0.006300890377146392,0.005845516293842302,0.00613361010164693,0.005984916523425187,0.005706116064259417,0.005334382118705058,0.00732315872742088,0.008875147950110332,0.007917933040307855
55078,0.0007434678911087189,0.0007899346343030137,0.0007434678911087189,0.0007713479370252958,0.0008828681206916036,0.0009293348638858986,0.0010315616989133474,0.0010408550475522066,0.0012174286716905272,0.0015891626172448866,0.001951603214160387,0.0021839369301318618,0.0024999107838530672,0.003215498629045209,0.0040704867038202355,0.004590914227596339,0.004934768127234121,0.00486042133812325,0.004832541292206673,0.004655967668068352,0.004442220649374595,0.004349287162986005,0.00412624679565339,0.004414340603458018,0.004293527071152851,0.004470100695291171,0.004795367897651236,0.004563034181679762,0.004182006887486544,0.0044886873925688905,0.0049719415217895566,0.0043678738602637235,0.004497980741207749,0.005873396339758879,0.007016478222338534,0.005678236018342841,0.007406798865170611,0.008094506664446176,0.009646495887135629,0.009544269052108178,0.00962790918985791,0.010389963778244346,0.008317547031778791,0.007927226388946714,0.007462558957003765,0.006821317900922495,0.006449583955368136,0.008122386710362754,0.006300890377146392,0.005845516293842302,0.00613361010164693,0.005984916523425187,0.005706116064259417,0.005334382118705058,0.00732315872742088,0.008875147950110332,0.007917933040307855
55079,0.0007434678911087189,0.0007899346343030137,0.0007434678911087189,0.0007713479370252958,0.0008828681206916036,0.0009293348638858986,0.0010315616989133474,0.0010408550475522066,0.0012174286716905272,0.0015891626172448866,0.001951603214160387,0.0021839369301318618,0.0024999107838530672,0.003215498629045209,0.0040704867038202355,0.004590914227596339,0.004934768127234121,0.00486042133812325,0.004832541292206673,0.004655967668068352,0.004442220649374595,0.004349287162986005,0.00412624679565339,0.004414340603458018,0.004293527071152851,0.004470100695291171,0.004795367897651236,0.004563034181679762,0.004182006887486544,0.0044886873925688905,0.0049719415217895566,0.0043678738602637235,0.004497980741207749,0.005873396339758879,0.007016478222338534,0.005678236018342841,0.007406798865170611,0.008094506664446176,0.009646495887135629,0.009544269052108178,0.00962790918985791,0.010389963778244346,0.008317547031778791,0.007927226388946714,0.007462558957003765,0.006821317900922495,0.006449583955368136,0.008122386710362754,0.006300890377146392,0.005845516293842302,0.00613361010164693,0.005984916523425187,0.005706116064259417,0.005334382118705058,0.00732315872742088,0.008875147950110332,0.007917933040307855
55081,0.0007434678911087189,0.0007899346343030137,0.0007434678911087189,0.0007713479370252958,0.0008828681206916036,0.0009293348638858986,0.0010315616989133474,0.0010408550475522066,0.0012174286716905272,0.0015891626172448866,0.001951603214160387,0.0021839369301318618,0.0024999107838530672,0.003215498629045209,0.0040704867038202355,0.004590914227596339,0.004934768127234121,0.00486042133812325,0.004832541292206673,0.004655967668068352,0.004442220649374595,0.004349287162986005,0.00412624679565339,0.004414340603458018,0.004293527071152851,0.004470100695291171,0.004795367897651236,0.004563034181679762,0.004182006887486544,0.0044886873925688905,0.0049719415217895566,0.0043678738602637235,0.004497980741207749,0.005873396339758879,0.007016478222338534,0.005678236018342841,0.007406798865170611,0.008094506664446176,0.009646495887135629,0.009544269052108178,0.00962790918985791,0.010389963778244346,0.008317547031778791,0.007927226388946714,0.007462558957003765,0.006821317900922495,0.006449583955368136,0.008122386710362754,0.006300890377146392,0.005845516293842302,0.00613361010164693,0.005984916523425187,0.005706116064259417,0.005334382118705058,0.00732315872742088,0.008875147950110332,0.007917933040307855
55083,0.0007434678911087189,0.0007899346343030137,0.0007434678911087189,0.0007713479370252958,0.0008828681206916036,0.0009293348638858986,0.0010315616989133474,0.0010408550475522066,0.0012174286716905272,0.0015891626172448866,0.001951603214160387,0.0021839369301318618,0.0024999107838530672,0.003215498629045209,0.0040704867038202355,0.004590914227596339,0.004934768127234121,0.00486042133812325,0.004832541292206673,0.004655967668068352,0.004442220649374595,0.004349287162986005,0.00412624679565339,0.004414340603458018,0.004293527071152851,0.004470100695291171,0.004795367897651236,0.004563034181679762,0.004182006887486544,0.0044886873925688905,0.0049719415217895566,0.0043678738602637235,0.004497980741207749,0.005873396339758879,0.007016478222338534,0.005678236018342841,0.007406798865170611,0.008094506664446176,0.009646495887135629,0.009544269052108178,0.00962790918985791,0.010389963778244346,0.008317547031778791,0.007927226388946714,0.007462558957003765,0.006821317900922495,0.006449583955368136,0.008122386710362754,0.006300890377146392,0.005845516293842302,0.00613361010164693,0.005984916523425187,0.005706116064259417,0.005334382118705058,0.00732315872742088,0.008875147950110332,0.007917933040307855
55085,0.0007434678911087189,0.0007899346343030137,0.0007434678911087189,0.0007713479370252958,0.0008828681206916036,0.0009293348638858986,0.0010315616989133474,0.0010408550475522066,0.0012174286716905272,0.0015891626172448866,0.001951603214160387,0.0021839369301318618,0.0024999107838530672,0.003215498629045209,0.0040704867038202355,0.004590914227596339,0.004934768127234121,0.00486042133812325,0.004832541292206673,0.004655967668068352,0.004442220649374595,0.004349287162986005,0.00412624679565339,0.004414340603458018,0.004293527071152851,0.004470100695291171,0.004795367897651236,0.004563034181679762,0.004182006887486544,0.0044886873925688905,0.0049719415217895566,0.0043678738602637235,0.004497980741207749,0.005873396339758879,0.007016478222338534,0.005678236018342841,0.007406798865170611,0.008094506664446176,0.009646495887135629,0.009544269052108178,0.00962790918985791,0.010389963778244346,0.008317547031778791,0.007927226388946714,0.007462558957003765,0.006821317900922495,0.006449583955368136,0.008122386710362754,0.006300890377146392,0.005845516293842302,0.00613361010164693,0.005984916523425187,0.005706116064259417,0.005334382118705058,0.00732315872742088,0.008875147950110332,0.007917933040307855
55087,0.0007434678911087189,0.0007899346343030137,0.0007434678911087189,0.0007713479370252958,0.0008828681206916036,0.0009293348638858986,0.0010315616989133474,0.0010408550475522066,0.0012174286716905272,0.0015891626172448866,0.001951603214160387,0.0021839369301318618,0.0024999107838530672,0.003215498629045209,0.0040704867038202355,0.004590914227596339,0.004934768127234121,0.00486042133812325,0.004832541292206673,0.004655967668068352,0.004442220649374595,0.004349287162986005,0.00412624679565339,0.004414340603458018,0.004293527071152851,0.004470100695291171,0.004795367897651236,0.004563034181679762,0.004182006887486544,0.0044886873925688905,0.0049719415217895566,0.0043678738602637235,0.004497980741207749,0.005873396339758879,0.007016478222338534,0.005678236018342841,0.007406798865170611,0.008094506664446176,0.009646495887135629,0.009544269052108178,0.00962790918985791,0.010389963778244346,0.008317547031778791,0.007927226388946714,0.007462558957003765,0.006821317900922495,0.006449583955368136,0.008122386710362754,0.006300890377146392,0.005845516293842302,0.00613361010164693,0.005984916523425187,0.005706116064259417,0.005334382118705058,0.00732315872742088,0.008875147950110332,0.007917933040307855
55089,0.0007434678911087189,0.0007899346343030137,0.0007434678911087189,0.0007713479370252958,0.0008828681206916036,0.0009293348638858986,0.0010315616989133474,0.0010408550475522066,0.0012174286716905272,0.0015891626172448866,0.001951603214160387,0.0021839369301318618,0.0024999107838530672,0.003215498629045209,0.0040704867038202355,0.004590914227596339,0.004934768127234121,0.00486042133812325,0.004832541292206673,0.004655967668068352,0.004442220649374595,0.004349287162986005,0.00412624679565339,0.004414340603458018,0.004293527071152851,0.004470100695291171,0.004795367897651236,0.004563034181679762,0.004182006887486544,0.0044886873925688905,0.0049719415217895566,0.0043678738602637235,0.004497980741207749,0.005873396339758879,0.007016478222338534,0.005678236018342841,0.007406798865170611,0.008094506664446176,0.009646495887135629,0.009544269052108178,0.00962790918985791,0.010389963778244346,0.008317547031778791,0.007927226388946714,0.007462558957003765,0.006821317900922495,0.006449583955368136,0.008122386710362754,0.006300890377146392,0.005845516293842302,0.00613361010164693,0.005984916523425187,0.005706116064259417,0.005334382118705058,0.00732315872742088,0.008875147950110332,0.007917933040307855
55091,0.0007434678911087189,0.0007899346343030137,0.0007434678911087189,0.0007713479370252958,0.0008828681206916036,0.0009293348638858986,0.0010315616989133474,0.0010408550475522066,0.0012174286716905272,0.0015891626172448866,0.001951603214160387,0.0021839369301318618,0.0024999107838530672,0.003215498629045209,0.0040704867038202355,0.004590914227596339,0.004934768127234121,0.00486042133812325,0.004832541292206673,0.004655967668068352,0.004442220649374595,0.004349287162986005,0.00412624679565339,0.004414340603458018,0.004293527071152851,0.004470100695291171,0.004795367897651236,0.004563034181679762,0.004182006887486544,0.0044886873925688905,0.0049719415217895566,0.0043678738602637235,0.004497980741207749,0.005873396339758879,0.007016478222338534,0.005678236018342841,0.007406798865170611,0.008094506664446176,0.009646495887135629,0.009544269052108178,0.00962790918985791,0.010389963778244346,0.008317547031778791,0.007927226388946714,0.007462558957003765,0.006821317900922495,0.006449583955368136,0.008122386710362754,0.006300890377146392,0.005845516293842302,0.00613361010164693,0.005984916523425187,0.005706116064259417,0.005334382118705058,0.00732315872742088,0.008875147950110332,0.007917933040307855
55093,0.0007434678911087189,0.0007899346343030137,0.0007434678911087189,0.0007713479370252958,0.0008828681206916036,0.0009293348638858986,0.0010315616989133474,0.0010408550475522066,0.0012174286716905272,0.0015891626172448866,0.001951603214160387,0.0021839369301318618,0.0024999107838530672,0.003215498629045209,0.0040704867038202355,0.004590914227596339,0.004934768127234121,0.00486042133812325,0.004832541292206673,0.004655967668068352,0.004442220649374595,0.004349287162986005,0.00412624679565339,0.004414340603458018,0.004293527071152851,0.004470100695291171,0.004795367897651236,0.004563034181679762,0.004182006887486544,0.0044886873925688905,0.0049719415217895566,0.0043678738602637235,0.004497980741207749,0.005873396339758879,0.007016478222338534,0.005678236018342841,0.007406798865170611,0.008094506664446176,0.009646495887135629,0.009544269052108178,0.00962790918985791,0.010389963778244346,0.008317547031778791,0.007927226388946714,0.007462558957003765,0.006821317900922495,0.006449583955368136,0.008122386710362754,0.006300890377146392,0.005845516293842302,0.00613361010164693,0.005984916523425187,0.005706116064259417,0.005334382118705058,0.00732315872742088,0.008875147950110332,0.007917933040307855
55095,0.0007434678911087189,0.0007899346343030137,0.0007434678911087189,0.0007713479370252958,0.0008828681206916036,0.0009293348638858986,0.0010315616989133474,0.0010408550475522066,0.0012174286716905272,0.0015891626172448866,0.001951603214160387,0.0021839369301318618,0.0024999107838530672,0.003215498629045209,0.0040704867038202355,0.004590914227596339,0.004934768127234121,0.00486042133812325,0.004832541292206673,0.004655967668068352,0.004442220649374595,0.004349287162986005,0.00412624679565339,0.004414340603458018,0.004293527071152851,0.004470100695291171,0.004795367897651236,0.004563034181679762,0.004182006887486544,0.0044886873925688905,0.0049719415217895566,0.0043678738602637235,0.004497980741207749,0.005873396339758879,0.007016478222338534,0.005678236018342841,0.007406798865170611,0.008094506664446176,0.009646495887135629,0.009544269052108178,0.00962790918985791,0.010389963778244346,0.008317547031778791,0.007927226388946714,0.007462558957003765,0.006821317900922495,0.006449583955368136,0.008122386710362754,0.006300890377146392,0.005845516293842302,0.00613361010164693,0.005984916523425187,0.005706116064259417,0.005334382118705058,0.00732315872742088,0.008875147950110332,0.007917933040307855
55097,0.0007434678911087189,0.0007899346343030137,0.0007434678911087189,0.0007713479370252958,0.0008828681206916036,0.0009293348638858986,0.0010315616989133474,0.0010408550475522066,0.0012174286716905272,0.0015891626172448866,0.001951603214160387,0.0021839369301318618,0.0024999107838530672,0.003215498629045209,0.0040704867038202355,0.004590914227596339,0.004934768127234121,0.00486042133812325,0.004832541292206673,0.004655967668068352,0.004442220649374595,0.004349287162986005,0.00412624679565339,0.004414340603458018,0.004293527071152851,0.004470100695291171,0.004795367897651236,0.004563034181679762,0.004182006887486544,0.0044886873925688905,0.0049719415217895566,0.0043678738602637235,0.004497980741207749,0.005873396339758879,0.007016478222338534,0.005678236018342841,0.007406798865170611,0.008094506664446176,0.009646495887135629,0.009544269052108178,0.00962790918985791,0.010389963778244346,0.008317547031778791,0.007927226388946714,0.007462558957003765,0.006821317900922495,0.006449583955368136,0.008122386710362754,0.006300890377146392,0.005845516293842302,0.00613361010164693,0.005984916523425187,0.005706116064259417,0.005334382118705058,0.00732315872742088,0.008875147950110332,0.007917933040307855
55099,0.0007434678911087189,0.0007899346343030137,0.0007434678911087189,0.0007713479370252958,0.0008828681206916036,0.0009293348638858986,0.0010315616989133474,0.0010408550475522066,0.0012174286716905272,0.0015891626172448866,0.001951603214160387,0.0021839369301318618,0.0024999107838530672,0.003215498629045209,0.0040704867038202355,0.004590914227596339,0.004934768127234121,0.00486042133812325,0.004832541292206673,0.004655967668068352,0.004442220649374595,0.004349287162986005,0.00412624679565339,0.004414340603458018,0.004293527071152851,0.004470100695291171,0.004795367897651236,0.004563034181679762,0.004182006887486544,0.0044886873925688905,0.0049719415217895566,0.0043678738602637235,0.004497980741207749,0.005873396339758879,0.007016478222338534,0.005678236018342841,0.007406798865170611,0.008094506664446176,0.009646495887135629,0.009544269052108178,0.00962790918985791,0.010389963778244346,0.008317547031778791,0.007927226388946714,0.007462558957003765,0.006821317900922495,0.006449583955368136,0.008122386710362754,0.006300890377146392,0.005845516293842302,0.00613361010164693,0.005984916523425187,0.005706116064259417,0.005334382118705058,0.00732315872742088,0.008875147950110332,0.007917933040307855
55101,0.0007434678911087189,0.0007899346343030137,0.0007434678911087189,0.0007713479370252958,0.0008828681206916036,0.0009293348638858986,0.0010315616989133474,0.0010408550475522066,0.0012174286716905272,0.0015891626172448866,0.001951603214160387,0.0021839369301318618,0.0024999107838530672,0.003215498629045209,0.0040704867038202355,0.004590914227596339,0.004934768127234121,0.00486042133812325,0.004832541292206673,0.004655967668068352,0.004442220649374595,0.004349287162986005,0.00412624679565339,0.004414340603458018,0.004293527071152851,0.004470100695291171,0.004795367897651236,0.004563034181679762,0.004182006887486544,0.0044886873925688905,0.0049719415217895566,0.0043678738602637235,0.004497980741207749,0.005873396339758879,0.007016478222338534,0.005678236018342841,0.007406798865170611,0.008094506664446176,0.009646495887135629,0.009544269052108178,0.00962790918985791,0.010389963778244346,0.008317547031778791,0.007927226388946714,0.007462558957003765,0.006821317900922495,0.006449583955368136,0.008122386710362754,0.006300890377146392,0.005845516293842302,0.00613361010164693,0.005984916523425187,0.005706116064259417,0.005334382118705058,0.00732315872742088,0.008875147950110332,0.007917933040307855
55103,0.0007434678911087189,0.0007899346343030137,0.0007434678911087189,0.0007713479370252958,0.0008828681206916036,0.0009293348638858986,0.0010315616989133474,0.0010408550475522066,0.0012174286716905272,0.0015891626172448866,0.001951603214160387,0.0021839369301318618,0.0024999107838530672,0.003215498629045209,0.0040704867038202355,0.004590914227596339,0.004934768127234121,0.00486042133812325,0.004832541292206673,0.004655967668068352,0.004442220649374595,0.004349287162986005,0.00412624679565339,0.004414340603458018,0.004293527071152851,0.004470100695291171,0.004795367897651236,0.004563034181679762,0.004182006887486544,0.0044886873925688905,0.0049719415217895566,0.0043678738602637235,0.004497980741207749,0.005873396339758879,0.007016478222338534,0.005678236018342841,0.007406798865170611,0.008094506664446176,0.009646495887135629,0.009544269052108178,0.00962790918985791,0.010389963778244346,0.008317547031778791,0.007927226388946714,0.007462558957003765,0.006821317900922495,0.006449583955368136,0.008122386710362754,0.006300890377146392,0.005845516293842302,0.00613361010164693,0.005984916523425187,0.005706116064259417,0.005334382118705058,0.00732315872742088,0.008875147950110332,0.007917933040307855
55105,0.0007434678911087189,0.0007899346343030137,0.0007434678911087189,0.0007713479370252958,0.0008828681206916036,0.0009293348638858986,0.0010315616989133474,0.0010408550475522066,0.0012174286716905272,0.0015891626172448866,0.001951603214160387,0.0021839369301318618,0.0024999107838530672,0.003215498629045209,0.0040704867038202355,0.004590914227596339,0.004934768127234121,0.00486042133812325,0.004832541292206673,0.004655967668068352,0.004442220649374595,0.004349287162986005,0.00412624679565339,0.004414340603458018,0.004293527071152851,0.004470100695291171,0.004795367897651236,0.004563034181679762,0.004182006887486544,0.0044886873925688905,0.0049719415217895566,0.0043678738602637235,0.004497980741207749,0.005873396339758879,0.007016478222338534,0.005678236018342841,0.007406798865170611,0.008094506664446176,0.009646495887135629,0.009544269052108178,0.00962790918985791,0.010389963778244346,0.008317547031778791,0.007927226388946714,0.007462558957003765,0.006821317900922495,0.006449583955368136,0.008122386710362754,0.006300890377146392,0.005845516293842302,0.00613361010164693,0.005984916523425187,0.005706116064259417,0.005334382118705058,0.00732315872742088,0.008875147950110332,0.007917933040307855
55107,0.0007434678911087189,0.0007899346343030137,0.0007434678911087189,0.0007713479370252958,0.0008828681206916036,0.0009293348638858986,0.0010315616989133474,0.0010408550475522066,0.0012174286716905272,0.0015891626172448866,0.001951603214160387,0.0021839369301318618,0.0024999107838530672,0.003215498629045209,0.0040704867038202355,0.004590914227596339,0.004934768127234121,0.00486042133812325,0.004832541292206673,0.004655967668068352,0.004442220649374595,0.004349287162986005,0.00412624679565339,0.004414340603458018,0.004293527071152851,0.004470100695291171,0.004795367897651236,0.004563034181679762,0.004182006887486544,0.0044886873925688905,0.0049719415217895566,0.0043678738602637235,0.004497980741207749,0.005873396339758879,0.007016478222338534,0.005678236018342841,0.007406798865170611,0.008094506664446176,0.009646495887135629,0.009544269052108178,0.00962790918985791,0.010389963778244346,0.008317547031778791,0.007927226388946714,0.007462558957003765,0.006821317900922495,0.006449583955368136,0.008122386710362754,0.006300890377146392,0.005845516293842302,0.00613361010164693,0.005984916523425187,0.005706116064259417,0.005334382118705058,0.00732315872742088,0.008875147950110332,0.007917933040307855
55109,0.0007434678911087189,0.0007899346343030137,0.0007434678911087189,0.0007713479370252958,0.0008828681206916036,0.0009293348638858986,0.0010315616989133474,0.0010408550475522066,0.0012174286716905272,0.0015891626172448866,0.001951603214160387,0.0021839369301318618,0.0024999107838530672,0.003215498629045209,0.0040704867038202355,0.004590914227596339,0.004934768127234121,0.00486042133812325,0.004832541292206673,0.004655967668068352,0.004442220649374595,0.004349287162986005,0.00412624679565339,0.004414340603458018,0.004293527071152851,0.004470100695291171,0.004795367897651236,0.004563034181679762,0.004182006887486544,0.0044886873925688905,0.0049719415217895566,0.0043678738602637235,0.004497980741207749,0.005873396339758879,0.007016478222338534,0.005678236018342841,0.007406798865170611,0.008094506664446176,0.009646495887135629,0.009544269052108178,0.00962790918985791,0.010389963778244346,0.008317547031778791,0.007927226388946714,0.007462558957003765,0.006821317900922495,0.006449583955368136,0.008122386710362754,0.006300890377146392,0.005845516293842302,0.00613361010164693,0.005984916523425187,0.005706116064259417,0.005334382118705058,0.00732315872742088,0.008875147950110332,0.007917933040307855
55111,0.0007434678911087189,0.0007899346343030137,0.0007434678911087189,0.0007713479370252958,0.0008828681206916036,0.0009293348638858986,0.0010315616989133474,0.0010408550475522066,0.0012174286716905272,0.0015891626172448866,0.001951603214160387,0.0021839369301318618,0.0024999107838530672,0.003215498629045209,0.0040704867038202355,0.004590914227596339,0.004934768127234121,0.00486042133812325,0.004832541292206673,0.004655967668068352,0.004442220649374595,0.004349287162986005,0.00412624679565339,0.004414340603458018,0.004293527071152851,0.004470100695291171,0.004795367897651236,0.004563034181679762,0.004182006887486544,0.0044886873925688905,0.0049719415217895566,0.0043678738602637235,0.004497980741207749,0.005873396339758879,0.007016478222338534,0.005678236018342841,0.007406798865170611,0.008094506664446176,0.009646495887135629,0.009544269052108178,0.00962790918985791,0.010389963778244346,0.008317547031778791,0.007927226388946714,0.007462558957003765,0.006821317900922495,0.006449583955368136,0.008122386710362754,0.006300890377146392,0.005845516293842302,0.00613361010164693,0.005984916523425187,0.005706116064259417,0.005334382118705058,0.00732315872742088,0.008875147950110332,0.007917933040307855
55113,0.0007434678911087189,0.0007899346343030137,0.0007434678911087189,0.0007713479370252958,0.0008828681206916036,0.0009293348638858986,0.0010315616989133474,0.0010408550475522066,0.0012174286716905272,0.0015891626172448866,0.001951603214160387,0.0021839369301318618,0.0024999107838530672,0.003215498629045209,0.0040704867038202355,0.004590914227596339,0.004934768127234121,0.00486042133812325,0.004832541292206673,0.004655967668068352,0.004442220649374595,0.004349287162986005,0.00412624679565339,0.004414340603458018,0.004293527071152851,0.004470100695291171,0.004795367897651236,0.004563034181679762,0.004182006887486544,0.0044886873925688905,0.0049719415217895566,0.0043678738602637235,0.004497980741207749,0.005873396339758879,0.007016478222338534,0.005678236018342841,0.007406798865170611,0.008094506664446176,0.009646495887135629,0.009544269052108178,0.00962790918985791,0.010389963778244346,0.008317547031778791,0.007927226388946714,0.007462558957003765,0.006821317900922495,0.006449583955368136,0.008122386710362754,0.006300890377146392,0.005845516293842302,0.00613361010164693,0.005984916523425187,0.005706116064259417,0.005334382118705058,0.00732315872742088,0.008875147950110332,0.007917933040307855
55115,0.0007434678911087189,0.0007899346343030137,0.0007434678911087189,0.0007713479370252958,0.0008828681206916036,0.0009293348638858986,0.0010315616989133474,0.0010408550475522066,0.0012174286716905272,0.0015891626172448866,0.001951603214160387,0.0021839369301318618,0.0024999107838530672,0.003215498629045209,0.0040704867038202355,0.004590914227596339,0.004934768127234121,0.00486042133812325,0.004832541292206673,0.004655967668068352,0.004442220649374595,0.004349287162986005,0.00412624679565339,0.004414340603458018,0.004293527071152851,0.004470100695291171,0.004795367897651236,0.004563034181679762,0.004182006887486544,0.0044886873925688905,0.0049719415217895566,0.0043678738602637235,0.004497980741207749,0.005873396339758879,0.007016478222338534,0.005678236018342841,0.007406798865170611,0.008094506664446176,0.009646495887135629,0.009544269052108178,0.00962790918985791,0.010389963778244346,0.008317547031778791,0.007927226388946714,0.007462558957003765,0.006821317900922495,0.006449583955368136,0.008122386710362754,0.006300890377146392,0.005845516293842302,0.00613361010164693,0.005984916523425187,0.005706116064259417,0.005334382118705058,0.00732315872742088,0.008875147950110332,0.007917933040307855
55117,0.0007434678911087189,0.0007899346343030137,0.0007434678911087189,0.0007713479370252958,0.0008828681206916036,0.0009293348638858986,0.0010315616989133474,0.0010408550475522066,0.0012174286716905272,0.0015891626172448866,0.001951603214160387,0.0021839369301318618,0.0024999107838530672,0.003215498629045209,0.0040704867038202355,0.004590914227596339,0.004934768127234121,0.00486042133812325,0.004832541292206673,0.004655967668068352,0.004442220649374595,0.004349287162986005,0.00412624679565339,0.004414340603458018,0.004293527071152851,0.004470100695291171,0.004795367897651236,0.004563034181679762,0.004182006887486544,0.0044886873925688905,0.0049719415217895566,0.0043678738602637235,0.004497980741207749,0.005873396339758879,0.007016478222338534,0.005678236018342841,0.007406798865170611,0.008094506664446176,0.009646495887135629,0.009544269052108178,0.00962790918985791,0.010389963778244346,0.008317547031778791,0.007927226388946714,0.007462558957003765,0.006821317900922495,0.006449583955368136,0.008122386710362754,0.006300890377146392,0.005845516293842302,0.00613361010164693,0.005984916523425187,0.005706116064259417,0.005334382118705058,0.00732315872742088,0.008875147950110332,0.007917933040307855
55119,0.0007434678911087189,0.0007899346343030137,0.0007434678911087189,0.0007713479370252958,0.0008828681206916036,0.0009293348638858986,0.0010315616989133474,0.0010408550475522066,0.0012174286716905272,0.0015891626172448866,0.001951603214160387,0.0021839369301318618,0.0024999107838530672,0.003215498629045209,0.0040704867038202355,0.004590914227596339,0.004934768127234121,0.00486042133812325,0.004832541292206673,0.004655967668068352,0.004442220649374595,0.004349287162986005,0.00412624679565339,0.004414340603458018,0.004293527071152851,0.004470100695291171,0.004795367897651236,0.004563034181679762,0.004182006887486544,0.0044886873925688905,0.0049719415217895566,0.0043678738602637235,0.004497980741207749,0.005873396339758879,0.007016478222338534,0.005678236018342841,0.007406798865170611,0.008094506664446176,0.009646495887135629,0.009544269052108178,0.00962790918985791,0.010389963778244346,0.008317547031778791,0.007927226388946714,0.007462558957003765,0.006821317900922495,0.006449583955368136,0.008122386710362754,0.006300890377146392,0.005845516293842302,0.00613361010164693,0.005984916523425187,0.005706116064259417,0.005334382118705058,0.00732315872742088,0.008875147950110332,0.007917933040307855
55121,0.0007434678911087189,0.0007899346343030137,0.0007434678911087189,0.0007713479370252958,0.0008828681206916036,0.0009293348638858986,0.0010315616989133474,0.0010408550475522066,0.0012174286716905272,0.0015891626172448866,0.001951603214160387,0.0021839369301318618,0.0024999107838530672,0.003215498629045209,0.0040704867038202355,0.004590914227596339,0.004934768127234121,0.00486042133812325,0.004832541292206673,0.004655967668068352,0.004442220649374595,0.004349287162986005,0.00412624679565339,0.004414340603458018,0.004293527071152851,0.004470100695291171,0.004795367897651236,0.004563034181679762,0.004182006887486544,0.0044886873925688905,0.0049719415217895566,0.0043678738602637235,0.004497980741207749,0.005873396339758879,0.007016478222338534,0.005678236018342841,0.007406798865170611,0.008094506664446176,0.009646495887135629,0.009544269052108178,0.00962790918985791,0.010389963778244346,0.008317547031778791,0.007927226388946714,0.007462558957003765,0.006821317900922495,0.006449583955368136,0.008122386710362754,0.006300890377146392,0.005845516293842302,0.00613361010164693,0.005984916523425187,0.005706116064259417,0.005334382118705058,0.00732315872742088,0.008875147950110332,0.007917933040307855
55123,0.0007434678911087189,0.0007899346343030137,0.0007434678911087189,0.0007713479370252958,0.0008828681206916036,0.0009293348638858986,0.0010315616989133474,0.0010408550475522066,0.0012174286716905272,0.0015891626172448866,0.001951603214160387,0.0021839369301318618,0.0024999107838530672,0.003215498629045209,0.0040704867038202355,0.004590914227596339,0.004934768127234121,0.00486042133812325,0.004832541292206673,0.004655967668068352,0.004442220649374595,0.004349287162986005,0.00412624679565339,0.004414340603458018,0.004293527071152851,0.004470100695291171,0.004795367897651236,0.004563034181679762,0.004182006887486544,0.0044886873925688905,0.0049719415217895566,0.0043678738602637235,0.004497980741207749,0.005873396339758879,0.007016478222338534,0.005678236018342841,0.007406798865170611,0.008094506664446176,0.009646495887135629,0.009544269052108178,0.00962790918985791,0.010389963778244346,0.008317547031778791,0.007927226388946714,0.007462558957003765,0.006821317900922495,0.006449583955368136,0.008122386710362754,0.006300890377146392,0.005845516293842302,0.00613361010164693,0.005984916523425187,0.005706116064259417,0.005334382118705058,0.00732315872742088,0.008875147950110332,0.007917933040307855
55125,0.0007434678911087189,0.0007899346343030137,0.0007434678911087189,0.0007713479370252958,0.0008828681206916036,0.0009293348638858986,0.0010315616989133474,0.0010408550475522066,0.0012174286716905272,0.0015891626172448866,0.001951603214160387,0.0021839369301318618,0.0024999107838530672,0.003215498629045209,0.0040704867038202355,0.004590914227596339,0.004934768127234121,0.00486042133812325,0.004832541292206673,0.004655967668068352,0.004442220649374595,0.004349287162986005,0.00412624679565339,0.004414340603458018,0.004293527071152851,0.004470100695291171,0.004795367897651236,0.004563034181679762,0.004182006887486544,0.0044886873925688905,0.0049719415217895566,0.0043678738602637235,0.004497980741207749,0.005873396339758879,0.007016478222338534,0.005678236018342841,0.007406798865170611,0.008094506664446176,0.009646495887135629,0.009544269052108178,0.00962790918985791,0.010389963778244346,0.008317547031778791,0.007927226388946714,0.007462558957003765,0.006821317900922495,0.006449583955368136,0.008122386710362754,0.006300890377146392,0.005845516293842302,0.00613361010164693,0.005984916523425187,0.005706116064259417,0.005334382118705058,0.00732315872742088,0.008875147950110332,0.007917933040307855
55127,0.0007434678911087189,0.0007899346343030137,0.0007434678911087189,0.0007713479370252958,0.0008828681206916036,0.0009293348638858986,0.0010315616989133474,0.0010408550475522066,0.0012174286716905272,0.0015891626172448866,0.001951603214160387,0.0021839369301318618,0.0024999107838530672,0.003215498629045209,0.0040704867038202355,0.004590914227596339,0.004934768127234121,0.00486042133812325,0.004832541292206673,0.004655967668068352,0.004442220649374595,0.004349287162986005,0.00412624679565339,0.004414340603458018,0.004293527071152851,0.004470100695291171,0.004795367897651236,0.004563034181679762,0.004182006887486544,0.0044886873925688905,0.0049719415217895566,0.0043678738602637235,0.004497980741207749,0.005873396339758879,0.007016478222338534,0.005678236018342841,0.007406798865170611,0.008094506664446176,0.009646495887135629,0.009544269052108178,0.00962790918985791,0.010389963778244346,0.008317547031778791,0.007927226388946714,0.007462558957003765,0.006821317900922495,0.006449583955368136,0.008122386710362754,0.006300890377146392,0.005845516293842302,0.00613361010164693,0.005984916523425187,0.005706116064259417,0.005334382118705058,0.00732315872742088,0.008875147950110332,0.007917933040307855
55129,0.0007434678911087189,0.0007899346343030137,0.0007434678911087189,0.0007713479370252958,0.0008828681206916036,0.0009293348638858986,0.0010315616989133474,0.0010408550475522066,0.0012174286716905272,0.0015891626172448866,0.001951603214160387,0.0021839369301318618,0.0024999107838530672,0.003215498629045209,0.0040704867038202355,0.004590914227596339,0.004934768127234121,0.00486042133812325,0.004832541292206673,0.004655967668068352,0.004442220649374595,0.004349287162986005,0.00412624679565339,0.004414340603458018,0.004293527071152851,0.004470100695291171,0.004795367897651236,0.004563034181679762,0.004182006887486544,0.0044886873925688905,0.0049719415217895566,0.0043678738602637235,0.004497980741207749,0.005873396339758879,0.007016478222338534,0.005678236018342841,0.007406798865170611,0.008094506664446176,0.009646495887135629,0.009544269052108178,0.00962790918985791,0.010389963778244346,0.008317547031778791,0.007927226388946714,0.007462558957003765,0.006821317900922495,0.006449583955368136,0.008122386710362754,0.006300890377146392,0.005845516293842302,0.00613361010164693,0.005984916523425187,0.005706116064259417,0.005334382118705058,0.00732315872742088,0.008875147950110332,0.007917933040307855
55131,0.0007434678911087189,0.0007899346343030137,0.0007434678911087189,0.0007713479370252958,0.0008828681206916036,0.0009293348638858986,0.0010315616989133474,0.0010408550475522066,0.0012174286716905272,0.0015891626172448866,0.001951603214160387,0.0021839369301318618,0.0024999107838530672,0.003215498629045209,0.0040704867038202355,0.004590914227596339,0.004934768127234121,0.00486042133812325,0.004832541292206673,0.004655967668068352,0.004442220649374595,0.004349287162986005,0.00412624679565339,0.004414340603458018,0.004293527071152851,0.004470100695291171,0.004795367897651236,0.004563034181679762,0.004182006887486544,0.0044886873925688905,0.0049719415217895566,0.0043678738602637235,0.004497980741207749,0.005873396339758879,0.007016478222338534,0.005678236018342841,0.007406798865170611,0.008094506664446176,0.009646495887135629,0.009544269052108178,0.00962790918985791,0.010389963778244346,0.008317547031778791,0.007927226388946714,0.007462558957003765,0.006821317900922495,0.006449583955368136,0.008122386710362754,0.006300890377146392,0.005845516293842302,0.00613361010164693,0.005984916523425187,0.005706116064259417,0.005334382118705058,0.00732315872742088,0.008875147950110332,0.007917933040307855
55133,0.0007434678911087189,0.0007899346343030137,0.0007434678911087189,0.0007713479370252958,0.0008828681206916036,0.0009293348638858986,0.0010315616989133474,0.0010408550475522066,0.0012174286716905272,0.0015891626172448866,0.001951603214160387,0.0021839369301318618,0.0024999107838530672,0.003215498629045209,0.0040704867038202355,0.004590914227596339,0.004934768127234121,0.00486042133812325,0.004832541292206673,0.004655967668068352,0.004442220649374595,0.004349287162986005,0.00412624679565339,0.004414340603458018,0.004293527071152851,0.004470100695291171,0.004795367897651236,0.004563034181679762,0.004182006887486544,0.0044886873925688905,0.0049719415217895566,0.0043678738602637235,0.004497980741207749,0.005873396339758879,0.007016478222338534,0.005678236018342841,0.007406798865170611,0.008094506664446176,0.009646495887135629,0.009544269052108178,0.00962790918985791,0.010389963778244346,0.008317547031778791,0.007927226388946714,0.007462558957003765,0.006821317900922495,0.006449583955368136,0.008122386710362754,0.006300890377146392,0.005845516293842302,0.00613361010164693,0.005984916523425187,0.005706116064259417,0.005334382118705058,0.00732315872742088,0.008875147950110332,0.007917933040307855
55135,0.0007434678911087189,0.0007899346343030137,0.0007434678911087189,0.0007713479370252958,0.0008828681206916036,0.0009293348638858986,0.0010315616989133474,0.0010408550475522066,0.0012174286716905272,0.0015891626172448866,0.001951603214160387,0.0021839369301318618,0.0024999107838530672,0.003215498629045209,0.0040704867038202355,0.004590914227596339,0.004934768127234121,0.00486042133812325,0.004832541292206673,0.004655967668068352,0.004442220649374595,0.004349287162986005,0.00412624679565339,0.004414340603458018,0.004293527071152851,0.004470100695291171,0.004795367897651236,0.004563034181679762,0.004182006887486544,0.0044886873925688905,0.0049719415217895566,0.0043678738602637235,0.004497980741207749,0.005873396339758879,0.007016478222338534,0.005678236018342841,0.007406798865170611,0.008094506664446176,0.009646495887135629,0.009544269052108178,0.00962790918985791,0.010389963778244346,0.008317547031778791,0.007927226388946714,0.007462558957003765,0.006821317900922495,0.006449583955368136,0.008122386710362754,0.006300890377146392,0.005845516293842302,0.00613361010164693,0.005984916523425187,0.005706116064259417,0.005334382118705058,0.00732315872742088,0.008875147950110332,0.007917933040307855
55137,0.0007434678911087189,0.0007899346343030137,0.0007434678911087189,0.0007713479370252958,0.0008828681206916036,0.0009293348638858986,0.0010315616989133474,0.0010408550475522066,0.0012174286716905272,0.0015891626172448866,0.001951603214160387,0.0021839369301318618,0.0024999107838530672,0.003215498629045209,0.0040704867038202355,0.004590914227596339,0.004934768127234121,0.00486042133812325,0.004832541292206673,0.004655967668068352,0.004442220649374595,0.004349287162986005,0.00412624679565339,0.004414340603458018,0.004293527071152851,0.004470100695291171,0.004795367897651236,0.004563034181679762,0.004182006887486544,0.0044886873925688905,0.0049719415217895566,0.0043678738602637235,0.004497980741207749,0.005873396339758879,0.007016478222338534,0.005678236018342841,0.007406798865170611,0.008094506664446176,0.009646495887135629,0.009544269052108178,0.00962790918985791,0.010389963778244346,0.008317547031778791,0.007927226388946714,0.007462558957003765,0.006821317900922495,0.006449583955368136,0.008122386710362754,0.006300890377146392,0.005845516293842302,0.00613361010164693,0.005984916523425187,0.005706116064259417,0.005334382118705058,0.00732315872742088,0.008875147950110332,0.007917933040307855
55139,0.0007434678911087189,0.0007899346343030137,0.0007434678911087189,0.0007713479370252958,0.0008828681206916036,0.0009293348638858986,0.0010315616989133474,0.0010408550475522066,0.0012174286716905272,0.0015891626172448866,0.001951603214160387,0.0021839369301318618,0.0024999107838530672,0.003215498629045209,0.0040704867038202355,0.004590914227596339,0.004934768127234121,0.00486042133812325,0.004832541292206673,0.004655967668068352,0.004442220649374595,0.004349287162986005,0.00412624679565339,0.004414340603458018,0.004293527071152851,0.004470100695291171,0.004795367897651236,0.004563034181679762,0.004182006887486544,0.0044886873925688905,0.0049719415217895566,0.0043678738602637235,0.004497980741207749,0.005873396339758879,0.007016478222338534,0.005678236018342841,0.007406798865170611,0.008094506664446176,0.009646495887135629,0.009544269052108178,0.00962790918985791,0.010389963778244346,0.008317547031778791,0.007927226388946714,0.007462558957003765,0.006821317900922495,0.006449583955368136,0.008122386710362754,0.006300890377146392,0.005845516293842302,0.00613361010164693,0.005984916523425187,0.005706116064259417,0.005334382118705058,0.00732315872742088,0.008875147950110332,0.007917933040307855
55141,0.0007434678911087189,0.0007899346343030137,0.0007434678911087189,0.0007713479370252958,0.0008828681206916036,0.0009293348638858986,0.0010315616989133474,0.0010408550475522066,0.0012174286716905272,0.0015891626172448866,0.001951603214160387,0.0021839369301318618,0.0024999107838530672,0.003215498629045209,0.0040704867038202355,0.004590914227596339,0.004934768127234121,0.00486042133812325,0.004832541292206673,0.004655967668068352,0.004442220649374595,0.004349287162986005,0.00412624679565339,0.004414340603458018,0.004293527071152851,0.004470100695291171,0.004795367897651236,0.004563034181679762,0.004182006887486544,0.0044886873925688905,0.0049719415217895566,0.0043678738602637235,0.004497980741207749,0.005873396339758879,0.007016478222338534,0.005678236018342841,0.007406798865170611,0.008094506664446176,0.009646495887135629,0.009544269052108178,0.00962790918985791,0.010389963778244346,0.008317547031778791,0.007927226388946714,0.007462558957003765,0.006821317900922495,0.006449583955368136,0.008122386710362754,0.006300890377146392,0.005845516293842302,0.00613361010164693,0.005984916523425187,0.005706116064259417,0.005334382118705058,0.00732315872742088,0.008875147950110332,0.007917933040307855
56001,0.0003996139914709364,0.0003996139914709364,0.0003996139914709364,0.0004089073401097954,0.0004460807346652313,0.0004646674319429493,0.0004925474778595262,0.0005483075696926801,0.000622654358803552,0.0007248811938310009,0.0011152018366630781,0.0015334025254117325,0.0022025236274095797,0.002462737389297631,0.0030389250049068883,0.00430282041979171,0.004990528219067276,0.004981234870428416,0.004721021108540365,0.004321407117069429,0.004154126841569967,0.0038195662905710433,0.004024019960625941,0.004154126841569967,0.004005433263348223,0.003958966520153927,0.003931086474237351,0.004135540144292248,0.003931086474237351,0.0034106589504612475,0.0036522860150715814,0.004135540144292248,0.0040704867038202355,0.004897594732678685,0.007685599324336381,0.004395753906180301,0.005427315605093647,0.006728384414533906,0.008540587399111408,0.009572149098024755,0.007332452076059739,0.00824320024266792,0.007443972259726047,0.006626157579506456,0.0067748511577282,0.006245130285313238,0.006328770423062968,0.00714658510328256,0.006904958038672226,0.006077850009813777,0.006430997258090418,0.0061429034502857895,0.005854809642481161,0.006115023404369212,0.007109411708727124,0.010287736943216897,0.010371377080966629
56003,0.0003996139914709364,0.0003996139914709364,0.0003996139914709364,0.0004089073401097954,0.0004460807346652313,0.0004646674319429493,0.0004925474778595262,0.0005483075696926801,0.000622654358803552,0.0007248811938310009,0.0011152018366630781,0.0015334025254117325,0.0022025236274095797,0.002462737389297631,0.0030389250049068883,0.00430282041979171,0.004990528219067276,0.004981234870428416,0.004721021108540365,0.004321407117069429,0.004154126841569967,0.0038195662905710433,0.004024019960625941,0.004154126841569967,0.004005433263348223,0.003958966520153927,0.003931086474237351,0.004135540144292248,0.003931086474237351,0.0034106589504612475,0.0036522860150715814,0.004135540144292248,0.0040704867038202355,0.004897594732678685,0.007685599324336381,0.004395753906180301,0.005427315605093647,0.006728384414533906,0.008540587399111408,0.009572149098024755,0.007332452076059739,0.00824320024266792,0.007443972259726047,0.006626157579506456,0.0067748511577282,0.006245130285313238,0.006328770423062968,0.00714658510328256,0.006904958038672226,0.006077850009813777,0.006430997258090418,0.0061429034502857895,0.005854809642481161,0.006115023404369212,0.007109411708727124,0.010287736943216897,0.010371377080966629
56005,0.0003996139914709364,0.0003996139914709364,0.0003996139914709364,0.0004089073401097954,0.0004460807346652313,0.0004646674319429493,0.0004925474778595262,0.0005483075696926801,0.000622654358803552,0.0007248811938310009,0.0011152018366630781,0.0015334025254117325,0.0022025236274095797,0.002462737389297631,0.0030389250049068883,0.00430282041979171,0.004990528219067276,0.004981234870428416,0.004721021108540365,0.004321407117069429,0.004154126841569967,0.0038195662905710433,0.004024019960625941,0.004154126841569967,0.004005433263348223,0.003958966520153927,0.003931086474237351,0.004135540144292248,0.003931086474237351,0.0034106589504612475,0.0036522860150715814,0.004135540144292248,0.0040704867038202355,0.004897594732678685,0.007685599324336381,0.004395753906180301,0.005427315605093647,0.006728384414533906,0.008540587399111408,0.009572149098024755,0.007332452076059739,0.00824320024266792,0.007443972259726047,0.006626157579506456,0.0067748511577282,0.006245130285313238,0.006328770423062968,0.00714658510328256,0.006904958038672226,0.006077850009813777,0.006430997258090418,0.0061429034502857895,0.005854809642481161,0.006115023404369212,0.007109411708727124,0.010287736943216897,0.010371377080966629
56007,0.0003996139914709364,0.0003996139914709364,0.0003996139914709364,0.0004089073401097954,0.0004460807346652313,0.0004646674319429493,0.0004925474778595262,0.0005483075696926801,0.000622654358803552,0.0007248811938310009,0.0011152018366630781,0.0015334025254117325,0.0022025236274095797,0.002462737389297631,0.0030389250049068883,0.00430282041979171,0.004990528219067276,0.004981234870428416,0.004721021108540365,0.004321407117069429,0.004154126841569967,0.0038195662905710433,0.004024019960625941,0.004154126841569967,0.004005433263348223,0.003958966520153927,0.003931086474237351,0.004135540144292248,0.003931086474237351,0.0034106589504612475,0.0036522860150715814,0.004135540144292248,0.0040704867038202355,0.004897594732678685,0.007685599324336381,0.004395753906180301,0.005427315605093647,0.006728384414533906,0.008540587399111408,0.009572149098024755,0.007332452076059739,0.00824320024266792,0.007443972259726047,0.006626157579506456,0.0067748511577282,0.006245130285313238,0.006328770423062968,0.00714658510328256,0.006904958038672226,0.006077850009813777,0.006430997258090418,0.0061429034502857895,0.005854809642481161,0.006115023404369212,0.007109411708727124,0.010287736943216897,0.010371377080966629
56009,0.0003996139914709364,0.0003996139914709364,0.0003996139914709364,0.0004089073401097954,0.0004460807346652313,0.0004646674319429493,0.0004925474778595262,0.0005483075696926801,0.000622654358803552,0.0007248811938310009,0.0011152018366630781,0.0015334025254117325,0.0022025236274095797,0.002462737389297631,0.0030389250049068883,0.00430282041979171,0.004990528219067276,0.004981234870428416,0.004721021108540365,0.004321407117069429,0.004154126841569967,0.0038195662905710433,0.004024019960625941,0.004154126841569967,0.004005433263348223,0.003958966520153927,0.003931086474237351,0.004135540144292248,0.003931086474237351,0.0034106589504612475,0.0036522860150715814,0.004135540144292248,0.0040704867038202355,0.004897594732678685,0.007685599324336381,0.004395753906180301,0.005427315605093647,0.006728384414533906,0.008540587399111408,0.009572149098024755,0.007332452076059739,0.00824320024266792,0.007443972259726047,0.006626157579506456,0.0067748511577282,0.006245130285313238,0.006328770423062968,0.00714658510328256,0.006904958038672226,0.006077850009813777,0.006430997258090418,0.0061429034502857895,0.005854809642481161,0.006115023404369212,0.007109411708727124,0.010287736943216897,0.010371377080966629
56011,0.0003996139914709364,0.0003996139914709364,0.0003996139914709364,0.0004089073401097954,0.0004460807346652313,0.0004646674319429493,0.0004925474778595262,0.0005483075696926801,0.000622654358803552,0.0007248811938310009,0.0011152018366630781,0.0015334025254117325,0.0022025236274095797,0.002462737389297631,0.0030389250049068883,0.00430282041979171,0.004990528219067276,0.004981234870428416,0.004721021108540365,0.004321407117069429,0.004154126841569967,0.0038195662905710433,0.004024019960625941,0.004154126841569967,0.004005433263348223,0.003958966520153927,0.003931086474237351,0.004135540144292248,0.003931086474237351,0.0034106589504612475,0.0036522860150715814,0.004135540144292248,0.0040704867038202355,0.004897594732678685,0.007685599324336381,0.004395753906180301,0.005427315605093647,0.006728384414533906,0.008540587399111408,0.009572149098024755,0.007332452076059739,0.00824320024266792,0.007443972259726047,0.006626157579506456,0.0067748511577282,0.006245130285313238,0.006328770423062968,0.00714658510328256,0.006904958038672226,0.006077850009813777,0.006430997258090418,0.0061429034502857895,0.005854809642481161,0.006115023404369212,0.007109411708727124,0.010287736943216897,0.010371377080966629
56013,0.0003996139914709364,0.0003996139914709364,0.0003996139914709364,0.0004089073401097954,0.0004460807346652313,0.0004646674319429493,0.0004925474778595262,0.0005483075696926801,0.000622654358803552,0.0007248811938310009,0.0011152018366630781,0.0015334025254117325,0.0022025236274095797,0.002462737389297631,0.0030389250049068883,0.00430282041979171,0.004990528219067276,0.004981234870428416,0.004721021108540365,0.004321407117069429,0.004154126841569967,0.0038195662905710433,0.004024019960625941,0.004154126841569967,0.004005433263348223,0.003958966520153927,0.003931086474237351,0.004135540144292248,0.003931086474237351,0.0034106589504612475,0.0036522860150715814,0.004135540144292248,0.0040704867038202355,0.004897594732678685,0.007685599324336381,0.004395753906180301,0.005427315605093647,0.006728384414533906,0.008540587399111408,0.009572149098024755,0.007332452076059739,0.00824320024266792,0.007443972259726047,0.006626157579506456,0.0067748511577282,0.006245130285313238,0.006328770423062968,0.00714658510328256,0.006904958038672226,0.006077850009813777,0.006430997258090418,0.0061429034502857895,0.005854809642481161,0.006115023404369212,0.007109411708727124,0.010287736943216897,0.010371377080966629
56015,0.0003996139914709364,0.0003996139914709364,0.0003996139914709364,0.0004089073401097954,0.0004460807346652313,0.0004646674319429493,0.0004925474778595262,0.0005483075696926801,0.000622654358803552,0.0007248811938310009,0.0011152018366630781,0.0015334025254117325,0.0022025236274095797,0.002462737389297631,0.0030389250049068883,0.00430282041979171,0.004990528219067276,0.004981234870428416,0.004721021108540365,0.004321407117069429,0.004154126841569967,0.0038195662905710433,0.004024019960625941,0.004154126841569967,0.004005433263348223,0.003958966520153927,0.003931086474237351,0.004135540144292248,0.003931086474237351,0.0034106589504612475,0.0036522860150715814,0.004135540144292248,0.0040704867038202355,0.004897594732678685,0.007685599324336381,0.004395753906180301,0.005427315605093647,0.006728384414533906,0.008540587399111408,0.009572149098024755,0.007332452076059739,0.00824320024266792,0.007443972259726047,0.006626157579506456,0.0067748511577282,0.006245130285313238,0.006328770423062968,0.00714658510328256,0.006904958038672226,0.006077850009813777,0.006430997258090418,0.0061429034502857895,0.005854809642481161,0.006115023404369212,0.007109411708727124,0.010287736943216897,0.010371377080966629
56017,0.0003996139914709364,0.0003996139914709364,0.0003996139914709364,0.0004089073401097954,0.0004460807346652313,0.0004646674319429493,0.0004925474778595262,0.0005483075696926801,0.000622654358803552,0.0007248811938310009,0.0011152018366630781,0.0015334025254117325,0.0022025236274095797,0.002462737389297631,0.0030389250049068883,0.00430282041979171,0.004990528219067276,0.004981234870428416,0.004721021108540365,0.004321407117069429,0.004154126841569967,0.0038195662905710433,0.004024019960625941,0.004154126841569967,0.004005433263348223,0.003958966520153927,0.003931086474237351,0.004135540144292248,0.003931086474237351,0.0034106589504612475,0.0036522860150715814,0.004135540144292248,0.0040704867038202355,0.004897594732678685,0.007685599324336381,0.004395753906180301,0.005427315605093647,0.006728384414533906,0.008540587399111408,0.009572149098024755,0.007332452076059739,0.00824320024266792,0.007443972259726047,0.006626157579506456,0.0067748511577282,0.006245130285313238,0.006328770423062968,0.00714658510328256,0.006904958038672226,0.006077850009813777,0.006430997258090418,0.0061429034502857895,0.005854809642481161,0.006115023404369212,0.007109411708727124,0.010287736943216897,0.010371377080966629
56019,0.0003996139914709364,0.0003996139914709364,0.0003996139914709364,0.0004089073401097954,0.0004460807346652313,0.0004646674319429493,0.0004925474778595262,0.0005483075696926801,0.000622654358803552,0.0007248811938310009,0.0011152018366630781,0.0015334025254117325,0.0022025236274095797,0.002462737389297631,0.0030389250049068883,0.00430282041979171,0.004990528219067276,0.004981234870428416,0.004721021108540365,0.004321407117069429,0.004154126841569967,0.0038195662905710433,0.004024019960625941,0.004154126841569967,0.004005433263348223,0.003958966520153927,0.003931086474237351,0.004135540144292248,0.003931086474237351,0.0034106589504612475,0.0036522860150715814,0.004135540144292248,0.0040704867038202355,0.004897594732678685,0.007685599324336381,0.004395753906180301,0.005427315605093647,0.006728384414533906,0.008540587399111408,0.009572149098024755,0.007332452076059739,0.00824320024266792,0.007443972259726047,0.006626157579506456,0.0067748511577282,0.006245130285313238,0.006328770423062968,0.00714658510328256,0.006904958038672226,0.006077850009813777,0.006430997258090418,0.0061429034502857895,0.005854809642481161,0.006115023404369212,0.007109411708727124,0.010287736943216897,0.010371377080966629
56021,0.0003996139914709364,0.0003996139914709364,0.0003996139914709364,0.0004089073401097954,0.0004460807346652313,0.0004646674319429493,0.0004925474778595262,0.0005483075696926801,0.000622654358803552,0.0007248811938310009,0.0011152018366630781,0.0015334025254117325,0.0022025236274095797,0.002462737389297631,0.0030389250049068883,0.00430282041979171,0.004990528219067276,0.004981234870428416,0.004721021108540365,0.004321407117069429,0.004154126841569967,0.0038195662905710433,0.004024019960625941,0.004154126841569967,0.004005433263348223,0.003958966520153927,0.003931086474237351,0.004135540144292248,0.003931086474237351,0.0034106589504612475,0.0036522860150715814,0.004135540144292248,0.0040704867038202355,0.004897594732678685,0.007685599324336381,0.004395753906180301,0.005427315605093647,0.006728384414533906,0.008540587399111408,0.009572149098024755,0.007332452076059739,0.00824320024266792,0.007443972259726047,0.006626157579506456,0.0067748511577282,0.006245130285313238,0.006328770423062968,0.00714658510328256,0.006904958038672226,0.006077850009813777,0.006430997258090418,0.0061429034502857895,0.005854809642481161,0.006115023404369212,0.007109411708727124,0.010287736943216897,0.010371377080966629
56023,0.0003996139914709364,0.0003996139914709364,0.0003996139914709364,0.0004089073401097954,0.0004460807346652313,0.0004646674319429493,0.0004925474778595262,0.0005483075696926801,0.000622654358803552,0.0007248811938310009,0.0011152018366630781,0.0015334025254117325,0.0022025236274095797,0.002462737389297631,0.0030389250049068883,0.00430282041979171,0.004990528219067276,0.004981234870428416,0.004721021108540365,0.004321407117069429,0.004154126841569967,0.0038195662905710433,0.004024019960625941,0.004154126841569967,0.004005433263348223,0.003958966520153927,0.003931086474237351,0.004135540144292248,0.003931086474237351,0.0034106589504612475,0.0036522860150715814,0.004135540144292248,0.0040704867038202355,0.004897594732678685,0.007685599324336381,0.004395753906180301,0.005427315605093647,0.006728384414533906,0.008540587399111408,0.009572149098024755,0.007332452076059739,0.00824320024266792,0.007443972259726047,0.006626157579506456,0.0067748511577282,0.006245130285313238,0.006328770423062968,0.00714658510328256,0.006904958038672226,0.006077850009813777,0.006430997258090418,0.0061429034502857895,0.005854809642481161,0.006115023404369212,0.007109411708727124,0.010287736943216897,0.010371377080966629
56025,0.0003996139914709364,0.0003996139914709364,0.0003996139914709364,0.0004089073401097954,0.0004460807346652313,0.0004646674319429493,0.0004925474778595262,0.0005483075696926801,0.000622654358803552,0.0007248811938310009,0.0011152018366630781,0.0015334025254117325,0.0022025236274095797,0.002462737389297631,0.0030389250049068883,0.00430282041979171,0.004990528219067276,0.004981234870428416,0.004721021108540365,0.004321407117069429,0.004154126841569967,0.0038195662905710433,0.004024019960625941,0.004154126841569967,0.004005433263348223,0.003958966520153927,0.003931086474237351,0.004135540144292248,0.003931086474237351,0.0034106589504612475,0.0036522860150715814,0.004135540144292248,0.0040704867038202355,0.004897594732678685,0.007685599324336381,0.004395753906180301,0.005427315605093647,0.006728384414533906,0.008540587399111408,0.009572149098024755,0.007332452076059739,0.00824320024266792,0.007443972259726047,0.006626157579506456,0.0067748511577282,0.006245130285313238,0.006328770423062968,0.00714658510328256,0.006904958038672226,0.006077850009813777,0.006430997258090418,0.0061429034502857895,0.005854809642481161,0.006115023404369212,0.007109411708727124,0.010287736943216897,0.010371377080966629
56027,0.0003996139914709364,0.0003996139914709364,0.0003996139914709364,0.0004089073401097954,0.0004460807346652313,0.0004646674319429493,0.0004925474778595262,0.0005483075696926801,0.000622654358803552,0.0007248811938310009,0.0011152018366630781,0.0015334025254117325,0.0022025236274095797,0.002462737389297631,0.0030389250049068883,0.00430282041979171,0.004990528219067276,0.004981234870428416,0.004721021108540365,0.004321407117069429,0.004154126841569967,0.0038195662905710433,0.004024019960625941,0.004154126841569967,0.004005433263348223,0.003958966520153927,0.003931086474237351,0.004135540144292248,0.003931086474237351,0.0034106589504612475,0.0036522860150715814,0.004135540144292248,0.0040704867038202355,0.004897594732678685,0.007685599324336381,0.004395753906180301,0.005427315605093647,0.006728384414533906,0.008540587399111408,0.009572149098024755,0.007332452076059739,0.00824320024266792,0.007443972259726047,0.006626157579506456,0.0067748511577282,0.006245130285313238,0.006328770423062968,0.00714658510328256,0.006904958038672226,0.006077850009813777,0.006430997258090418,0.0061429034502857895,0.005854809642481161,0.006115023404369212,0.007109411708727124,0.010287736943216897,0.010371377080966629
56029,0.0003996139914709364,0.0003996139914709364,0.0003996139914709364,0.0004089073401097954,0.0004460807346652313,0.0004646674319429493,0.0004925474778595262,0.0005483075696926801,0.000622654358803552,0.0007248811938310009,0.0011152018366630781,0.0015334025254117325,0.0022025236274095797,0.002462737389297631,0.0030389250049068883,0.00430282041979171,0.004990528219067276,0.004981234870428416,0.004721021108540365,0.004321407117069429,0.004154126841569967,0.0038195662905710433,0.004024019960625941,0.004154126841569967,0.004005433263348223,0.003958966520153927,0.003931086474237351,0.004135540144292248,0.003931086474237351,0.0034106589504612475,0.0036522860150715814,0.004135540144292248,0.0040704867038202355,0.004897594732678685,0.007685599324336381,0.004395753906180301,0.005427315605093647,0.006728384414533906,0.008540587399111408,0.009572149098024755,0.007332452076059739,0.00824320024266792,0.007443972259726047,0.006626157579506456,0.0067748511577282,0.006245130285313238,0.006328770423062968,0.00714658510328256,0.006904958038672226,0.006077850009813777,0.006430997258090418,0.0061429034502857895,0.005854809642481161,0.006115023404369212,0.007109411708727124,0.010287736943216897,0.010371377080966629
56031,0.0003996139914709364,0.0003996139914709364,0.0003996139914709364,0.0004089073401097954,0.0004460807346652313,0.0004646674319429493,0.0004925474778595262,0.0005483075696926801,0.000622654358803552,0.0007248811938310009,0.0011152018366630781,0.0015334025254117325,0.0022025236274095797,0.002462737389297631,0.0030389250049068883,0.00430282041979171,0.004990528219067276,0.004981234870428416,0.004721021108540365,0.004321407117069429,0.004154126841569967,0.0038195662905710433,0.004024019960625941,0.004154126841569967,0.004005433263348223,0.003958966520153927,0.003931086474237351,0.004135540144292248,0.003931086474237351,0.0034106589504612475,0.0036522860150715814,0.004135540144292248,0.0040704867038202355,0.004897594732678685,0.007685599324336381,0.004395753906180301,0.005427315605093647,0.006728384414533906,0.008540587399111408,0.009572149098024755,0.007332452076059739,0.00824320024266792,0.007443972259726047,0.006626157579506456,0.0067748511577282,0.006245130285313238,0.006328770423062968,0.00714658510328256,0.006904958038672226,0.006077850009813777,0.006430997258090418,0.0061429034502857895,0.005854809642481161,0.006115023404369212,0.007109411708727124,0.010287736943216897,0.010371377080966629
56033,0.0003996139914709364,0.0003996139914709364,0.0003996139914709364,0.0004089073401097954,0.0004460807346652313,0.0004646674319429493,0.0004925474778595262,0.0005483075696926801,0.000622654358803552,0.0007248811938310009,0.0011152018366630781,0.0015334025254117325,0.0022025236274095797,0.002462737389297631,0.0030389250049068883,0.00430282041979171,0.004990528219067276,0.004981234870428416,0.004721021108540365,0.004321407117069429,0.004154126841569967,0.0038195662905710433,0.004024019960625941,0.004154126841569967,0.004005433263348223,0.003958966520153927,0.003931086474237351,0.004135540144292248,0.003931086474237351,0.0034106589504612475,0.0036522860150715814,0.004135540144292248,0.0040704867038202355,0.004897594732678685,0.007685599324336381,0.004395753906180301,0.005427315605093647,0.006728384414533906,0.008540587399111408,0.009572149098024755,0.007332452076059739,0.00824320024266792,0.007443972259726047,0.006626157579506456,0.0067748511577282,0.006245130285313238,0.006328770423062968,0.00714658510328256,0.006904958038672226,0.006077850009813777,0.006430997258090418,0.0061429034502857895,0.005854809642481161,0.006115023404369212,0.007109411708727124,0.010287736943216897,0.010371377080966629
56035,0.0003996139914709364,0.0003996139914709364,0.0003996139914709364,0.0004089073401097954,0.0004460807346652313,0.0004646674319429493,0.0004925474778595262,0.0005483075696926801,0.000622654358803552,0.0007248811938310009,0.0011152018366630781,0.0015334025254117325,0.0022025236274095797,0.002462737389297631,0.0030389250049068883,0.00430282041979171,0.004990528219067276,0.004981234870428416,0.004721021108540365,0.004321407117069429,0.004154126841569967,0.0038195662905710433,0.004024019960625941,0.004154126841569967,0.004005433263348223,0.003958966520153927,0.003931086474237351,0.004135540144292248,0.003931086474237351,0.0034106589504612475,0.0036522860150715814,0.004135540144292248,0.0040704867038202355,0.004897594732678685,0.007685599324336381,0.004395753906180301,0.005427315605093647,0.006728384414533906,0.008540587399111408,0.009572149098024755,0.007332452076059739,0.00824320024266792,0.007443972259726047,0.006626157579506456,0.0067748511577282,0.006245130285313238,0.006328770423062968,0.00714658510328256,0.006904958038672226,0.006077850009813777,0.006430997258090418,0.0061429034502857895,0.005854809642481161,0.006115023404369212,0.007109411708727124,0.010287736943216897,0.010371377080966629
56037,0.0003996139914709364,0.0003996139914709364,0.0003996139914709364,0.0004089073401097954,0.0004460807346652313,0.0004646674319429493,0.0004925474778595262,0.0005483075696926801,0.000622654358803552,0.0007248811938310009,0.0011152018366630781,0.0015334025254117325,0.0022025236274095797,0.002462737389297631,0.0030389250049068883,0.00430282041979171,0.004990528219067276,0.004981234870428416,0.004721021108540365,0.004321407117069429,0.004154126841569967,0.0038195662905710433,0.004024019960625941,0.004154126841569967,0.004005433263348223,0.003958966520153927,0.003931086474237351,0.004135540144292248,0.003931086474237351,0.0034106589504612475,0.0036522860150715814,0.004135540144292248,0.0040704867038202355,0.004897594732678685,0.007685599324336381,0.004395753906180301,0.005427315605093647,0.006728384414533906,0.008540587399111408,0.009572149098024755,0.007332452076059739,0.00824320024266792,0.007443972259726047,0.006626157579506456,0.0067748511577282,0.006245130285313238,0.006328770423062968,0.00714658510328256,0.006904958038672226,0.006077850009813777,0.006430997258090418,0.0061429034502857895,0.005854809642481161,0.006115023404369212,0.007109411708727124,0.010287736943216897,0.010371377080966629
56039,0.0003996139914709364,0.0003996139914709364,0.0003996139914709364,0.0004089073401097954,0.0004460807346652313,0.0004646674319429493,0.0004925474778595262,0.0005483075696926801,0.000622654358803552,0.0007248811938310009,0.0011152018366630781,0.0015334025254117325,0.0022025236274095797,0.002462737389297631,0.0030389250049068883,0.00430282041979171,0.004990528219067276,0.004981234870428416,0.004721021108540365,0.004321407117069429,0.004154126841569967,0.0038195662905710433,0.004024019960625941,0.004154126841569967,0.004005433263348223,0.003958966520153927,0.003931086474237351,0.004135540144292248,0.003931086474237351,0.0034106589504612475,0.0036522860150715814,0.004135540144292248,0.0040704867038202355,0.004897594732678685,0.007685599324336381,0.004395753906180301,0.005427315605093647,0.006728384414533906,0.008540587399111408,0.009572149098024755,0.007332452076059739,0.00824320024266792,0.007443972259726047,0.006626157579506456,0.0067748511577282,0.006245130285313238,0.006328770423062968,0.00714658510328256,0.006904958038672226,0.006077850009813777,0.006430997258090418,0.0061429034502857895,0.005854809642481161,0.006115023404369212,0.007109411708727124,0.010287736943216897,0.010371377080966629
56041,0.0003996139914709364,0.0003996139914709364,0.0003996139914709364,0.0004089073401097954,0.0004460807346652313,0.0004646674319429493,0.0004925474778595262,0.0005483075696926801,0.000622654358803552,0.0007248811938310009,0.0011152018366630781,0.0015334025254117325,0.0022025236274095797,0.002462737389297631,0.0030389250049068883,0.00430282041979171,0.004990528219067276,0.004981234870428416,0.004721021108540365,0.004321407117069429,0.004154126841569967,0.0038195662905710433,0.004024019960625941,0.004154126841569967,0.004005433263348223,0.003958966520153927,0.003931086474237351,0.004135540144292248,0.003931086474237351,0.0034106589504612475,0.0036522860150715814,0.004135540144292248,0.0040704867038202355,0.004897594732678685,0.007685599324336381,0.004395753906180301,0.005427315605093647,0.006728384414533906,0.008540587399111408,0.009572149098024755,0.007332452076059739,0.00824320024266792,0.007443972259726047,0.006626157579506456,0.0067748511577282,0.006245130285313238,0.006328770423062968,0.00714658510328256,0.006904958038672226,0.006077850009813777,0.006430997258090418,0.0061429034502857895,0.005854809642481161,0.006115023404369212,0.007109411708727124,0.010287736943216897,0.010371377080966629
56043,0.0003996139914709364,0.0003996139914709364,0.0003996139914709364,0.0004089073401097954,0.0004460807346652313,0.0004646674319429493,0.0004925474778595262,0.0005483075696926801,0.000622654358803552,0.0007248811938310009,0.0011152018366630781,0.0015334025254117325,0.0022025236274095797,0.002462737389297631,0.0030389250049068883,0.00430282041979171,0.004990528219067276,0.004981234870428416,0.004721021108540365,0.004321407117069429,0.004154126841569967,0.0038195662905710433,0.004024019960625941,0.004154126841569967,0.004005433263348223,0.003958966520153927,0.003931086474237351,0.004135540144292248,0.003931086474237351,0.0034106589504612475,0.0036522860150715814,0.004135540144292248,0.0040704867038202355,0.004897594732678685,0.007685599324336381,0.004395753906180301,0.005427315605093647,0.006728384414533906,0.008540587399111408,0.009572149098024755,0.007332452076059739,0.00824320024266792,0.007443972259726047,0.006626157579506456,0.0067748511577282,0.006245130285313238,0.006328770423062968,0.00714658510328256,0.006904958038672226,0.006077850009813777,0.006430997258090418,0.0061429034502857895,0.005854809642481161,0.006115023404369212,0.007109411708727124,0.010287736943216897,0.010371377080966629
56045,0.0003996139914709364,0.0003996139914709364,0.0003996139914709364,0.0004089073401097954,0.0004460807346652313,0.0004646674319429493,0.0004925474778595262,0.0005483075696926801,0.000622654358803552,0.0007248811938310009,0.0011152018366630781,0.0015334025254117325,0.0022025236274095797,0.002462737389297631,0.0030389250049068883,0.00430282041979171,0.004990528219067276,0.004981234870428416,0.004721021108540365,0.004321407117069429,0.004154126841569967,0.0038195662905710433,0.004024019960625941,0.004154126841569967,0.004005433263348223,0.003958966520153927,0.003931086474237351,0.004135540144292248,0.003931086474237351,0.0034106589504612475,0.0036522860150715814,0.004135540144292248,0.0040704867038202355,0.004897594732678685,0.007685599324336381,0.004395753906180301,0.005427315605093647,0.006728384414533906,0.008540587399111408,0.009572149098024755,0.007332452076059739,0.00824320024266792,0.007443972259726047,0.006626157579506456,0.0067748511577282,0.006245130285313238,0.006328770423062968,0.00714658510328256,0.006904958038672226,0.006077850009813777,0.006430997258090418,0.0061429034502857895,0.005854809642481161,0.006115023404369212,0.007109411708727124,0.010287736943216897,0.010371377080966629
